62398
80901
19340
96671
50008
16488
20459
45636
91057
80421
8626
44963
34341
29016
98747
15043
2229
20962
73387
34809
82638
58954
14012
87006
21211
68854
43322
45447
54845
43728
30127
50922
95
45579
61162
33037
65359
18092
87423
60284
13036
59052
3062
59402
60188
50137
95162
88668
99185
40293
32121
79227
83624
39261
49824
85675
88833
40993
62171
54245
32820
48312
30686
39573
95469
2132
77974
17527
53857
30590
10803
26444
88976
35123
64709
88041
17417
29892
13796
98481
24343
87298
95733
71723
80829
42296
98068
3147
89408
62580
71563
95999
48835
62455
79832
35033
7321
10423
53666
53018
70233
43596
4677
46946
11609
70270
13836
40716
25485
97980
43284
30531
21824
95146
25477
72184
71904
89567
9404
85313
64068
42497
98110
88476
66675
63694
15514
54704
46723
38003
76323
7165
78791
33193
41549
5067
3969
60728
23803
85214
89996
72480
25761
68551
55648
63793
11083
38160
33088
275
36290
34580
53533
44888
9694
87214
55598
69302
48862
2799
257
95466
27677
47998
7739
30758
76557
64743
95208
7280
99363
58062
48653
86546
66794
79332
65444
24171
49271
81189
76610
60452
36369
81478
17556
46390
66338
68146
45004
90830
87126
2046
70238
75398
53347
48127
96585
50843
49161
74041
56296
2496
56210
42025
7106
62934
38388
42849
78152
57923
43267
16530
65080
3489
36789
43325
84784
87996
1291
85207
87736
66387
86736
2599
74367
24152
79494
80364
94580
62257
94171
1587
45941
73090
48198
37416
31615
34881
15773
47277
21210
27093
72748
65780
82256
34503
47333
46444
53813
96643
55154
33477
46108
21541
56190
87980
15147
20046
24946
68746
43708
41210
14498
90031
8440
95541
98742
6770
74050
34199
5946
8894
77197
1746
1855
50902
47459
46030
90501
80134
18849
93654
33017
15780
32509
12322
94923
80934
35323
51592
35230
59915
47807
79232
85541
4044
42930
82273
87540
37918
59668
34826
15154
93655
1065
91995
76605
47011
76118
17841
91316
42833
23358
39291
62013
56430
13565
53717
63343
91353
24095
47702
13
67128
88646
44457
9048
38513
53798
92592
71854
70496
67382
75128
17880
49666
95578
49311
86067
98351
61983
29984
64308
87648
1784
98755
32853
9648
89124
37507
77300
94039
22766
9832
27415
34998
92478
44568
8649
13546
30879
76265
47169
62935
3304
53878
44680
29207
60182
60025
97333
97235
42969
70414
3705
72455
22175
27128
6544
68032
36421
28556
19974
12095
71959
66301
88850
53396
40595
74609
59856
50689
33291
98591
99491
52736
90880
58448
79548
27731
25659
51958
2665
21420
16478
98037
94318
11645
58826
73005
34807
1967
70174
13122
33504
463
61008
48630
10576
59384
86764
45402
36457
37979
76921
44750
81744
28690
90497
50786
59468
91795
80874
73855
56752
61643
39013
85155
3783
52026
62321
41921
66354
91381
45518
46818
93751
56333
47451
16238
59780
48362
87347
13074
61617
99681
19855
93438
25222
89770
78595
17156
86514
57175
27222
71411
45892
4935
93076
11619
78836
26354
85762
79586
94566
47713
60367
13649
60592
88121
96430
31079
92793
95252
6819
69370
27569
12389
84264
40677
63493
99835
15290
93604
44062
52820
78566
7885
2415
67827
36352
35226
33821
16237
81093
65207
18935
88390
61247
42371
65169
51959
48531
75967
23637
78260
50041
70000
57032
69959
29547
43927
92331
75592
38257
99292
85322
83904
93259
32591
8570
4644
41454
56724
9043
91222
35673
77989
30638
27202
77990
49678
42588
88075
10264
38906
4215
95308
83972
69905
43652
83802
18628
7578
73652
91875
23588
3460
34009
79654
4825
42172
81051
28646
19807
64636
92079
39486
43068
31497
8912
29843
98716
45750
3649
56751
19705
16808
8192
12607
35429
29634
98066
76052
1042
1629
51461
63716
82627
27474
45234
52210
59412
60255
20855
73977
49266
96948
29554
13472
66180
620
83685
94436
91147
22767
42677
40231
49265
17168
92178
83734
92526
58660
8207
82643
21642
33941
21198
57619
51181
19771
39803
15472
38104
69853
82925
92458
76466
43360
52521
72655
27986
8154
36561
46696
40971
97648
98804
59009
70205
12096
98236
7584
16209
21135
82545
96270
19099
16091
99267
55384
39310
3181
67243
66454
8964
52644
85306
65522
55528
25314
4895
66830
60341
23450
11511
22488
4563
33135
88756
20896
32496
94051
38073
64206
43522
32899
17860
16682
62657
65802
23453
7799
49926
97285
60493
76154
523
38530
88158
71473
32911
98361
74896
74878
56227
18173
26330
27886
58067
71868
22837
91955
6903
73568
19134
81009
76797
98888
33519
47116
7942
60955
56829
48436
22474
22667
38217
63095
47021
38417
66583
90061
26043
98349
15312
85469
51317
17882
31952
34859
50635
54617
63932
2273
11653
40503
72305
67143
93974
40213
94
98229
58067
56750
88512
30959
66375
52842
53279
68632
24181
42833
53669
18831
21125
94650
80843
50027
91576
18435
44965
63950
59970
31208
6639
97473
24815
62089
44455
49385
73557
41346
89874
2090
60076
42557
24111
52445
54184
31219
84965
74455
55443
79368
49005
58539
4224
1646
50916
93188
71500
85893
90051
85687
90030
28684
95253
54706
86890
46454
10895
94483
60765
83694
15616
58079
89532
57468
53440
54098
63562
6367
1569
21198
18575
22552
37051
52323
45931
87886
60946
22227
22223
988
81631
31578
89564
56932
22741
45631
71173
6099
98484
92248
38354
88156
78974
66267
97378
91858
84060
60800
12821
59651
63686
95899
45719
68774
34322
31611
42308
74711
4319
48728
82819
18791
33912
85491
66381
93040
67690
23702
76764
59720
87787
73248
3869
36864
21667
18791
5764
45223
44105
78714
32425
13756
62293
40187
39068
9307
90277
57851
62540
45755
38532
27579
89770
14233
9417
93020
51823
8245
63045
23801
17194
55187
35880
61158
19790
98277
57590
54531
26155
45362
29175
3259
42126
94033
75400
29374
10211
93306
87985
1366
48163
45035
91978
94319
64007
39355
16020
83731
7750
32077
32877
31435
71529
41434
14230
50082
51799
1009
73545
6194
14371
45721
13507
60099
22388
90896
52415
5774
60303
11715
69644
25193
62787
66518
9613
93417
66092
61917
66057
74568
55008
31798
73069
7140
94039
70938
79143
39708
58922
36462
32611
48809
97597
10494
74648
89278
70858
14482
39119
79746
75270
61538
26627
75764
37051
89673
72958
2238
14588
79498
15055
41908
79243
38437
44909
1409
45592
27599
67457
91985
47297
90599
86383
7568
778
8991
93643
41523
4806
78310
44742
19889
50721
28981
41151
91841
5953
54945
16675
645
20712
97848
59423
58899
73415
4466
64453
96677
23792
37878
54916
14261
10147
48172
75465
13825
81938
15237
23238
99071
28592
15073
91095
95398
39466
94858
38012
689
35023
93488
78182
50218
18037
90321
29550
40612
13161
71573
12864
614
10107
98460
61963
10123
20638
31369
65986
84366
34847
22034
72997
75526
47164
77081
81639
4259
5696
10686
3914
33388
8843
84499
72627
42671
2296
77373
59226
48190
22750
89481
7399
41018
84444
61450
20154
17712
15265
97505
6391
47553
36236
98596
12126
71716
1946
91902
11590
11058
2806
78895
37545
10750
54138
66860
47641
76515
50822
99672
48106
14315
5856
78718
59779
8956
86510
99307
38511
34880
47467
5034
92501
92945
79920
55312
91973
77071
19368
60138
94116
63880
48092
99661
57857
27163
9690
60232
45648
2415
97112
87853
55506
62964
31429
80563
5419
68616
15422
87122
9308
62451
63662
53413
3570
5437
79384
85600
80185
33873
78998
168
21426
72732
39356
95296
12992
15117
61972
80959
48066
65043
49493
68833
89320
82774
96956
67487
54058
37562
59486
58760
68892
31527
96462
88481
6288
96107
58245
82552
8368
10632
19845
46523
23798
79063
76738
48239
32261
64218
89034
35268
98596
60053
11862
22022
38782
38925
43567
57233
93141
52631
42051
35175
11011
54269
77622
28283
38691
45094
85889
68875
60638
77802
58536
34995
74650
3943
52543
6358
4224
24343
44956
6311
51499
18137
12099
79423
93727
11131
1687
3427
32204
50733
72439
60704
42512
40562
56694
30836
94727
87353
95202
61615
26343
76930
30986
12132
2469
55144
72138
45174
52812
172
64429
57271
46464
50419
94765
36357
88255
91965
44809
95626
29803
96830
4628
95935
88435
8228
6054
32266
68189
56045
72166
71892
62980
4975
31116
86923
97275
90870
26954
39999
77985
75104
25211
24997
18534
56325
54381
20580
49517
78155
84758
79892
89181
61542
40985
25071
90893
82976
31894
30057
15672
21539
23227
47962
61255
23037
50568
23948
67186
39492
92787
61748
74674
30704
96062
50599
58550
86140
15705
74070
8136
70376
18163
80918
14311
90658
21912
16526
34543
32242
62471
10534
97023
74997
70319
58827
97624
75377
91863
14686
37354
18670
78374
13956
83319
10309
71106
84568
90177
55023
13872
68662
96602
69589
22625
74137
38740
29430
5294
78453
48125
69156
16736
23408
44316
76222
35557
17970
78233
47782
31361
91389
59325
31779
32895
93991
54370
78698
47718
53841
22285
50711
10247
53585
63737
87682
81504
89500
80757
67584
70937
18001
65263
56943
67683
81051
45490
90382
19845
74065
96146
39264
99975
3240
60270
48957
33668
70369
22167
34852
22898
91117
64882
57492
30163
82534
25112
30815
49490
58037
29354
1241
44848
17176
18622
94045
29156
68405
76963
44163
19309
58078
96490
1766
49987
13966
83750
6178
21536
26688
55972
74291
27429
39322
33297
38704
4402
62136
26466
23527
90607
69837
47082
74175
4078
44427
26067
34661
61806
63239
33519
99690
94181
48292
80622
35474
77852
28236
432
6193
80688
29157
90699
30115
25873
13454
64851
86277
26311
54008
68563
37247
54001
74750
15541
40305
55863
81507
15046
82949
97639
63206
88381
18072
52543
62186
74808
65145
42363
61046
61871
15761
72039
99013
16731
50671
2921
7985
11206
66335
9347
65164
71214
33784
52957
47780
39056
44168
48593
81356
65204
99238
33658
25924
9476
18503
89828
45310
10273
3502
45695
14588
31905
70735
16111
20753
82971
28089
85386
46027
34088
15936
42535
38621
54663
99344
59895
88652
2185
87474
45355
50092
67967
23861
86919
3824
30419
80665
50142
23195
88118
73310
32086
89050
88755
32861
19325
38099
4508
69356
6892
26065
32057
63151
13392
67830
88999
17485
25899
19555
52989
70731
76341
49071
42321
37202
76070
90775
19211
49864
95158
73717
7794
7987
61504
16711
85961
26544
45948
14534
77007
86788
48538
4118
59507
69320
60672
92040
97284
86609
8478
7148
58586
17979
41218
87742
30767
84898
95186
76141
47089
91913
79061
48261
70241
90404
26925
50560
55743
6889
95900
91869
10132
80410
22248
46926
20081
90270
90893
46260
35310
2490
86731
21161
94461
63283
61964
60847
24736
63953
36740
99355
51269
71691
68573
4217
71454
36934
62857
78365
90430
78828
16666
1790
79614
53969
45447
82542
97009
23326
73613
27943
48714
51637
29435
30472
84946
39089
62279
74336
49335
8511
28516
13691
19519
79187
54948
56597
33182
62878
70517
86118
54991
43691
27234
45790
5707
59944
96610
5138
10037
27994
73713
18292
62577
16729
33322
48323
24513
26722
18962
17157
80076
64021
50508
42675
74717
98020
41282
87937
16628
84960
23999
56851
42546
96726
25002
66881
25051
42146
62901
47504
94758
24389
24838
65094
32352
32294
63245
58044
60617
63983
91504
68883
53120
48019
51338
42247
1704
17880
82933
85671
85679
64746
15732
74364
96718
22225
78854
93639
55300
35633
47182
38196
98993
29054
1719
1776
20351
55131
86938
97980
16186
51965
1496
91459
19818
62351
40426
53020
77524
44799
47130
86744
23079
37422
87040
38602
25513
47836
29720
70192
27576
17730
52474
54413
71336
72786
89824
9351
17976
24101
98009
85003
10732
81316
97781
51452
46257
64107
73746
25976
48047
39756
3218
20653
20196
24677
67051
23384
49216
98007
74381
8397
1097
66120
70215
88848
8229
35336
33767
73242
60096
5538
90720
51929
21941
43018
60369
65890
77382
67073
74333
53679
98299
55521
63638
50029
11380
61811
97354
81939
51177
51147
23852
98007
20609
47917
77430
76346
69586
41128
14746
46499
9220
65146
82740
26704
12628
7378
5653
8645
32930
26256
56514
50876
90213
65092
85164
84107
76671
68801
87053
460
30383
95341
96384
65342
33252
94573
37198
1019
58004
37692
47837
17302
74162
50202
53733
97390
98848
59476
49770
63027
69616
91244
16828
19300
70225
57752
56162
33175
65412
67747
63142
48838
45669
58164
91032
29496
56670
82808
40329
60692
93403
73838
92492
98267
4348
81521
45669
42114
35368
65319
95888
91755
32926
79602
12567
16024
6
20605
86422
92175
4513
40070
7376
2919
9058
62528
53334
15854
13359
29897
37726
8509
19280
33199
51601
96647
11102
7867
80408
99215
98321
70849
47270
76031
9000
74327
65182
12226
34045
38401
93733
97324
1358
72036
6284
12702
19100
70342
13556
67328
24570
98348
75779
29442
20477
61056
907
90789
64965
61585
2465
36662
38873
41942
41737
49920
87487
86296
34511
803
59063
30090
37398
82648
58022
87336
6856
25600
24232
50785
22904
2240
32822
14330
43513
43763
62769
72320
92261
85086
78033
70444
27030
58265
55444
88582
36969
89917
91346
98934
66061
54221
31250
29036
12297
99340
8620
13835
21539
14108
97094
79863
6669
13169
40420
88793
4577
16077
32614
55337
53853
28570
59373
89588
45992
17839
53870
55237
93322
59075
65665
57280
87037
77658
93905
34588
66201
7621
43499
43412
54199
39450
24971
60829
56589
44323
2444
33865
87832
6626
9151
26582
27132
49288
85055
66745
54839
57588
3142
80921
73497
73612
1647
79721
58881
98674
9428
19264
20597
52059
1580
22062
27502
37854
45806
58365
77653
21342
23740
17899
6752
44837
3000
80895
12275
16402
77425
91490
24942
35453
88785
90634
22147
4440
75536
6438
71554
90838
43234
59100
73575
94056
34845
35218
84847
35096
47627
63900
32720
86396
97387
55049
46200
91872
91343
2923
16823
27023
35976
22576
64096
23107
82882
44072
97526
39021
52572
60485
11315
76498
64492
50132
63076
69028
59463
32915
45211
76910
10590
42752
71993
53994
75290
22253
66951
74617
21795
67839
53391
31519
44326
68515
46385
79862
26577
72968
61646
65183
51396
85335
30969
56122
52779
52417
63000
91433
21849
36590
83047
52386
5797
37388
67276
41623
11302
99286
16018
52718
33574
82916
57243
54129
18042
5881
21488
94167
51722
94274
90231
75645
72122
91610
22643
15362
66606
14421
45254
17267
31356
19430
10451
61673
54046
5698
44024
89365
68053
16997
33519
49811
99408
22480
62069
79203
93788
76695
30220
58898
65759
61540
2089
78459
34884
15897
12617
38678
25200
9291
91148
20106
60854
42986
45587
42863
44640
87492
91361
78100
82601
8555
58297
82737
24569
90550
25418
67486
92667
56698
4357
53868
44556
14648
49262
19011
11709
93089
50759
17226
61215
93023
64931
83722
81645
41579
26593
17881
96527
96160
62090
8430
39872
52313
42047
48922
11474
5491
53602
16471
73231
75424
66455
95967
85709
55464
98451
12662
60148
56245
30385
55682
5015
24086
7145
13790
21073
21182
53527
78647
4555
97331
91641
9752
71207
10449
73303
77591
79251
63865
49601
75926
99000
66783
71559
34234
68444
73716
90512
97147
74198
81158
13028
27644
15649
32684
5695
42203
55030
35223
37493
2075
28832
88653
44564
26780
47178
1560
71104
75013
52181
69616
56957
16018
20781
30081
37588
56322
26910
91009
13522
66056
997
68275
73770
625
38818
27677
38456
57104
76384
86325
81837
90442
68264
7362
33076
55400
86308
39988
60529
18162
86548
93240
21681
61589
90983
88316
24853
22765
10248
11325
55555
64422
73999
5672
19631
53633
49131
78111
46414
47228
57073
75691
11556
63024
65373
78133
87429
28656
29322
51577
64891
25278
98044
29297
14427
99297
50404
45121
30945
60814
67372
69063
67928
76810
39515
79143
50833
29421
1970
54304
70008
17716
71678
57953
21510
76329
69899
33271
19570
96998
91693
8642
20430
89729
80022
54448
70955
35807
38126
10631
63215
36755
41970
231
67790
57947
41469
5510
13942
23059
57868
34109
9266
59675
2699
58427
52230
81336
78991
41437
63458
36858
92581
42271
43282
67573
53154
23387
117
65286
88929
32306
34152
46609
6240
49931
78620
79334
5389
70125
75286
31721
98357
65190
72110
85919
58090
68604
60898
32111
66415
194
13662
27820
33179
23510
78259
19788
94512
20808
48504
55197
53399
25386
14163
37521
45812
44015
59965
85032
27030
19899
44164
29974
56507
23186
13670
45515
80118
12762
57497
11966
38330
16162
57643
29704
8441
76703
11046
31043
8869
18547
86641
73339
79917
50901
27083
71098
76588
31164
57689
59816
50177
14460
65410
77279
7951
91086
74766
76099
99860
30622
59978
63975
21836
7381
55968
40119
13244
51611
81281
75259
26972
56632
41800
24175
74782
25573
96903
820
90390
93773
24212
86809
84019
31616
33825
52516
58420
23389
10314
45621
60048
12671
58786
40109
49084
74958
30672
46583
34506
20599
70031
89559
66978
93475
59639
82066
14741
86699
61173
28977
49564
82512
27799
708
55961
46898
81080
86610
44283
60433
85190
32859
16044
10748
96446
48544
9193
44525
23780
89485
59423
15983
46694
33014
87258
76565
69307
98100
32738
59081
89510
97127
34374
33094
47346
1922
28318
80021
27105
21896
41299
88717
43486
81479
59296
88092
38077
35971
56597
58721
1652
27261
66335
28196
70108
99612
94880
50540
1066
18069
14727
60175
73379
41582
78914
92205
84453
58121
4241
34392
16212
20410
4739
33735
11527
70593
56273
44003
46263
41752
18427
33311
19091
43507
42023
79780
12465
99950
17916
78210
89349
88980
58022
90978
92380
99247
12849
33767
42043
70779
65473
29883
16620
68311
16311
66919
58101
94530
35702
11300
36474
16011
26515
18510
85632
75553
2091
31924
28543
13368
99847
35049
47192
28215
47448
12669
96123
21267
22292
94972
34615
34130
88025
4523
15080
65333
71037
76625
54220
73895
93727
59
85300
48325
24361
11010
59910
94099
9374
41903
70680
27888
5591
57301
3848
20008
64444
64295
29664
24825
68605
42315
4331
72251
10444
52505
73017
32000
75940
41830
66114
14136
31665
63896
60906
23200
50705
20809
64764
5011
61762
77930
69474
59431
81534
34832
23891
29703
75644
48015
14730
20768
76848
81339
39767
81053
78705
93380
93115
93478
1233
72867
60112
25957
69881
75420
21092
29828
95625
4273
4664
96865
58499
31100
13903
93753
7588
802
28858
45641
81676
61977
16477
50811
63830
93109
39234
67144
40190
860
17573
2755
97768
11662
65283
58367
89412
88464
36716
87243
92883
39451
56967
32641
53220
95264
70138
59588
68674
35991
6294
5361
16756
89123
52593
46409
69648
11951
12959
3347
10668
32729
92859
92200
40031
82892
33140
97914
32677
96816
78190
89220
3298
74256
70246
61861
42643
22908
58867
12762
27356
45860
79798
91356
16908
98186
89402
65676
4852
51243
3592
46077
14415
68877
86195
41097
79007
25591
86886
56491
65918
77358
42148
2867
93702
42645
76453
34986
54175
83171
32017
90899
39515
77550
13789
74019
66564
50478
38788
22233
30109
52516
82293
78166
40267
39906
1653
12261
41200
65702
55257
720
12357
29253
44725
26086
73203
12622
1127
85474
62300
10640
12320
27931
74103
88868
16925
41922
86691
3570
65054
4145
70807
56819
62833
66887
7031
49049
59743
42205
2533
57401
80760
75975
28710
73785
53104
4103
87658
34611
56130
89840
43831
19965
51499
79454
31421
98229
2892
63680
5414
29481
99733
32444
37267
22197
76861
78068
19518
61297
523
25134
42809
93629
60456
30218
73065
77224
78692
98370
47519
91288
95584
73405
63153
59604
67102
21420
57088
76850
33779
71225
68959
46339
98093
3683
1593
20981
53851
28596
13251
18649
81718
22253
51204
77776
38032
55945
4947
26001
14672
14983
52595
78139
82919
79514
47591
86689
55179
49109
57328
12746
97656
46124
14462
55862
94036
99695
86554
51802
34098
27406
5361
4484
92951
82108
64437
18339
92680
51466
12417
13221
44523
96258
83290
27666
93347
33173
34835
53428
46164
32744
74041
27296
81093
3646
22004
4805
16689
43285
56513
45968
30036
16663
15401
30959
86225
34059
353
14412
13881
22900
19465
4923
72861
22239
41081
95639
96975
30635
37422
44946
69401
96014
98606
62821
41856
26773
79597
80591
10308
40256
82988
16949
75088
23100
72779
64333
3865
74947
64140
59585
45424
42498
77921
87487
7697
50806
74398
99823
28671
38502
81798
17353
76519
66123
88385
93313
92623
62037
13766
43643
99056
7587
1575
91759
90218
61333
12444
37941
67145
72360
71288
39705
18832
28575
62542
63639
52404
80779
57210
84791
98113
17919
27352
20555
20600
88677
91854
67102
16337
84240
22249
56934
44413
70472
58677
68463
16475
53808
85577
75319
59892
52690
86720
17495
68621
28203
30846
21758
37617
45969
76836
23985
12292
9938
4770
35949
43000
92515
38723
96458
59375
95586
7218
49791
97716
3269
63922
31520
63536
581
16755
25980
84028
31494
6210
43703
55953
24331
7603
15939
45660
88288
72110
23241
51604
82803
72197
48929
11413
19206
58025
57594
24755
47458
65088
93282
74078
80912
59460
15133
74002
15905
88271
39968
34629
35900
62708
3428
8359
34356
25383
46593
37107
76895
45984
51871
65281
67205
41836
39581
58815
16256
3691
61652
5339
91142
52450
51827
25832
12306
91504
58206
76310
25065
20629
84184
77964
80700
5604
10613
17599
74279
32397
82171
93998
31724
24586
75944
72447
43778
39077
34691
71257
35795
23955
36179
55793
12334
76397
80130
40830
61051
98285
55671
36504
19679
31501
67599
64164
40004
53837
84313
96911
79998
30302
87935
48653
3237
32579
37131
64751
24412
32380
48132
31193
99434
32601
55253
61234
99680
34037
30489
18099
11194
81851
41696
81266
64507
39101
32918
62809
75747
18192
70830
88461
2222
9465
44521
22438
93614
36258
67828
66498
89860
71060
62471
79793
79573
16215
23656
91552
49996
39804
37160
58242
98875
65963
95436
99750
19670
81052
51853
45871
84584
29315
21053
91223
32864
56425
15955
36119
93700
21462
27531
60912
21173
85043
92792
12996
59651
73471
76633
6484
63786
82878
39196
84180
73465
78518
70010
24954
53203
72345
90987
86700
83781
48598
32282
1506
80216
88790
46362
59887
53632
79029
4884
85784
44880
8298
78055
62539
8952
61325
55493
3205
3873
33151
16349
40455
77912
35814
12972
29398
9415
64864
59456
2474
75954
47298
9889
32381
66136
23428
19107
25491
25137
71667
57957
62666
40031
96461
79024
89887
8928
55195
34722
31106
91616
65482
27342
9690
29548
51442
34039
59528
45275
3926
67360
2389
45624
19434
91631
95472
33996
63805
51543
42085
26238
26537
33973
34212
43608
85230
64461
50067
81743
54497
40921
41271
64115
57839
5295
84706
33863
77486
10069
96732
31187
26272
98916
93080
30621
30153
76330
79819
33599
79862
66111
24336
66841
29537
81405
53445
18722
61318
50628
17053
62848
4617
32697
29228
61161
3699
27289
23267
39010
45400
43651
2734
34633
10551
6857
49215
49187
87233
47501
85916
11663
68479
72687
58168
22754
4890
45952
87943
60007
58517
68655
76174
98006
26915
14652
89738
76514
88253
98771
44191
19749
29545
64944
19739
31848
72841
44546
95307
36806
14561
22421
38148
28874
21337
73705
69117
46829
86136
45767
48222
12205
52716
58051
56283
63662
54284
11619
95567
22284
41255
18693
45170
98760
18179
48912
53283
29102
10624
86052
31034
18936
99681
7037
68637
82990
2730
80723
780
58379
71212
68615
47432
65214
68915
579
69589
29763
7352
48697
98054
22072
5077
48078
59459
99967
24944
55557
37113
99168
95355
21547
93950
486
67191
71905
94537
38112
78714
99687
46361
88547
30233
1133
97213
23682
11837
99006
1991
56786
56159
34261
23801
70927
2290
35451
12395
87030
16702
38129
42720
75389
88892
48960
38866
85996
77590
6554
8564
62009
4369
37013
65803
36508
4488
77326
92602
41693
84306
48948
67736
3109
41177
50587
57413
6402
41377
76443
25106
42647
12844
58830
52889
31809
55582
41301
48148
68910
4441
27838
73688
59013
17186
34398
66691
17774
61545
74802
34866
81637
88514
11979
42540
47701
25991
42048
66972
17643
71007
72814
86400
84698
83700
51329
56162
52611
80877
22967
3486
86723
56705
23460
84845
97943
73334
2683
91318
37231
9721
42253
19929
94901
9998
74237
6733
65347
2556
23877
99493
83433
52895
29202
76920
28374
37112
18774
64820
42151
23548
70478
74732
30084
38849
52441
8432
69000
12143
98446
29330
53741
65144
26904
96330
83427
95608
35147
8477
67358
71758
83409
70778
99613
86447
36808
33370
41098
92339
84039
72294
47557
69517
24126
18557
56675
14841
97455
96145
55458
68544
8450
45495
39561
36382
12801
50364
51696
93417
53561
49265
3425
74160
54647
22036
12562
26213
41144
4222
76527
16256
94324
73832
62204
16814
49569
19133
90988
12599
47017
84897
39928
71250
53754
95277
46998
91452
1120
68429
87043
47752
27390
88785
35467
33138
33447
90576
78635
97531
73008
19969
52711
57036
19765
8450
55388
4489
86218
43204
59286
77673
76874
90324
30814
2901
8580
12183
51465
67923
69669
41971
10895
66042
55742
81309
97914
66673
62695
97793
18120
7263
20840
48052
3573
87941
26100
19157
99310
51097
96166
68361
41949
52095
36059
58109
19931
3086
5432
60915
12964
53490
64228
63087
7781
45969
70659
7998
21302
22714
79001
74130
54960
31632
43963
53502
15775
75494
22268
57254
20126
98082
38702
34705
61227
24740
46374
52924
78480
79518
19912
74166
83521
43320
19974
95418
26563
91128
28879
52634
24210
89877
42398
17594
57472
78682
31645
72161
4673
27490
41353
45555
83531
89032
18493
40235
71418
59734
7929
3459
9850
84132
9972
47293
2434
97555
31782
76558
31755
15813
49898
50424
69310
35629
4647
36386
13674
31118
69909
30549
43374
39456
27985
52101
8269
70317
95550
34524
95077
86873
65391
65125
47499
5718
84127
12315
474
64119
83996
59888
68152
74535
69011
81248
90771
68987
57139
11059
42078
72240
86987
25901
44144
10824
21898
43263
80140
31467
64094
39475
89824
55047
75338
25008
90905
52729
36069
22955
98963
62032
95412
53064
81079
12475
77414
51256
85707
99058
43365
13923
74304
48916
61372
2914
14052
91496
99867
55011
15506
48709
15962
25597
91754
10974
44330
46384
88144
55424
24994
48928
41688
374
36035
4070
40008
41566
94302
39489
25328
5068
93188
74627
19843
11859
10760
63195
63600
51348
75652
21604
3920
73524
52896
72353
24181
33649
35055
36212
26009
8172
79706
69745
58402
32629
16036
9455
37195
14572
39201
23984
17353
4267
48791
93196
33302
66700
9397
14802
12031
2692
34545
2453
91379
97890
82360
77552
92604
39510
18270
8090
35970
16563
3362
48887
81199
60188
10952
99449
15418
25764
8517
85601
51383
40052
18910
71033
44468
82503
36721
42311
97494
10268
76397
41524
35245
37983
92047
24439
62983
32452
84913
6274
3052
8355
20245
77226
20934
23046
25994
3419
66390
12686
84516
81727
57893
53140
94199
35848
55620
2249
54579
76790
35053
52931
79338
70191
80568
83517
72123
35106
98212
95334
33302
52907
26598
11596
13316
56792
68349
19168
69360
31933
92823
96985
64910
80105
86195
57146
30089
7304
73166
86137
93288
15476
27789
39900
87552
83406
86137
15419
77557
78681
90264
53536
27095
22734
1938
48920
36803
14923
92432
84653
11128
37057
26940
16020
11490
27533
86079
59227
14719
91156
99700
82217
96806
48954
37849
34923
95093
77599
91213
52543
48916
5554
64286
77537
70634
36693
15781
84249
68634
18359
71456
24563
93581
90087
24674
27680
3050
27
36189
53669
12651
31646
36014
78319
81869
37942
30004
27642
364
24964
14331
45906
93381
3955
41443
38231
60485
42947
25187
78680
74162
70315
37665
39728
76956
51516
99545
2717
95985
15913
63120
29302
31801
66102
47630
79245
87407
10262
74917
53323
27478
79656
67973
6522
3353
95360
96436
55588
83413
42525
12580
15455
55077
2800
8436
43555
51460
73639
26673
9939
34615
78464
82231
38560
23621
71034
57402
40058
82721
21161
89294
17921
24073
2008
17297
36910
55299
6811
13465
77742
88508
76989
95524
64682
59948
32391
87126
25614
44149
75521
81417
81304
84603
51203
63262
66774
71649
93373
23611
20092
28697
34815
67197
59033
93322
35316
11655
49728
89233
65832
37970
70806
58521
18618
1949
29347
82330
79100
41263
10495
25609
53584
22116
93826
55805
98735
92760
16032
11397
58915
72375
2941
47339
68808
40219
42620
51112
92482
10584
32439
19107
81517
63035
56860
13398
93963
26617
91861
36050
28958
14077
34384
77697
65395
49455
34166
35631
54746
1642
84193
72003
65367
66174
63341
4203
2419
23794
71384
39752
76516
64374
51478
50180
18781
26850
93664
34180
25530
14863
9540
27899
6434
48382
35257
15883
87642
85017
39756
83463
64985
40506
86431
88415
27916
79102
14431
41971
51987
77763
61132
8358
23476
78182
72362
1452
15836
41088
1353
85912
13425
21825
63727
44024
32318
92684
77464
84789
16445
56857
21771
87134
76487
99817
18109
95027
11477
16168
70737
76
89745
3420
25296
54384
46433
50994
73917
61281
46249
68543
81647
61344
44341
94897
72418
66113
29242
86150
71588
31899
68666
9096
83731
25781
10068
79295
52675
16161
21974
50768
32405
80260
72389
19903
49120
20128
53550
40935
70613
928
81899
15937
97871
46400
53775
30628
77977
85717
58902
39289
39542
35291
79258
37048
6228
21952
61670
87309
13611
88594
7820
34860
74721
58122
89873
5683
60087
97426
58597
68664
35750
34883
52159
93133
42376
63344
73232
48590
23235
64726
66080
13846
23858
33850
70111
56045
48970
85044
21576
76982
73173
95291
65454
98502
64267
49109
42454
29087
53530
30814
37512
13140
64327
89606
77658
66760
15703
38162
77681
85323
68016
77
93287
86523
50919
44541
98228
26018
74952
97427
13286
10511
69406
53445
28789
17266
38422
5045
47775
64080
49253
36069
91395
59167
17083
20306
82569
37912
1000
70347
23332
80530
41083
93293
19550
38821
98535
68785
93796
39026
19427
79732
67528
91610
66521
51727
83762
42939
85793
68799
80647
79286
73049
98935
61413
80993
11606
22603
87396
90435
28390
92838
27534
80781
47617
50893
11983
20712
89920
11081
26791
54046
59089
27359
14477
30403
89849
31824
74070
61556
21893
24649
476
25628
59877
73945
95333
50038
20607
98418
44863
10686
52601
30618
76533
74666
93485
96879
33466
18271
50593
95794
92904
26695
14553
75528
8942
46509
99259
92010
53150
99158
82411
36367
68793
7169
1442
92170
40498
47484
37257
91183
17473
55953
82503
89791
94896
74559
18236
29430
69542
57362
97526
5472
21191
28060
48558
88129
17338
22531
82988
53367
89169
14251
67632
75745
30164
63848
14598
81760
7731
8496
18664
80965
78722
64625
23151
20112
5612
5663
64913
36005
55499
61358
93587
86057
32962
10755
8940
84300
2507
14526
43534
97638
62525
93427
65104
58605
69376
28568
42716
60962
63196
79847
90642
16167
34198
34457
73817
1922
49858
25108
21841
10299
73938
5988
68501
13519
89121
67451
28219
46440
262
39260
42496
98812
15609
70332
58427
80229
63617
12171
16235
20548
22110
99687
82752
69682
28175
72610
44829
16347
48116
67834
50610
83560
80139
49593
13600
40250
67564
50636
33058
27896
79162
82959
16337
48558
65389
20090
62083
73397
78775
24634
93921
96262
37795
40533
29640
41115
64893
720
5120
13644
72164
55535
86057
47477
93178
26118
50197
60654
87715
86239
75530
32116
65064
83698
20121
44062
79803
10505
97944
16196
90842
15939
62687
19224
60943
70457
14213
78429
71335
55389
66843
68819
56259
73964
54327
48455
27522
48178
26135
18598
81433
11467
97277
83299
20430
19623
61285
10874
67265
5274
94071
15958
48688
42325
58483
49272
1755
44337
64918
20565
35831
82996
82806
69874
84039
11113
34279
81942
2665
32567
30993
73247
31508
39136
3951
73717
73393
64926
50993
4268
90345
16272
66931
24226
5174
29487
88704
55525
85213
17304
19120
38789
51435
96786
16002
37205
29562
1320
89884
15295
74496
84169
53707
71255
63596
15801
12777
17213
77144
71395
1690
82738
49870
19581
84171
2906
23419
34952
90433
13274
28384
42620
61185
11083
32496
3430
73976
80677
18295
88453
65001
49099
37201
23892
1458
53016
75997
24595
80626
16138
4476
65408
3111
10866
78737
28818
20598
7564
82436
63630
48634
56059
86982
46998
82993
18105
61011
29591
38432
68116
88120
19073
14616
53956
6388
33823
52855
71437
9760
80405
46432
13655
74413
29722
87273
26431
35813
80875
80764
37519
88749
78730
14574
69651
79393
77125
68696
20354
30987
29717
38920
26684
28024
44526
58330
86640
97319
14848
6352
26106
33156
77001
87385
89515
11465
74214
24307
31924
2998
78151
58921
37246
47610
32789
7003
20871
37753
1870
74608
32971
31372
34281
11407
63690
44658
69792
63714
73996
19036
96300
43303
89798
60872
5191
37372
54889
26678
61438
71848
92324
63898
8456
88669
44239
66126
42316
40786
48155
72849
25727
81782
20658
71536
8386
68905
10067
48986
70068
16655
95631
38304
61925
85580
69004
39878
13881
65857
15521
38030
58701
4866
13651
653
63780
93700
2962
4601
47356
32032
1109
28255
97466
24483
63327
34998
66470
75298
57891
35468
84591
59317
45347
37650
49443
54962
57831
87792
16108
6502
28081
18644
74709
95010
64958
14349
15352
15289
43646
48829
36980
77455
9287
22386
49746
37281
42568
22971
19249
25821
71880
44933
87188
86015
38565
59001
20198
84323
24737
55089
16161
60424
48046
57731
93099
68099
72829
42440
67793
22911
15135
47091
36403
93331
30465
74981
64388
15703
77134
65619
37753
58648
72688
66402
82746
78562
6441
42813
76463
1562
86092
65015
17888
11528
4262
53818
26246
92087
58630
75471
24795
49161
59022
59674
1533
29053
88232
77040
8907
94355
99710
58286
71219
35134
29572
33556
29652
13194
30784
58441
56857
22785
97814
49524
38803
98560
37433
20881
34560
7883
16971
47308
79509
91130
17387
20815
23298
47645
86848
49476
93163
69613
23342
81935
65965
89699
44109
8321
13512
97011
32076
96800
93256
29951
14971
70510
15888
54873
72850
68224
43713
93626
44568
76400
76290
98149
14859
36310
30395
86955
69176
23614
48568
63738
48885
46655
36348
321
51880
21975
65019
6932
83160
52590
7883
2711
84106
60124
84494
84894
2938
38862
47513
29297
7610
76753
86152
84162
59854
30805
36801
2129
1293
25320
97179
19076
29018
95069
81077
26259
313
16807
55939
19352
53903
26533
37799
21820
67120
33136
80222
35224
93055
84812
41063
12002
66296
7425
76534
2965
22659
4730
60721
66354
69665
93451
7816
69908
58840
45309
12059
73362
22914
64022
79092
57333
40914
86135
66421
20288
27091
92391
67117
78509
50395
34712
83935
56265
70786
57274
13505
25449
21073
45933
31
21141
69987
93541
39003
65088
38957
47078
6462
37377
14820
89521
76633
53447
25399
59135
84914
85637
39316
49729
45782
50077
22134
43982
95489
88439
72838
1927
15227
15782
38942
61567
16628
21740
57445
70320
36056
1765
77807
68632
42698
79366
91072
54117
42813
57263
75294
78997
23144
59951
65766
26979
25245
6057
66368
71429
4780
11741
88432
96577
23490
27498
46392
41271
81410
74549
59132
93742
34942
58706
42615
47784
15834
73660
96954
87131
33830
79994
2077
93691
29717
4806
73612
40873
74122
77226
6712
31294
15545
14469
42088
56347
40474
58122
66924
90343
23337
12344
93791
13829
94563
72890
1488
69611
49104
26091
74892
39638
37655
58710
68382
43918
29433
91686
4560
45904
83206
31653
61622
16204
49758
77669
32508
87994
11213
3845
84926
39084
15516
2046
85478
58526
55289
56003
29936
43098
11932
64163
3741
79063
99769
36491
68289
68645
54319
74535
97090
65668
31380
36276
56914
97474
25240
82764
7533
38800
94432
24781
96647
51357
46361
74065
86640
87958
47702
49098
67585
20996
50298
24150
37468
61008
25588
5930
23257
35222
42697
23601
62516
40477
81509
63015
716
71171
88415
46830
82464
4015
82094
94509
72490
78448
55768
93767
71119
58426
26287
63919
30660
16262
87794
9085
3354
9840
89017
57223
56437
30386
69012
31489
22637
62653
3894
20213
52921
18439
95835
92697
59681
6770
42927
25470
13634
45118
29248
8992
2202
75162
23789
56354
163
58059
91443
61203
89744
61720
52618
84998
33659
95729
79512
19626
32692
69969
24612
17010
86314
85135
66807
66001
51606
52161
81181
24909
8833
64876
88722
654
84354
84634
35168
65215
28712
43035
93294
1999
46651
26862
43255
49431
39715
39698
28107
8281
12718
34123
32493
4832
29538
39634
96069
86105
66841
6471
18611
55635
30444
32971
26598
80386
44586
46560
60159
29155
41740
70846
86557
12833
94898
31268
7869
74675
14247
96418
15065
85322
85934
94266
96979
94791
23326
56782
84277
47063
19931
5516
64898
25095
48506
67353
40725
62130
17936
11181
51752
22266
46827
19827
12881
49656
88150
96395
7679
34705
10438
2799
46448
96689
40314
22135
32366
33250
75858
95080
67750
31672
14963
19505
33513
19393
21336
14326
59956
27994
49409
10153
93434
28100
25018
50060
18417
12744
32059
77701
95220
86971
73326
7770
59266
4898
79767
35124
44155
63200
52782
89615
10433
91900
27796
8093
20377
41508
79791
46811
48912
71785
13071
40237
47209
94587
77738
80709
38131
17795
68433
39034
40038
4537
76109
36641
30980
47705
20902
70279
3224
83315
62683
68527
16117
99703
46387
85267
3947
49496
14265
44759
52934
68303
81048
19977
18509
67687
13625
63377
1503
53594
39066
17771
1130
10521
43225
72640
37310
28957
35525
21424
7966
68385
49559
5355
95134
95396
44788
92787
87013
51196
72950
27029
27498
98201
22349
64808
96869
10497
85592
52590
12599
36977
10704
80862
9179
5857
79052
40493
28491
84927
21255
92491
8469
48254
10203
82756
98492
26753
24610
96599
3819
68663
72823
94280
18028
56638
72179
46119
58213
50951
88639
51049
57940
82588
37971
10071
80625
83040
8091
69941
99670
7926
13324
15257
81034
43026
93813
19149
91979
54922
84900
94413
56756
17135
28602
50450
39094
89584
87523
78179
9099
13108
58701
57326
90421
53807
25784
57722
56495
3158
88043
34035
63908
68486
45798
67549
64283
79979
30950
23361
43623
14569
19156
78135
27121
76435
67972
36269
32058
73273
74363
25623
98575
9740
73971
34819
64943
31487
4646
7142
51232
55320
84134
56436
47770
58990
31330
14999
6459
14932
72171
20648
13144
83163
3574
40171
21178
41077
3273
82539
36043
22667
5336
17152
47139
47979
75840
77568
78509
28488
41603
24683
58909
14800
69588
59465
14066
37261
79313
2903
25099
95432
31138
59503
62339
46356
29802
25150
95067
53821
17671
54806
86831
75033
76666
79451
52497
85479
16506
47841
52899
30677
97148
34232
32829
32930
16531
19924
5248
68344
67671
41585
20413
59852
1547
16746
23177
59233
63537
26950
67587
7311
35622
73761
8026
37998
2487
13347
29902
2352
79116
60263
58900
30074
82974
74729
99829
69049
26614
97358
49099
49829
12439
53811
43761
52027
73376
49096
74127
44611
52870
31274
48224
27675
45060
20085
30496
83944
77552
98070
97168
19229
53231
82765
7313
22065
42918
14974
23918
26690
70464
61430
74058
27029
23270
98111
3131
25724
15743
60327
6842
1015
21789
38777
12946
76371
76744
14030
32984
87762
52534
15061
18783
25625
88621
20325
30349
76429
9242
87796
84916
6182
86599
95937
37071
92009
26928
71488
29974
4637
50380
27829
48912
23495
50291
82819
38348
63959
92008
63132
80301
33456
21847
7201
34851
64260
14269
56904
33440
78198
73716
34440
69462
28095
51314
25352
63911
60185
71588
22481
48622
38847
42383
63731
34746
93871
29653
30383
4274
91205
42217
5366
68780
51274
21070
39106
48331
7203
55911
83972
70413
66485
87416
68621
9458
17394
8561
68871
36911
23707
10771
43549
46869
82768
49450
69791
55532
22098
13459
33415
4467
45827
12573
14347
40390
56792
38902
40140
29710
17489
27796
14611
3782
45366
38460
9297
38684
62842
8825
94073
21212
9315
34155
42281
66663
84617
49651
20869
29871
13451
36241
31501
24103
24822
10308
19686
80872
79725
47411
38368
1125
55167
80681
54330
92948
55703
73009
41546
78935
89487
128
65952
57185
7257
48041
22564
81917
85451
85033
55502
49062
99367
18322
3843
49721
62210
12789
34272
23896
57166
56594
20790
85467
38727
55522
6494
83143
49875
22228
83322
32265
10777
49412
83292
58770
69760
55230
74995
59436
52800
47893
14602
15996
21358
21782
39104
12867
20954
50617
19641
28272
97040
28755
87618
67566
98812
38232
86303
67719
27313
97131
30589
63945
62136
6342
74442
49310
97205
32856
66915
66544
85727
94881
85005
78868
39325
10837
76438
2291
88406
53053
44706
96089
46730
45460
26782
20693
62090
94861
10002
29066
89887
93611
93413
84112
12083
30776
82977
72074
58863
92124
67108
73275
90334
38421
25256
9880
15194
60752
67792
47202
63005
35117
72605
78050
87481
81443
38069
32444
80108
77183
80544
94631
22846
22852
63917
44941
54749
51383
74605
64299
45962
40965
89745
49369
56295
8871
62642
49891
79687
25064
32939
41478
7988
37077
53317
64099
19761
60017
87221
39224
20901
47687
9625
49408
3055
64051
91272
47251
62190
56675
36585
50621
88241
58324
93521
6110
56441
56962
52145
48145
81278
36286
85649
84586
59667
78054
52039
81507
11232
28945
39259
15970
22022
8944
44783
64947
55472
22357
7148
40034
54464
30629
22949
78807
7430
2019
22346
86617
23303
75442
38685
76115
44459
649
71149
62849
69282
65270
12282
98407
8342
69128
73355
82811
16436
84012
32552
78022
81344
76243
68874
17674
21619
7943
54465
88942
30712
37659
89769
98232
96999
70129
39403
27738
84228
90586
82876
42628
27438
83553
71661
31055
49597
78929
23059
20609
20059
6
62317
72035
58459
13656
95481
60854
76095
84638
69246
94263
46471
35252
99830
95254
55848
69815
22324
30666
21910
30665
54172
3835
83533
14250
41591
56980
4784
23813
38723
87682
75186
20769
77900
92520
71078
42543
9218
91951
1286
76254
2526
21748
15822
62739
55352
3615
446
73673
73829
40680
20055
34415
21707
48831
78323
38778
97931
26386
74014
52741
87798
53183
63090
7140
81205
21676
95201
46423
27157
10618
66117
33577
34579
51206
27305
60629
16761
51721
75476
82966
87247
36648
87168
680
5597
83576
78416
56630
8907
12930
73758
1302
35071
71403
21693
73916
31894
89602
65489
67565
72489
21093
49404
99748
76364
67647
91676
97674
85090
25365
64852
53869
90093
10774
76823
34203
2188
254
52657
24241
43835
74653
32704
33603
97758
70546
24937
1527
20626
37489
3194
95582
72120
62043
22896
57435
63159
89114
1853
53019
48632
26263
3900
95539
22403
12877
64473
17642
36363
88832
43985
5484
21656
74115
50816
53221
73792
5764
65737
56219
52141
79618
26352
73602
83291
93879
98269
29799
38853
17115
23795
46059
35967
8738
94254
87395
71760
75995
62573
74131
74977
13310
4302
5924
25457
39126
97246
80964
59345
26806
77696
44319
27383
92927
2735
91576
25577
19222
88489
3313
30903
89965
71602
68455
71751
27675
39724
84753
80186
22308
90037
28666
44148
41751
8151
10227
1063
29503
94394
91478
57595
94359
40058
12119
48510
20171
30182
49154
68483
86524
49609
39146
49629
87151
65618
11837
73000
82902
7966
54479
42905
19300
89603
23596
10252
81589
84620
37468
63687
16734
44196
932
49127
21398
30048
56138
26643
56860
7036
44020
12560
78550
59863
94099
85171
46163
17957
79800
83892
44732
95947
54181
16526
36265
88574
60227
18503
88696
92182
44009
31867
51653
66725
89528
11165
16684
65885
74768
30355
59689
82928
11908
61960
63682
56763
43009
66368
88625
9177
14507
34382
39051
72678
75298
18327
52043
30794
5071
27102
59880
62215
8803
47303
72712
91576
88683
30924
99
64367
38740
8161
45084
4277
68985
21260
39036
81621
96661
9510
56497
34567
12686
68531
44255
14710
16554
80163
38499
48767
75511
16878
9628
24200
75718
45086
42829
86016
21590
29981
17128
7909
17368
14627
66823
33346
6609
26096
45659
39667
34273
84572
34617
69384
1423
16437
83662
33432
73959
23892
32368
54295
11778
81386
3911
70081
53311
20166
60636
21983
6842
64495
45905
68376
32035
41932
75067
95470
51670
63550
51420
57327
90677
97295
30540
95736
13817
91535
54851
19574
9540
12508
86357
69361
19996
30002
25781
66778
70373
5541
83637
65058
70484
11861
45857
85732
6138
52372
46361
85306
97822
50836
28842
62862
66301
15645
53762
74924
8628
62226
9219
83551
12263
16785
68961
39811
91169
50233
72773
30949
59135
83964
3556
67435
54214
6730
7331
74325
93068
13637
90788
84775
39850
52447
99634
53431
96535
67867
87259
98428
99652
29869
39486
45475
23855
98284
49329
26288
66793
60896
16554
66031
18771
55072
6250
50649
73475
85098
2330
5841
81295
67671
34539
20348
77544
47189
13231
70889
8264
53090
93918
88635
2749
60913
8867
209
77726
87924
82800
33701
58127
57690
7518
53981
59843
98640
30104
44489
34398
70785
35184
4110
1069
31451
6855
99995
99962
3809
42405
6308
86896
21416
36738
88884
82443
85481
70275
32279
6278
26435
13395
49947
58644
37602
14968
86648
15172
54237
12486
73338
58275
98518
82819
44123
56983
85247
9760
78463
51594
1608
45181
80262
27253
24850
15189
57335
6160
25078
17588
50978
67624
95306
36423
81123
7863
38491
89426
95915
33307
30661
44722
49096
6927
99750
44238
27386
56569
44424
45641
64402
41915
68906
14527
64726
46023
47321
67234
82146
68813
2479
87728
80510
59930
9945
69943
49312
62433
13947
33633
38636
99385
45565
73983
5803
36395
64144
33263
33493
84252
67244
14661
93160
67144
55346
43872
22670
64209
31940
90716
47374
20957
36553
98089
14431
32151
72029
4406
86598
33601
30723
76559
63709
59606
81458
84441
70468
47635
43222
74502
29862
29334
84049
32066
2701
23705
33395
49780
51347
5373
10878
77502
15659
7851
83265
25378
86909
83226
67661
84768
17805
5997
10096
63042
70924
33424
5524
10997
16674
54155
8208
42172
36595
26442
59503
37590
7631
87248
56654
60819
20069
27750
75523
74719
2516
99207
38427
52193
51779
59034
51267
50895
4430
16397
63177
47762
38582
89160
75004
57518
59817
91646
16428
59803
82973
75484
58063
65430
60461
74793
46661
80
35007
16244
28644
81522
61388
80469
16222
79276
87630
72069
52831
23721
45992
96277
68514
27426
85111
99696
63375
81168
33505
78853
2735
19390
99473
9918
54495
31729
72371
42216
72641
94148
21928
83723
23017
70049
82572
93189
21733
71334
86007
44904
57873
76473
74348
39032
42926
45694
71715
43950
21428
59052
77575
35752
39023
63531
87947
18266
12111
76804
59038
99478
57606
54011
62706
995
29268
88030
24047
57175
49992
58970
28182
46586
17986
80688
90762
46578
17126
66294
1596
77339
88349
67458
84694
54233
16390
18793
37283
55189
95671
55796
75811
64019
38940
31902
3688
96365
79300
59757
81630
34281
35273
54559
35463
37072
71997
91024
23314
66195
40483
83790
46134
78751
14421
74784
12917
75987
81900
59448
83534
95511
69321
68640
56214
69268
577
63761
68517
1898
6113
23373
16044
64490
45920
34741
13964
26180
51347
51847
52861
11964
36817
82213
72393
74893
50131
1658
64105
28974
2270
61855
18832
52068
37363
31794
75903
45747
92071
11442
48853
72016
2542
8593
50548
95531
45352
96716
2628
96281
82548
93475
8833
35870
493
30025
21781
15734
45316
54009
75330
34724
23734
51378
62606
86045
16072
28853
64369
34218
79475
17460
50145
5033
89568
34397
37459
87270
53074
56578
13266
95718
16728
4833
58370
43924
17982
29550
58339
69319
11156
5340
98945
28591
17356
52702
70537
84894
54854
28585
64774
77837
8468
30954
80957
45778
75001
91766
8736
95784
60945
87572
94603
54256
91876
39245
17982
26110
65487
12508
32247
92898
85979
93972
48927
20297
5527
53814
84474
91350
85437
54804
58266
56049
25856
40540
44775
58505
46360
38427
2344
56090
56500
84542
34375
94051
11689
44393
29848
93697
85046
34924
10234
95656
52007
71450
31178
63924
72471
98934
39696
49209
73492
76334
22802
16389
12262
38083
20033
11529
78108
26975
76951
25728
36429
33889
29156
87430
75539
2318
45172
11472
84632
70122
628
1717
9215
8032
71475
42360
66198
49854
22682
88787
12250
40599
38577
74591
19455
84047
89528
85469
5084
6639
47510
2940
88322
62550
22545
34446
2389
46551
4339
20886
82713
91548
61309
58896
67550
38138
90129
35013
836
35020
4916
27639
10766
95295
52697
26958
16100
36936
51833
4088
94832
89326
36404
63635
310
48759
66530
34173
64950
86209
70749
20401
24559
41794
71459
95382
98317
22319
84336
76973
25690
73196
30818
50924
99684
16561
49481
48820
84938
54631
22778
78630
31449
44469
11465
81667
36783
58577
47100
49714
78578
91021
82694
93640
25049
36459
14630
84154
68686
7027
97525
60176
25643
25466
2705
40186
42181
68015
39359
93519
79741
63645
47735
62952
62027
21539
18944
55933
22670
93517
16811
22961
7582
86154
68264
24918
78452
46303
87719
39171
77495
2506
38433
51041
62663
96251
99068
17392
9812
66856
41320
86168
8169
90865
27016
43530
52823
48109
95897
65625
8839
32452
98955
98487
71711
3857
90860
67676
8867
92618
46980
63550
20761
5343
19383
14216
41463
98186
22733
3181
12826
27813
41002
53990
61187
29149
90225
42686
28760
9961
24464
92509
42754
25082
32619
44331
38001
50946
91077
22586
61247
86129
39827
73882
78921
94964
89132
8890
15966
23367
6626
99017
2847
58590
23489
3346
91973
48575
71054
6206
34561
32998
14626
48559
12837
98471
26364
6604
42009
32537
4296
71497
10439
71040
22227
44545
92473
64797
34238
37250
33714
50494
84254
91236
91965
20947
43291
4864
40942
32125
75767
67987
24230
83119
18730
49460
77759
5779
65363
682
7915
3039
59069
38219
59328
19444
21128
2059
47131
77882
80257
146
42468
52644
82177
32602
59741
65685
55076
77205
48838
64510
49790
22887
84900
60608
51116
99425
2680
40077
53509
19062
87499
52987
98738
61051
72417
74385
19805
69353
50772
72390
11766
26385
37801
47341
402
29601
49774
52727
69922
83078
74983
38833
64461
27529
28231
53602
12468
33457
79919
1685
88833
526
69471
69315
2592
76212
59715
98846
31305
45454
43446
63478
60213
87508
65129
26936
87675
65264
58302
90446
92177
82788
54991
22178
93649
9985
85044
85642
51801
16982
34323
78906
46816
64010
28863
7097
96940
39102
50787
86649
21274
5223
98900
71666
9011
21783
50371
35570
25990
17379
68960
11258
39135
67253
98938
29611
3981
42577
62247
76519
66621
2369
53280
4781
22699
74703
26053
12349
4906
15992
85832
58893
1311
91163
66229
79131
63660
38645
54222
15927
69121
21410
76681
64542
90500
18065
38883
12091
2549
4689
58168
48586
82516
68154
2113
70357
97580
37055
44331
2509
55976
31030
38792
93348
61784
56601
24248
26493
55675
37391
24746
45264
16468
19127
54092
32009
94048
37108
68092
11475
52613
30090
74700
633
2834
99486
34562
78413
66537
27733
10154
68323
64786
48598
11652
60131
20741
59884
91690
13619
40548
68492
98602
30650
95596
45578
71602
173
1616
27565
13329
22138
1546
35331
10768
60187
46684
56446
1381
34354
83975
52182
66752
8932
73457
66028
30172
40891
43770
93555
61699
29747
60105
43618
82269
12677
66065
47434
80948
9284
74232
72037
35541
99641
28140
68386
35154
52799
74717
22963
80727
47872
31928
63617
94893
11424
68748
5587
51667
86466
38448
81282
21826
42086
22083
50971
61682
20635
84390
39839
96867
78649
31161
69546
33474
66177
66399
93943
29615
82282
23518
23839
9904
26957
10171
83332
49447
45476
42114
88237
41715
877
35002
84662
31384
28566
18283
87985
4567
51354
13986
63710
64610
78666
77153
84678
64414
60670
17069
73470
41914
71331
1510
20268
84050
3328
57160
35611
94082
38772
38892
87844
98249
44035
16106
23453
87249
91168
24407
4868
43966
10728
88217
94882
35756
83183
11996
30178
75662
63622
45935
59546
25571
18870
9249
71403
47765
54807
45370
3796
42301
49603
25017
30800
57767
2902
11969
49114
10338
46491
20302
22129
4658
49074
50747
92343
35849
18815
24111
43835
9136
97796
58614
75559
72870
70761
87249
62969
3616
39497
15186
55792
69566
28387
79245
95252
33459
9359
12122
10075
59699
4065
28338
5801
79615
92966
75488
71189
26850
87739
75537
8742
94118
94100
33772
37538
53611
28507
13762
60346
42626
74118
28362
87459
70195
61091
53512
11566
26069
98443
3465
40458
1450
14840
35083
50565
85762
34075
63142
97504
85499
7716
23740
41375
42530
15172
19756
62779
69760
10058
32607
31214
22025
55202
77708
76945
48658
87373
78225
26467
84989
96356
26099
53788
74444
70683
75461
80695
77768
49540
36430
37005
72108
90342
47453
97835
38660
27947
71081
8916
42849
86620
54992
81652
18715
14947
10341
50699
48295
75411
31874
61473
68746
63080
783
54916
94792
20944
37092
35089
4250
63792
26620
33840
71186
93440
37283
23330
87795
78321
78111
55447
4179
81497
79215
21715
18171
28202
56438
28213
29812
21007
74750
35828
50063
447
28340
70024
90802
35134
79952
41854
95222
91160
34402
22573
8659
62372
65360
74090
71237
45367
9655
32715
56366
85116
63516
35901
90948
42539
93292
9317
23538
13372
6428
33559
55915
94873
9842
11581
63589
65526
56300
39005
26204
70928
167
98143
63418
20045
91263
13672
59140
96342
70084
49478
78289
39676
59533
92670
17368
75536
95663
63459
3384
59743
20794
90434
59897
48617
2200
10323
20282
65686
11667
71391
57991
12323
47579
64694
30936
87074
44900
1770
49554
30932
38752
90206
91344
87051
3413
11534
56159
8660
87396
52955
95231
95714
90114
11532
59773
41337
16422
9490
78655
31479
28194
81596
70320
97253
66497
97017
36409
21668
3747
31266
79066
90855
11365
30568
61724
46177
30182
87875
13050
87716
77206
99892
7457
57876
82407
6230
70431
386
73426
25561
65347
3912
7984
35961
91221
63285
20391
74377
72958
27322
88132
1961
34890
78681
26536
91875
22921
29106
10160
1480
28871
18852
86793
74982
21409
40164
49773
17654
99318
69558
15777
42145
36007
67946
23613
75942
67185
24701
90664
84440
6880
87859
75917
95940
13669
68948
19099
5031
6782
56216
11727
393
83103
20033
40215
47068
19684
76605
16196
16858
35414
45985
70823
83671
7497
86962
71896
21425
41869
16182
33717
2814
69830
21816
4475
26416
62533
93431
57933
46516
83111
76859
27526
60801
36873
11790
58327
42893
45898
12451
94856
12950
18933
16953
87531
6529
71051
14737
11300
10934
66831
63021
33776
21457
70294
89109
54818
19172
66870
34719
64089
54769
69742
12026
34066
94461
85532
95062
74856
73877
19691
23485
68041
34220
38539
53830
62070
22251
483
25015
54153
15125
12868
58345
74756
63539
35211
28995
15392
16270
36748
17112
17750
8245
24483
59191
79421
60444
2708
55135
18526
53672
15162
5280
98254
99834
46548
90010
80579
15711
12629
52537
87191
49852
15292
37964
82685
5799
38363
82434
67592
91522
62779
91792
30356
56627
48962
50542
62
86940
7173
90915
60775
36789
41126
14149
17415
44778
61552
30425
47413
511
44544
1868
44032
13339
62764
26210
9013
27342
86646
66636
96726
44905
76323
83840
16642
10306
13453
99943
96270
21855
65092
71181
76033
72187
8416
56818
25492
97512
5962
98456
69367
14485
51375
24812
46827
96273
8672
63134
89689
98367
19544
57697
54660
57836
4919
64670
19124
5262
62886
11325
65648
41010
69566
56144
54778
65868
26585
15981
82284
52197
69932
48450
50994
14743
19909
85024
94592
15468
17710
19111
78287
69717
32921
92316
98274
87720
15770
5343
84688
1741
72265
65611
99054
145
33538
41936
83566
11783
31028
87229
79284
65893
4556
33454
63277
45994
8691
35676
15039
54636
84914
55266
50695
90847
83075
54767
42669
12413
18972
72539
79659
54631
12837
19810
30404
55681
66357
57411
12125
87783
49952
41694
5470
79287
3762
35025
96327
53116
78719
31685
20759
51143
77175
10413
78837
42345
61058
6336
9419
97932
24304
79179
74646
63633
3287
38074
39151
28545
65492
84035
89187
52049
63616
85730
14631
41188
55938
54846
44228
23664
98952
54945
4163
46158
22337
36642
82097
72883
86499
46152
89759
78185
43142
62367
70868
5943
25307
38593
27798
98776
11439
62592
99593
5257
38531
30625
57182
48413
75203
97831
49939
37727
14876
90160
35175
94463
645
81046
11724
35408
97805
20156
72168
91996
17266
27369
13458
5444
83574
3320
49165
33087
95152
32521
94518
46246
93402
15582
53682
32319
95504
30048
53504
80809
27742
17648
12710
6486
12587
50449
44458
41469
27300
48287
82174
72356
48781
68689
29279
18355
55466
990
30144
16096
5982
48358
41265
3877
70710
23596
72630
35686
73643
43507
77025
53498
4624
6784
61151
57093
37341
22911
78643
507
83013
25261
64794
74025
70791
56723
25594
19379
16345
47354
83891
57309
20104
72553
93425
17460
49572
37277
4787
65538
96546
41511
56529
55073
93557
3548
3651
46497
88756
87291
43462
26305
93871
51655
78514
84726
31740
47786
80489
36525
47965
94891
96842
53995
88995
25603
85383
77869
56000
16816
47668
10742
42361
37283
35266
75235
72122
20436
90816
77674
93885
57749
12620
2893
89484
27774
26730
67582
18018
19631
26643
75253
55813
52935
36269
51021
94869
28496
72803
26512
92104
22630
79174
24429
82703
47947
29743
64171
80728
16708
20817
19315
98465
16456
21155
11968
68702
29256
82304
89337
97430
8307
94807
865
45600
65637
76439
79941
9731
42519
47513
2360
83970
14611
48922
3570
29772
28812
4438
37300
56873
87445
82500
40841
21019
98007
68733
91559
90123
53060
53370
58261
66017
86048
26489
42272
26385
41922
64334
44010
667
23024
55368
85555
85380
99917
72326
95647
88187
61936
34616
98458
20505
5045
97014
45412
19777
22122
86254
81584
71996
28235
28273
94433
78962
18458
8375
20016
38203
3117
71948
51042
84434
12504
98996
23886
23848
72398
86803
42454
82511
16721
66594
84050
2624
84310
12446
21002
7508
86868
35451
41920
92938
83432
94241
95612
67964
19637
6684
43915
32110
10869
22081
793
20584
78609
25420
89234
4299
14659
20878
25471
40494
13331
6038
69810
40395
9589
9416
62501
12740
88238
27538
37198
98185
30250
52062
84473
75613
77234
78518
37150
77526
68519
55195
92196
60350
81924
21424
2533
7554
39846
97970
96931
99912
57121
23528
36060
24397
9503
96901
24054
31289
75923
51201
82494
54349
17240
501
68911
675
40096
95669
47787
78805
88768
44157
37513
27619
3866
55151
81738
83258
26373
1046
80709
57216
39516
51238
40450
82567
89758
22537
62107
39484
22212
78174
81117
669
2793
50852
96233
28567
80941
30742
57328
52617
22155
71734
98098
933
27462
71370
47034
71063
26941
77093
71762
46928
71239
2951
22494
66710
28487
76393
97017
25053
29322
16027
2654
72467
37583
62351
62819
77856
64371
55254
31901
620
66451
7363
48324
99351
84074
76237
24194
49763
21501
15252
5360
88249
62019
76645
52394
77772
63760
67807
81578
96238
91865
28028
34163
37988
16924
74634
40151
56242
27525
96710
63341
27415
61974
60117
23645
7535
37032
72719
7902
96189
21371
17419
75378
42644
91170
15548
35564
26923
65670
48248
15332
95114
45192
27920
64204
19906
89025
62268
36296
81202
96386
51913
30629
55797
78593
84503
28615
54559
52851
87845
63668
81316
74508
99451
13373
48302
19889
5954
42130
62117
40541
84720
94244
69471
95418
19898
50000
68415
7104
48661
30140
17351
20566
34730
36567
71614
74216
93896
60173
49785
16000
28467
61385
77165
85734
75252
79942
33259
64307
23233
21119
16482
73283
57909
73425
47588
51294
29950
72900
73666
12635
56926
94388
17281
84903
21313
23046
66525
81789
85646
32466
18874
13496
70140
25376
94830
15748
58049
70725
83815
86900
24247
8127
78080
43151
56823
44301
83349
36269
34857
34205
83343
52757
6203
59460
10326
90024
28
3552
83436
61639
2343
75240
26453
29286
61244
44933
57550
30261
29527
66822
34592
9551
97385
20356
36833
55703
5929
89390
30131
32927
27631
3494
17788
17571
57014
9052
25723
99451
40177
54804
8252
82909
55920
1544
62251
67875
37557
50803
97744
23576
91975
22938
47303
86579
15660
69617
59557
45514
72792
78721
90480
99456
41182
11237
35411
64755
59369
57698
74501
47859
71041
65830
51000
59815
51237
60563
63492
51198
8693
84659
16129
11798
3073
62824
33400
61397
97595
97748
1963
31537
49301
70062
77331
37054
34558
3067
39994
13667
44025
49457
89759
425
29927
34169
80113
57796
23714
44589
64798
69981
94043
84980
17365
46493
10512
13294
6738
97765
94121
7346
41886
45033
86403
62053
22513
25375
76715
46456
22710
73090
90681
66358
86115
14799
80020
91460
54046
8824
81838
46211
10599
93804
27191
44027
5619
59487
18395
7553
98625
61878
54455
5969
22169
66927
4524
33349
4534
55429
98698
56896
50704
61502
3659
27181
31033
83756
80139
71764
33019
61912
37625
59575
10909
92610
59329
63574
78900
83970
16173
41198
93175
78039
53812
2347
79890
66237
24720
17525
93256
56919
51959
44910
70253
13574
39200
42297
33564
28393
93481
14295
77283
34858
39514
74201
58924
55847
35451
93247
10584
59270
75492
69631
67832
3087
79642
4639
99925
87555
85117
28410
99893
75441
77383
68404
65042
50282
40270
4561
58731
56144
64071
48755
29227
86379
7703
16601
94554
54968
93071
23139
50747
25916
5705
47896
43309
29133
46242
60821
37784
57203
75072
17321
91292
69785
37859
59506
47469
18599
84709
36545
7888
49969
39219
9390
47216
11506
25983
98942
41717
70395
71686
87132
55824
14264
34912
12056
52715
56189
85441
62997
93584
51725
34339
99314
2836
16547
34014
50379
52935
45646
71817
42338
17218
42908
27274
21460
81112
28611
97615
76601
89835
76418
18557
60293
54735
84633
32718
84738
90937
35595
76428
73918
43894
9568
24343
59892
11399
31742
46733
65344
60308
20019
27527
49109
55770
56731
83899
26010
21703
139
48963
13673
9258
68013
50754
43447
31595
43374
87225
59180
18802
30363
98499
13053
7480
82812
81216
93089
18740
66917
22074
77089
82015
21972
95461
39670
75667
4979
94538
91167
58410
80886
66026
19752
49908
47199
53594
30694
32158
2474
25466
83617
59593
31904
52317
11637
31212
44453
14223
5413
16403
10400
29569
45454
95677
19073
26445
22786
85184
81764
49826
59053
29046
58248
28602
19266
80200
33288
63972
86930
90690
64774
88784
42982
9295
13686
13127
66795
30785
60731
77754
81820
14813
72775
56134
15712
42129
26049
17044
96988
29395
21335
91971
61939
11409
33644
58802
58013
18131
78441
86820
95597
77051
62554
59580
81131
34783
16549
10538
74158
31479
76298
76082
29790
50077
53063
34623
30843
26036
55308
80728
14860
6279
64817
24077
74389
31691
43737
43082
58681
92156
89856
72552
97444
97233
79951
7890
29829
9211
48898
40958
82513
1985
95189
3651
16485
18020
87813
62757
7908
70234
56704
83955
4028
46715
76473
51148
93002
55476
66210
94388
81118
30062
58050
15725
32300
78976
80374
20925
32351
79536
57065
63845
46735
97881
61180
97567
87283
74136
29239
34154
2947
28627
49418
41872
85805
86764
99588
20140
59677
42774
79815
40900
67761
39687
85162
76175
45491
23031
78045
78618
21765
2448
50571
16940
71781
13652
30877
37260
94033
92601
50610
83715
40783
59936
76106
63541
55128
97298
40508
24587
56000
73461
60121
54504
26035
5766
89632
18607
22465
99539
93513
31914
20867
4081
6708
16552
34082
85444
86887
33935
52235
52675
65905
34005
94892
21680
92801
59502
23859
98288
51482
164
68666
77580
74047
25154
51266
73795
92089
9336
95692
78736
87699
38575
32932
98605
72653
49076
41530
15667
85801
12512
68811
1200
94996
92352
61089
11991
44684
27205
66346
43632
18574
56231
6921
64567
3550
83624
13550
