88830
363
74642
22107
85991
63574
36829
23692
70695
69596
83232
29191
61516
62255
24122
34618
11028
26324
25342
57490
46951
47019
55804
33867
26821
29169
64256
55619
32098
58540
56428
56809
60776
2201
96375
25709
28576
31697
7509
19178
47440
99578
44555
88672
57995
95716
59970
45569
35884
33355
70195
20335
73653
90332
27924
62586
32817
57712
85855
80650
96219
68597
67923
25703
23705
43028
98410
82982
11548
15861
12843
36487
62888
52981
6058
52571
21520
97810
63982
46798
72833
29373
44156
46601
33154
99168
69452
10562
99812
98238
19862
95811
84935
8119
533
33916
69889
41588
17560
25581
17269
48125
85310
91827
97742
3018
47953
889
85033
26963
45188
99100
98242
29908
54226
90775
91425
18946
15443
41935
37657
71676
63071
41001
86976
980
75268
51174
10041
5300
73502
98543
1070
19083
20813
87534
28060
24717
89498
79456
44342
89007
39
88896
27175
38811
6596
62440
86737
69518
26170
28053
20996
15314
10885
64256
41501
57388
81692
26347
96123
7903
89908
99079
95332
11318
19335
43605
45127
71206
53088
9957
51925
95645
47867
70937
96463
59772
29657
43493
49851
10906
68766
91598
19782
62013
62018
26990
86790
60469
52804
8732
25935
7300
25960
81864
35713
43501
99029
95750
58762
70869
61583
39547
21537
31648
7289
25302
45135
26760
39715
90016
6453
59838
71158
92523
80845
18484
55679
20712
96157
74500
47888
95713
39109
80328
15254
51345
19144
14836
60374
45859
53255
89078
55533
49339
28004
11230
29807
46516
1484
12518
35810
41629
75095
49316
87551
35164
23427
34859
17594
94656
67504
30367
87674
59280
61212
37404
35529
36320
80140
8623
46459
51155
56011
3715
30120
1397
64839
93482
2260
97085
773
47374
24193
50880
46687
84335
78677
79629
22051
65604
39098
74670
30117
67538
88242
68014
99143
74712
57759
30047
28079
35938
83210
90227
9597
22904
71971
7955
73578
83523
59287
96512
28903
80051
82661
12863
9784
29962
38257
93057
933
63300
83886
8162
38150
93238
8381
66074
43859
32460
98174
15368
64854
11223
62266
61831
74513
89505
35277
49417
54172
23244
99062
6950
51912
33995
95903
3342
5905
15388
29240
4494
44828
6920
92376
66119
43217
28284
8272
90829
97580
49437
13327
14501
91253
895
71814
62
43853
92867
99562
166
64224
26365
70482
18169
31801
60118
2625
55274
7059
67386
93299
98808
52654
56093
67273
14703
2583
80202
85900
43583
73182
12609
57256
43738
67730
36580
16115
16490
63793
34987
49237
56511
78840
69285
74535
61821
3685
25953
78470
27158
94936
73390
59562
9241
46159
82792
93357
13552
66069
33422
99719
23979
78251
84906
6919
2822
53455
45533
99821
25512
12024
63181
33004
84481
34654
91913
31586
2310
22331
89586
26323
96433
71930
62499
36625
92236
77217
42938
29478
73467
2479
76088
29890
88927
65703
96234
39817
92661
92040
9796
86330
12656
62103
37168
37126
43446
80443
73744
81183
7554
54576
63590
26054
21079
64105
85012
20824
55239
73865
6449
29010
16295
94722
24271
78427
96228
36015
60178
26364
96870
82632
3734
71938
13008
97821
68318
62340
68463
12095
54319
69324
70977
17774
70251
54063
66702
17189
32
63281
70125
27812
47304
50323
13576
23567
62334
24274
13065
48109
14453
61423
29655
28430
27760
16169
40323
12968
26635
37084
85456
23056
63978
72166
82894
7157
31068
26652
70171
9354
17356
65043
442
94031
35976
71901
54416
60217
66164
73532
3198
29119
43815
53655
37639
39712
44517
76109
56828
88505
48904
87509
41947
56458
98346
34011
18772
83395
61870
62171
99762
55041
63345
50238
15627
22276
71779
34428
8055
89719
6204
99052
33105
96000
25231
29554
72825
71665
92469
80494
82998
10381
9881
61011
7860
2688
51890
84395
22084
79451
85040
3743
72845
75297
33529
55300
30100
95166
37454
81066
96878
12288
64802
28700
94192
39628
2304
57507
62895
25165
7435
77778
85940
57153
13461
96511
30684
16458
3013
27557
48630
60150
74557
59719
93582
8883
92190
19361
23515
27275
6575
13265
70954
84381
63735
64501
92771
39961
78701
10605
95909
27440
43881
59120
20115
65143
86669
73315
64274
95259
95125
73990
95768
1896
16280
43591
56799
81150
53254
23750
44622
48287
67330
9799
72064
45290
99104
53446
89382
5565
22833
14099
31802
1155
10842
59149
52078
82728
61186
4304
87508
80381
85499
9183
69235
19529
62909
37403
9686
70711
70018
96829
28828
61009
33492
47653
28364
88049
72798
57657
37804
17653
72932
54584
3311
88621
93251
5984
96801
47233
1493
937
73513
32533
34363
57109
66055
97414
45948
51414
75149
58664
45452
62408
59506
7964
60746
57944
31878
3992
75225
16721
59966
16648
65738
34053
31874
58503
57368
1505
57328
20718
45860
75945
40109
25074
10530
96596
70024
2350
24979
67023
38564
55741
86695
12875
15281
65373
28404
51606
49248
53382
44237
13795
48386
58373
17388
14147
65068
93199
16755
14574
1188
50332
5924
27418
31311
29334
97240
21915
22125
98652
96456
90164
81870
50613
27438
95664
88175
34747
62466
50191
51202
49861
42604
92769
40512
78542
41493
22867
58322
51932
94927
99696
40363
54587
98992
10682
65848
96194
36097
48501
51217
70596
36435
87083
75000
32945
31705
17614
66637
9815
27620
76819
65071
55086
39610
18336
61816
78579
7398
87686
11326
24297
7387
2418
98948
77749
18808
57762
51273
71496
32
47449
83969
65340
68102
8885
91253
77882
82744
78619
16915
325
69774
75560
31235
32047
93955
58512
83256
51689
46025
53633
52419
21077
78664
82548
4411
80588
63248
32376
65452
92434
43459
57795
52833
9199
48921
10645
61231
48426
71277
26182
96524
73220
2133
75594
11089
67267
69799
62789
8729
87496
34590
37507
92670
33275
86248
14249
4159
7396
32038
41586
14472
18072
1669
94455
51389
37569
48392
83897
3587
99948
79459
57308
2482
61892
13640
52693
70504
7346
10466
65255
7019
45596
15682
91999
54223
90357
33347
99350
61242
74354
71542
76358
40477
20584
35654
59132
88015
42532
66313
41600
9379
81450
51181
61984
56666
31816
91480
11056
22175
26725
64381
17880
81757
1979
51470
21135
54659
3863
76407
96936
66280
36563
67291
48322
32935
62573
98962
15033
63076
4472
88911
70300
43602
88656
24593
37829
17633
64856
84872
39286
62840
26980
72955
36610
53957
35304
77884
42267
22766
6374
35714
13989
55191
96507
60985
68082
64484
31386
6025
5632
59008
23773
33200
29120
2794
37144
28034
339
65424
18344
53732
40847
57224
25600
99077
8199
38508
98680
73520
68156
85096
8162
97969
97244
78324
67628
79049
83245
15255
38823
4396
77328
92078
40987
43950
95419
68812
73664
31013
1029
88170
22313
85686
82960
78177
45647
96165
35718
73158
77172
90346
56474
94138
9236
98056
84096
81613
1979
26690
89224
24334
92127
62076
67063
57960
94102
846
18700
70337
68274
48573
14400
47973
62395
44032
51949
29708
99368
1870
2994
91254
40690
57416
46618
25901
54722
28414
98333
21126
15058
78614
1336
7953
36930
83359
64062
95239
15765
79050
92673
28271
89711
20722
57284
30727
60966
18206
25367
74595
52842
1103
25940
11327
67409
48096
90519
2629
26441
33736
6842
23125
60202
2316
94556
5872
99114
93567
72514
99735
60476
36618
8600
77184
72819
57367
60501
22033
73937
73657
4801
47712
61716
42995
63582
54036
91613
60888
38642
86096
69754
16812
1620
36381
42531
91217
45092
64909
29406
86947
19998
71149
5243
56935
88115
49212
53793
10729
42432
58810
93143
7396
93394
74524
18849
14829
29080
45978
78372
70807
42456
82602
49620
51154
14673
11817
53351
52244
53392
43393
95484
95779
61918
53304
91465
9450
99462
17840
30117
56942
78568
310
17667
52672
91270
30376
73224
35411
23716
72460
29537
38255
71129
63524
84020
7344
17914
25050
69860
52839
23291
89292
42182
29537
25576
48189
6875
20327
90407
76086
4944
38413
28699
59865
45817
17412
52041
5245
47927
35091
22642
18717
53670
84586
18757
61378
70499
27937
85466
43811
77680
82995
82116
68541
71379
96755
97453
96374
90887
16428
11391
655
94450
85480
79850
91219
29158
93705
98368
62930
21976
72851
56521
91484
42597
89876
30178
10771
33153
68685
23389
67252
32959
58441
57028
84612
27873
39918
2438
65668
35481
63458
85356
93022
29194
27914
58399
67864
22736
20450
62993
76188
1620
55817
68772
15221
34020
87051
66312
35609
87046
76929
1337
82008
24496
51368
63501
42124
32423
36878
33552
89546
51542
843
19663
41815
17648
14429
70695
93893
18289
52821
1464
21319
72028
31790
27623
70497
678
48564
903
4304
60792
77526
91487
84299
72994
64388
80309
1184
85727
85454
9272
74989
1575
77841
29656
19173
38391
90105
28853
63933
99351
52448
75353
25253
30984
37335
24569
88573
18366
69469
94932
71850
52471
5516
45751
30940
14004
44405
81281
39620
27910
58369
88935
32717
97183
47503
50296
3303
31987
39962
93866
10503
91461
55044
64809
21505
43301
52194
31919
812
905
90696
92771
8131
62695
62379
75365
79494
78841
42652
96244
6675
12291
31734
44460
30514
72288
63054
74898
96392
12716
81621
26441
39110
32835
44013
34646
34603
89697
45959
1490
9208
11389
57284
57165
2785
35624
49987
86026
87200
88002
4252
14843
87313
80918
37941
87635
68544
37794
95487
2298
79347
26901
2890
94835
44426
93848
52578
80168
65017
69537
63631
16012
65656
48917
47284
32636
47237
38839
43446
69634
23593
55087
52618
3131
73252
76800
32821
67245
85811
29506
27389
11486
14127
5842
68061
33169
61126
11231
78152
66639
25400
64726
91131
57381
21724
95295
87545
2405
16660
86997
85952
72875
79320
36218
34775
87134
15753
88164
88630
93693
88972
38381
85911
83013
18661
28183
63297
80137
6404
71061
39759
39944
46772
92265
88909
47934
83267
76056
24288
94238
51379
89849
50712
78119
60050
50936
84158
5562
81036
37552
79791
81195
4140
33394
13145
25262
51051
60571
64732
96992
78269
75281
93673
48572
40180
45598
35973
52469
7375
20462
21636
93461
16353
50636
16303
62253
83515
89447
11152
33959
28693
87715
54220
76534
62365
41326
88919
19437
68289
52343
48152
1747
65076
84867
76591
32794
84645
62475
56712
12496
2588
3200
2605
45432
50663
61815
7856
59514
85761
13804
52946
8573
54841
64667
21565
81598
34325
29362
20257
4911
88069
41477
65582
78631
52796
80297
72708
38743
21231
57487
37055
83538
32070
9204
98676
17852
42445
70161
76092
34647
7276
15278
89263
28638
14800
8381
46652
55147
42669
52405
83372
66606
48451
38970
68128
79940
10713
32923
25656
20244
42352
84311
87151
39644
2919
9592
33663
41635
38492
3313
27356
81632
48860
6559
72399
69777
11027
59192
71420
22865
12131
4234
63253
15663
54048
80270
71680
99584
87400
8814
79564
86924
40580
2661
81809
54513
31811
24419
54778
71597
73683
68333
91613
21349
62387
3872
52338
18141
99238
80340
26332
76068
53431
81605
5897
18488
25796
14819
27764
65663
57861
1521
63149
21107
8253
47677
54966
40548
24430
72308
98748
101
15905
70741
47570
67827
80611
79231
84527
22197
74430
90435
69042
71427
13456
77048
91371
75442
39960
71781
61567
33638
38933
36515
43498
57514
94773
66038
48828
68730
32200
83978
73659
88163
19995
62443
72761
36593
69182
15487
64946
53235
88847
73701
54380
91694
33528
34089
20818
48197
4381
67672
43744
74653
15235
78044
28971
16644
75077
68400
47030
75282
79280
13302
21041
693
96997
17988
94278
882
31048
74465
71764
32801
23914
27414
42515
81829
63802
22266
35958
69951
47011
8637
68757
90223
73930
53278
28067
86145
39149
53707
25436
90614
66971
33699
97515
26089
44644
942
69636
12088
50539
24803
21119
63431
3102
70127
99827
98255
91754
78396
20271
4250
57764
71226
24373
21353
23135
68455
88740
23061
94258
31472
9997
68313
71737
5098
22812
61208
10964
42410
76273
20508
3049
72265
65990
14824
63454
66520
15364
34922
57441
91330
51890
10974
25526
48876
72950
58410
18914
61065
74646
3908
26177
13258
17714
67755
92128
40143
7754
26780
4340
44467
15639
17134
26452
26553
61033
53359
768
68656
95320
56269
26342
98717
85534
64112
777
11090
6244
27898
53985
98809
67779
81787
7261
25911
15250
78533
31971
14663
48647
54672
7443
69938
71521
16061
62028
87995
93972
43901
65116
11297
33255
8570
83239
61935
19519
79989
181
8736
46561
84719
57730
10621
34374
1492
92672
59205
18231
58659
99325
95048
34127
12202
55351
86827
76933
20117
7018
38114
92414
9090
59054
496
16408
54191
20050
42771
43996
6371
90986
37129
86002
43861
69799
80596
87301
36970
5442
55918
40175
42647
40307
50097
85276
12423
67132
55971
90457
2027
12665
97128
75765
91487
80356
41801
23952
80586
49648
64179
73092
80106
46243
49172
18700
24125
3295
83430
48875
16019
44277
14770
74350
13261
64268
94075
22373
94484
69921
39004
69768
88804
29280
65252
84438
58264
98489
7012
84619
82118
94174
23515
75177
74081
34525
57833
39177
54491
35599
17914
51835
64230
88604
37920
47113
67250
77319
66834
27487
50411
56695
51198
2279
94823
6827
57314
82112
24231
12382
61339
85087
8
28307
90686
80803
44317
93979
54733
91302
15256
69268
95866
8687
47542
53449
26874
30628
10829
42256
3090
79060
22183
90693
64766
74785
59705
52780
2466
32026
41850
9632
4968
31762
84740
9792
31996
23891
89013
96933
63090
55941
4816
61866
83737
92928
81673
3644
62729
55079
85914
71391
18695
1738
91810
7812
99797
22873
3355
82891
86558
38206
65972
57315
77604
61967
85678
85986
65534
37235
49854
62698
17097
12094
92347
93310
63442
28871
34660
20562
12560
12735
88451
92054
10542
62775
69631
18514
75083
52519
85362
1567
63844
81254
2436
27089
96240
30895
34347
92145
79280
12655
3799
27637
97946
92564
23123
55941
92666
50529
46319
62394
52936
72153
12995
30349
27160
70074
37064
14239
61487
46870
47158
89489
34776
22292
42414
40488
38852
23168
81552
10741
63388
71832
34959
52380
69349
7330
79908
21798
26845
83748
97097
89260
80290
66925
34392
80125
89189
8120
3223
8019
83211
85481
13982
12392
15932
13524
97719
45309
9271
55785
58595
32879
34087
56717
75409
43323
84760
55137
5061
36654
8882
94791
5562
45988
924
90674
61207
86949
41406
65539
72780
15271
25577
54979
3276
94378
83734
76086
46029
87237
48140
79225
39936
99026
73186
81942
29778
3832
73747
60076
88071
75806
68114
88550
53461
77783
15069
48412
34815
44316
4181
53501
213
91538
37125
84170
2269
91071
79165
72987
62014
91665
11721
14162
56054
39791
93093
34651
83711
26185
93134
44960
27373
86171
39835
95990
58629
58299
5318
99572
52494
11560
85656
6250
16761
4834
13511
88744
63682
90018
14451
40497
73912
75938
70737
33162
97017
97105
20031
54815
94867
75786
97780
89974
44210
3223
92638
44865
2025
57742
1419
29285
80730
54702
64209
52984
12043
26292
43485
66470
88242
87851
11781
57938
83191
31164
58610
7780
26614
4869
3904
36264
84208
27320
44439
40567
25010
18493
98510
78927
84793
58774
90553
18987
97898
76790
36733
54616
26369
82744
15282
79166
12678
8436
86873
1271
92617
14025
5284
27540
39707
13130
4544
59930
65607
74486
35354
15949
55073
66461
94524
48838
58973
64513
19406
58050
89790
67655
67762
96785
98703
94641
22996
19493
48669
34087
79145
91112
98867
94031
38807
13275
40989
47707
18394
24256
4978
56584
2365
66958
76092
55161
79261
34209
4964
86657
46077
19590
90996
12268
8280
55542
36000
16563
85346
33101
46017
18503
54433
56650
33840
97460
74000
85289
9176
90024
87031
4613
7731
30098
43281
56912
91191
77729
93451
4142
15161
93749
88523
4681
24049
91748
77132
3153
56824
32202
90334
79466
83721
83667
12324
98887
9736
45532
77338
22184
65811
92089
29894
53687
21107
1400
94807
24474
17515
21050
88122
25100
65448
20369
1844
58332
44470
63460
59738
96027
82824
20665
14970
28152
94025
31531
43062
61998
23855
32025
5650
13342
45103
86362
48058
42581
16971
5357
83782
10615
76648
36722
41225
42611
68812
46621
48620
49354
77894
64328
58984
63991
61121
68675
12962
28033
71434
24541
3746
45925
84040
99592
17122
94937
8909
24946
22223
50955
17321
96045
54247
78387
46680
44120
48737
14834
38172
67955
51906
60154
55708
50379
54936
77506
90669
24846
25561
81415
63693
23793
65825
44849
33040
24188
3590
5669
29194
471
49651
40071
68647
55660
669
81696
12337
30683
51066
74628
92212
49900
61876
20231
78780
94764
52781
43978
4793
99877
3592
93250
94386
55525
80738
72491
41418
43759
51253
89775
77836
44084
21271
32394
8910
56669
33577
13180
19662
43381
13986
83057
27136
82940
52268
59508
49288
18378
17786
8046
94013
54144
98712
41236
34464
67501
89097
69947
63582
82544
5481
45757
97369
39725
19052
52701
72684
26607
33761
33085
80
34855
685
1672
44383
78922
58491
46898
85432
86379
43325
72776
78357
93829
75299
89441
19334
91305
93819
97947
55535
58826
71631
88209
92617
80746
95652
5873
36408
88141
22812
33727
88726
6918
99119
99351
48435
89088
56767
85334
53057
20400
10211
87235
2782
49633
13536
95907
13073
30669
49438
507
19028
48023
39460
77114
53956
97610
15148
44382
32076
66915
15946
56270
52292
67467
95744
25099
63684
41317
50673
58829
64067
6929
39603
86151
74056
44175
58773
56728
54502
56875
56987
77191
36999
90392
10368
63654
58134
79554
39741
97645
11136
95994
27968
74349
22208
36349
68279
37458
58254
58146
23247
79564
22611
82606
52917
94093
178
87013
55916
36090
68014
46328
56451
60292
33817
72677
68331
24486
99991
62929
4530
30589
59899
87173
11178
93067
97635
28062
68606
44456
46700
21283
23019
75451
18358
89734
65811
94840
48104
66202
35019
36607
74889
48212
74705
70258
90447
71285
36983
18629
31062
26359
20378
54599
9492
87995
5402
98360
21479
36184
54911
38880
62323
83384
35029
66020
65926
70326
51619
66474
53874
80860
32126
91775
54729
36426
66375
81951
87
49056
20457
49801
71046
9432
58699
62627
77607
37149
90468
78246
6421
38612
20106
72991
89260
5669
95101
43526
42865
8050
64440
28517
76959
53293
80355
23439
54076
50733
53091
83375
80274
20475
61433
68818
73579
49478
57148
79796
46693
87029
8908
12544
5362
44606
1698
31033
58796
26178
87384
18090
29353
84467
73237
20010
58990
83155
10797
56148
46826
42645
76484
5388
10952
414
55734
67748
7741
27296
20517
97463
42622
54578
61448
67799
67955
77681
97931
19213
29233
988
4346
97823
42655
73943
88944
54228
1734
2754
60212
69815
65408
12
91404
43256
20654
23371
7425
97573
53657
15342
93716
57376
99549
24764
581
93482
29819
84649
19100
42201
21427
40184
87066
77271
78758
30230
9616
50880
65586
24963
52940
69254
4756
79456
97725
89179
90061
25252
93186
57786
9845
27014
47894
111
17879
66057
528
34947
68377
35762
90820
40994
141
60776
92176
42963
24044
78851
66610
79256
15894
60259
10235
18064
4499
16165
96158
16344
86890
99359
43064
17191
58031
93938
32620
95703
20908
76285
81436
49784
23263
5912
37419
13038
24467
74186
94477
17817
59118
41435
96743
58630
92497
77333
41461
49781
14923
3898
85298
75916
86557
34068
58590
38828
63288
3290
89283
76343
28328
15834
80042
80529
80637
99319
61177
39798
11813
72219
6927
91351
9612
3909
93784
16761
30276
73477
68345
12301
55470
88062
5565
39483
90902
81228
85920
19429
76345
65367
38080
31856
46460
59780
63355
28955
34318
52741
97922
67515
32062
72877
48245
52393
96183
88451
82005
26958
20808
72651
50254
64255
25330
4031
82251
39259
8559
65075
37662
46621
48900
50622
61771
89213
10008
28921
52670
83698
3387
52916
47223
16256
1265
18658
70512
41080
24122
39563
93870
64489
53603
56204
52613
59161
11278
10599
76661
47802
37315
25134
33369
11813
35707
26770
69479
19186
87358
36159
78982
72599
99274
12310
75984
8695
10707
84834
39506
83455
8657
3720
99333
64214
59441
92286
1818
49445
77235
31858
46710
21166
73078
37275
96000
39040
64156
79787
24795
47872
25594
25613
5716
28954
48228
8235
12496
62615
25547
16515
62033
12649
50268
45631
93559
58959
50929
34729
37998
84198
85673
2293
66201
78869
79368
58390
1157
24178
90706
7756
34639
77631
82846
77308
64127
91376
36255
32881
77202
38164
49846
1407
66678
50034
40068
71810
48834
2353
92765
53809
83637
55955
35084
84992
41422
9129
7241
75254
60278
50507
78409
60366
67544
86902
79705
43409
67992
11357
69725
12288
72273
14171
15244
58341
42715
58354
34951
92288
76426
83340
75878
77850
85461
37842
36466
77788
49013
83253
76294
19406
45781
76558
12728
85728
8749
47647
20733
239
90345
19719
29669
17917
84944
49820
38081
91646
46768
55196
14872
97073
79701
90205
10790
95484
43961
92709
62309
75437
1064
94908
74909
72506
64875
60754
83522
95757
55515
11816
6662
29560
33260
51446
23563
19154
59361
56210
97207
5999
69637
56169
70913
66189
31553
58061
45989
86337
78029
72855
19694
49903
13841
69805
70271
54965
28895
44840
40150
72342
94985
8595
80178
67159
79251
79527
11094
3335
26808
58284
88096
11311
64554
1194
83597
59178
24011
16086
12396
72173
42291
20771
60769
71922
86069
19430
20518
43777
47979
87278
13655
76210
45396
70108
60005
557
69000
93683
53921
95947
16935
86863
88437
72213
91809
4568
88113
2400
57353
13879
5987
76849
78221
6945
85944
96533
71711
1610
41142
3720
73880
69837
59954
6838
12588
89644
57598
29453
95314
87637
92499
82358
31524
38292
75915
51008
18768
1334
52456
64569
47231
52924
60983
49898
63003
83042
17930
88741
97263
59878
69353
15304
82600
36144
81083
96897
30123
17776
83755
18524
75702
29928
8942
7731
2672
37694
90047
23219
67480
57763
8601
96543
69898
42695
57084
55103
90947
81949
18743
82087
25719
91027
37719
82629
69985
11533
93568
26041
96692
91744
99813
76342
29252
62019
2743
42560
50289
81911
71244
4475
36406
97384
76354
91298
24282
25472
73451
69301
39642
21804
47885
96931
23164
57152
75207
26852
11157
84169
33621
23122
38192
47713
56784
13988
58863
81348
93797
99154
50786
76923
20931
26194
26217
13820
76012
10076
61926
86010
82570
75226
63771
52432
19396
91291
22743
97684
91663
88744
6860
71160
4986
84972
14159
9595
49390
87353
34932
56818
23076
97597
41239
97367
97889
18210
53047
53799
17782
43179
15198
49418
33421
74379
30797
83813
65172
28150
49208
48240
17361
61739
63696
52500
77550
9675
62200
24850
73905
79134
86394
12508
25795
18202
99873
51198
25411
28714
225
56362
32728
30163
32135
45720
61793
91936
79287
48679
76955
93550
60504
39739
8938
48517
47210
70954
79927
98775
16999
13869
62192
73995
81222
52687
35216
44252
46115
90977
58317
33262
35908
71242
92987
45669
12220
30044
32451
83709
53287
13880
33370
4888
55927
93477
18736
29728
69399
77463
41422
62940
89553
54025
269
62704
28113
58343
2737
72015
14469
24913
19685
52848
82223
70977
17934
28114
13994
44302
23531
51645
91906
58885
7273
10118
87186
18924
39275
69832
68037
55739
14069
31757
24597
75584
25069
35887
22765
76805
86446
98409
97578
99830
97545
42234
14895
43127
6068
33729
60224
56121
93303
97704
65582
34280
90062
43817
57985
69529
59599
45671
92938
52910
71922
18883
58198
78797
95899
93888
87360
87796
64920
48540
61735
28308
37233
67397
17430
68433
4753
20684
46923
14709
29739
96769
22853
10307
75829
60268
79223
51567
7149
87863
41737
61424
47792
86669
51311
26472
40606
89026
97164
88115
70455
58608
2408
91840
71489
67720
25917
16166
69318
2016
73839
6063
4946
88890
41248
46843
37885
40896
55536
84561
56488
38271
2937
89980
33354
45048
19368
13663
15810
96807
65670
84223
91310
7703
93827
37431
13344
65989
1400
64201
99900
65987
69761
16116
29009
80075
34429
69327
69532
73621
44094
2741
2527
28339
9576
57453
85320
25634
34266
43767
95827
84548
31200
57101
73029
9322
26763
51021
40611
23795
12054
26819
66625
7052
14645
56884
23646
53431
31598
62081
24479
95955
51150
39753
63739
33275
44051
42616
72569
79586
76829
89585
72758
33592
26341
5108
6267
68354
25942
49875
63518
74928
8510
79956
15068
26004
92529
86421
91915
61116
40522
69002
53515
45681
14998
21094
4979
16708
18051
48249
20196
89351
57282
85998
38641
81580
77022
71199
12459
17037
91418
11755
40024
10041
63520
57396
43628
34605
77537
7353
57609
17854
60505
83292
84872
9118
41651
5394
77648
31396
30201
31676
19451
37517
13172
71504
53084
30339
27867
28121
97617
14807
54130
95082
51481
89310
76051
49052
51454
89051
96123
83663
72457
93797
80223
13978
59238
89850
92229
47372
97458
35638
15167
54919
46058
18723
51241
84246
25219
85401
54313
98397
97261
38235
29818
54934
9181
70579
33893
86354
21802
20028
28206
20744
34990
24306
97559
35217
74973
68257
18287
62689
61485
69714
96893
30876
16706
80674
59240
92161
39112
20420
3969
19984
72729
44311
16027
67512
17241
41253
48858
65
43654
26140
48382
46619
22228
89094
14
14010
61983
47585
53637
60997
31231
59062
76035
63178
29951
28938
88722
11159
87661
47846
36678
91676
73697
8801
91249
76378
77863
40277
27134
2788
60773
87228
84463
40897
67907
73413
30238
18033
64736
67123
43600
20122
40411
7808
31548
73349
11688
71612
43679
53873
29299
4968
53664
27706
2014
7794
65143
91031
36596
22983
92559
74457
87520
40331
98021
61315
83585
5175
85034
59093
84699
56113
50515
37139
50091
76782
29269
81213
63205
71535
88062
83541
29476
32540
54092
13464
2023
78545
94562
71310
32029
56546
91372
52820
41800
10252
58105
49873
17106
6555
31147
11282
99729
83096
16285
52634
25424
93560
66293
7243
24803
13995
11381
81548
45719
66039
52717
13555
11333
15109
56834
63232
48022
48639
17653
75698
87870
94172
72679
33902
57515
99687
75807
68277
63434
64943
95147
35932
66807
99551
67033
51768
49440
10932
51199
16636
85994
61108
77933
87126
68179
21498
70793
71344
33610
62150
67439
8924
46944
84254
23730
61629
54340
44408
18199
63787
8275
30424
58330
8100
7399
84906
20491
48548
69950
87494
50554
33934
2445
1532
51745
92188
33444
79548
1491
62324
14270
96606
70563
64571
13576
1236
60786
47897
32419
39428
2764
40028
15238
66026
70514
52236
45242
31881
53018
85662
24944
69287
64164
79752
10321
87936
88572
58338
37592
38873
11186
22803
19032
11491
16296
72410
58112
83815
53554
15281
32511
21229
74627
16625
77544
16191
72687
83745
7139
43326
4024
68679
14543
14442
41468
15362
88438
70533
75978
69513
15009
82188
81528
99842
54783
53210
76994
38172
87387
65293
51157
66118
67553
19835
3756
73004
15239
93241
63222
91295
46370
97991
78197
1991
98648
42014
91007
55793
80716
36747
61808
66906
34966
8027
18029
35286
37772
10344
101
15148
45553
76240
36179
20670
8480
89210
29163
1144
22238
49552
21484
47364
51365
4197
59457
72688
71320
751
85555
57617
75646
20616
67850
50518
69713
53271
92814
32791
27553
49296
23677
32968
97075
42869
35603
26874
68512
77675
62211
73403
16798
13834
50389
63297
20763
61211
53195
73485
4674
18978
16023
29630
3045
24881
48763
15468
20060
49044
74792
13506
41261
14092
8155
62280
45803
74371
83796
52902
27769
97859
94563
41759
42634
11404
27532
99178
98579
32060
56708
58232
11670
45366
86953
2175
30826
97606
98022
57966
43642
26708
74396
33687
75333
40893
67504
80957
77596
76353
38468
58216
7599
2781
20712
93825
49784
88360
36353
43453
50850
69603
58750
24439
48000
32859
69223
17465
47341
42705
66461
66659
99211
30991
88091
25266
22185
76115
40777
98748
33944
5590
2596
7753
81587
71704
54699
50426
33105
62450
63614
37884
37339
48777
18105
14767
79798
26943
78739
38179
44905
76574
49631
30359
8189
7868
98683
44848
21331
47591
46096
86608
76826
84424
93866
31148
50475
4659
54203
4833
61590
31771
53741
44132
43368
13555
8569
46137
79878
26797
57162
48010
91008
42459
57724
99973
31964
17555
38512
58894
65391
86215
91968
22763
1191
57279
80595
72145
66578
16116
73733
23285
61689
69867
99133
90925
70029
82796
12543
89656
42147
41470
40310
4324
61637
33349
69252
64098
46467
93686
12868
19630
15350
9113
32014
94435
25626
14125
67639
93103
38388
52234
28654
70465
84509
30454
29657
86451
90959
84676
50631
33177
21374
81664
71771
6949
13257
59579
1603
22498
22409
11068
50730
69992
19893
99332
43664
31697
56483
98069
9765
8584
81400
95008
24702
10706
95642
56780
73170
66764
65920
68405
43063
90799
62514
68214
77576
55151
78872
1319
68852
98453
11761
40949
36253
28924
13670
72847
21300
95652
9340
2976
89546
16688
8811
10043
53481
88403
10852
41660
80549
28057
41230
61553
72596
3802
6715
70582
72225
27092
67673
77771
39255
11
35138
15605
60390
10929
56205
79105
24946
32775
37035
61519
19396
47715
56672
4309
98926
57878
92658
27902
70462
4521
80453
19417
64711
7510
58860
46797
46172
2733
34083
98373
18527
77085
42736
22290
8462
78149
68453
96403
55778
20786
89313
26188
86594
13537
55990
94371
65262
20378
91262
89114
59104
58803
33674
85905
89847
57924
29523
11480
1944
80372
97076
50459
84578
6318
47877
75612
3005
7960
30119
9067
36233
79508
49341
31241
94152
69437
38849
65156
15596
668
10235
82626
76818
14987
62477
66731
4256
79239
44345
70625
24031
83055
50307
94387
37445
18562
44514
99478
12837
35074
12250
54010
33720
48315
98692
25725
64479
43643
41705
22459
32628
23188
11273
93988
13862
34741
28657
79605
66054
32665
58
50318
27711
51471
10864
8509
45170
62895
44472
68642
81436
89603
57713
72702
64818
46547
56187
97792
73589
97119
16384
56348
66021
30866
36203
78859
10809
803
67192
72807
5506
5767
66381
56748
25337
6232
26203
93832
15442
72227
33566
10933
11593
10682
25711
73154
83860
24752
56095
42385
50335
89643
2409
713
95091
71334
62482
92200
69942
46164
66926
54070
75290
30002
62711
84906
65819
76500
76409
74162
7641
78090
60561
93047
63792
97748
34032
93392
76787
15208
13967
983
13567
64667
12142
61309
49334
11407
14158
24007
34721
83978
74528
20055
71343
90059
57125
41420
33591
22410
31227
33111
72621
23005
79217
28931
57132
37356
2808
16692
81078
7482
91839
29149
6798
41385
63367
85588
32616
5803
18455
69247
82960
79507
59193
45068
59233
59351
86219
99153
27121
65260
16899
4395
63479
15314
58150
26026
65752
20174
90950
4181
69406
77246
70087
23498
61043
96786
56463
39570
49310
21274
32614
1353
40797
89063
38972
71281
97032
39681
56898
87864
82321
72134
48128
91388
49656
30173
92652
37106
97198
71334
31494
55187
47208
57683
46955
74044
19373
58481
60014
61909
37908
61368
30555
71568
46202
63108
19475
69824
38596
41567
93444
80245
47492
52330
30978
95626
95821
27561
4555
2102
34879
4178
80602
21374
85357
70208
29974
30332
58581
14066
25997
87058
49421
84018
65950
89498
19814
89246
56085
91886
35787
25882
39515
60097
48815
47550
85588
27772
40487
20144
89137
19392
77903
31693
32446
70643
98413
52545
62921
32355
19044
42518
56948
2656
42577
37931
51322
11153
2473
61698
66001
24455
86455
68745
86466
26128
20562
28748
40328
47703
45072
40071
80787
64959
56232
6508
19991
45712
55852
6894
45124
43559
93304
11265
92768
6782
57643
96057
97515
59482
63117
90594
20885
41134
17983
20412
52715
28307
41989
80503
93446
16035
55181
37091
75337
33078
42717
78239
26084
3552
50073
77634
83864
17161
83781
64610
54414
93341
44628
51992
52549
69215
4467
17756
26371
17691
46592
90913
87799
35644
76562
17726
36113
20787
68660
51814
75374
94875
6433
22709
55869
42356
25325
24072
66908
61989
97422
43328
84117
38003
12142
64212
18097
98255
46251
2112
80174
58122
68975
42889
83907
6085
78426
60952
63696
80673
72884
9487
42337
84176
58524
90048
31339
76742
83935
14261
87866
70423
75746
95340
59459
47253
20960
16197
17889
8057
45166
11769
63183
60721
86649
81233
81577
57308
67463
19850
39810
88148
27597
24158
5254
90860
9524
41857
43571
18914
493
77128
24710
57690
22512
69734
39549
85134
61015
15868
43297
46832
12309
42504
43231
38041
80766
46279
73416
87401
57464
94494
91851
63816
41119
30682
76178
82624
17448
92162
90462
4947
2151
62912
80197
50656
39885
2058
40393
27020
30431
89492
82539
51065
19640
12567
95136
46250
32146
33823
91931
47672
2529
67875
19957
81532
67219
34010
92894
1407
91244
51508
24568
10882
2186
22395
91918
53174
1056
58655
16616
25764
44959
4937
59078
57043
17091
15195
43067
73964
46167
78645
60250
18885
31908
34097
53263
59169
43163
40101
59267
21321
46069
45195
10627
49404
63444
53012
88139
20710
50481
92038
1131
48827
51368
26830
47169
70259
65370
50075
2545
95433
32654
80235
82780
61308
88544
97434
65940
42144
63769
16009
12614
71949
36577
88235
31166
93045
99030
34665
12957
68241
56592
56170
16767
55175
86337
16372
2268
47892
82289
88896
33760
54300
87457
85144
48378
89161
80429
31409
63068
91800
92001
44401
97228
30988
3038
52305
87415
54527
33005
9543
38089
31847
43495
68530
24432
59889
30800
99942
72958
39065
96899
70563
82025
23157
60325
49981
70235
79963
74166
11990
63222
58826
70483
44367
29124
28202
59859
98393
97097
23802
70121
96461
78787
97754
26834
90413
50531
82060
28694
75176
82004
79971
39509
8800
28983
9610
5627
35447
67546
21566
16945
80224
96013
1354
7326
41366
24723
43422
44772
57044
53242
50437
28209
70260
91169
88711
38435
74803
15307
19479
51387
47744
42929
73855
83580
75632
30595
25729
12686
27553
64933
97775
57925
65235
19221
42518
41127
87440
76325
9860
75919
27912
90258
36832
80440
60974
95157
42076
14658
10998
75668
95434
8896
25422
64343
75023
82939
27751
83833
34965
1005
58941
33539
87816
84491
85564
43436
70114
91033
13988
52805
10214
33982
26700
55436
81410
6834
98961
9565
81374
83520
78581
14433
10830
62102
76386
42000
55965
27869
17017
62126
16682
97388
65805
27176
98703
9114
16318
34881
4424
55098
75806
56792
94923
78094
6451
49465
14640
38182
20200
87123
60736
49044
43774
67289
30226
23828
65573
13471
7974
78222
80069
9658
43720
74515
38633
79629
9697
77304
17483
10992
4456
68655
45949
92965
21413
3252
5696
5865
64196
69925
36334
70143
81150
46800
68219
18277
43537
3922
336
57073
52792
85989
24561
43454
91891
11916
10653
52873
55550
29926
77793
85716
65590
17396
6765
22375
88511
34514
66012
26590
53300
5669
70612
43333
86964
81155
2256
66909
57325
63184
24866
8649
75626
81975
39139
61968
10386
7580
16086
1749
4576
63280
81308
99609
34801
53146
16824
6631
10526
77547
74520
41923
64744
41760
92312
91261
34459
36522
28372
55422
47029
11325
34764
61264
69357
17411
22578
78293
69434
68765
97856
83716
69436
35019
16668
97453
15492
90188
35859
74658
84996
47035
68293
90233
10538
34857
45287
42567
9836
77761
98513
62624
58899
5513
83788
35475
45278
50527
47693
70729
93673
86721
1033
95500
22406
41798
80259
43607
6328
58558
73747
98636
8420
39832
86341
24704
69693
98674
91393
12010
680
77188
65279
94488
22273
66089
63422
80513
56734
22435
56331
97583
80791
89851
24235
18461
45671
19257
93359
10754
18034
87384
6985
70441
38954
24080
32555
49825
709
42148
26213
90994
18849
25927
41029
35824
50210
42628
55060
98684
24594
48860
23154
84053
85309
89779
46187
31423
74827
25797
58871
36618
14737
68165
99869
70888
10618
50785
36833
56526
93945
87535
71146
61163
3510
31253
6549
68986
30208
99512
61630
85514
5948
70861
50108
81541
43555
64583
13009
61221
3616
86960
8678
32263
5116
31412
38524
6308
62071
92089
93822
78293
88240
36886
26922
46079
9604
67319
35401
66347
29683
23
41351
81222
50922
68017
16333
54213
823
56026
73825
56696
98176
28513
58213
30986
76486
66314
77298
48123
20148
28034
42016
54672
90623
82745
30787
7178
83827
10486
48536
17046
31723
70271
48413
61689
41569
72430
97863
41356
53595
67508
48260
63767
86935
15197
11248
8905
36770
14758
26828
22300
7625
23585
58838
14927
27812
34205
19217
77597
49501
50799
30615
54812
53754
89933
39000
43086
90234
59332
30771
23473
2693
94564
74649
3379
91438
73182
14877
95900
49349
12972
67880
29523
855
26805
47253
3890
81557
75516
99822
53147
50175
30281
727
62984
7630
40326
67746
36186
89282
77020
29795
9397
64745
49577
33821
89062
19089
9794
22451
97253
88810
52497
5190
82917
36835
96156
54818
67982
18530
37760
52214
77068
17072
35676
43859
76940
15047
39538
71890
23555
69244
76268
69153
35962
58566
27284
50048
54306
43817
2160
28540
86846
23138
80174
18720
44749
79783
54750
72668
18131
54173
76333
63826
12275
75722
4715
70762
98286
94431
94844
78577
1117
85367
34179
89333
40438
20750
40252
64573
50589
90797
26944
28998
88804
36674
45902
8455
42836
37816
78638
89704
70341
2311
40594
36756
2579
29589
83836
15198
67363
25771
91975
39155
30430
38170
13564
26142
75390
7778
98523
81780
62954
67758
45111
17502
14220
4998
98272
80837
67209
52231
5482
31081
30424
66560
81787
92712
60505
69723
34142
2896
56218
61966
1201
6189
32043
71192
34271
50150
23838
47024
10420
65335
29853
38216
15356
22383
85513
61689
49928
84647
42572
25378
37198
74578
89334
62977
65229
19503
9873
76430
76055
78984
51240
7734
16470
64393
83995
17117
94609
76756
33189
19480
92034
39857
48246
96716
34648
92054
24096
81783
74710
48338
98617
2908
17168
6105
63581
74633
69302
33393
9490
58825
26124
44792
51358
96218
11770
85747
27966
57648
33059
82218
32853
21163
83
34142
66234
98548
40596
14523
88315
16715
1109
55138
62452
58229
30676
15403
12273
23666
60209
61625
67030
71268
48285
46771
78328
74846
20739
38239
85155
27839
42125
71778
75221
43983
33047
25904
21636
39732
80245
75042
55993
23649
21511
61573
37123
40249
51758
97620
84642
92150
47357
10439
53236
55656
36930
55561
8559
76538
85678
23642
20211
40357
24778
22479
61886
33896
20333
60683
8598
57159
53896
17349
22669
15935
42411
18498
25348
63238
29189
56961
36883
81060
60987
22493
10559
79095
51986
876
37109
99896
85139
72909
38951
93418
56976
51825
87873
65088
87552
78251
8627
23001
84706
37555
50891
39177
47281
44810
53393
63512
63522
97108
47055
14512
60114
93305
43717
12886
76185
3307
85121
41312
50020
92800
27597
18529
38517
41908
92945
89142
78897
67394
449
8576
46987
82812
25220
89192
94075
14792
24650
46566
60409
27305
22031
49938
11428
1347
69255
25585
44180
56975
49066
67374
7310
50577
50433
75546
91441
20955
23034
5661
55458
80831
34128
3144
58581
23875
28410
8481
58958
70780
90448
63603
41233
92625
64676
81875
10513
91127
24357
63638
15261
78449
22923
61971
82074
42800
95690
36833
64591
55992
14658
712
71225
80075
31782
55708
31559
35437
5532
56930
14676
75743
97460
74674
23287
18652
54068
91467
35151
7339
73107
3003
46761
85618
67329
24969
46517
10338
10404
22500
1203
88843
23448
34293
74603
20297
38031
64717
9906
85611
83927
75902
21948
39833
64822
98689
55972
73089
45100
89347
50072
17513
96241
70848
15931
61042
98455
57434
22534
26785
98493
45240
61691
205
1082
35135
9470
98723
65429
38457
69673
99045
18946
93653
31865
59004
51657
77712
16682
82644
52426
23007
27358
3122
72384
94124
14203
46954
84789
3303
69245
70274
64135
81121
82377
39325
60893
90049
58708
7567
32027
60492
73468
72404
4000
9160
92957
43168
92701
18384
59462
98330
95655
1235
47980
9221
92170
45995
4788
42283
21350
1688
11062
64670
50447
5236
73046
4513
55142
60047
60614
15205
22724
98988
19088
29750
14865
63640
14627
93510
90054
51901
49010
18054
57749
91558
42260
170
5216
48244
48318
90021
61736
27517
80959
79509
46461
18868
36972
96998
19053
71360
89919
31938
72946
59894
47039
56260
59241
63183
74559
32421
62335
3276
73847
97716
59249
17877
16201
40136
587
31871
31628
28896
50153
78863
96896
78517
87572
73318
91132
93981
26811
1373
83403
86706
75778
18831
23141
73882
81739
81969
68703
16589
96552
45960
22123
26643
23327
32087
37376
23879
98799
88387
92617
66724
64425
76985
98067
44609
18387
74679
44522
65368
53405
85988
97344
92701
44245
1633
61849
63657
20779
16204
92147
69281
36158
75814
43888
29223
98568
37084
12385
5963
42130
84935
3501
76802
73408
31120
42299
28491
30300
77454
9602
37868
54376
62666
56622
79293
51264
2540
70718
87911
93507
94450
30512
21258
92681
63934
15937
97952
43030
99345
44901
87958
51753
92772
25717
13767
76493
73071
42910
57711
30086
99699
68931
31661
63238
4772
52014
80334
5537
54040
4297
16770
19349
59390
56941
18737
28875
60899
51563
30040
25694
60697
25984
33844
30880
79924
67014
71621
19671
92110
31155
97407
24463
68787
32656
41725
47893
45517
63470
51276
41366
93183
97991
78130
38587
25606
9692
9690
36498
55770
61321
52944
23206
18945
35985
81213
14495
2130
61679
61100
44185
2899
18362
96128
60034
83196
74754
6672
39455
50268
8
72895
60937
85196
73365
68142
39846
45443
16681
57689
42140
89334
90232
52150
78385
50890
28246
10369
1786
24631
30115
67151
35369
98204
94443
89121
90228
32038
41062
84066
77565
55720
94156
27016
19172
22452
80179
44541
86015
52739
83980
52172
73604
71367
60651
69580
79771
90282
97074
87132
8771
5629
47581
7313
39863
68329
88627
87810
1681
17324
91106
18225
85113
52731
1026
77523
38269
2489
82303
71049
55854
49184
91763
27540
21899
41679
30975
72758
65706
27388
35156
99884
48393
4097
34303
59680
79432
58357
96581
18147
38824
72453
82525
41711
61256
31421
37237
2094
6349
35936
59156
4485
35302
50253
90838
12671
60432
76851
39211
68260
7483
34598
62817
82800
10917
81492
49259
95047
56948
57485
2846
33617
41826
24980
8394
17531
24845
71969
68200
80821
55558
50175
88942
69296
80993
37002
9749
86775
43710
73403
43151
40168
23788
10967
43509
78713
61626
81927
505
51295
37309
44563
60442
99918
54134
12571
85334
69141
35673
12585
75530
67539
35199
14968
62903
58378
21368
41240
36911
72207
42875
65365
89035
93743
53125
20244
37824
31935
24843
55458
91795
29665
48114
47222
88815
96814
91970
70186
98489
86250
46692
96380
38949
1201
59117
3306
47744
72373
17354
62680
85454
7980
34870
46549
111
34059
38574
90249
65373
25115
7644
97879
32863
13606
23503
96762
47346
47072
6898
92812
22067
22099
33310
20296
66622
88891
56324
22888
29707
77501
82916
3769
66594
31641
95604
3644
71629
39843
48343
7644
12745
44684
25788
75059
19524
87868
80476
59932
79668
75861
65573
17257
38821
58038
39398
61823
9394
99614
31873
43711
42482
72420
39053
9315
27772
52108
34339
29764
20387
8499
43363
50604
73424
99259
38803
78557
58364
18169
9395
68289
45583
69443
4067
82742
96124
40388
20604
85711
98816
18669
40061
10603
77127
9163
58020
13491
96714
65630
98927
93141
4684
41584
73833
73450
71161
95633
99171
86478
21221
54939
88594
71429
52516
46105
83733
99969
49788
23427
36654
64553
80066
41619
15171
64089
93765
21598
11430
44110
78014
80948
34058
40939
57836
95038
14271
58564
34485
29893
79430
60406
39814
99022
49778
82367
61584
98518
16938
87566
57376
69378
96109
22564
31807
69573
51771
57700
46040
78367
91440
76645
15365
59564
72626
4247
977
44072
11161
93294
93459
70369
27952
46645
53732
67126
54008
95687
45910
42389
80660
16031
7846
45546
78323
67896
64563
14871
50943
55791
37592
83502
94606
85207
56626
566
51617
23098
86916
63734
59869
69530
36841
84798
1431
47665
40594
77397
22301
80647
21690
96153
99718
35903
5336
77387
95920
18956
2164
53918
32131
2425
84836
55087
85449
47208
38653
63523
85374
78004
26770
97545
85642
31325
11898
56525
6476
12857
86373
52629
78259
15810
43745
26692
31359
99931
28081
60853
84211
23851
75393
30518
34676
99048
1393
58368
75580
34168
5644
3284
84761
34305
18751
87650
66668
24569
28846
9475
77289
72295
7582
32146
617
66315
67177
64512
38372
9774
49371
32179
57876
81462
57412
2722
73414
43717
69990
51260
62996
80987
27717
81564
18286
17938
98505
42952
83124
30533
96208
53444
34533
53383
41950
95502
15796
10942
30580
2139
30420
33955
60804
92258
66844
10595
35314
84786
42031
1924
20029
89901
12244
91495
59866
50711
95928
90446
35154
35235
85519
55770
37328
27059
50825
8270
73574
12271
33234
25594
90995
63709
7025
32750
27148
38704
62664
32047
95142
24912
39433
80441
34333
29197
33660
15488
19979
26637
96259
58261
49121
9914
86124
88357
28731
6488
9562
69579
91034
75240
58813
21118
5945
41883
81556
919
19426
50017
22051
51888
97560
12761
96628
51799
25946
72465
88410
53371
71981
53786
66340
91718
32640
85734
82747
985
4680
36445
55160
92559
7824
64076
36334
95872
3493
23658
56149
52386
79430
78029
72909
72783
64282
2364
9461
89247
96209
6440
66945
2326
50476
67583
53817
689
37053
44924
48905
44946
17774
75696
85202
92641
86635
24977
51261
98685
32971
96327
1215
18169
90442
22946
54180
84363
51152
94855
94521
69999
24751
61568
2859
85928
59720
88496
76001
41623
32823
55874
22747
53868
32352
55270
50953
4815
74666
50496
47870
5803
11406
16047
93524
37695
66037
20516
40085
59764
34883
20722
92911
48918
38721
15788
44534
11095
69966
41870
70818
21110
47361
79648
70346
18122
77537
87935
39653
2703
75848
21063
21184
41195
24786
95070
93527
30868
71099
49914
22187
98912
43965
57017
96684
63188
45466
85023
34471
30787
59876
54936
31775
38646
2919
12811
90154
62281
38810
2535
34188
95824
44671
62053
99067
1318
91204
3013
57431
56513
46776
26380
99278
90436
11723
29135
52858
83300
43826
82657
54192
13831
48697
62606
58070
11153
15059
41117
88665
88098
66424
19073
83575
63897
97852
29033
5167
6140
13303
16919
84583
34793
26469
7004
18397
30151
80343
22202
24192
34664
27660
78649
55487
52445
44597
21473
48294
59624
98012
68662
26952
88358
14304
23956
91503
79166
92860
36280
56888
33902
69976
33543
13802
6911
86190
68250
79991
28092
11635
21232
49866
44040
54316
4193
52469
11460
86285
71969
74524
22682
42256
37828
68972
16375
27908
83868
93381
51528
93552
19719
59890
9576
58787
3501
4597
90049
5609
78825
58023
57056
79283
17608
99980
76538
22141
76413
18652
45272
70636
96861
29290
90675
39112
73596
14269
94777
28921
83050
95378
53142
72837
52355
90112
87376
13337
3446
39279
22669
76806
43088
13160
67346
17362
94340
6340
4555
58744
68077
72676
1892
34693
71092
79964
73982
71382
62701
99039
34265
65589
53979
10119
86322
72870
27603
14227
64005
56507
28847
65485
74211
11954
94939
14721
26674
9537
99297
75520
15261
61906
32261
7238
48657
48082
68677
43435
83228
31209
30057
63104
75862
95852
25819
63330
8781
52475
8108
12535
81781
98676
2041
67161
12771
44593
56509
59134
39106
61327
6560
44414
38750
74414
32476
27761
93739
61161
67032
90514
48204
12645
38575
73923
24670
62773
3640
24192
29069
92725
97306
8639
16741
16257
94311
4670
42775
60535
52943
56439
83872
60694
92679
40034
8293
22659
80293
18409
23250
15536
74549
80005
91398
46667
23280
43274
96399
3684
12620
34995
3375
74911
91760
24334
80454
83449
79824
99208
66936
42609
90864
74262
32640
94196
11028
33553
97452
89920
98220
764
11434
8753
60567
18655
84643
9034
83710
82766
3853
30255
68663
63441
98279
57901
94327
29489
2546
56419
4364
48894
45981
54839
1008
29473
32880
80052
32174
73622
4830
76491
47412
61277
5263
76576
66181
68834
92575
45961
55807
35890
8403
87543
94293
90909
81284
42178
5188
80675
57375
96993
91344
64360
51566
98978
15745
3613
2240
2532
79623
6722
22301
39048
17376
95856
16776
97933
31495
16064
22818
3830
51829
26360
1111
87374
71492
47252
12222
32195
90089
69590
73705
47466
60319
63136
1445
72645
50198
30179
44204
68562
9464
600
90243
96269
91639
15281
66418
4594
64270
57141
35675
33002
62283
29460
58601
70458
19194
8558
84729
37064
51636
16730
60968
82377
55493
40721
4446
70647
70862
79565
88202
71311
90068
36225
7902
49339
33892
77966
840
49004
8541
17814
98720
29030
46833
43560
8155
58197
85912
73581
77804
75630
58989
3170
85710
67555
1728
73362
21500
27852
79968
38298
76124
40314
36023
96381
91208
48547
17662
9714
36953
43931
58247
51181
46594
13580
73636
50476
58492
12609
14856
74467
29446
8773
13528
15684
91500
34440
35520
9517
50681
63141
68262
70923
49879
2126
88584
92139
56020
15173
38684
50263
20713
50448
13075
77774
64018
6904
75929
18871
71300
15452
2462
28317
28132
24741
90108
80769
59386
24333
22640
64503
86643
98658
97090
62204
9730
26385
48919
36759
9553
66925
68841
99344
92645
22499
46830
98883
26891
15778
44456
29154
63204
54806
65032
65401
61843
48473
55940
83443
23559
7111
35970
40266
75189
12754
72030
9286
8070
70541
75739
55183
84703
30023
4758
27674
71466
12337
30543
34618
94247
74730
40330
32276
63031
12614
18891
6465
93591
31761
10379
32533
37178
87539
13573
79534
6800
67110
75511
57231
33476
42107
35325
95969
51685
71069
98635
93846
27280
68518
91023
90594
75039
36583
89858
52740
85452
29315
72657
50627
57152
89932
19814
53835
4083
99664
53065
76528
61292
31357
78071
5241
48067
62769
16831
46617
64716
62717
85417
27744
72936
23234
31177
33304
93872
11130
70425
75889
53579
217
23388
18360
29697
27900
95461
85592
7354
94954
45575
4483
4178
80908
88075
85730
96417
92069
25903
65828
24526
91178
52026
88882
66749
19520
92435
28142
10401
14884
20734
70482
55168
24093
18473
38329
37000
95807
44831
7020
75209
48504
95648
7778
95351
68907
16074
41568
92733
30793
7940
49196
32013
88925
29597
19598
54341
30053
41516
75904
55606
85160
83389
54231
77004
77154
69190
36594
35180
13441
56292
89866
2325
81486
90490
53009
4646
45000
75895
25909
53344
42284
22762
37272
16769
78272
68904
40090
88745
79934
97306
74015
49834
45297
97187
45045
4988
71521
4884
52797
55654
53646
54520
71309
64824
89768
66598
17432
37306
55952
89205
8906
85738
50089
12822
66061
39734
42615
66510
37149
63936
23999
12979
60127
99779
78580
72496
74708
6710
52888
247
8454
99808
7837
9325
44404
24523
83017
77302
28137
50199
5028
75801
36582
22593
32662
23912
2190
95446
93009
48400
4954
201
49206
63757
22590
96185
22558
17193
78308
14377
3584
51400
82404
34877
92320
28405
68492
72153
76906
91757
7469
19859
50803
37540
14893
70753
17960
83204
48971
32230
30110
69325
64751
33467
20797
83416
18439
77093
58296
57947
83285
36605
45871
55584
5695
89535
79258
26295
67672
43571
40264
15144
33820
86253
70796
99968
21042
74733
73597
63330
53898
25678
77481
14095
84510
77316
27040
30056
1758
7934
80904
93939
89898
54008
65218
47721
97972
43046
7299
91630
40004
2440
51629
78421
46648
14168
72968
25237
88437
14807
26412
85373
68744
51
58529
90441
62495
36402
26548
19341
15707
23381
4443
97147
55885
65268
13761
14921
37540
49408
47738
2826
43014
16914
47954
18838
25798
57991
9339
66483
29573
94509
9076
22911
35073
28201
88168
1813
62166
89552
85595
63302
42743
34887
28942
24902
15944
35113
42655
24568
54312
20463
5556
4820
91526
86512
27105
31944
58510
17158
33221
19679
53711
92703
94291
27052
3633
8495
58963
50193
54100
79734
7185
26066
69481
62258
31719
26909
1512
60708
68008
99276
1118
83490
19910
39633
70039
53369
24657
59811
62923
11449
74934
43184
21020
77223
18784
10435
12836
36008
471
40660
58367
63440
45376
89326
67435
62976
38397
95120
20723
21875
54601
34898
23339
47067
67403
15766
79103
7410
91277
89712
96563
11949
20769
34073
143
56477
764
69111
26080
90812
56128
81361
53882
54592
92960
90391
36336
87417
54301
99573
84794
38206
90034
2024
52913
81621
64529
30620
82316
21548
15890
41831
20256
35325
14052
57307
73332
5221
40566
51281
47728
83966
74503
30254
16288
43529
71039
65144
55904
12674
91967
10649
33481
39462
51667
16440
82251
43428
28282
1135
5258
51477
50699
24601
33711
35230
65351
54775
8763
67775
1468
57180
88561
26004
62914
24152
6973
16094
83568
79798
60086
13733
95933
98813
17500
13151
30192
94676
76402
88015
63292
6017
91540
23380
64547
32551
55188
29618
32158
57066
34854
54908
27623
21599
388
73063
90961
20295
47562
22289
17594
87637
24901
99835
42264
38557
56404
26192
29858
83508
78231
42249
30270
64997
56183
82931
46799
4233
17737
36143
75489
92330
90174
90518
4887
40931
32315
15623
18740
75641
9654
83014
29313
10595
13282
56659
5839
63903
82523
31543
95482
93630
99922
37739
82761
8791
19555
64554
7355
45290
21201
62888
37224
47167
58639
65087
58127
94350
39338
9165
44900
7461
18596
25464
35639
77183
553
43495
12485
13874
78762
16614
93305
23467
12103
32001
69830
94072
81061
64074
43323
34336
42261
50001
72041
36755
32502
25509
23467
63476
6490
21149
86107
2390
49144
6782
96275
9051
45437
39172
91728
21374
88256
6686
80593
13418
39809
26605
91913
86294
11336
78443
66484
95456
22796
39527
50696
58655
18521
39907
32831
4038
30139
89046
25230
91019
10435
46446
47934
82079
73754
61100
64600
61700
34236
98523
28167
50772
84592
10232
85592
13825
28406
53565
1256
73712
21266
71516
45521
31647
33509
18575
13263
37200
96158
36520
86180
42319
65326
73938
35993
80456
6278
47096
7971
77217
87823
38179
55220
55776
48693
33129
30589
25723
41743
55010
35700
82209
8471
82573
96677
27388
57588
13011
49951
12887
10139
91054
69832
70751
35394
44474
31124
70051
26094
10128
78982
84104
11026
91132
27095
93395
59366
84642
8776
75263
79434
77498
82604
43771
40553
77984
54574
34997
1067
87148
66450
58250
67393
13822
83916
29118
34450
57005
76895
74725
31937
33154
59810
41501
93699
61368
12909
36893
91091
48465
47634
84388
50091
9867
72743
96464
22939
71473
11063
16860
70497
84871
5602
25421
89052
10118
94885
75935
50290
25800
76380
34174
55621
64879
24177
64823
49577
3064
81413
49478
29356
84981
30408
73693
12311
50009
43411
43606
22383
66545
19950
37031
32582
82118
63063
6726
30963
81713
45346
7468
13127
18460
4813
66434
13933
23302
29391
10201
79155
58760
46980
18137
2117
81167
96257
56316
22506
42858
95346
58396
67675
79491
67063
77130
70679
49256
31497
66519
81588
41873
53852
39248
51248
52556
29010
10229
43984
57434
84153
81152
112
82570
289
42829
56346
74543
12060
23408
42774
56702
97131
11567
78180
78040
2072
70805
49951
54113
60370
64801
98259
58698
57303
91441
51235
64777
33653
10035
31120
24368
89740
45728
89796
7421
41515
20627
7056
94995
56304
75382
20237
8715
28015
75090
27730
31630
91448
72419
83146
25074
32849
98398
83452
22017
90652
12586
24426
3005
57992
34325
75260
13333
42483
39975
88473
47088
19470
65451
42962
65118
5482
72443
14064
3542
77574
88410
97223
14782
16184
35403
95764
15205
77181
93840
64529
35926
74184
99924
90077
89916
26872
39337
42478
6947
3264
27223
45210
68586
21466
51761
64058
51014
10384
47421
8422
44628
62984
11691
28742
43963
36053
15043
26843
51804
7585
97539
36169
10272
7074
56445
72606
23778
5797
31925
98233
11372
84112
78275
80135
16398
70716
50969
99477
75918
64353
47162
23621
34407
66207
79772
57550
62602
70804
35664
83709
16575
31051
71019
17118
12377
94577
72891
20561
47586
72058
30199
89466
40132
60113
42675
28360
35471
67302
51287
36596
9056
81773
35594
22283
3268
22165
67330
55634
81384
71998
61163
13580
35241
6961
48487
36533
19454
68193
1286
57056
84480
35418
79217
12135
40522
52736
15279
61022
40857
41519
91293
11939
70011
35314
48469
65630
20438
67204
55247
53322
59237
56250
2208
33373
62639
88762
46734
74184
8626
83389
33970
23401
13370
73597
67485
56600
306
75716
84843
2538
73240
93501
70510
48746
72997
56682
91287
51582
85822
98156
16999
98276
44727
87744
58136
4199
37027
77845
37728
83821
44443
28235
34513
32271
7893
47329
23704
78357
92341
43884
58991
8644
44474
91727
42924
45959
82399
57264
89948
83613
32707
57495
97866
37410
52418
29961
89661
95276
69759
36667
8963
69850
42518
81061
77411
22823
21434
28033
66761
52017
30055
24986
82784
4330
17092
88925
17878
29221
10063
42324
50904
80528
33914
60442
45677
93478
83386
70697
11308
16660
4181
73671
19560
44781
81440
4804
52889
30022
18573
17908
88786
56681
19219
48982
60597
90067
62146
25060
57380
45425
68982
19904
80680
31861
71397
5811
19503
83676
52726
470
21525
11094
29762
64838
19289
19250
8784
83855
14092
50948
7225
84340
26523
86956
89911
65151
44462
318
28311
27002
58241
85419
13860
46630
4926
86621
72484
89023
45007
5843
743
23030
49982
64796
89535
95771
1330
94958
36098
13254
771
21874
6497
43989
89577
59094
63520
87705
40866
84232
16157
19577
38020
72601
95706
31670
23682
61262
29200
98525
74022
87270
58313
70183
34920
51408
60109
38639
60851
34055
29306
7453
36439
14964
14943
80061
36205
14558
39310
35977
59945
84158
53581
34919
92694
1592
23162
95981
23426
25677
13971
54317
31979
21847
89343
21251
66287
95093
87085
23454
17089
98040
63509
87932
65144
46252
34972
38893
6241
43310
34936
92989
88419
5693
87187
47018
25030
39030
11925
89754
559
5229
44923
44441
21803
29296
22206
52793
92477
42254
38539
80923
45784
47232
77274
72414
3679
22660
28442
56662
24236
82923
14240
79898
63681
80635
87361
93208
73557
62414
32608
90530
4418
93750
97822
99335
12854
49122
85655
90537
10617
98154
49279
17201
11805
74337
32024
58652
18891
90201
15452
84698
74845
23478
39816
3573
84995
36787
70414
46226
60531
30801
99552
60976
30998
74349
49789
10848
93020
69738
67966
6676
95150
66812
80495
86257
43037
61283
89842
17834
76962
25443
57668
83708
99715
23808
55721
79008
81731
65638
72255
17122
10060
70696
99860
29153
43730
33289
20046
17655
56925
74556
14459
2040
26742
80302
90523
55146
16593
85834
34039
79772
18617
72981
61377
19061
35885
43978
11965
84233
83413
97875
65712
7195
32647
8526
56949
70461
58708
97185
73030
75113
97144
67973
48732
66802
54481
80251
99450
48184
85684
27847
2992
23917
48869
74268
83154
39826
61168
68249
9536
99138
68795
79974
69912
36253
56393
66270
82364
49248
70428
59979
24016
28681
42954
28067
49107
6037
77419
53465
31519
98579
24153
87682
88074
67480
23832
82156
30007
40737
46759
5689
80358
12564
82106
28172
59832
92018
92385
90434
49415
23586
70160
62916
21186
42697
20089
35643
99672
67420
85602
54667
51415
73551
38644
31603
20197
61352
39580
36320
94641
74333
34352
68239
59087
77608
98901
8286
52737
88470
53405
53366
75209
42003
98535
22048
79692
85178
79666
74780
201
28749
11901
72730
45560
41781
85053
54278
27065
36086
72935
47345
58506
99189
46435
23698
31055
78488
99804
754
34759
54429
3097
39704
63147
86053
14826
11536
45565
89737
3516
20986
10069
31369
23752
89769
69628
73555
75436
30468
17621
52702
79823
78646
88327
41663
74837
33461
41885
77071
87601
14250
77742
21376
86052
81543
10181
67775
26636
12194
72491
34743
58701
23876
96812
81191
17685
45007
11880
34494
70778
93455
64888
61550
60879
918
62557
85675
23517
25864
34557
79967
11696
87521
62604
81526
60027
32353
24797
49626
93467
3460
6176
28874
69922
1353
18177
56770
89982
49897
44609
339
17951
81940
65308
59141
42191
32215
81198
69743
22358
86933
5114
13110
58563
75741
24932
62288
61171
88446
55821
16680
19814
18621
34095
8707
29369
62065
69354
12447
37952
7791
22471
92267
14078
45092
76965
47056
27021
7301
25634
42657
21597
93659
15881
5761
76167
68150
57340
48883
29870
6592
3595
94869
53789
36963
84308
71205
2165
5024
23956
82547
88117
49082
30823
43079
27559
63232
99368
12271
56279
16013
671
11117
37668
63020
8600
78202
62416
69961
62964
99766
18929
61794
78431
62248
46759
95789
5130
10610
18710
19275
35600
10995
82395
46880
49359
28527
63069
55682
56174
39296
42614
46141
56936
96817
7391
86046
71934
93686
49882
83028
94314
55668
413
51507
70238
32181
75678
77206
304
45866
54306
7351
42184
14152
88543
77015
38482
96849
66081
56242
25705
87521
14204
99550
62320
9112
39779
3814
33730
42139
15560
88740
36876
84680
58818
91822
63834
83105
72528
94377
65711
62493
17010
10261
57306
88571
98604
88320
82616
90896
5633
38806
63449
5625
86946
7621
14944
99657
7512
89795
24911
78426
72161
71418
4221
9594
90437
44594
38095
71152
54626
57146
10573
68366
34895
16995
35227
58934
8849
34556
227
45006
54803
54752
45822
25928
87347
52608
33857
22681
7681
89513
84811
14454
29757
6586
62321
87736
8137
76212
46877
16193
77687
14904
31
68594
70306
39253
18029
67090
47435
74294
92991
75529
1370
15375
47686
20
51078
8955
98708
93118
15174
28017
70811
9261
11248
65003
94662
4556
40608
99562
91676
80622
63756
45107
17273
84183
82982
73869
14781
85723
44535
48049
12190
68913
99985
87488
42239
49490
50522
33644
48607
26399
56743
31725
63137
29829
33002
40358
89168
67995
67214
32577
91718
78870
6095
39070
64269
26201
51053
7124
27508
25916
75219
99283
83573
43822
94098
16448
71113
59458
93667
81420
44958
42754
91902
45139
734
26875
25842
6284
13037
12838
58907
93898
58118
476
87146
20726
39587
17685
71307
4769
58085
56005
28329
23845
84507
44581
75754
85376
48596
53636
59793
24721
29685
22564
24497
74327
23002
74642
50941
72874
38145
79634
62616
60381
12886
32916
95551
90240
6821
24199
86089
52507
53163
35941
6640
45192
62075
86703
40310
12312
615
96534
19717
95744
89877
2285
84786
67344
12678
20937
84093
83565
77267
19377
85998
13478
3253
11996
52193
73673
80772
644
94480
16125
13261
57968
86668
97384
45614
36259
81735
97682
58733
84482
63564
49310
30543
8804
43357
80466
96417
75015
15308
62597
31713
83477
48771
1706
44504
17508
92953
46284
85404
60704
79123
62747
3827
34895
18045
3572
33744
86743
54120
10983
26366
63076
30724
22055
74111
51583
32389
50816
93333
85820
56772
40548
64623
44150
32184
45280
8788
82006
92043
34116
85603
77454
12314
5980
66486
82180
71191
56301
9391
62446
70757
67436
83024
47164
5678
76563
31788
13474
16667
81600
41226
93444
99330
73252
13073
67344
82926
79493
1877
70004
52427
1680
20809
88192
53784
55272
25517
10987
7574
29198
31033
55046
15367
38116
91320
66950
72823
31480
32803
14542
49281
29317
74456
98738
89313
64124
51680
41059
33242
5524
54970
43863
88754
93899
60528
80807
29670
20601
1031
9523
29403
86168
26065
47608
88204
6770
28333
29546
64928
37563
84983
23049
39231
7699
87109
74168
13795
18737
44844
4571
46072
35904
52998
34830
97939
58689
55295
8558
41266
97870
48557
17205
76009
59844
80986
35156
42246
57468
14341
31577
45659
28531
73359
69518
13755
72373
64021
40468
21607
32514
59434
36843
39790
62330
55938
16147
63129
41830
36973
66920
16808
15834
23546
34775
93856
23783
25954
48715
90730
64528
93967
86673
65771
57733
71821
58866
80525
96462
68178
6951
24005
85510
65031
34659
29309
40470
31403
85936
36466
9367
20245
7126
87047
99466
45243
72830
37365
32854
46606
41047
6470
28334
23646
