37267
10297
45526
49970
42844
83759
89995
52150
62219
6770
99005
89619
29729
10413
3631
15326
12720
30820
98456
49758
67246
24966
52767
31791
8409
88240
83375
91353
75511
6549
63652
41866
48883
43505
67614
6272
19623
30225
65905
39903
67644
70190
62280
1594
75979
1544
96925
64885
23517
17461
86563
23224
87755
40729
58199
14526
5129
2561
46010
64000
85294
6568
65287
96305
76833
60336
77391
80510
48611
31124
70995
13914
58037
20630
22997
36272
42682
30030
20141
48882
70237
4137
12881
8378
36467
48995
4324
37873
58669
72063
26012
19087
41779
42274
96449
66200
41208
60168
37982
47043
81870
46879
47061
98775
24238
18264
93763
52857
89278
57782
18713
12427
62136
93038
23030
14770
33159
62319
55001
99506
99947
63895
16562
71083
73310
69940
1026
74504
96592
71331
87636
18439
85373
22263
11150
71736
89345
49257
50707
56460
31488
40609
32473
28289
16933
50229
83863
53372
86144
74702
70087
98095
4070
31413
26139
37703
70010
97124
23756
77878
24960
21200
39117
75510
74070
81398
34052
24426
79076
67553
18674
54375
86026
38152
29215
37143
57149
28359
80692
33500
47325
36766
99949
1703
98928
31357
46991
8493
69738
19274
89920
24194
81825
47637
91240
56227
11079
48057
33914
31260
83258
50043
47209
56515
37325
44583
12297
20516
98202
94613
64407
20499
35620
26464
19499
65731
46322
25324
24621
16211
76625
74912
64491
12991
15913
56686
33125
19504
18705
77626
45876
16029
71091
8373
32889
27838
90371
64753
81341
67069
11377
6677
31389
15263
98626
92141
8159
63884
19383
80449
74071
95268
37343
73757
64019
71935
99388
54226
25812
79913
16297
74734
40366
31607
25046
99034
44548
58913
78086
45070
41477
28560
73405
31374
85898
36090
13573
93444
30352
48749
90663
91136
68422
81358
86267
65263
39907
55178
75273
77170
28967
47397
554
92443
58615
22970
11988
86036
59388
78568
6679
18773
54090
94948
56322
33290
6518
97710
71476
39925
10548
7689
90064
8946
1585
35854
52847
38955
51811
74615
10855
50354
36993
29649
72542
50559
52456
81397
82095
26088
62732
117
56515
99263
96776
76954
98105
26312
79071
4612
49035
42578
46060
12029
5303
5288
90717
67209
9359
99708
62867
95555
69717
15919
24593
42226
10220
16499
76161
6082
15264
57630
17544
54875
27923
2763
98299
12359
6610
10967
62718
70394
44058
43903
49907
65749
86166
52803
972
59925
430
16004
98622
29881
13348
65927
28281
54989
96785
22272
92390
96253
61037
19299
47040
77507
48304
55061
55826
14593
5177
71840
87321
56379
28100
54729
89514
58448
24661
60790
77707
35726
55939
32167
72436
96793
59275
71560
2842
45784
7444
46045
87066
90594
59895
31254
63139
2861
27507
20497
88177
27182
43646
10699
16390
27367
72275
2400
6673
10917
249
72869
8984
24971
26810
48384
21399
89330
14295
16990
77243
90956
87616
89533
50309
20115
78767
1307
12913
89749
72454
3255
12580
10292
68944
84476
89544
19336
63800
51690
82191
14873
22050
89832
79822
78118
43479
96799
69821
42765
3557
1852
34836
638
20705
97728
70214
22454
75699
78239
82117
6713
15849
45938
28377
89290
14272
12360
39539
20388
25190
70091
11267
11097
99522
60556
51131
54310
61363
27953
50881
18623
80156
69561
33922
41618
82770
54236
52290
61780
97085
1325
4429
21096
23076
28366
36679
4925
28462
48965
87701
23965
98659
71603
11631
78920
63066
95464
17372
99606
41013
35489
67657
30671
99873
98573
88933
95597
59924
81682
30256
76142
92204
48403
36929
95365
27288
73482
50017
6634
88713
80328
48863
36907
88872
1359
84513
15729
80885
54540
86939
65260
22014
27267
75266
71855
80552
19743
3267
11532
12573
82367
49883
35848
92970
67093
24911
5115
30288
19139
38258
36444
86308
6533
81842
20847
95791
94387
75
94977
30304
45818
45404
53232
67198
43582
57731
61123
87020
77806
16942
49333
87526
62705
3102
44005
33425
78232
12804
32510
67827
98181
25883
29625
45372
43105
19382
39978
29143
6684
5054
42080
94477
62231
73862
39676
78532
97558
19892
99492
19217
13095
94424
96497
13281
98770
58268
75485
52389
73479
9680
38492
93128
75509
97744
12196
40040
28821
56280
94578
77069
9534
95372
18625
73156
26464
66627
92574
76591
76008
71652
2383
39193
69953
35920
23834
76008
55219
14999
97700
78288
99834
76315
29549
32578
65431
53640
91332
64621
22618
35207
27210
31337
44354
10350
27712
69691
75610
56901
41134
5887
30630
71321
1594
35036
186
91923
63078
14251
19493
75806
48187
12096
70783
70264
81198
57214
43186
67002
59703
4935
69639
88471
48601
69666
50213
50871
33656
12771
23965
30295
84042
53454
14136
23246
31579
89841
217
50454
61311
92528
88653
39918
9812
57467
36511
71907
64354
58369
80761
78659
4914
4720
89977
935
46067
27130
27114
46316
54235
67073
50121
4417
9100
75601
68797
17913
17833
8295
32643
29148
7885
40726
27873
88575
21255
19561
76309
48503
12627
80392
82058
11076
16129
25814
57516
79024
52214
4876
43953
64516
66820
1895
50936
77585
85399
2593
82955
30037
48051
14789
32697
61908
55001
81607
35603
11926
25055
34106
60504
9246
53133
47874
42321
60081
61298
96404
70297
55470
73455
6701
63388
69680
37409
94810
70085
27198
47718
9020
70719
91059
9234
36127
28890
34784
98102
43083
57510
22437
63520
94346
40972
56283
63158
79389
49056
2335
31181
98495
55521
56856
6787
86743
38172
73854
27696
50389
33919
93661
43101
18066
56080
79735
41908
86528
27300
34040
70933
20471
15390
29052
35481
24866
5348
18582
78301
9819
83977
66685
62537
33247
92673
28622
59386
64379
32752
13869
91280
41005
21441
29211
53386
65843
3367
80591
6610
7052
69677
3546
82897
23112
66427
79125
85741
56045
78015
22872
65943
40675
90231
87406
33913
44559
34464
52312
65832
28551
37536
67370
74702
79488
21578
66618
70380
90222
68810
83994
84921
39101
75398
54016
14947
213
7952
18942
70526
78369
90148
36412
99551
12123
26284
20262
12266
78220
1222
64356
50665
27403
61123
61943
94871
71949
81104
79391
79223
44381
18092
60194
19493
52260
20783
35376
11100
99945
94401
62807
42297
27200
54015
55716
18852
71977
79356
58854
54922
37625
88159
80342
3985
91467
48628
6906
59261
5525
44272
62853
68443
77272
162
33834
85464
31858
88095
18448
10509
81444
44517
37889
2620
51195
57499
48922
3369
50103
97755
61173
44802
9885
46751
68617
23881
37690
77918
2801
23256
9493
2513
30441
3205
58083
87712
54824
89726
76175
62494
71145
10168
86976
76459
72930
35522
54986
28477
64011
21798
55368
48675
72365
66073
5963
15658
57393
50178
26779
41617
74310
34819
44135
74126
8009
40052
54572
57450
82912
70872
22196
65109
22478
74697
38626
37317
28075
24754
9539
70135
35902
73562
87680
8634
59990
96061
32966
70805
30996
12841
91434
68274
13026
55716
23606
83279
91297
92209
37661
59546
69683
4485
69481
22829
59512
45128
5635
48476
61776
67101
21719
93989
42403
930
3400
62650
59340
83493
68543
71362
49973
54726
34369
18997
55966
32016
9138
45956
85667
58961
64956
2071
18188
73559
93077
4287
94519
35879
98962
33787
95871
74269
94155
75304
48274
7976
41483
54571
89768
56940
4869
15289
50436
51984
49231
23946
95554
23446
12427
74053
86844
94643
42706
57315
39662
56014
44338
57429
92072
10142
87641
46302
41341
72249
90275
74354
41520
94693
64155
25704
18060
21948
35361
41385
17924
10677
1512
16639
69198
56570
36024
68816
46051
13535
10352
46925
53782
95797
84568
25794
75493
41190
23845
24758
39720
53616
43932
75791
78240
27019
66558
51683
82321
59422
70970
79182
49737
31017
90502
92891
91131
69643
26982
7034
41552
57917
29186
17334
60041
83713
68692
85229
67046
94360
77027
25843
20400
63330
10331
69393
44525
25041
43322
90489
47863
44580
63921
64724
25111
81742
23957
73388
24266
72863
65927
22896
19083
81488
90347
86788
99084
16860
49807
88848
23913
163
23164
51277
48538
47336
79984
8470
9143
56760
1217
95822
99919
90696
39264
1454
24426
88121
27236
27574
10798
17823
73653
48186
79731
37685
97406
56437
64010
61135
30420
40988
17090
50190
37173
98697
7814
23030
6101
19962
24459
29763
59889
29084
63417
76952
38910
76029
11975
37201
94986
7454
88465
56698
79933
56569
41505
551
2290
8438
20754
59065
85319
43266
74451
56641
4879
35429
24125
56618
68760
2402
59582
91921
82256
12988
97959
5335
48661
90685
26089
23655
11407
12563
12530
92837
5333
93703
37360
44652
65817
60524
10291
2792
22459
61469
35153
68529
27793
92625
62898
47478
75683
38464
953
33147
50582
6720
5639
76208
58639
8108
16393
1180
49994
97240
52836
50876
60447
84634
89840
96367
72755
73313
53196
72590
34548
79789
54511
54909
98672
90045
86726
78351
95108
54700
65672
22187
39740
34753
42880
66521
63458
84257
74346
14776
72554
29569
27541
84321
23526
39194
90294
14423
28446
11052
76465
38947
49366
47694
39992
37625
68283
88262
29426
73302
22403
52011
38468
82037
8354
9463
92431
67983
50324
20061
7727
84193
17264
7016
57993
87277
7605
19385
65602
89505
81985
52951
13910
44680
17985
9082
41083
32806
73495
56438
53704
34277
3691
70284
68432
33682
31737
27648
75788
36640
66716
82797
37090
67772
91295
6498
35573
46914
65278
2050
64537
19189
8162
93122
57996
19913
67530
81806
38219
34237
6
62891
65463
20651
92101
32714
66944
88413
35227
5802
81439
65444
20044
2362
52325
64945
23437
79485
54589
60329
94354
63796
48609
69948
63831
43197
89929
38631
79360
48102
43677
41542
24707
82593
5358
13223
10268
10252
25780
13265
36833
62560
99587
54455
84023
6532
60358
97782
68101
8060
29674
79703
80037
57900
81758
7697
94562
80654
4588
65533
97139
51588
60729
58370
56503
65136
74875
17610
61293
46870
3197
10390
67593
96192
8468
66222
92082
81671
84465
77161
73743
79928
10106
37008
66872
47095
82131
11965
69993
72067
42997
50852
21558
94635
60867
71197
13997
14123
59929
37778
80846
13043
13821
80337
82487
73928
11569
54827
34421
8802
84129
65033
75728
40309
70023
95787
7024
68924
17984
67930
49514
88372
56548
64510
4631
63870
71012
81417
2620
53636
20281
69241
67742
19409
23105
83929
47451
16067
32267
28309
11899
74853
14709
12960
27424
44523
10157
43989
54457
70599
6944
43405
3470
98927
3527
80724
38429
16449
35873
32344
60582
52956
43403
37118
76757
76888
92000
27057
18123
67858
16382
97489
29285
25168
3152
91648
21624
66525
7966
38989
81591
46858
5902
80905
88337
53329
76916
13540
22668
54049
30063
84412
22922
85502
50383
59125
72210
25914
15302
94399
65974
76878
94076
80561
79598
27396
16142
93448
72412
96873
99660
51586
30578
54789
55180
72252
93363
9762
54752
64222
38350
10788
58578
25272
5241
93637
41837
35641
36762
27324
46079
66580
48918
90710
28337
51122
14883
15324
28193
5053
74997
57008
51132
7821
49445
1227
45001
31912
43501
8508
14880
47954
97800
25030
2210
69910
72158
38226
10391
74461
46713
20284
77763
89122
57372
43840
43294
34150
90200
60457
18784
90622
31621
31682
79796
97147
85862
66241
21011
11953
23861
50844
38150
30136
9484
8317
53926
5437
5069
95475
5027
74672
40015
81756
85776
42290
11802
4454
19035
71897
9923
89156
30456
96337
30015
37538
73416
60446
35200
97231
20294
62841
2814
49430
84724
49179
63548
58893
8590
28134
37137
81222
58043
77334
36538
50171
24567
132
50727
96200
11509
70158
16445
77322
53248
13382
79902
97937
12764
39606
18376
98868
17568
5002
39491
37419
7620
10341
90493
11361
39390
97559
34079
92512
91449
6643
54664
70503
80459
71674
90361
80806
93460
60001
17139
20667
24207
58253
34809
49277
87706
93665
88661
94560
89619
31075
69493
3207
77418
13111
36386
34302
80819
96422
74034
30578
27421
80853
73809
84280
94042
92932
77868
43605
30548
13075
78358
42980
8796
46456
72791
43917
21411
97312
73304
75157
99187
93276
5167
27276
48323
23105
78581
76095
53761
58074
17217
20368
6993
54700
47047
91625
37031
14539
34278
94589
54350
44952
15009
65230
20902
45941
59912
72871
15315
53755
14416
30824
28999
75384
64914
81655
67552
29673
22221
45609
81191
13168
85461
1750
93434
46480
85104
51504
76042
66799
68147
84758
74961
51816
89596
75195
83442
57098
14778
89162
60418
43084
44104
82419
64731
6203
36073
34074
61918
31841
63799
43233
58465
41699
3735
70173
5293
77172
48068
40729
37569
92544
16061
85174
89076
97900
44351
59917
2636
14741
99331
58544
39243
96723
73
14481
35653
39476
8013
92154
71449
60454
31291
5206
15502
31730
36186
19071
1302
89530
53577
8779
38922
39733
79364
22023
86546
61014
34149
44592
46758
8327
46491
58207
94252
5626
72543
57276
51678
85859
98215
11068
49855
47142
21060
67958
48985
76448
59049
29919
70952
93205
32535
32489
81296
93033
32094
65265
85519
47729
67522
67548
19391
77895
65751
54244
7
67326
30551
50940
14648
93619
2243
86058
54349
27497
10855
8498
6519
92939
9148
38820
84953
35177
51390
68096
13345
1470
93452
57149
28673
13562
52797
17570
21269
694
63105
53031
78952
29912
91664
8793
54655
44596
67734
440
73058
39550
41262
9234
79455
62635
45218
46543
66392
98640
9570
99866
98094
18925
74545
55385
67541
46598
49435
38122
67710
9307
25302
36339
58699
16576
2753
55316
34599
85691
11522
31740
35368
81091
41379
9448
30999
78419
30233
15897
84627
82481
43047
34975
59987
3594
5926
57973
54782
38194
55799
20069
20670
9343
33821
66114
20424
45792
86395
68370
30756
67194
36846
266
83468
41883
18752
44816
33346
42559
52431
87505
44885
92601
25659
38936
41831
35731
43093
11102
59001
55342
11782
71275
93474
76851
20087
54719
61895
52018
99075
65027
70262
70661
99568
30273
51977
17706
69173
31384
11398
31356
39519
19394
86077
26387
98992
77157
48045
50696
28542
87070
41111
55723
55405
98825
47294
95875
19723
9163
1009
46646
10199
73126
79958
73816
70211
3003
20165
16239
15489
33405
19134
67898
22865
48122
17705
6555
11694
79627
79360
83223
63571
78044
21202
70463
64308
19418
82340
45404
6891
71409
43366
94568
47696
36051
60599
51314
25805
41226
44472
24441
55431
16207
70283
43595
64215
82862
68642
7165
81256
90548
1059
11046
99580
96004
19392
37260
53948
41568
47972
86792
2991
50130
19238
90683
21999
99
20634
27949
32511
38242
80083
78108
475
61160
42514
19204
95824
48712
4015
13438
49606
15689
31580
63673
81789
31495
46238
43237
22309
92886
4562
63501
10159
15484
49498
95915
62621
84063
7038
75951
46433
72681
81529
36494
91126
80236
58566
47627
88999
85135
24227
58610
35723
16803
93430
22636
7620
65095
34457
12587
21842
87636
4410
99970
56458
28420
94832
10632
91260
33533
89404
87160
57583
41327
13832
19496
57534
99607
88573
44799
38622
71718
77413
35751
6413
63978
51213
9909
48492
30670
1510
50468
3491
36227
63321
84973
58052
33208
51664
53622
51440
52762
75518
82542
43282
81069
84352
45063
37025
57631
38062
35428
91257
60366
93578
84787
7827
48022
41682
77215
80296
56159
49032
15643
35035
78626
47108
88199
52752
42197
14565
23362
65919
86243
5127
14867
62604
60288
78991
21361
78377
41557
46069
63608
16764
74997
54114
74227
63413
90897
97450
8834
64836
48497
54709
54911
58858
84595
94244
55384
17082
93443
46616
59503
21827
77118
5629
71037
67511
17736
68690
30423
36273
94043
95408
66121
53134
18789
84301
93240
61563
29880
99495
51132
24886
27424
71818
52991
88415
32260
80767
38571
85970
27397
37370
8633
66198
19112
90025
96966
96549
25656
30612
2185
40735
48910
27781
21312
55141
66429
53460
59631
45092
81552
46930
20869
31340
98396
24832
56428
73037
42252
43736
95432
92705
25545
77413
15375
60996
15852
31199
376
46654
42774
1758
70089
88298
40628
61863
57008
15010
41462
59316
49270
85566
62850
28654
38430
88578
46417
61616
73768
86888
1503
61292
3727
5323
58677
87940
79897
89630
73900
86734
88401
34
46683
75775
12341
31330
25082
70329
29496
79948
21666
57476
88783
94979
79930
93127
95886
74984
37978
25111
90361
72162
13818
79334
55959
372
30939
8233
61497
95778
2614
41388
81076
1272
35026
31801
77895
86327
27675
37449
85990
71578
84686
45525
30612
47687
60972
92116
88163
64038
39833
68419
31484
95522
27122
55670
63150
54594
48739
17282
81813
66477
41802
95953
98676
56563
6838
42356
29446
86259
67431
72515
9463
94523
79053
79390
40507
12677
62126
41452
45387
32488
60818
53111
50112
80240
77441
98687
39408
57504
37742
99278
74283
66329
29106
25591
33516
59737
45727
48176
68862
71838
73201
46160
21113
83908
48194
97404
82612
28831
93051
22540
76319
8872
14140
78439
87431
90765
3342
95253
13334
33767
56087
40426
76173
10927
92411
3965
14462
30203
78535
65778
54617
50691
3998
69998
87181
96391
2937
11590
85146
24916
26995
9353
65350
19734
36827
43429
35194
39466
28576
39321
5502
10720
57382
19999
11089
47488
60282
75247
24338
91331
66092
31733
47289
85896
17731
77304
40063
23883
71584
16475
47619
49189
61576
87716
85716
60174
48889
29394
71390
20643
49087
39473
74002
78249
10658
83142
82433
8573
25382
36816
6156
13771
90184
60224
10198
8878
70763
84955
30760
78718
4145
38752
7577
33501
69629
25197
97666
71450
5908
4046
10355
37879
30587
1691
75557
64106
70205
78
90281
33525
73510
1310
49971
97446
9546
91468
4689
77774
78959
47075
57406
42765
29198
97542
71836
96884
24261
56331
82838
2060
49954
34444
20992
18448
78958
59027
68779
89191
11430
66319
28624
23107
77274
46955
2299
25192
39609
8074
76859
28619
16361
23731
77270
928
43881
63117
482
35416
15758
96621
79267
11459
86291
80687
86698
24769
92130
67242
81981
9842
22795
88842
81002
68351
59586
91843
17880
37297
83235
8831
76362
67540
54109
92208
55440
55236
80062
22619
1638
53924
68734
35411
77265
8530
98096
50155
25427
49369
35418
19203
12198
99061
85106
82813
36731
21578
397
28622
15708
35217
79671
83625
18246
24882
5790
82737
9439
82854
24896
66396
87826
38169
38670
360
28571
39015
86398
93841
95335
146
42400
4108
15992
73632
91699
77158
36474
98134
68877
84148
37428
92871
53555
63994
7097
47678
28497
94668
70641
97973
34906
3969
56837
60976
17000
49572
96500
49625
43771
53156
41893
30626
27218
89102
75631
62340
73272
97202
30785
37166
31120
60795
94342
53987
62905
90318
45948
72082
69228
40596
83691
5030
32474
40375
1616
58972
11358
68936
5362
79734
8281
99474
77176
29720
28300
98224
75705
56991
15511
93408
38991
87849
85381
59076
27294
85024
99327
93935
79264
55910
84804
15317
85560
44426
80058
50507
93020
55058
55163
88739
19935
85017
39280
23709
44693
29861
77781
33256
24020
97118
58451
3297
37185
97695
85671
71374
82360
68768
27018
1433
80437
78741
20536
86285
42521
22672
43911
17310
19181
19226
27878
63892
76636
96716
68069
21887
26045
80781
7461
97390
74937
30430
36647
47262
15087
87014
16345
13536
8339
74655
93957
1568
11861
39012
62380
15542
42289
59149
84797
78349
9751
66448
59548
95134
82742
33374
58805
57973
88577
80608
21942
25125
80263
83896
78564
46105
79830
18068
77163
79816
77857
38264
84913
51298
65489
81214
96850
64212
62473
69303
93481
47792
37662
42027
78191
49184
83177
60012
65048
95717
46399
64771
22859
96360
3332
59903
93372
48472
36338
26190
94665
28359
57744
49783
1638
38757
61987
13745
73385
70717
27749
75981
25052
91808
90679
44825
30657
80903
17746
40330
89781
16860
71478
6390
3768
5038
27702
98714
16988
52221
86493
34265
57986
95920
88067
85434
85605
72132
56966
72496
32965
90692
14899
38869
67609
72366
58656
90371
56269
16575
18845
98241
32072
18345
52765
70316
28811
45301
58640
80171
4009
14828
2466
24347
29554
59523
92239
38169
25945
74429
34909
63289
33315
31484
45338
89331
98032
25299
60620
31552
43613
25338
15346
89657
50721
41076
37760
55354
99030
8392
55756
55152
78850
53051
90745
36966
66611
75049
48920
48026
69613
6458
74822
95510
20045
41478
76228
23662
48712
46572
89428
2602
74361
98896
44981
5314
90882
54771
98616
57647
34104
55814
41892
62317
61091
97167
39346
43932
32460
11202
43346
50002
71665
2883
99872
68105
58559
81494
37441
40298
56012
68873
16946
5007
64187
42836
4158
20764
34196
52547
42939
8536
21973
21739
50432
83114
71317
60552
25527
11736
80975
37396
13874
59716
40692
33975
63221
74079
79319
5766
27948
45567
72086
72569
20686
97825
43526
65981
36834
61868
63215
27823
2301
22615
10407
25651
48789
89469
94114
98025
19413
1533
35493
14688
57329
37558
2358
43824
45522
88096
15424
57454
97379
65053
69905
67800
97319
67529
78568
28806
48456
28488
81071
34616
34719
22346
63357
16383
38846
97946
61020
174
97309
29758
32065
97006
82538
2413
16834
44203
5648
60457
83315
93643
55380
30086
79609
60963
29627
77275
25137
1792
90131
7361
40456
58504
34498
47605
31222
74279
29658
86993
29487
65949
52876
76009
32221
8133
36950
25470
56321
79714
65899
36849
37010
28878
95446
58784
45421
58936
81032
99747
40597
60793
19092
28401
50103
25894
93132
45512
35470
6364
94710
19005
78155
39931
23367
11967
48161
76268
43574
13686
97606
97437
50415
56444
8242
95507
54209
22884
85085
23581
57459
51707
40975
12988
26339
76694
89337
2959
14098
48194
42383
43220
46287
17865
57263
71444
79642
90334
85540
16638
97337
57551
86929
94869
56046
13841
80641
80693
31
12362
99154
75076
52158
93074
31867
79726
32980
60265
54039
8869
16871
19014
79977
89188
93287
72357
80944
26806
3092
24419
55258
64233
58206
5749
24139
35022
66323
16079
96166
48439
36295
9393
20663
37587
48160
35920
86394
6443
4134
59584
26530
85032
53148
67194
82806
50697
85046
6844
54280
54715
84115
25827
74014
19275
38493
45014
58193
74932
69492
62224
94064
65197
52900
20710
98516
15340
66742
38104
77229
21665
50146
20057
98307
6718
75879
78294
68459
9791
76220
61287
98164
12613
57670
74548
55768
28040
9912
40869
842
8444
12081
52222
56314
62088
93358
71932
13793
38870
26392
32873
73132
21969
59897
62739
63088
86387
46278
49157
28462
84662
24973
59932
3991
98627
13844
40869
2692
58092
30154
32283
28788
12010
80318
44932
68442
93107
7713
44545
7913
31838
50559
73168
82641
23847
35922
91933
75008
4006
25441
80907
32935
1027
42916
36341
19669
48264
62077
20877
78865
5727
78013
88900
3842
60548
15956
21003
42446
43005
39848
8866
75425
28592
16927
55637
79867
61895
96404
19303
69121
14037
6626
88566
87703
95565
14363
59165
83044
41834
6407
57396
79846
48749
93434
86087
62983
56030
85234
5787
23688
28433
90743
87680
76371
29629
85610
41360
39700
65648
25771
9738
56874
17286
11103
56449
15199
35520
51046
10810
78978
51533
38452
65193
83884
4495
43536
51645
4761
88366
13316
76148
37299
38456
50298
46475
53815
66885
16463
6339
39878
29971
73455
77686
81934
8256
11637
21012
30660
76290
44803
56550
74450
65053
82359
1455
89784
4613
17524
86748
10570
13046
73414
79217
89627
83748
62794
31262
40672
73048
55162
44683
67301
62120
41129
83500
13875
97650
83333
10222
49706
15091
84946
10120
73397
9782
37392
63433
18705
37051
19743
5197
67056
92108
89096
53549
70038
55634
20920
25896
98874
77920
43730
87385
76448
14682
3313
21736
50358
86837
84195
19354
89223
30779
15076
59519
61467
65748
14080
70870
99851
84506
76462
66419
40659
14827
45306
21300
93137
23171
34237
32162
17102
73588
45232
47344
50439
53538
51833
64233
28368
72924
66935
46887
10890
48217
20881
81982
94975
22435
34660
56142
59374
84455
78181
43221
44667
94255
25810
49762
28150
81780
10717
50047
31988
43171
25192
1266
12946
54465
35739
66939
85553
65184
16688
88735
20697
70055
21722
96319
12702
23328
75553
3794
33909
19902
65909
79027
93184
36265
34272
72398
47332
15480
46853
18103
77521
84851
3625
52213
5724
86400
28239
11966
80809
51553
86985
46618
50305
90701
91415
97616
83241
31283
86787
9105
49056
64454
79193
42296
98178
68827
28801
8482
7633
43059
34998
6917
40469
47327
52566
12969
71161
70699
82036
49970
62721
72043
92369
26971
97186
19714
53941
57055
14501
70105
55180
8723
23477
36684
41213
60261
59705
44345
68236
42325
80449
86768
65826
49177
46883
79674
73007
8654
89963
8466
91348
58368
72851
18029
90402
25515
98187
80404
32054
22199
83811
88643
10709
7545
91618
5729
35032
96094
81302
48595
6425
46177
53389
1882
78900
84919
72002
66689
27268
65786
55748
64091
54085
98807
25756
55827
96631
13458
51471
87655
65528
11408
73329
54561
82469
4005
40643
70646
59885
39803
43697
69278
94156
41496
9643
67518
52634
326
13799
20902
96607
45856
66822
89730
50461
86455
77261
70473
56251
3622
82786
71073
7677
70292
51083
50436
9200
20454
13004
10442
98164
57186
32414
45908
92698
34042
36911
78099
27868
5133
51802
87158
52042
44308
57050
30548
82886
62475
19887
60003
41418
53009
6023
27467
35508
92567
77286
40693
34203
28046
52427
79745
43306
44545
72442
74503
86089
99610
68784
96614
10998
62185
50023
71811
44064
38255
77467
8668
92171
5602
43778
54664
48799
52500
26733
38007
50202
98154
34554
32396
78809
61564
12295
20543
63652
69808
60716
13027
96891
77820
92933
30875
32829
53098
68536
95210
54190
39707
68659
16536
37771
96271
81494
14892
20317
24922
372
17178
37095
72080
56017
48972
43567
63297
93594
56324
35644
7695
89938
21112
99762
44060
95362
40239
22529
20497
26376
82606
5157
12991
70196
81846
86439
88697
9722
64455
40064
59309
9313
93229
99405
49055
10242
5462
8297
17530
76177
11375
58968
65955
61948
92977
3740
27696
84228
46114
10286
59503
92161
35150
4823
75173
51699
47939
73309
62197
38180
25339
47323
50892
44457
5652
20070
24808
91394
85966
570
15744
56269
71685
25487
82708
58413
61958
79759
47867
10066
40542
34285
47036
11903
15058
72955
72649
66976
85486
13308
34905
30252
85378
96984
45274
95926
84070
98015
43679
56935
70328
47077
91596
33742
71506
65655
96742
87093
62179
42212
75877
96485
4649
98760
46858
88808
97151
89407
9976
43805
79636
67001
35605
60625
11040
58150
56278
95712
64002
14783
30474
19656
93138
72065
887
27716
19622
8469
55658
95237
43327
96697
16882
80360
86079
61311
30235
68864
87779
73115
52817
83471
87715
77987
63920
14109
75177
93728
72808
76935
32403
19668
74282
1380
36753
29488
15864
9391
7578
8424
28920
81357
1754
15349
89056
53896
56044
42220
27467
72670
60448
25583
58768
26403
11635
69235
61027
49167
30208
24234
63430
53394
35579
88912
97984
67038
5744
31289
4086
66598
53471
2105
47845
42230
31587
21726
82792
20797
66575
66559
84931
82669
29715
18380
34749
76709
50238
80942
89653
34829
30845
87604
20639
62174
25110
84208
42393
33733
19428
92028
64708
24552
33275
2264
17800
95141
96703
69227
77157
38832
16561
80987
23309
79432
30228
44281
34698
24443
35932
13460
74275
76347
34053
50460
90261
89838
54535
58300
20368
12991
14902
74716
78289
88569
51380
34006
31162
41142
534
7419
52769
64989
86576
43574
74526
4489
65525
43405
45897
26698
99534
26188
28681
80151
77720
37403
58908
86971
69567
73830
51927
16950
18038
63134
84613
90099
8845
53812
64415
7638
12581
60575
94622
89299
79705
79074
78153
72830
49954
53013
46465
46038
16037
97358
82456
57042
22793
97476
27896
9182
27628
98317
22402
37984
47871
73904
41792
6851
72338
93788
79330
72962
78813
37208
969
40775
6003
67792
25613
39545
47967
31658
70509
20550
83777
32712
88481
67630
29917
65310
25374
11443
84495
54493
97037
73725
43800
36942
88539
11355
32339
9143
42543
73304
63416
82581
4300
11567
55701
80937
85433
85342
29000
49187
74230
73293
97901
46198
16512
73768
95158
44266
37948
83035
41246
49011
18987
69565
6380
46661
78614
13916
39698
37544
19886
15308
28047
91019
14400
53179
89932
26573
74108
87553
95643
3914
10744
16650
11938
27737
13128
80504
96507
17197
74607
79766
2239
86937
67922
98720
48457
28825
84766
79937
98884
91318
54966
27462
59032
78428
58415
64197
31252
29464
28152
58525
34357
10723
58509
10847
66024
80311
45703
5115
72038
33912
21117
74986
89948
78055
16412
43066
31666
84183
57520
31092
66905
22721
95346
28178
50267
21745
86608
26559
77519
40779
23655
12930
23340
36992
14097
56
74802
6054
24285
46100
34350
50201
13193
1382
68324
64401
93393
30992
10883
43746
83429
35836
95311
99429
89699
4608
93671
44926
61467
92821
52528
631
85504
10251
16066
3115
572
61399
51956
90085
15487
60458
45553
275
77770
57646
97248
57822
39345
73163
32352
72040
72940
48041
87433
5017
50115
21506
10361
66236
36599
35167
24981
35196
94118
86395
52465
20939
47872
28986
50835
31243
71357
42850
4089
16025
26962
79156
48579
19922
18018
25223
50425
30657
86503
85117
13941
10774
42620
93876
86886
3276
602
86563
35932
16291
37906
14110
58482
47225
69522
88015
45610
1772
75146
10432
58314
77453
74412
55488
65743
99482
70087
95487
28389
71694
7102
50118
66545
44492
36034
64979
31213
46346
17520
40396
14150
44730
14025
51805
50072
36732
96662
8219
2290
21733
28353
15567
37513
65055
53207
64060
40875
42496
61434
49670
57573
65342
20321
36449
34245
56717
18991
8600
34893
4489
18755
44146
10223
29706
97164
5296
18124
71579
34399
12574
44787
22017
73107
63505
78914
96594
98191
42969
72297
44841
26143
16180
1245
80904
82930
42386
41550
37877
77939
81961
28340
13885
13860
83632
39171
26350
1263
13159
75851
49126
44353
84724
73809
15357
54490
13122
23861
94223
43470
55150
3885
43071
49872
33080
74134
29685
33661
7565
37465
11594
31094
91818
83574
97659
21895
91283
40715
81295
78379
72107
31437
96154
44372
50249
84515
50153
25217
46829
84441
12572
59940
18991
83505
90221
20048
65757
70966
51757
80888
74126
20366
95835
168
83836
45517
24821
16984
6196
84714
27814
64525
77912
55674
10414
32473
53210
14674
45039
76716
48538
21728
23196
76472
92235
74550
34446
37682
69694
65241
19093
93565
91021
16427
16154
20457
2077
21402
89413
31116
6184
36322
95302
40523
48362
28353
61870
33465
97663
34818
479
67517
44937
63091
36667
12242
82492
76611
27097
35903
45177
91778
49779
88990
47870
86662
27129
71862
80845
20645
33572
88630
42695
2097
30043
69433
24653
50216
82262
43060
13417
84320
19540
16747
27934
60843
95618
22863
49201
90506
14692
32989
95341
98087
62230
82252
79028
79431
52142
48393
1388
77542
74018
4548
775
91929
9067
14533
78214
34925
33069
5578
80693
31362
55064
71119
98786
7678
68562
71732
35417
97428
26002
83169
89435
22419
31339
33797
19480
95366
1763
71342
79770
40954
38478
77699
12746
52366
54024
20319
98060
55066
41313
21532
59191
81240
81928
97460
77426
87409
91805
21859
16427
39513
63271
6133
29416
23494
86352
47733
53537
15946
8804
49654
42893
80590
40604
39369
25312
97413
8843
28510
43332
40071
33084
43669
59035
45803
42424
37017
30601
19547
30085
543
69318
91614
74195
46050
77018
33146
92831
20139
38929
32263
54735
57985
4361
15565
27250
71019
7871
25214
53952
92761
40508
75964
44675
38091
60607
85733
94640
23647
32734
30152
46943
45286
86706
69938
17884
60031
79909
16729
70050
465
41105
28176
45057
19749
20026
85921
704
91170
31102
85526
89214
68942
10761
37964
16965
70237
42045
35813
15222
58400
11817
77274
35647
85896
51209
61766
17968
30192
25126
29273
37664
62548
16959
91903
50698
877
10390
97682
18901
12486
7356
8111
15988
3139
99340
26587
51632
88912
56088
21661
66394
20685
97413
1826
94616
58617
17340
22944
77936
50636
41210
82693
22790
86807
478
3029
50854
55877
29711
9450
53869
34345
93007
8546
12737
24664
2077
89460
86229
58368
63098
65795
97182
56325
6315
62672
42603
5925
20929
78114
46799
3704
45963
70681
14642
74898
2691
5666
6543
92783
46777
64839
37598
23999
99831
13344
23240
53093
31988
1347
45342
76758
29799
49502
5933
94762
16454
3543
30207
89471
49314
45749
6337
51329
47244
69959
26733
73956
76079
81025
5514
87517
34165
10288
81543
35537
44760
21241
74396
25671
7568
92306
62742
9563
23422
53781
51816
49569
66475
19928
72234
35203
31813
27141
54993
75354
77541
34814
99447
74393
66367
22328
27701
77460
3775
92082
2313
5803
20676
16898
86794
39571
43880
51488
77217
31056
61509
5107
30397
53753
9259
99904
13941
38598
45160
67530
74930
59298
50386
16612
17543
87354
90527
67989
13572
21780
56304
33774
1805
43585
96718
55175
82098
66968
40049
61941
1305
9127
12643
28378
28872
97497
13899
49380
5516
13439
32722
9727
41042
87546
89619
63731
59474
8101
78639
45321
81578
91232
98782
84257
30299
87511
79622
19182
1501
58248
84657
59055
74165
27102
36531
83408
69955
49472
3049
95505
67697
18670
21760
34678
26605
42962
14993
62236
52423
32903
85282
20453
9497
73397
42301
36818
64467
88575
10300
70208
35467
86860
98645
81901
72312
39411
47444
89306
29747
9374
55924
62270
99791
97157
43311
43562
42479
84376
60779
82222
63606
38411
33136
72900
90052
93470
93008
25839
35085
56095
11345
14990
6612
57771
16064
8687
7217
28966
67784
87617
87289
21174
5244
67495
38083
20965
98718
2224
70372
81823
65632
17747
47089
56631
74524
24429
14903
37903
40945
12809
84900
92222
22497
37048
65194
55001
6771
4272
72477
51958
48173
94286
41801
71911
46912
49143
80251
22337
60598
70532
90413
679
54092
5806
35744
83460
77745
97789
2715
7204
90827
16591
27073
76697
28982
22815
82655
91178
22021
23679
21369
41142
7745
80742
33898
47790
88457
78125
73090
77894
50016
94882
93702
11720
97776
7071
20886
94604
53762
93664
69226
26329
30265
91509
54055
67391
48542
18021
49969
87308
13324
54252
91440
29509
57578
35816
69529
399
22066
70865
92196
61305
44837
24186
42177
35073
10646
57830
9014
86694
32439
83931
33461
4582
1008
30634
32851
46225
37042
5668
7039
49785
59856
43252
85963
98226
15693
95487
80695
70111
87973
43676
83230
68221
77202
47763
48132
81872
59261
2806
7351
45021
30354
51702
84594
29039
3548
76812
77251
48256
77000
41323
11346
80162
80304
77169
96553
13957
64858
16990
95980
31587
79319
15466
64324
12961
36677
92759
37865
36128
69486
28177
98933
3594
97465
36926
59209
24318
25623
44355
29878
46718
70536
55721
69534
90102
19782
41411
61723
70677
88050
68643
1005
61201
19454
52143
65531
64867
69779
33538
88324
15567
82233
4178
41977
72880
90178
55540
17345
98456
79238
33075
11778
287
6807
6167
87396
85029
30653
96949
57335
94669
47573
97279
82301
59239
44615
71087
41099
84944
72726
36796
23516
22222
52068
22052
48953
82643
62749
57842
10087
48894
29401
24459
1148
19903
64724
62714
9001
72490
37060
35583
66842
31855
10215
56307
87505
34598
93717
94507
66584
41692
25921
81066
6113
203
3350
72821
77964
180
8325
23045
10770
26657
92691
48903
66161
11835
67707
7752
62171
94695
64218
93328
61270
67620
96044
30865
74836
38131
4811
63282
46743
94823
5930
6282
14712
30130
55925
66741
21442
9940
42201
22391
16910
56246
11370
59084
48287
98396
74066
18866
89194
60279
20630
67223
2733
94348
54613
66452
62091
16769
90775
70122
11469
32918
64595
68113
21230
39762
51517
45674
48776
49509
11451
30711
71445
98799
7049
59772
46966
61327
5927
57679
81383
67834
99390
87091
80275
23522
75913
10975
1349
14963
2462
57277
60756
69981
9991
65138
32302
27466
70598
3292
57135
5004
23972
56141
71767
19118
66070
85871
86709
7258
18009
88398
48454
39367
28422
90514
9070
48442
97384
73468
81772
18167
9792
28260
48904
43458
79808
94584
96992
88049
82211
38607
22377
22581
5
9536
93676
63598
46883
37692
17293
78896
48638
98193
20214
1449
15942
96027
76192
10601
24311
49763
80441
38568
42821
46587
99
18723
44164
45095
51125
95174
59427
61303
6800
90560
44958
3034
71597
71578
72809
35950
10228
4606
37304
46691
12372
36268
86055
61181
80122
70994
48091
61317
43462
38449
21196
96039
21503
37400
80353
20136
31363
5301
36337
38457
94575
36100
54047
79835
54041
37215
69583
52120
43225
61690
18816
90764
28048
23228
86693
83865
12088
60095
68979
80486
92762
29388
70867
78316
33597
25352
30812
29315
73521
13290
48761
33618
49295
98317
57987
73988
23725
85613
85262
12314
28252
27487
10578
12414
39142
4208
52073
4766
65635
8250
33469
94974
7002
67195
15594
49415
39077
16072
17960
85234
61463
11168
3150
3951
65881
28427
99804
96758
73378
11633
10043
1759
83984
96238
36789
5909
53885
46189
34476
41700
73051
75705
82072
31915
77788
97698
98692
87774
42323
58169
32468
63186
97101
88303
27201
1771
87852
45434
69479
67599
71697
78304
93688
60636
25092
89437
66375
7782
50136
35190
84208
21352
97914
77995
32519
67180
96346
57164
34455
5892
82300
62424
97511
72529
86687
12097
73068
61142
85394
67194
32564
59477
23193
26602
20277
11410
98469
21248
80486
23506
95278
56519
80840
9906
56765
87986
21364
41460
81294
39692
88878
7931
91827
62321
8209
58990
86885
99698
95284
89346
38078
3583
49456
28272
66382
69800
38776
62148
31451
55056
32720
45042
21715
45058
56991
31824
25114
54053
8818
81687
98377
28558
26513
64243
59599
3516
41763
40403
21126
45940
60310
88748
25851
6852
88811
21690
66653
92879
63383
38391
70555
19624
70433
81256
73731
47516
89831
12721
77804
25856
73749
35838
23027
92643
74309
33039
65731
97259
50658
85418
45979
87779
13065
63638
97828
48242
30256
53225
64556
37251
46572
50412
18912
60997
23740
96678
61278
48591
66764
19383
97117
92562
16893
75538
67487
19336
9494
37798
33206
93879
64466
53996
60648
55973
26491
1356
87803
7453
63411
30937
78530
73352
44022
89804
67719
66166
16572
80454
56547
36849
89410
28939
93448
72585
93555
9111
13822
36559
17466
71994
37200
2839
22740
94343
37565
8829
15901
92208
44474
89271
10229
55711
324
34862
7196
96861
31158
36001
17174
24937
4184
9172
17753
62177
49340
26006
31456
54657
31877
65583
87176
65530
42671
16955
3098
64517
42641
64080
54023
38671
90411
41695
25325
83625
5060
6447
22444
93974
54436
62939
37692
54669
34345
69080
94524
9317
24903
3040
95449
56655
83398
90752
72671
80001
58772
97717
64169
12480
47275
66730
20012
55564
60592
47619
98877
3000
92838
98133
25618
96272
30047
53966
91411
97114
53433
39140
46487
44510
19414
20935
51950
54256
97820
65533
33292
26949
42321
24701
90742
83558
9809
69928
34447
92932
14960
39549
38651
52712
18045
2477
73108
48662
70362
47700
89267
79018
54586
98603
42170
35894
12224
73762
13461
48431
73272
14884
66485
44676
23046
26116
75757
71528
62235
33705
99870
86915
25188
36076
11760
76436
66133
39314
24230
9371
92669
41745
52666
12059
28562
99430
74309
31610
81448
44166
5841
64878
22497
71395
953
830
77874
20214
50216
90041
21211
87609
13246
39884
81970
72933
76837
13211
41531
81216
55118
43986
78896
34408
2378
30236
76775
97362
82035
24147
75399
24607
5244
83654
64375
84599
13053
61255
89043
91118
95634
26665
11483
85494
70579
17973
91764
50322
87777
2285
31763
25162
91758
6273
39772
25918
52253
85733
41709
95048
62830
53779
22731
30180
80648
95137
87662
40898
69835
2238
22459
5037
64351
33197
41025
99265
40619
48497
3998
66184
21714
86743
18983
98886
50280
3784
29857
86660
37417
79610
63704
74968
99982
59998
51406
53331
62982
98094
57859
19032
1840
95705
10255
16529
25845
14945
37586
52495
56422
66690
74121
55806
51789
6446
10748
45630
53044
86002
30422
12694
64465
31826
22395
58673
60487
89485
25915
43594
26183
69612
93696
52786
34871
46517
58959
17037
83227
1204
9748
61654
50714
26467
69399
16571
14003
3808
55867
77174
5961
62564
41066
96044
44572
78722
56148
4014
78339
51785
34756
84994
74910
48733
72595
91692
44579
25790
23062
71235
2654
71079
8927
6483
9517
9760
5510
36097
92234
24206
41498
30608
78074
86546
78599
77486
67541
62184
7312
93721
28976
41894
79741
16301
54654
40653
77625
65129
65395
67428
47065
89596
66682
79568
52312
57064
16597
36629
88482
35580
69315
18667
37482
7031
30701
22836
74996
94618
42437
16735
5037
68940
17701
70886
21988
48991
88205
43306
79255
62687
89654
22680
50887
80635
16951
42598
57777
10160
27716
41769
73512
43928
90138
86663
37546
19041
15791
34782
40218
75214
9199
12816
95670
66570
99620
22941
50522
46611
82799
17889
75327
75650
47387
29430
56018
51799
58728
81477
32752
99498
32001
59853
46375
5307
84379
76573
44060
78237
45682
15385
67592
13949
50251
51902
92855
39280
2117
2711
50099
21799
27533
47800
58229
23230
65224
32189
96306
74801
92385
74080
16476
82854
82991
57796
83331
25674
6660
54470
59094
12745
29839
88080
22772
34523
92727
95407
53986
45745
45155
77157
9986
94810
3639
17405
47514
25967
51770
30324
92082
55029
44481
87599
45084
8845
85489
3978
9161
77665
10775
57792
97421
61078
72162
40762
82759
69427
97390
78748
97231
9607
97945
90391
25622
86435
18269
78904
86845
36390
82788
29829
95700
11551
35264
6466
71951
72880
86725
92155
64073
75563
10803
30498
50506
91668
28715
33085
16091
39197
25922
91844
8806
99290
64475
94314
21058
39858
19975
14590
94292
8812
43550
4873
92033
41367
87285
30701
35997
10295
75516
34240
51557
27405
88340
23885
14337
85543
91354
48321
99274
41443
56641
87348
99221
76362
1174
53182
89674
56025
52834
26626
81738
94435
22536
77504
88630
51644
58931
25939
90512
91989
50527
90488
91338
44707
21221
60094
21947
57910
54066
43907
25588
85941
79966
4806
73259
51574
13863
28929
65041
78711
41197
42069
69620
4121
14169
60733
76883
82196
34941
82288
80137
30183
98897
28926
87888
50034
82506
78259
36991
43613
45925
48306
91529
28958
40114
69375
31499
65080
31058
42304
53934
97331
20416
53042
22607
31113
22699
10485
47649
20295
58418
44803
42940
66996
80401
81844
38503
74429
69166
54407
58295
36996
80375
34359
93043
15994
18722
12140
18585
83810
20189
14042
3287
24667
64112
24499
44960
19787
12268
4863
96602
83571
255
66854
34163
94339
82374
53483
58496
13780
97133
19526
84615
12281
36771
87925
66654
18448
21527
15835
50331
53406
99795
64299
54615
73971
84538
21737
48259
94981
79526
5942
46369
99904
17085
57263
10428
60717
35752
70202
16428
87969
70980
75757
30361
4175
46895
91677
32582
28890
82463
35503
33503
66671
5618
67539
59014
45057
12831
34042
97538
68611
37610
90227
17298
98630
91679
70964
90592
44876
94663
55177
20736
74756
80536
79620
67133
82447
56637
90100
60315
69152
1774
54321
61460
40122
91545
69564
18429
30893
84865
44125
9222
98620
19869
96595
14766
47612
79932
68887
51692
11655
49687
16340
58011
55313
15007
32802
14115
36454
86390
17356
83210
98824
83534
20592
86802
95516
64203
42051
87565
54481
64855
60176
8496
31418
95394
34686
4339
48281
48281
95693
46961
43324
47203
4473
83930
52643
41765
57306
70974
5279
47577
21002
75494
22139
94592
87794
54859
20004
39544
51000
91950
92995
76633
23538
32860
56241
34492
69107
95652
85627
2191
96453
83883
67043
90297
99087
17460
50172
35283
78259
36254
99214
17467
16749
53683
89740
36782
43269
37537
25648
12681
45766
17123
15862
96929
54597
51170
47039
65430
77150
16603
96006
791
33815
52290
37413
88828
31999
2541
7273
45345
34436
32699
9864
65097
8372
99262
38162
13646
71675
66456
62924
27149
7673
54778
80410
11173
8146
81077
4322
93718
77711
5339
387
57144
18781
69737
27214
51506
5668
11985
37747
25382
11379
9590
5627
16942
56865
48573
35659
43184
76020
94095
43431
74184
86724
84065
2014
10186
72352
83697
51722
95304
72123
95377
3097
33081
81668
18044
80484
74101
67867
86946
42361
5768
27837
1302
77117
6084
79260
87283
44021
66695
74339
34561
26212
9209
52003
1886
53217
24627
67057
27467
37799
78110
6042
20849
31636
97574
8252
10621
30877
45954
96378
66665
86785
14067
97441
62960
91895
72024
61691
26464
59977
94786
17256
84793
90363
89599
37550
80933
36493
80652
87587
32963
47941
83687
33247
84139
28814
81139
18688
19808
17915
78275
52566
94574
88305
93558
88871
14395
46199
24358
26915
94016
68453
71436
60893
56059
69787
57516
10125
47547
22744
46698
59031
14666
52688
76862
52646
92960
89039
58837
17118
87327
98483
65198
16410
25923
85190
10995
56692
45097
98202
28827
72195
67795
14384
44391
59469
25740
93442
7930
50570
28130
54066
49417
94134
20374
26287
42713
83850
98023
65514
60354
83254
99352
86458
69383
85373
75944
55717
46022
64479
95191
94515
96869
27538
64614
58815
79836
82952
60113
27937
11423
66243
15909
64377
39834
2487
38336
58528
41125
30140
73186
33929
45556
43715
72837
7022
42333
74376
11770
60618
21580
14124
53937
74949
96906
98484
92937
47463
78342
86602
27832
50234
52351
45994
23834
17911
39680
77766
5645
12201
7994
20706
47311
26342
78875
7978
3636
19562
32300
28653
59110
69030
28188
75240
32282
75267
67199
28289
78337
88515
77924
93499
12735
35414
77255
18738
27260
21889
70205
20608
88826
3575
71243
76966
84860
19942
44552
63759
25713
99639
82914
6497
12791
38376
12737
59197
27492
98062
50196
53003
43935
17614
68728
57789
17940
13397
33912
28351
53406
34000
11385
57785
22149
97818
93917
82448
75060
26789
70059
86771
8829
57240
77504
56983
89628
66461
83671
35027
92563
25650
65276
28628
11280
96748
45249
23199
52154
77748
54709
66026
80529
77293
22082
9924
61886
68220
77169
53452
10843
37124
47023
78599
569
87291
8499
38014
45244
49616
80134
32568
48143
40625
72893
29067
76122
72269
55732
29948
23227
57945
78414
63956
39508
25367
36052
95085
24810
67680
56835
64441
87553
96269
47970
79224
76049
87624
98690
20474
89400
74918
36762
96292
80593
70140
83377
16462
32143
7380
96852
46608
28989
76008
55140
47255
8846
54982
15499
49499
68492
18335
6791
39014
2690
73455
92539
51573
56640
13695
83114
695
87750
94522
14994
31178
65496
7776
85688
52029
47508
4128
53570
70793
43620
80479
48767
15201
46124
13561
72184
6462
8941
42714
30966
17970
80428
63760
49493
24852
53617
26118
88596
95563
43242
38972
1381
26715
72125
92523
45267
19510
38198
9532
14793
81146
44873
48702
85981
48371
52888
47750
91705
43299
22827
60901
18307
40803
56314
64166
76273
97755
89542
34223
7171
46477
19118
36311
36754
76095
44800
3846
158
66638
60707
43067
99054
76966
35929
36762
49206
61606
47206
68123
87392
9342
27299
51697
53859
64219
27033
62232
86165
37182
28967
67235
90542
72831
64074
40737
22943
87663
29845
8126
4728
41785
40437
39442
99898
33262
23929
95716
65414
66199
43906
31292
84317
8603
10888
86801
24851
77512
18605
83378
75757
92639
53740
5185
29547
97918
4210
12689
70462
74302
13345
85477
58342
57084
74749
43275
55480
89322
20419
23412
63879
93138
77146
24509
51552
95370
79193
13298
40660
73742
24405
46357
40599
44767
72700
45935
43519
71223
28556
39924
22439
36675
56840
29675
47018
69857
73966
86867
2144
48417
94624
92402
98394
95340
10200
86694
98825
30611
24904
56010
74399
87310
76399
82953
90646
10812
82846
24683
88329
91026
61741
94827
35949
95795
33105
57619
10614
18955
72721
9700
26109
84863
84257
77137
53494
60284
94686
47513
13558
69924
94892
28073
23137
40348
28441
13361
16706
76184
70208
52631
98244
80637
8080
31613
14450
47205
21382
58824
88946
53477
18882
61086
43876
61557
20272
17164
85147
92968
59674
68833
95628
46074
26754
52788
49362
24138
46808
77508
19147
46556
17931
64570
47036
43853
27734
80086
52876
73920
79698
64445
34716
75705
6353
80129
72120
15140
43009
37793
66949
88775
92331
37177
82145
6190
17737
20326
84724
46873
92264
89141
74882
50525
43944
48453
12909
75941
83528
2102
38759
38721
42874
89840
66873
51151
71793
91292
61790
44730
44770
63197
54547
60096
99195
14007
7246
67601
16877
90504
44704
88839
76071
1523
13826
22761
47222
47800
83152
96918
95481
30083
7795
68458
35844
75026
61259
40638
40630
74273
47464
441
49594
28348
79638
49978
83506
1053
11843
36100
62444
56841
72529
42786
42340
55955
28964
36885
47238
94428
81580
36646
35017
60505
56814
40289
37186
2672
64931
45468
47280
4794
20142
58097
39852
39356
4588
64798
93713
82149
45799
76255
65476
84216
85118
83981
76130
23072
69258
82059
37231
84410
16092
15958
47704
27050
79495
52660
68988
83046
55139
78893
23207
90868
6855
97956
78966
64255
5168
84003
36481
45393
67183
32526
27010
8533
58300
65033
80680
26363
56821
68398
53438
78397
80005
87369
47432
21447
59991
91527
13637
81419
51709
5988
24422
13413
84626
98031
46459
60400
93519
26685
22747
33699
47695
70149
97999
31837
61719
48226
74269
34050
36516
87898
52151
31047
6802
20176
11812
75357
65022
1649
78522
47704
41605
59598
86009
63135
76946
31586
78917
42645
55572
47964
73350
23600
49206
96860
96910
94765
728
36741
65535
56083
83829
85351
91951
64453
68012
46591
46185
36959
10673
80
73123
99108
71523
34713
79328
61393
78832
20777
22771
47688
56043
35352
75748
53333
49979
743
14846
7093
91669
78823
45521
4006
99128
57634
63364
8708
46230
71202
73068
66220
21168
97669
56376
59597
68296
21284
58818
69933
32507
79587
85629
48161
87635
93821
86984
9318
26515
81239
92762
18697
5920
4515
4386
8283
69903
62184
61270
1800
44840
5860
41084
86152
97770
13761
77338
36049
83214
33209
17882
36992
1266
28843
11073
49985
40250
1620
73280
15282
73200
61638
13391
75746
80956
85973
34936
89256
12975
54763
55644
86900
13296
63693
15673
94181
36096
87252
9949
76401
88194
81153
13484
60135
81380
19872
67632
6072
7312
29397
41890
59527
71909
25298
90489
796
81801
94018
73761
45857
36880
92887
98431
44549
91201
24026
9096
59729
4280
38975
44874
65952
71684
21017
23028
93752
4956
53640
90373
3178
51631
97314
1835
57792
4356
98860
86321
54279
19775
71577
48103
88506
82221
3139
89845
31050
76918
51158
31831
54316
39154
85210
79112
20728
2132
11200
18222
49921
2404
74423
44403
20355
8968
55831
8501
15724
82072
56029
7617
81482
76226
67755
27370
88062
64289
35968
40644
14032
5505
76352
59113
17904
23505
79346
64321
10952
5855
70720
52837
88580
52898
26493
13842
42565
33281
37410
31398
60389
78358
97888
11232
61008
6231
58678
58462
4542
96235
46406
4722
53242
28557
31405
260
62215
32223
21171
32546
38717
11461
88503
34738
44912
53606
3552
43262
86884
48443
83496
91135
72628
37566
58362
34790
25907
48907
1408
17489
12395
52873
86832
13739
94189
85489
13977
47063
95935
53776
83104
90373
88382
88080
69191
95341
68319
19809
72869
45230
70424
18794
97602
92150
56920
34739
95321
38052
86399
26073
99118
35421
38480
74526
1489
1100
17315
11183
92698
66119
61900
61451
31415
61746
72988
67658
19022
21417
26094
62263
19599
8066
71922
74159
24911
36811
92443
1947
66861
47252
20128
33272
44186
3967
69818
83637
33953
47485
75977
83671
11693
36592
68374
24928
60200
10673
82020
6778
7357
80223
38608
19118
2331
99261
82164
11860
8690
84379
66971
72035
57728
16868
42784
10136
72282
59585
39527
46819
42723
95088
22427
42688
98999
13134
78590
51272
13966
80219
42468
93517
44166
51447
77944
36793
15375
31575
89069
29714
76921
77476
90290
77683
2379
87768
92313
49994
20514
28456
8462
15896
71258
51246
49708
39691
79606
3349
5921
52019
1162
9741
85789
33970
29658
20294
34360
76582
69560
76442
51761
64820
95145
32364
68952
4647
87895
67182
51984
84334
8451
59477
41515
66353
57325
15674
61107
54727
27953
9152
60335
68598
72252
28723
82461
51918
50811
83260
16048
5049
49384
49609
42310
73218
71310
88634
755
37624
19927
86862
17522
11194
51042
63007
44224
30806
62816
50871
67436
27244
50673
4821
50323
85306
82099
3170
26878
97560
95975
89511
97367
27628
55409
23344
23891
76569
19970
66596
76917
83994
2926
22281
66190
83244
67887
97135
62672
66984
40575
2114
24866
42941
45797
98088
70225
83494
83867
99366
71272
31126
35529
64633
85965
24420
46140
60892
7986
35827
79526
63333
48595
50991
93711
60912
77075
57275
80497
54819
8192
38028
58580
53088
17637
9181
68060
26386
11633
66245
91448
41731
63708
16590
2174
16461
15067
10466
59278
5116
78735
21783
85573
49531
66451
53505
90989
24761
6428
33948
71119
55933
8803
12461
27252
79915
27914
66375
92210
20342
31349
13828
69055
7351
61064
75911
64309
45720
27449
43824
23329
72875
20437
95120
28950
2409
84487
17685
24257
12215
33530
94745
12206
90223
98809
86716
12371
17777
14870
18902
70978
68176
64157
36470
43755
33938
17304
54072
38283
8116
67287
20766
43861
28797
6240
59058
90394
48773
21789
87525
37372
77429
54492
68957
23961
46415
74428
91370
95290
88935
13821
22880
24065
51708
51188
2105
73155
78034
64562
13037
60579
63267
47812
3015
3463
17015
4022
76791
93737
66300
90017
51662
70975
9469
88260
14711
34079
51433
26314
79792
17905
25701
71970
57941
57867
30948
91751
72646
14453
5881
43038
28940
5525
65115
13581
4152
294
4000
3694
14165
91575
75530
26623
77667
65577
38649
20992
74733
43955
95976
69805
90497
25495
38821
92826
13048
15987
87550
5232
54884
41714
89700
47806
68303
58849
59003
25167
96038
57249
53534
1876
22124
92997
89324
22363
54323
99976
22309
49808
50791
49858
20331
96052
29039
78631
98544
26940
58791
18983
41653
48993
45920
23706
49760
1262
36124
76727
60351
69491
14271
65704
56303
6309
58519
6224
55722
49297
35089
14360
11441
86445
1658
23013
35884
23697
22037
2653
61655
57616
14738
83293
12564
55752
19199
2208
20560
90627
66010
30661
56689
26235
19860
35658
84938
35663
44093
88997
64643
22432
760
10067
1985
82494
1859
17284
74658
44835
17833
41427
42806
49682
15854
86988
89076
12299
50974
96393
70134
68329
74075
63067
63712
17340
4940
23181
87838
92489
43550
83989
49962
3028
92836
77522
23625
278
70038
22116
14435
62285
28135
81257
90557
90098
75241
80662
1795
50421
21362
23987
93541
76757
19264
93000
90868
42902
64772
57187
8876
667
40342
63108
4789
38872
43292
34502
73318
11670
79149
21108
22459
75440
47073
86682
13087
80741
80664
16716
80940
83005
58162
66559
56797
21034
212
71041
63373
977
72005
96055
63425
23089
38672
74718
24836
6999
79529
33215
31735
51226
67590
83333
46213
40961
26283
97619
84636
47203
93535
16182
5665
14804
26483
49409
25748
14314
12230
72542
1948
54094
30022
22107
29656
21302
11375
89366
99489
45784
40207
12440
62062
47215
82623
31834
80172
39395
30428
27941
74451
19768
67907
91
26855
152
71409
75013
40276
80504
57423
55424
81847
95099
28242
39437
4680
12125
41349
48290
61533
12323
67777
97472
71774
26508
72631
61367
59470
24007
23850
49104
73315
35710
33550
58605
99762
98037
97213
80993
29177
40813
29315
46161
6333
71013
63089
35890
73640
84282
75230
51505
76224
24880
17187
2516
92391
43185
33558
98660
52075
50338
19787
6703
30589
4232
97495
55846
34612
39191
91878
87717
31859
72685
81967
78106
9560
60974
98233
70288
59593
4342
31998
8205
53703
80142
23280
86562
5695
70087
70710
67163
99317
73693
50266
99597
7115
61908
44268
24885
39328
74511
65266
59741
95191
3965
97549
48182
22340
39254
18775
65439
69738
69856
17216
90334
64670
76457
12793
63312
57247
16855
47404
87592
83274
19892
12724
24478
40226
5608
98817
88432
98345
53610
52379
9139
46101
31635
51893
91805
33480
64876
53277
4571
5895
93864
94041
88826
55010
15924
26070
79559
21979
48384
38958
68880
74394
97681
93905
11271
78188
23628
29881
80042
89594
68343
13313
45838
82632
12894
96667
78837
63041
87719
99814
45272
51856
19262
39448
36896
39122
32673
47138
18955
20757
50940
80288
43649
55665
83211
51044
28631
99778
66360
78962
94788
82086
44214
3120
21376
47737
40092
18356
72535
58785
43239
44982
82556
78704
9096
96505
202
53229
45225
96690
64697
19668
99803
81850
67014
67628
15547
21746
36254
8264
80011
10528
58081
93069
17014
72219
77789
32417
72345
57421
60070
91047
30725
47247
22509
56334
58436
204
23438
74290
78911
98212
97108
82698
38479
12880
80001
82084
37408
8657
10932
26539
42761
98117
35585
89957
59015
59378
2106
60588
22220
85737
54599
8117
82656
85143
7426
43340
86895
91477
46389
93936
43460
61262
55463
61911
99714
55808
68922
2956
19074
89401
15507
36491
42385
5425
91197
14642
14778
54589
74490
86845
89215
2501
48336
12523
74381
9245
56844
65879
1068
80117
37849
37014
19656
23172
26098
73098
39098
34947
98310
17390
38930
92982
68771
49298
88869
55375
44150
65271
18941
53627
84963
91625
44178
38107
57128
94260
79274
72582
60862
22617
24257
28208
45656
92939
6422
19012
45402
69012
89752
70172
39269
66509
73504
89166
88997
79594
55441
53761
42378
26241
58827
94475
43653
47447
69984
50727
55656
50098
51401
89789
82423
75853
62098
10998
31123
4633
80145
4060
24126
47399
83250
16507
63824
17837
60261
35892
37687
5422
6048
89866
67553
96958
40795
53419
75737
3548
21799
76949
78205
61716
76360
21675
75332
55637
63498
77907
68494
98250
41560
72070
41605
76679
93396
71843
58467
29490
82224
24845
92509
26491
44700
35373
15244
10529
11209
39434
29906
50752
32646
29615
46291
75551
68404
54221
64679
51292
47697
89046
62276
7627
27757
65218
58979
6168
34894
65803
44296
19932
75808
76953
59973
50971
9975
71767
79097
68108
24325
86824
97152
48415
51826
19984
53841
4764
37161
12499
31892
81035
83813
96557
19912
32736
1402
40054
89754
5672
15235
42163
94506
25652
60099
36340
93333
41488
56882
94574
95026
18338
45065
39754
24439
5180
30836
80952
62976
5961
6452
32181
67239
57179
85542
87570
9346
95408
17318
68633
92193
16992
59418
48092
52538
18259
30512
39043
47930
1332
2959
41689
39076
50032
75927
4483
76119
3337
77411
30772
72514
90554
95413
15624
66313
65006
84536
83406
90956
18996
56638
96270
44542
44832
82037
43036
68657
55405
94084
85723
73416
64585
98285
6747
2301
48376
74028
70219
35175
88162
55568
19685
87791
51217
4241
3925
21414
65833
34695
51786
63963
42553
83045
96527
42988
46069
58657
14525
16097
47195
15728
41486
40072
64970
36067
24232
70128
8093
923
74564
81088
56722
40491
37308
25286
6593
33687
39568
5923
38812
33122
3209
74632
7045
35958
59579
6367
98592
37735
3387
20602
11930
82166
47612
67818
67142
41115
57160
11237
57462
46811
52040
53232
39056
60905
44357
25987
46513
65259
33174
36998
60930
27557
95795
17889
36065
69254
72922
11187
20005
24433
70163
25272
37194
30080
19643
24516
1101
71826
8660
27021
12659
47051
36486
79065
28516
28004
42818
11792
65264
17861
95789
15296
90345
82129
25139
9033
56060
59341
88816
69091
44218
62204
38036
45880
30154
72090
32222
18891
46363
38767
20151
59697
30815
39150
7258
67627
49065
33540
91599
95985
29980
79141
41933
54587
84645
51434
53065
60751
8782
43807
8896
23888
43152
21377
44932
30690
88647
38274
54191
61678
93766
17188
73337
12143
85271
35050
38200
22312
50042
82937
9647
49039
24577
82793
99019
38076
49188
4480
11916
94297
93309
47481
23664
69327
42517
27226
81869
25567
55100
95023
76166
20230
42219
67135
27368
3979
72816
10604
36235
13170
41116
39938
38020
57449
91840
29233
9749
49458
49416
88172
20549
46745
37653
42545
29254
57705
22303
87596
89969
84687
25095
97383
86944
81784
19735
17201
56476
99471
50347
68203
40822
60285
93380
81165
31911
30046
77113
40281
13304
93534
68408
10273
67184
19421
93964
86306
67109
5497
23256
11058
32979
8451
88998
73483
86488
98862
29783
62705
3584
56884
86271
57071
9777
45307
63432
31974
57698
88193
87274
49241
32589
72510
7911
34930
72582
9542
30568
12867
26056
20225
51979
56147
18741
17365
2925
6542
75734
36068
10399
44108
27728
275
90404
80246
52224
14106
87541
89686
24791
20231
78946
32918
45163
8293
94638
58165
47428
7172
34595
37310
73094
40988
49938
2647
66701
93742
53097
39606
1348
59984
66598
61268
12573
24003
33802
21861
69915
50539
83791
56929
46504
74856
8917
94672
14325
46021
68520
37834
61081
50102
71480
19961
93422
67942
40562
12015
46356
69345
68337
85827
68421
62625
25848
20882
9068
34087
14392
22632
88282
71354
67810
78084
92636
18796
86177
62800
2265
2863
96841
67118
34959
68886
19464
81354
77329
28874
49537
14159
42111
80832
11888
22253
85630
43089
1139
74532
19057
76176
16329
88859
50252
61548
18147
2029
46027
86146
69110
68094
2477
19335
45625
42346
42527
10091
47053
47831
84267
54560
89821
94870
31583
29710
85158
26893
73347
59924
9175
50629
69832
98700
37989
96898
89752
34635
21452
77171
12294
82450
90888
80928
83642
91265
11799
25665
34697
79464
78232
96959
71723
69576
24456
77158
13552
63731
69943
38602
3945
22152
29589
35644
61733
71373
41434
58137
45074
7739
98492
64723
65650
98130
23054
41649
60744
5426
75284
45467
55199
39409
21724
1770
77156
90135
20627
83890
18018
74445
39523
48469
84071
79466
21532
36960
55840
12285
42868
97583
59988
49203
50591
51304
92160
31730
57501
17506
98990
72437
53025
50344
44444
20297
62204
8135
66050
87186
29967
70625
38395
2795
27205
80413
4661
28238
30185
97771
81967
4670
40930
87677
96645
93575
22353
91771
99763
66039
85939
68830
43383
4762
93151
66395
77441
3008
66928
89366
28514
80268
95695
80686
27428
99484
83149
93425
22107
74462
49390
60939
60851
82145
41304
32441
20574
6414
18485
44075
72738
85412
29178
10829
79840
13843
79229
35722
23694
93829
61921
12669
55600
20461
75414
7839
6716
10933
94255
8268
64359
42993
55191
47179
44071
95966
71268
34232
75719
70257
29136
23537
87751
62507
9946
5728
16362
37014
57961
13041
93047
55431
91793
35757
60724
14079
72309
33472
94261
5712
71961
99972
41303
83677
79009
46920
66647
16868
49451
26825
28374
72233
10962
97529
86663
80722
84829
2153
19626
74932
76175
96502
85648
39952
96812
197
31300
74250
28460
98082
82643
4514
48553
57911
74490
25451
60936
81502
32051
59089
30635
40733
65986
93560
56911
74940
4361
87421
63430
77393
93160
42699
77231
57052
17421
12645
80429
86752
36769
50381
39360
98880
4428
5316
37342
56233
51611
4466
97459
60140
22006
11359
58617
43654
41597
23460
87134
45842
79689
93756
98877
39150
31765
87724
47064
75388
3686
12850
19604
76755
32919
93961
9904
47019
3984
64155
97124
94199
31943
18884
48488
33276
73252
56794
77322
86419
6679
93306
13529
86524
209
74783
71989
4697
8355
39829
56956
88603
27240
42502
40205
11186
79295
21951
99538
75220
80786
85920
45638
63675
78632
92168
36135
95290
39398
60281
24910
84619
26573
9160
58449
63741
35197
13766
5239
61712
43538
79590
89124
5173
80710
97922
49095
3729
40300
81975
67745
64690
91070
84990
40536
64887
88616
70996
22306
23182
77410
17428
79512
57830
70230
36777
99750
79058
46842
72576
35177
59311
28097
35664
78916
10789
9384
25573
32266
85947
46726
30379
37308
72219
45677
20487
18882
