74716
10118
55986
28768
55016
91256
35452
30471
7478
93815
84159
86525
48279
73742
96388
57818
70330
52440
26840
3078
9964
27124
56995
14795
51268
21863
25536
88237
64921
73642
55515
17203
59673
42326
8181
80221
26904
60408
20755
14133
95179
41825
40050
10592
25792
12018
25762
54275
82202
58628
42270
61695
32881
10192
84058
47536
50492
12019
92777
65961
32997
21986
68830
48740
66392
74719
19311
90884
51446
29618
42605
85330
68148
65505
58763
39520
99538
30696
42865
41677
42292
39301
87889
75401
36587
95692
83651
88905
60901
80453
20949
89977
55445
21411
61074
60500
22304
18545
12625
39017
88646
71135
93991
18066
88427
57040
87137
20828
32027
10394
16260
19987
63996
95757
54387
28482
50623
33582
8996
71340
813
76613
38518
60723
86751
98876
73158
14166
76873
32317
17682
12201
54548
4183
43719
19036
18462
72955
10257
56815
98244
37167
17976
16692
6716
36626
12137
13141
47225
74285
75963
91683
32885
76541
20353
25046
13858
55653
28250
51725
5702
36331
24267
52036
35720
31621
45826
70425
27062
61571
17019
36595
38074
34423
38762
44612
48546
49451
22243
48246
92306
15465
34712
20432
68979
53440
27636
20858
36784
4393
40187
11064
10863
18634
95197
77781
21754
23306
2362
19847
19351
87804
97003
55156
16828
25000
30687
89576
14595
55643
14339
33140
84454
62443
96754
19353
52082
52316
52767
44526
79436
85753
78908
10855
25010
8091
49340
45539
82913
25501
97343
81064
68423
2522
33043
98876
19701
63367
60771
11063
58049
96633
82100
35916
80665
46145
33538
58971
86555
65488
78362
77113
76237
8539
604
97640
67016
29442
36844
55703
87519
98928
32135
29085
53425
45809
14768
77055
20840
98600
53684
82405
67375
63728
74575
28639
28819
85987
63379
46902
71791
51899
85359
24991
76838
66390
231
35109
89892
24609
8917
92864
83231
28223
29180
25725
5912
21895
29738
12828
72295
92866
31422
48193
30515
94959
30268
98642
48917
2072
67396
53166
93194
43259
79821
30947
94160
91000
73158
34278
80691
8682
36043
40797
17616
94560
69655
17748
17670
45881
24415
16978
77359
40387
39862
91809
60063
41470
24301
5355
3616
24411
37105
54897
5451
34856
73369
60338
1845
5139
57917
42199
19079
36631
25041
15444
28873
97530
49349
80752
14387
4812
89379
73799
2744
82160
23924
83488
98959
64491
80866
15979
19075
2294
77438
3155
75583
27747
68677
69198
10939
8034
32471
29299
92457
72980
94848
48916
77032
2194
38930
19749
11153
95549
86131
4246
29538
6989
54788
40643
1136
5113
89997
55340
98675
56170
15151
34406
39052
96107
86860
97668
4749
69509
36669
14985
24983
13330
20304
45541
84303
48213
89581
11944
50446
13301
2068
52337
3502
75077
69295
74702
18899
87640
78409
39163
12572
90385
52385
45658
45652
75790
9171
854
23540
77532
7511
68303
80364
74052
84708
16766
29358
78870
47925
85421
32772
98828
38116
47408
66786
86172
31464
81385
29613
28588
49591
99552
67608
52110
62459
89816
19885
68754
52355
58484
32259
33869
15902
46695
63954
7105
52901
12016
69008
91685
20706
26803
6860
87139
39712
16826
30853
56224
37380
52914
77304
39680
53254
67223
17065
84981
78297
55212
87053
34741
63448
15166
95504
5100
11927
72621
6972
55194
78499
2233
54507
39039
19404
73710
80721
28629
61018
38361
89017
61508
67859
84904
11298
12542
41256
17375
92834
31618
2179
29852
77915
37403
47040
49682
27928
57535
20302
69448
54241
39285
37820
68945
77333
49069
92849
34302
84620
95441
71987
91729
97781
12345
71869
86858
60061
65791
6317
96312
25545
7966
21107
56415
82790
94196
21368
35094
80158
82322
62734
20160
50939
264
73555
89492
95277
97983
78982
76019
49325
54864
91834
20045
87702
25757
23351
59456
99456
81669
76713
59943
33799
15256
32787
2312
87120
21897
71636
75322
34116
75473
48006
53954
88565
32083
23166
12512
41237
50613
39340
92701
81459
9207
49570
23730
84606
19415
72537
91586
92232
65249
9925
83889
57447
11669
90263
90024
5985
70953
15151
73911
31357
47543
2781
62762
67677
9721
93353
41292
31428
37211
73173
31653
20310
42353
22325
1260
34239
51927
33737
60075
62674
77109
51921
9250
6393
48714
38555
91406
65173
5195
37924
57194
67217
21139
54794
13314
27883
27514
72824
87446
39307
78928
38163
61335
22536
61172
4906
60484
58270
68095
55613
37595
11104
49418
90306
45175
83523
30907
92297
24161
81455
56904
51264
64346
76119
30307
66090
33100
14805
89826
31564
68278
48697
98433
9966
22076
77915
37767
37337
22609
78147
1966
49882
35246
58272
83680
33564
72358
90206
39477
46576
19999
24288
79232
25513
29699
43237
64423
86465
74183
1656
67838
78190
77266
95824
22260
22064
22792
15882
3148
61851
18458
41201
67299
73948
40223
28742
18386
83979
96415
44573
63757
24453
39034
64111
3061
28254
60736
68460
63561
5703
38100
55883
63955
91744
28529
89628
18889
89118
9397
14304
93849
48963
26447
43118
78956
93173
55399
2308
74460
33126
99630
9167
48715
44661
31941
391
87461
31863
52212
29405
24482
34391
32246
81836
88498
5975
89677
3040
58873
63557
69875
4864
2603
85795
4408
32251
81848
65303
58384
459
4874
46654
95911
19888
57174
91286
85301
81205
69203
52533
69164
91992
85228
1438
16599
91382
58579
36584
87298
81487
84748
65905
4066
33712
42799
25672
47294
88338
69205
91297
35330
27758
46006
27650
92540
36019
63083
86305
58189
9060
75400
63772
72796
94160
27438
48178
40653
40148
55405
88983
29523
67782
33292
51045
82597
89928
98976
37036
74829
16135
96658
34454
2892
41770
63435
84311
36838
88864
83648
37251
56323
39202
73878
48242
33612
10378
41694
69116
50824
6722
56048
25804
35322
16662
36968
46438
92070
9274
55092
56709
7876
64636
73074
27958
57408
29466
77075
60708
85296
87500
90290
83058
61080
71362
51832
64112
99191
78231
39699
79158
46469
38362
364
40171
31934
89861
36151
33277
63976
76763
74421
96577
76835
22856
91730
19260
46654
41497
45568
65815
88664
59876
50039
55024
12923
27003
81501
12408
38934
46782
17418
75786
19921
97107
16443
10163
2954
60351
87386
97480
42776
73202
95170
76458
31539
94727
4424
48797
20304
63210
87680
7823
18180
73857
10012
67255
39035
10788
32555
39560
35832
98863
80312
56576
26162
26197
55990
68977
80396
34052
16691
8327
42873
54189
68032
88903
34356
23252
10115
58270
2438
73330
46149
29687
42672
68314
94387
77746
91014
90890
77270
49304
65471
92449
40315
87228
92185
5456
65829
9140
29247
26719
93046
29908
39666
81545
30760
81943
28625
18049
49078
11504
50353
83279
84151
27155
55376
50310
44085
77611
96869
19303
47989
16255
41600
40791
16132
36608
26301
7706
55753
18572
71242
36509
27824
4589
48351
96912
57059
84398
49202
4486
88198
37790
92921
16432
28033
76713
96517
65336
75489
52865
85226
11725
72949
6581
27585
31938
76009
95646
31969
53036
88735
36248
61545
92034
77124
61020
98709
74733
13592
74231
47825
71706
70121
26764
61670
93419
66892
80987
6064
67311
77806
77855
98543
89198
48053
80236
42522
13406
88198
41374
50093
7541
10264
12763
33556
93299
9455
91750
54950
81355
63827
33427
69805
99448
9334
84971
56119
8007
23480
24677
95146
52630
17374
18746
75567
26257
93760
31544
35712
59990
81188
44660
22399
72907
47312
60509
57129
9148
15077
66951
37069
42803
85211
72513
58839
29553
97291
2059
57513
1707
93580
58744
69155
64487
74888
86487
11402
78237
20473
30433
89067
37961
73080
74107
79705
34188
61703
76242
80104
75144
65762
10920
6251
25285
51053
69010
73541
31485
91275
69826
54931
35583
85452
29819
39547
66379
25026
71316
79899
51501
98894
56530
90071
57607
11574
58080
22824
22235
40691
2437
11161
75645
88562
62678
54827
3237
96486
97603
9678
10525
26168
70458
7499
94389
58267
18781
46591
10536
58757
4806
42094
91615
31154
6290
82866
81701
11776
69534
76471
93323
31811
47319
71030
89136
68590
69450
88894
97791
43418
18261
78631
31185
49716
72558
51645
96878
4781
59052
92687
90515
97124
59917
83662
51829
83306
1239
40357
6488
88987
68617
65123
81835
21883
84069
52874
78298
57554
98752
43903
40077
51495
68440
40465
23358
6089
8857
19533
44303
62660
11794
3738
55468
37201
51360
57239
99391
66963
47578
19039
60701
45807
47001
43176
11603
27476
29561
45915
82717
27790
34110
53719
34785
19217
11795
39760
39137
37896
47144
5742
38830
25837
17450
35999
19097
83007
75822
77104
86442
40669
71789
2138
93774
67567
36288
95525
63042
57071
61248
68581
1277
12507
88855
48775
44823
88411
29693
88752
65509
83728
56363
37135
92269
59026
63380
67189
80195
72303
66228
10700
74261
96161
39960
59657
27127
13700
492
97826
51331
96782
73089
40632
1358
73129
49300
48596
50031
41156
67884
30109
39570
49051
70028
21635
36582
9691
98195
61458
54122
98545
8791
3945
12744
19458
3209
34125
75823
8996
37704
21646
12833
66974
85355
76544
2320
34431
93417
86989
48542
5335
40006
57658
49642
12654
81730
79265
52710
23503
51201
92931
55344
96293
38062
69557
37660
78849
82269
54354
27257
89852
36498
70594
33426
7339
7071
40937
5444
18088
72403
42342
83772
46689
20166
78705
29209
98188
72289
24948
73722
3401
10157
74082
22897
39275
49702
7323
8010
43354
81595
24374
63253
7433
16213
14129
20042
26167
87487
6835
85913
26638
38761
77405
30012
51680
5978
8512
22032
48026
44000
31318
96680
91931
25677
39527
27794
34945
62540
97468
66224
38425
38721
92216
52042
66583
65879
37391
920
98420
61568
3691
9388
39510
50950
62295
12630
32740
96467
17368
14556
42310
82465
6611
6111
1244
62107
7887
7862
40993
19107
41541
84151
62723
75270
2857
9491
78696
54162
16428
59003
68815
70634
31748
91967
24173
64075
51937
24983
95809
97093
47835
2530
62968
71242
72574
61155
24251
51171
97905
47043
41945
82237
67812
54237
34576
84686
43641
35273
44706
32939
43461
25925
66691
64037
83017
36856
32869
86311
33790
81167
80909
66609
59337
78822
82951
94399
48216
65187
12085
49509
96408
64167
30950
92577
93105
62060
21383
70148
12018
80779
83539
37588
40853
77185
10142
36428
37236
32685
37251
31413
85366
38668
55066
23206
5637
73121
75219
70028
6114
10350
39867
90410
3180
63960
16816
69434
85041
26011
10568
32525
20711
79763
34064
92699
15366
51415
85209
53678
37028
70783
95941
23679
2565
57865
78985
29894
28612
66078
15209
17586
96865
19240
28053
78732
36167
99527
94684
16762
18397
17490
28107
67422
75538
72408
86173
82261
82722
79835
6659
57723
23592
60685
45382
91031
84456
15955
44
69666
70645
12792
59799
90981
44362
54152
88753
91768
39986
46050
35449
76349
43706
94048
62487
46236
21499
27669
21489
24090
65216
34078
50723
2402
2475
42696
59260
11124
12832
26800
1091
85978
54521
7277
26409
2881
35431
57127
82986
21613
87656
56646
43858
28109
33677
46383
56350
61090
95809
33526
35187
78368
98371
50384
65993
16980
60724
99405
95222
49666
34500
39423
23199
83432
88788
22821
65783
44332
86685
75584
85434
17239
60691
56946
76178
36732
84244
45052
4878
5461
6512
70539
50756
36978
30306
20960
43895
17304
21806
98480
79620
33985
34627
96564
55810
47384
36055
31349
33862
42889
4940
74306
98403
46630
70351
85639
23644
45263
62320
74408
1036
37466
38845
42451
66925
12639
64960
70059
75653
96094
35352
31899
67489
76875
75904
65430
52147
64993
74566
21623
73920
13701
50834
8376
17062
84914
11814
6767
15358
38608
95446
97016
12854
41130
77762
48336
80334
49749
86791
95775
83150
2493
37872
83505
8086
32743
89744
87520
89108
89919
93037
84687
88589
31618
67625
57064
71416
39600
44839
5754
62367
84451
46722
52723
51082
74458
88894
15851
59899
3763
84310
28055
81106
50998
20070
3576
46129
58749
34101
69078
22269
96575
76463
62305
78554
97562
69957
27080
48800
90794
92890
687
55459
49516
7439
4079
8140
3824
84636
14563
34590
29790
89882
3480
86738
49563
7084
11493
43695
82881
12966
38235
96830
44380
64208
98081
87086
20485
37500
63129
26960
47144
25083
96111
75090
87945
80038
28728
51283
17197
36111
263
90349
41677
56384
73167
63079
13801
81078
37307
7216
36209
16723
93655
2976
35575
70767
25832
41713
86160
53181
80801
28156
18549
95852
10598
81813
40100
86005
48841
82150
84577
65445
28778
45015
11671
17659
6364
56595
42693
46359
44841
43103
30452
340
67217
94916
38900
29019
12817
30504
55131
61071
92525
76461
74619
19318
78056
91139
42076
22235
11344
5370
15879
24604
11925
1851
4740
1052
80218
13411
12808
15258
95916
1662
44576
46004
19039
69855
96693
95196
7603
24624
63031
91133
85635
51202
90043
45593
27229
10732
54740
61793
17377
83851
34435
21800
34045
37032
35727
26283
20827
94841
64047
45872
53615
61606
11489
67588
64677
2579
46968
20940
89906
95368
29908
85639
65971
58071
86798
15888
33622
32683
23454
49817
3800
26449
6051
25814
92782
84238
91724
32526
24982
40635
71081
4074
49108
72495
92258
63405
75955
33166
87204
80074
68149
68285
40702
81237
56885
74600
93213
76341
51291
16737
15654
56460
56403
45970
1859
73224
15452
89749
22686
38824
90371
89263
7623
30742
3201
36062
93427
33974
41186
72093
34163
13629
55368
61558
83105
4742
86626
45308
6228
53674
16178
29178
3902
40413
2048
68567
47340
69509
31675
73011
16256
46757
35768
22952
19506
83510
22526
8750
36562
39140
99970
40100
81286
17258
60809
74811
31290
86903
29225
70568
21031
82761
27925
60963
46223
17482
59134
56464
59658
40045
54996
30079
90115
20970
44455
39530
87229
38315
77825
90568
90914
38346
54389
46956
32433
87183
96481
77567
39762
76054
42598
31073
94061
69324
13270
38891
86383
26209
20611
23896
16187
44084
50190
481
81132
86144
58357
42978
6684
66016
99247
40113
19361
22921
26307
77200
75458
78755
73525
23374
78707
27060
53029
5972
12342
80251
73785
39454
19843
26803
25768
97976
22249
62326
93189
70869
31265
79531
27966
93673
86077
74104
40130
56680
70988
39549
19535
2262
72713
41209
11193
67900
58033
15893
65206
20834
37829
71368
65664
98515
2248
8543
43430
14824
57857
61872
47703
23205
73601
85570
78479
38690
67496
52983
74966
97014
65612
84816
19017
79935
84617
37464
55231
57120
82886
7064
63703
19384
93269
7869
67879
44619
32226
55371
50146
3973
10539
32197
22800
38921
79470
6993
76369
49435
76279
90927
98559
72527
23031
37020
73841
55656
44273
8153
48020
3192
42141
85388
63593
68871
69187
77159
42798
50466
2825
45759
72665
88734
46422
77554
67332
29374
93675
73658
30165
51332
71107
83468
34021
65419
55796
19538
27735
91982
59877
28328
76515
84240
98773
86701
71754
16895
84229
24415
61954
44898
30510
74903
18927
97388
7139
54104
969
44544
98067
32176
1988
67291
52361
48907
30229
99580
18323
21153
57798
67634
24032
18082
91017
38122
93177
32745
8065
82986
40996
13847
73437
62850
65443
76686
10155
97057
9958
88511
99568
72379
87250
93088
31344
62559
62507
7926
12488
67222
39003
90293
5999
15251
75377
54628
18440
4825
2214
85855
10072
14065
42156
25698
33405
47869
76756
89362
48483
44735
60534
15208
31043
44189
29977
43263
543
18275
91962
99825
86172
51519
81381
93578
87782
29674
75142
54684
33988
49884
70722
7263
75135
23683
58511
85541
58253
22541
95944
33288
5850
56949
44574
54478
80550
394
86024
66325
37850
99411
90580
84675
43423
3632
47877
70680
29055
21201
10295
61097
12572
37967
59746
22547
65500
35493
99687
21178
15423
91716
12169
25527
15148
1860
73007
48625
55946
92472
58396
88652
37947
16202
96436
42262
622
75162
86122
32579
86239
25596
78511
94970
42622
21629
63148
78899
6527
63670
82267
11322
94884
2829
2003
55326
96977
3173
37741
6210
25514
69819
69701
37273
71074
35674
75912
86406
8405
94218
30259
18063
66461
814
83677
3835
83176
26770
8119
20256
36097
6909
87263
10656
45877
32048
3139
99001
97231
23765
73738
57319
22978
31343
10068
87961
94338
79346
29373
70105
71220
8901
3298
12506
90817
63175
10360
74877
84580
36018
74533
27397
76657
12906
77378
72699
69695
51453
60768
43699
41535
47734
89354
83310
86442
28297
96956
40977
98917
27812
53030
90644
23259
44113
67836
54035
2633
95263
66811
59439
66856
65314
70108
9110
78404
97467
14048
81220
94774
84632
91723
59894
43892
82949
37052
86361
52075
92485
12818
88703
87395
48843
65346
29394
549
55280
19137
25847
19734
1683
9371
18874
89628
59140
87663
4525
4934
84621
77729
64630
67976
57308
36841
48968
75721
39404
18417
87035
22109
26819
81871
86727
84212
32214
58853
79862
7758
30499
99498
18104
41192
11218
51727
82424
27835
18131
14902
99045
70641
18395
48901
61206
3116
75594
21854
61209
63099
56632
46381
36088
48751
18497
92962
96633
54571
27075
58164
50313
23418
49886
66679
98867
88509
52500
99443
43739
29834
76051
43983
13024
2471
76781
32146
85170
19823
48085
93446
8129
49770
88267
43071
59539
49352
8229
14885
6923
42594
50204
64803
1326
6475
53420
16086
45148
68148
56934
27077
88187
75017
94604
51466
50106
76783
99495
18171
96843
99558
61975
86665
5835
35687
55184
5425
54147
54892
77118
76260
19065
85291
22241
21720
23679
92164
64260
31239
6355
21569
34384
63668
4192
88823
64722
6121
13479
88364
21485
87051
14437
15174
60846
26323
38061
41227
30475
30260
57652
50314
9236
56626
14858
91144
75338
9584
6367
81849
50846
87687
76227
56769
94152
53620
52153
42086
44749
73622
87305
53777
39602
76014
50021
37624
76485
83175
58112
15584
35323
8417
43049
94991
58504
13397
72141
89392
46630
74054
23344
98629
86106
75099
28464
36815
10938
9751
75843
866
1526
2967
50917
56135
94220
92555
54562
34535
9045
77467
86642
79681
78423
86906
112
8797
49045
52261
56459
41056
88033
47989
44948
18749
37944
6841
84833
62214
24163
10583
13545
58096
96547
26300
58905
65028
38743
4547
6293
21632
44995
50518
52886
41409
8747
44175
42485
7185
30711
39525
35687
84483
14474
85284
65823
88342
50697
81943
63829
79834
32843
11398
98677
34126
93855
30147
16343
71557
36225
58484
74058
78113
63874
17594
36833
7934
54990
96123
13957
39350
83621
12671
56343
74042
84876
14312
87158
6671
37671
96486
54920
11370
43515
59665
9297
29467
48281
50918
11728
72386
6695
89823
75801
19920
59426
89199
43775
48434
99954
34478
46787
73111
12905
66370
94247
11159
18253
19816
22768
95097
87411
59359
12734
90905
93222
30608
81070
7780
85911
3376
7569
15089
88838
36704
33889
83836
47912
15331
62031
54722
85130
46190
21717
41058
87149
59751
48812
58964
63913
60874
3730
38521
42542
19875
75151
66254
99158
12467
29892
18216
78732
13455
53511
26665
69305
62358
21569
6534
53566
49867
91939
22602
48609
45996
92352
18318
88103
84104
15966
63793
9593
52314
32427
80614
92518
40392
52083
72505
17492
80310
30194
15981
59827
3436
69244
67774
76538
3216
81295
18284
20770
60409
93942
72546
65639
45846
87088
268
68124
72980
35932
75818
47557
63155
64347
29754
66156
42622
46870
93172
52314
35904
28217
12365
51825
61638
92629
63558
293
74617
68831
12136
16177
5430
5824
35742
70537
46774
76603
38386
8980
56392
13652
73963
79210
95060
84112
3708
99974
94528
48193
59615
11769
48845
80525
67994
42506
25370
30629
95667
29335
61009
79242
11666
53281
92610
32114
93870
56288
66075
46873
90462
80821
2631
97454
50427
64089
57425
68204
3367
60847
74115
33394
88509
57129
61650
21979
10329
3358
76280
63667
86783
51140
80977
23819
61986
37582
55193
59774
64546
97406
4374
5758
98224
18570
68388
95736
69486
95064
70962
47901
31466
1972
88823
92780
75080
37697
3567
59689
11800
13299
84324
10990
44674
54277
25577
43065
78300
5317
81979
7105
74405
53906
83638
34548
81604
38844
18073
50828
24650
18416
83422
86001
98152
76074
44216
62072
82436
95291
67489
81623
38806
20543
90898
96644
27164
74942
72983
40881
68454
68531
69537
98022
87871
89338
75171
92088
23957
73254
70590
98511
64198
4126
34851
74307
5302
91674
21185
18622
196
16617
61226
66597
11172
17386
78231
8641
60994
2724
65550
89930
9625
12157
69243
83001
92600
16748
75091
38037
16416
275
67916
12077
92400
80185
63875
79313
19887
28338
50509
3419
4435
63753
80620
36043
39561
40200
49980
35930
56738
73537
45787
3389
17041
92273
25559
54905
95942
45965
7401
49131
92908
98407
80087
74925
8337
11995
71762
78240
37547
86004
6315
73370
60992
4918
22513
27352
78379
80210
20305
23019
83794
36137
55320
62686
35777
72718
19164
63113
93234
76638
26994
28609
11130
7536
68157
695
54156
34773
93742
66305
60653
11865
7375
68413
34333
35836
94407
97214
78557
41539
98650
64304
52264
21177
50111
64605
32218
64069
42469
1780
49133
26942
88840
87509
14359
80547
34454
86863
73562
543
91748
19245
34476
1174
69774
38110
86778
96953
45057
62597
31247
96414
75051
83586
97712
56085
26662
70651
4045
50488
79584
48979
81760
29393
93493
16600
36401
63848
48961
86268
15875
8249
32741
92522
49346
77945
44841
28209
31977
13284
3180
29761
12125
91934
81589
94806
51535
53636
18776
3745
73993
35212
58312
59681
11641
89353
12419
52996
29490
80411
86241
26490
34546
13790
17857
99818
21478
85300
19576
71414
34383
6482
3222
18310
40519
43945
26834
15229
36717
13692
59068
64353
54847
92667
47850
81065
99440
64658
93340
19433
78889
40366
96374
84504
49502
18085
95415
38427
88229
90768
50109
12245
22620
92746
19302
77200
94224
68302
31014
42873
25117
64391
33774
12238
58191
14057
96295
95549
60269
93219
44464
20994
43721
25524
67071
9070
96486
27327
54278
97615
89022
66802
57924
53791
14757
98976
87356
84799
16716
66706
73329
76911
5617
79729
56840
266
58989
30947
40851
27320
66289
85735
94891
61416
28658
9793
59038
20495
47844
25878
57823
41410
97122
61907
9753
97315
68186
45744
95539
90676
20384
26544
7904
58884
55472
73200
47575
77306
98831
88582
61264
91657
73166
25190
42217
96623
67182
7680
96847
26920
82554
79133
58197
38966
6049
46693
65787
66570
26951
82656
34117
57590
4770
14492
61383
57104
93337
95276
6939
19656
36988
88784
73189
34158
7067
92613
33792
98411
96686
64052
57884
32726
3324
41889
80646
89397
10531
56550
33991
3350
25666
93737
78996
83394
57696
2761
91531
16217
77077
97707
5431
50222
82438
36125
26285
48426
20462
14240
75127
88043
15429
89053
52458
35300
61925
82339
82094
61461
62056
48988
49279
21695
68887
98565
94661
55200
75129
68771
39217
43217
18974
91948
92918
37428
67151
91653
89857
86121
10264
63790
29847
72879
29725
99407
72337
32322
71133
52081
77143
25718
151
80211
78613
7282
90168
56776
84483
99283
1794
49266
25491
65155
69051
9672
26452
1284
42694
58504
62936
27196
93465
51195
84136
56111
86279
77914
47278
23477
19036
10058
28859
97880
40604
85887
31490
13229
28542
46601
21487
96172
52299
31226
70006
33941
38070
80134
27849
80322
78690
48126
66044
35375
26860
51870
46103
95071
83297
5142
65889
43237
38098
23072
35526
76607
69250
64561
87225
86842
76579
6787
64172
4662
68793
26761
98768
29696
10789
47862
46556
96864
97128
66228
62278
59097
78306
79413
28539
94395
84877
98349
34853
60507
97281
79947
53916
83528
83897
81914
22522
88046
32665
98871
75757
27317
63781
70448
46299
41316
71536
37967
81317
53018
61766
63222
48706
52168
51522
48958
97123
24122
99006
79072
397
33307
31362
95685
28274
25809
85800
95723
9230
82708
76253
99079
52819
77041
22010
15389
99195
68876
54280
88967
76523
78306
98452
54440
54929
45900
25300
66011
82125
88692
73361
65790
16113
29742
57375
61941
15236
8795
39176
21176
69582
27968
58513
64051
10997
88975
27493
19626
54982
18081
78535
86753
59774
37000
99481
94844
77108
17314
90652
10206
72407
65158
83426
28615
72948
96442
93084
90270
60561
62561
13362
20887
97529
69639
57636
18456
65611
15889
78057
81654
75522
67977
7081
9844
64565
65298
77302
96641
51829
21654
15410
88972
42068
22840
98656
54893
77451
84812
2669
37789
51162
92392
9406
38772
71144
72221
63416
42260
1466
55767
66321
19598
67343
87737
44104
35443
64692
33482
42536
92518
4238
73607
41158
61016
7837
63468
18856
76468
11388
33146
74821
24259
5070
78361
11764
38019
30340
45458
56123
37066
7932
62208
99566
73752
35859
50151
94606
32806
74069
18966
31644
60471
35902
47015
15341
54010
3876
47401
30599
68415
7819
56865
96727
87917
80688
37210
60567
9858
89742
41348
46308
54357
21315
90945
37060
46677
13136
44349
9288
71776
51610
44173
44098
45786
14631
51257
26890
7999
88689
93017
65225
84221
95218
73200
45928
17186
54130
54353
80566
53366
38265
10793
84414
61832
35444
14962
11941
39580
9608
52646
3232
6955
22012
91120
4130
93780
63982
58532
3838
29069
49384
76286
17061
9286
89127
27461
23055
20899
51699
50204
14780
80781
4897
47930
76142
49890
83125
78268
82579
67841
33570
83598
21672
66471
83692
94240
4801
82702
50027
84367
46367
81543
28482
9518
78489
83614
27181
79906
51023
4845
15477
91852
51490
75416
56094
66655
40884
8565
69748
44771
30371
5116
84963
14630
22520
19547
35777
48108
2078
54228
40947
15008
75732
9166
23152
72052
15031
9019
8204
29018
75682
7345
34292
99832
84758
91891
83055
8465
7821
32255
18377
14642
8290
55614
29049
57089
37376
79866
4460
11221
277
46970
99545
65771
10824
28771
85449
66611
82863
42898
69975
46482
6514
34878
25382
58672
95634
3562
5079
30365
76866
44
18654
9290
17296
38784
57205
18145
90465
95248
74724
77843
25787
13796
27143
20655
15369
11564
51054
59735
65356
86597
85775
83646
59648
85617
12768
28249
73206
46907
33499
47527
74714
23847
94071
22925
73619
28011
72528
31762
93006
93369
37752
83749
705
99824
65854
59172
69365
39730
52615
42157
32452
92974
95162
609
80013
35810
36200
65795
28831
80542
7640
74687
86271
29199
50950
40164
94127
20175
67840
10119
36009
45180
9335
99394
84331
40520
63369
90262
10949
24484
7214
35551
82260
91727
32442
33150
57225
27360
85877
22419
26601
48569
22806
54543
91077
43103
83130
22869
68563
80516
85736
13088
19599
7123
20917
30314
92680
12686
8094
1632
8758
36454
78902
11833
86415
11693
33618
89338
2915
26687
68403
35155
32702
69407
36983
65680
67702
86218
5318
96268
1480
88318
39782
94289
27889
37178
95881
86246
50541
4498
79543
36771
18254
23379
14156
2586
38841
91272
87863
74602
66370
23315
17524
1459
63468
63068
52348
63333
61616
49651
48868
59503
52837
67171
5235
26466
81215
59696
96684
45087
89765
87834
58154
69079
5182
1666
368
70876
33476
35126
21619
2422
70163
484
72924
55409
21125
71513
66856
85629
86386
29612
28352
1543
14635
32836
42523
55426
17855
86399
13056
36812
7703
3531
45926
33004
80326
73716
73458
32123
64240
717
85900
66437
75678
86668
41642
50916
59938
38689
85510
36787
81076
37366
15362
89971
44047
75684
48332
27898
72383
23609
94424
89186
38865
39663
16181
96197
98397
61734
56123
42604
73589
4555
19893
88678
95955
25434
58249
74624
52084
32816
8729
98969
59782
97593
33228
13511
16184
92611
72131
26965
81753
15035
13387
41628
39231
94010
82838
86559
53827
52998
78539
25595
91415
98768
39927
44418
17494
67573
77722
77690
52908
97944
78005
90913
11895
89764
7702
61168
53249
68151
14111
99173
28062
94131
65360
20092
67492
10479
73668
13906
57928
53507
14163
52385
61851
61559
53004
77224
56135
40044
71386
34106
34451
37446
44198
41797
48452
44401
49144
73337
41147
81745
48893
48075
94755
87686
43518
26017
30468
1429
1927
22486
78671
36403
65889
17817
81491
90570
37040
39911
41876
39798
17188
19764
58786
33909
75108
38627
76880
56638
36413
88768
55125
98669
33567
54321
25242
79162
66591
4430
58781
50486
49665
51234
14370
22853
39983
50095
87444
52630
15249
12026
65532
14769
89946
94733
34324
93716
9571
66360
96398
47032
48736
15356
34681
79851
21433
51111
99324
49438
60026
56071
48684
22615
23988
99339
20909
6995
49804
42047
55547
33997
5674
24642
44318
70348
3059
19992
64086
5875
32054
54348
69647
39906
29525
47940
51445
62368
49371
21501
63121
21089
44060
29592
69467
9191
94741
38171
39079
26995
63144
46817
73466
16549
64683
71455
59395
63537
68176
76821
99194
60168
39904
85928
1102
20455
29601
14420
57524
8510
71000
21725
63186
9511
92412
40679
18207
55093
53717
96695
88453
91188
83240
98250
18049
74042
20494
35849
8892
12091
61899
27576
80133
80591
65711
25058
57508
72117
68949
25704
58170
2737
4515
11462
61687
93010
37193
41732
83466
15283
7357
18164
57108
23204
34252
84446
62919
58622
45085
12792
47632
36994
17932
50692
21596
88080
93665
78765
42185
38201
56002
79343
24274
36137
97558
2031
62333
332
41182
23112
37236
38490
92574
23906
40538
13886
72970
32784
52816
69292
71037
83299
78967
94345
58640
47048
75786
77295
90159
47423
3110
22282
83952
64738
43417
87826
86953
83546
40342
25457
54944
55983
68118
95689
69989
53533
12522
45116
29039
69843
21600
55012
66719
30853
74778
56068
21051
81158
72329
34748
83384
42519
17522
35127
73862
76203
16201
78584
55974
95088
70271
27173
17116
4255
6504
64502
75337
61626
94032
87263
87535
37312
44719
57442
26035
15939
25428
46640
12852
69575
88493
14618
31454
58293
44268
53491
90429
578
85558
98583
39756
19215
44838
2711
74304
41934
92222
86529
94596
53895
14448
47012
91024
68267
1805
11683
56192
39489
43659
894
17832
60898
29248
66943
78064
68426
76316
81103
75076
79928
57533
67277
50259
87634
12262
56116
81231
61365
43952
64680
21440
83466
50985
22815
57947
81669
19146
21295
96414
69044
51784
3756
46280
55805
14439
2033
45139
73887
7770
60340
9795
53326
2076
6284
46562
67165
53175
50805
5981
83407
88209
81285
43612
97424
38608
19310
58859
80824
98625
54178
89810
35480
13393
31152
47622
20339
82748
89308
91184
19602
78883
89794
63588
33228
70640
55283
86194
19996
46338
57936
9004
52547
78277
28243
64694
26870
27326
45275
2476
92261
7133
43353
98742
79856
38495
9137
6608
43354
11547
75551
477
48284
78021
27384
62439
4938
90846
21978
55189
72754
67038
81309
3072
71200
90665
91643
19104
93537
719
28350
26578
31416
34701
66038
78643
97301
63614
81918
14626
56228
56593
89719
62708
57385
88019
65323
62747
56219
45118
40570
51895
98558
92683
8880
99587
41815
63245
66050
77577
66490
53778
47116
53883
93110
74356
62196
58198
76710
78094
90400
46111
27436
16459
34171
52624
34705
71200
5248
41940
1730
70989
70197
32782
79423
51627
55328
96113
80384
24035
88792
15775
44883
51288
34902
65910
67737
90290
73328
40805
10104
79386
17621
67517
98867
90780
59022
49593
11140
55921
53988
70212
31922
55273
58627
48928
27236
25034
31290
10219
57343
91263
77783
41939
22037
72872
19501
90246
15753
2707
87371
5012
17800
83559
76073
26301
95158
86845
766
87319
88195
95220
66489
38122
21617
11241
82314
83183
95055
80526
48032
63029
71370
94155
4400
9200
81894
92723
22854
7203
54242
93514
15390
64719
40804
79610
23926
60251
11246
88892
79524
65632
13488
1350
26051
48649
66254
48745
65119
74657
70671
47770
40849
58731
94882
31569
98611
45434
10102
4197
83420
17206
4193
22101
18274
67081
1663
67337
3795
57900
90651
99580
33684
24419
56145
61507
61910
56607
23428
45025
41403
10180
7445
47464
89409
90525
59517
85492
92815
73076
32828
69389
9950
46129
46655
78718
81640
13432
12003
48649
53251
80435
82491
98788
48632
9274
33629
42642
71585
7516
96034
89651
27155
91083
74567
96825
16357
21923
47226
3247
12263
75748
20450
36825
11670
41478
89550
13904
42120
55313
93529
82456
3272
58804
7129
77966
12529
35307
77679
31274
35874
41981
85200
63814
41756
52282
62225
62680
62587
25449
40621
49974
65916
5362
74234
25732
42214
1350
28821
86593
88590
8375
62279
22068
13426
32465
26973
61288
77327
16294
474
27563
78247
72803
60932
18556
57307
89246
90449
86108
86162
33834
19858
45186
67946
32596
75415
37303
21752
32703
49848
93957
95196
39619
54081
85081
51517
16140
8765
69031
19706
70335
49706
87828
28026
68393
85358
59206
74089
32564
3573
907
71167
15568
28116
15302
17756
82241
55951
27346
10696
1188
21633
48741
6876
8321
87886
18711
46590
58347
79336
94358
33998
89804
46221
91181
42452
89186
58416
34079
92119
61352
69816
52979
8436
46383
99977
69328
48838
54165
79583
97289
57119
45840
94360
1241
95787
13616
54486
39736
10372
61635
80495
20786
69277
70788
72086
67609
86284
42799
39620
66592
89483
3340
88851
49464
19598
55271
88066
84399
234
62774
13354
40053
12238
75401
17146
84763
54640
19279
82483
85874
87334
20581
77473
79467
18731
27637
96251
77108
26126
84831
7202
51460
97083
73439
16862
54303
73416
45883
801
75189
5417
35775
34800
5021
98622
83857
55639
94363
67465
39706
70604
3043
6700
93319
8035
10614
27599
70575
81683
10442
30807
95472
91070
13904
79554
35812
49952
50014
43813
44933
77691
1880
10820
23491
8154
18806
43784
62412
57199
50836
98132
89642
48735
7482
80638
63195
54333
58676
83257
77532
5536
78717
63628
24916
25509
43163
90579
14731
27679
7816
34238
34851
24994
89636
37260
6598
11301
38668
71668
3964
12609
67644
87649
74367
19365
28938
78799
81144
20975
74657
51926
50174
13418
19716
64494
50673
88966
28521
27038
32492
52823
61177
11489
18640
32790
91600
97272
89523
49193
59023
79230
57297
3224
69478
49142
88918
66411
9587
41044
98889
57538
67267
72719
72142
69808
63659
72708
22169
3351
30844
34224
74271
57707
36411
94830
82891
66431
85593
980
23060
31078
59751
37933
28585
14766
37144
32364
55769
17195
78544
71029
16478
65187
74268
12772
69517
80591
72166
75965
34794
93885
91982
14739
46724
35079
79741
65350
89278
52382
31256
59779
42959
9063
95347
93834
2057
19118
76344
11186
69719
87385
16886
99720
73189
17443
16311
14053
97388
46275
26015
25892
37252
8920
47114
44394
60616
60189
28078
62624
36628
26046
68520
48079
48018
6957
96258
62301
51889
66641
47122
24692
76203
61984
45923
78030
45633
38703
5812
84448
94756
26638
86845
86413
13282
82446
18412
44567
38507
15283
15456
53832
61137
68795
28170
19504
33597
82714
18906
20334
5355
16067
88029
89289
37071
5278
45966
31910
35689
80185
68085
44335
42513
37521
70561
55952
23422
87546
74866
46564
3198
99769
39239
33435
34976
13843
84949
28587
62605
97811
70649
95128
64532
16377
65392
22300
77427
77723
80545
299
26764
34564
85581
40783
78467
5493
78613
577
11094
70297
34028
17500
59227
41798
20518
36184
35550
90866
73262
80890
40952
83211
76984
58358
28361
68289
34522
35368
35348
88971
15114
91546
71787
80237
22280
98501
78815
54870
66145
78356
72187
45196
4629
23225
89017
43859
24890
90738
64359
86220
73975
82266
19891
63609
73303
44824
52734
34064
92579
39176
3306
88248
88401
15216
71587
66684
24707
56789
74554
19102
16692
38878
5306
27250
21175
84992
71007
15099
82221
90217
84733
15637
67958
96827
85332
91573
99389
51812
30130
18349
82834
65889
94694
65422
83439
23365
11943
47796
66694
56993
41149
78204
50682
92623
59696
15975
46500
78279
7583
25693
63017
6908
80267
31048
9798
21924
16380
16818
22022
61159
34465
22684
28855
47087
67626
79580
69451
32675
65988
62827
47554
17671
12646
32643
90186
68621
62825
30893
26935
28540
69621
71282
61306
39604
6521
59862
83094
62544
49057
82073
93241
9091
86411
68742
7741
74378
43311
84971
41704
98587
61323
85053
84874
62256
80596
44121
56119
35205
63211
13940
83472
67891
73653
36440
65988
58966
67255
34483
32100
55754
36184
38674
62298
243
96354
53590
69501
73536
34461
63088
987
15076
11407
98254
18755
29444
60857
15558
57392
39330
90359
62660
41740
85587
89849
62499
17612
3672
12910
70014
55233
25777
32730
91311
58829
3986
16669
17436
99278
5571
71210
72209
11981
56407
61853
64721
43318
99524
31696
1869
38346
71978
6151
36177
68094
2687
23737
77238
49721
66746
69331
92957
59692
29465
38020
67446
4667
81720
59345
99020
86421
71980
2473
23106
58386
23638
16367
37583
68879
99155
96369
81334
42293
12577
9294
2987
8619
26564
38958
33813
55478
32263
98872
72279
19394
32262
10034
23132
24819
48716
98909
84390
92776
7535
5082
72628
80254
69431
23371
75898
98966
14727
65589
84330
81303
84755
38279
30317
2677
61126
53732
42692
75593
76048
69931
33965
25752
47393
75120
92121
58501
69764
85737
10601
57319
9855
69778
94197
79246
25473
27494
17246
7803
44968
79744
35042
93245
60790
95790
87506
82621
39954
20799
85145
94458
96340
37279
79650
32761
27452
64846
54132
41191
44100
54136
95194
76018
87261
4274
57996
59968
80028
52527
74425
51442
98791
3607
92482
28071
9714
86082
815
99513
83978
82844
92694
98302
1876
46891
92696
32100
10351
5832
21623
64207
48070
59455
13820
87698
94453
20692
96616
42900
52828
6266
79683
47986
82881
95799
27744
18994
42161
18152
34606
73392
33081
49857
72272
63404
64659
54994
29587
42451
18324
34810
16672
3030
87995
72098
48322
66383
15263
49940
24769
1207
40557
97693
42829
29716
70856
7689
4625
57061
52555
64047
34101
23411
17190
29589
93299
78870
20422
36859
81967
67551
63497
54768
34013
35250
59938
24264
15503
67268
68325
52065
61202
54692
35396
96408
90157
99499
26407
93867
54255
38254
4103
908
1016
13796
54168
31270
95730
29459
95195
6213
52729
32971
48310
73996
9880
75894
42908
50438
73216
73866
87043
56191
64055
1704
52698
84739
19019
9359
41911
82020
93941
7487
45734
78222
45447
69273
6491
91340
76241
3636
17333
57694
26057
4052
4425
32749
20522
28217
14906
39127
63512
59548
48839
79943
15989
28988
55898
43094
90798
19022
41987
90566
94281
56024
96845
8896
5536
59007
60304
79484
39434
34343
61655
98302
9804
34151
32001
60407
60989
62201
20911
2852
41296
44217
47519
7334
37377
20627
66251
40634
2845
45599
46364
95346
28249
35634
9009
54577
25194
98774
45167
12243
23699
24883
77632
80650
67013
93350
54919
71703
69359
96603
3822
3357
70341
13023
81213
76841
54903
9810
13388
63241
61117
6090
7678
96690
23590
46157
27843
14199
90887
73619
33824
58251
4127
72382
76177
45912
6497
80759
95771
33739
11207
92957
6139
89481
80272
58313
75247
47245
29467
53490
14382
59367
80280
74607
83675
67103
45318
47713
43459
10742
78785
12768
24806
19268
10702
89320
88749
79241
98582
63115
95523
27280
84025
4099
81992
59702
42560
79343
91301
43078
23579
93089
84619
17678
10351
47085
57121
14547
70697
34122
76661
16778
63299
47060
99251
19697
47585
783
91873
94574
8210
38760
45835
23834
72524
84124
64726
69270
12466
20345
15431
24555
94557
72753
69956
84204
17393
35648
38420
68674
705
18416
2904
21447
97430
68229
46065
3696
93143
41504
28848
23078
14911
37369
51493
28704
68681
75966
18008
96295
30313
14675
60951
74630
40843
92931
59168
64800
4692
37256
26190
62207
6574
96523
26699
62331
55740
21500
24064
20059
93845
28106
78006
34944
15439
89810
12724
82073
76789
63181
40638
50449
29374
95246
56516
23923
74348
5109
52635
81076
32769
39060
3629
63250
94574
53719
90664
26096
18627
74059
60119
3358
10975
61874
3542
37862
41117
15760
25738
54711
76872
85666
1220
68488
17463
32355
13206
6343
55758
90338
90093
64764
1346
33438
70101
51701
64356
78740
91961
47259
85195
84227
10430
22754
41274
47228
85489
38088
93738
31727
3115
47275
58236
99290
73396
67693
94066
73478
53068
45107
58908
29138
34134
65636
80645
93618
73982
25554
4071
6709
73469
53222
41978
53281
1182
52154
89205
52580
42071
72897
97393
10124
55146
42242
42286
91535
29725
91629
77281
87389
85517
65568
88173
28467
97344
45472
47449
64473
94385
61219
56981
14766
16578
15994
43790
97517
73200
79773
68505
21031
92857
70271
99378
46116
31491
30428
69983
6607
58741
44269
76332
47647
78158
88956
84589
9179
54502
65742
64248
451
94244
27521
87643
9488
4133
71122
27001
18327
18153
23129
58614
86157
16218
5811
72313
25078
97156
74920
63630
13924
341
8933
66416
80834
35482
77355
78708
64861
24024
85117
36454
47096
47916
97197
5165
83074
42157
62263
42468
51479
67276
59670
82334
63755
25281
29932
15699
73654
93524
93642
60861
11204
71463
68344
5345
96596
4378
34057
63810
31615
32275
85703
93468
65346
80091
50640
49147
73870
13016
91152
9205
27175
84374
52683
71904
42986
8600
29465
97375
86584
49140
80665
15509
32985
97453
27769
38518
50484
55139
72708
95513
3549
75592
37026
85119
41737
98652
95220
99152
9918
70540
18396
49319
88345
70337
403
8473
13279
15158
96191
476
94914
40525
74525
13012
90908
67092
27020
22178
37532
20993
73929
30791
81806
43424
1592
56137
38155
93207
52350
84151
6696
39929
60894
84814
59896
74058
57990
11365
90945
1823
55727
340
40571
47523
16484
64046
76131
82919
58850
6479
19508
94836
26639
35421
21119
68472
30661
71893
59925
26951
44759
66744
84356
30833
11544
54227
34154
37095
46421
75731
57013
84027
76242
86986
71541
92031
46003
35381
60795
33250
9592
67489
87466
83549
95569
67030
43693
97181
94026
65328
89259
75429
33982
67197
80595
3889
64987
86181
91673
62847
86082
7833
56285
21298
9264
7057
22891
40783
77478
75567
82192
34265
59657
57852
81831
40220
18513
84843
62164
94758
51061
40448
51594
26982
16687
80070
74522
44504
16019
35721
485
74480
4758
77990
98586
54879
77747
25705
20212
23939
87427
24974
33616
46753
3878
13000
91138
57360
7009
59409
32380
85438
75229
2968
12801
25938
16435
57249
53508
13641
77072
3889
98852
5678
4626
47447
51254
15789
91159
8377
86254
83280
90730
41456
4732
86566
4249
39658
90504
62139
57483
32604
23591
28877
22560
66218
11544
31518
49553
65240
60768
75708
11913
25956
66482
64744
44126
32154
88861
16516
78010
93416
11259
22432
73662
28230
81934
88513
85466
33514
41619
89056
44241
66711
25888
16125
90368
10669
25503
56944
59220
29414
32718
53771
28492
61209
69539
82661
20006
23839
56342
15241
76735
68817
74831
50223
93398
52484
47211
54660
6837
84835
30034
51627
15401
75504
98120
86236
22091
73389
20914
46887
14392
92478
81782
61952
92852
88071
30661
79149
37201
29858
4086
85383
79937
59978
39984
40020
46416
218
59425
26755
1762
45105
40433
66152
97368
72518
69669
28595
79053
13301
44572
44883
68352
8351
58698
36579
37112
9476
93518
81351
86515
44850
19788
5594
17420
61055
65927
7869
85889
61799
37059
35538
98017
34597
64314
63528
54145
35170
39403
98098
53997
27876
61556
7296
20366
10462
82690
87499
61419
50683
19335
70625
9073
86444
63863
85249
93202
97802
76887
43864
59014
94246
40152
28076
68734
87248
84160
37140
14468
20503
69690
51570
39610
7276
41042
42513
9554
98138
16624
29899
35159
62024
51535
23332
38197
22845
27326
39816
16384
42859
70098
57846
19004
23927
14972
76436
88689
4634
19720
44597
25515
52587
74136
24787
12239
86366
57951
82767
90876
82626
21856
56799
64145
66378
53260
60916
8374
22030
78442
27849
65694
51669
95532
82341
87758
92734
84337
90919
54178
81699
79643
84188
55145
56874
15089
27735
1092
79172
22975
43721
29716
79961
51395
16062
43360
12936
29994
28381
45008
806
77475
81596
67586
84959
33342
42810
23902
41786
34394
25961
28856
74930
66347
72952
55104
81399
91184
40517
98886
5444
53605
83214
52082
81715
20803
3559
35374
28462
48957
85084
31067
55085
70462
73077
19233
67909
85482
10833
93381
37396
7162
97013
79469
55437
41329
38357
53132
8497
37877
8434
55815
64858
9310
65352
9618
18658
9573
85899
8519
70751
14024
82907
59637
76090
66840
48695
59317
73755
46058
8239
74606
17864
50988
18449
28947
3613
20538
77802
8475
2615
8883
29435
31327
30593
48134
96421
1909
87366
80380
94447
75659
66094
99925
5416
96735
98159
299
10333
89603
66605
3478
83713
75574
6865
19907
7397
95877
98429
20088
64958
82798
48996
88944
30071
58600
70793
82071
25533
25990
84074
50042
7611
20607
20697
36464
80284
78772
10881
36169
34413
38045
94534
86497
58764
69923
77570
79286
57766
85771
11074
24584
91768
68948
44822
4864
30803
3348
26942
56878
80883
27
22548
12116
84141
48983
56001
7237
95895
61735
19664
6460
20496
24532
39272
48283
76279
48253
48847
66172
3015
92210
7034
4040
8193
31831
87026
60157
55468
1798
49242
26280
89447
19953
67446
54653
66860
72672
37008
41242
55773
92344
12010
64417
32042
4950
24298
72493
90979
16091
61920
47150
97573
44267
19208
84143
44784
14154
38228
81022
81507
25032
9064
88510
60461
43587
48672
15181
82545
97225
76958
72203
31009
63946
88652
8832
8327
76832
38598
35534
26159
71412
35115
59972
12851
64629
49292
51901
97314
8789
8167
19606
7680
14368
87438
89857
69149
97761
20224
23745
22195
5761
62105
27794
46408
75732
97001
36803
88744
95383
37933
80864
21876
73123
36941
17111
5974
76982
98380
75317
81545
95112
32120
91409
85644
72489
85976
25670
50124
20956
86866
54453
7575
61142
26976
26740
75944
70056
14956
70711
89830
29470
7609
99315
70191
93557
75161
75170
74031
10068
87943
10593
31837
62914
4408
69285
75598
76841
75913
98067
96962
78396
28529
75253
28122
53818
98400
22540
20618
69957
68345
48329
12161
3520
17834
6056
82140
2593
6825
36729
17980
23703
90961
48225
73923
20431
87648
69016
7625
33412
32863
80035
96245
81344
62551
68323
78743
81032
61787
71792
82421
1309
88469
92935
23144
13947
72388
98041
70057
92854
45459
13443
74036
25728
57137
11941
57767
54755
68100
45228
97328
75370
88560
2893
23854
29981
84487
10606
4408
49189
54152
65002
71131
1101
85564
26183
66444
329
86795
34203
59828
36074
4448
30470
36671
54650
78430
4678
52940
76094
14999
20406
26012
84567
72329
93136
238
17557
37231
15186
39858
47610
27569
6085
43669
51320
70564
72656
20774
63705
21452
55510
16406
40309
3544
42778
38733
46266
52159
64272
47047
43481
57417
3325
52072
9208
21927
37046
48487
57099
48650
12747
4520
2499
79019
82758
71006
34422
8409
41653
88068
65837
72544
15029
483
31551
12988
46609
91013
15608
21252
89751
42871
19881
90407
92020
57250
80323
76385
1655
38159
45646
31932
29074
89574
67803
11685
71817
95241
40186
41961
13011
91591
24963
15036
95975
18486
98805
10606
24851
59739
12996
27346
58692
10304
15631
27685
55393
15493
43533
96776
83894
41061
78432
80595
7764
52638
51650
9991
6774
86126
22168
563
4691
39575
19324
91766
9167
92471
30174
13721
62808
85503
15633
3780
5106
80893
49321
1088
74377
69812
59354
35098
20676
26356
10288
59250
83934
84582
60854
56383
9812
52373
25187
39546
51115
57491
11038
71253
87180
4567
58654
95616
20424
31048
77708
96313
77477
72848
20437
13091
70488
61605
41232
42666
40476
62563
19167
88013
90415
15854
32422
12448
54046
71039
13898
35199
49070
76110
11377
40426
36087
23801
89794
90227
46598
50744
30776
94164
68416
4910
20604
66040
3100
27551
14782
61352
98903
78208
61529
41193
77530
50504
40759
77019
90544
12309
4613
45477
15155
32485
38674
92583
89852
25451
5122
53205
18533
1221
1653
4171
51526
70081
56344
43402
34281
1840
57654
27494
39749
92987
95153
79243
85556
49537
17869
29864
10804
49175
57669
67808
24
57077
10866
80917
73407
13716
69058
64344
65427
56428
51700
65842
19279
35009
504
8070
64684
65640
45888
26663
95929
96667
51010
31298
70182
38986
1863
98943
72256
65748
87626
76777
30649
20744
977
80069
44906
73741
34053
87877
62293
70521
44931
72413
68040
2394
46975
75990
35809
48170
49346
97394
24572
50945
39790
17218
4657
32333
49294
16072
44879
90091
31576
35310
11826
4668
20220
90240
51135
14505
49097
94179
28008
19966
78586
56596
13229
80436
32486
31358
42077
25969
14780
79638
58384
93212
4214
46317
86550
46189
99548
55733
264
96894
9570
57341
4449
98735
48837
36893
65312
92289
58848
20680
9804
84773
53638
59411
82619
46012
77554
7784
54766
86112
81354
45904
45973
67290
12106
84434
2750
3403
95917
43779
21155
40032
66093
4184
28080
35636
42571
40501
3885
30132
98481
50776
498
11469
17208
81830
22195
14280
7325
92600
82566
44720
56131
63652
3763
27974
49498
75766
20273
88698
87033
945
74053
70215
45006
29239
97863
57639
5478
219
22465
85017
36802
94067
72650
55548
60851
98974
22183
84951
50244
75072
37262
71981
63905
95713
55036
63226
35990
63190
43543
7741
14336
80347
84765
32142
51939
75767
32308
70569
19372
7157
99031
96945
88259
49925
59860
18549
38881
87025
88980
54569
83594
7658
83784
98206
21209
87723
59925
67293
67729
92025
49769
36122
52594
93876
87168
59121
66114
43285
89456
86507
95676
75384
67604
14097
44774
31859
79570
43956
60918
74227
21620
40617
35193
38275
32347
26070
23657
82426
44303
10157
10867
88750
92392
76626
26251
10549
74231
48660
73685
40037
67025
4940
61584
15664
97490
39067
188
65763
92532
49443
74350
17416
20507
88287
94809
49695
44496
32449
60170
87651
91609
84189
90105
42284
45803
70564
65750
97847
54331
40384
61114
52649
79013
34506
51756
91580
12120
89697
69276
89490
49787
32430
19396
23848
66666
37599
1750
32016
78912
69147
7867
42083
33329
67210
79236
61027
8716
9276
70
99879
98027
26649
94833
32194
95011
10539
83459
59787
18159
75308
17993
39824
84479
91369
22516
62529
93054
75303
49266
35745
16010
51740
93409
39181
99450
70088
57406
79505
81098
44877
5091
64479
12416
70585
74772
56371
97686
52779
55940
12709
83292
39864
54070
71216
57304
55124
95513
89113
97171
29052
61726
13086
89368
25573
42173
25360
43468
29187
89217
19759
58110
91928
68246
21362
3502
75236
25881
96236
55672
12171
82046
6191
3644
65271
21608
164
26633
35531
81089
40320
34513
19384
92996
72963
39718
87299
37208
4322
60755
4447
97747
39402
92841
45373
86320
80081
31546
7381
98938
53103
73807
89052
21126
79406
8326
72915
16487
81835
27712
16807
37103
73714
85821
6373
41166
37485
81403
4005
3852
22944
36734
63155
40405
20465
36151
84452
8802
47230
55391
17357
64380
48014
75404
46906
60193
13959
46826
66158
18197
73823
4993
8130
17052
98769
9087
59988
60240
61282
23573
10014
64918
7948
81143
49057
44537
32779
83080
55829
27480
67130
463
58251
93512
34172
64959
20197
38721
54091
54675
69386
14019
73610
23216
79035
73433
46346
58839
71193
64297
54694
57587
65816
61075
13984
26409
25658
23341
86879
38368
83364
37784
71688
61196
91629
72586
34854
55445
20963
49904
27270
96454
70354
91525
85334
99919
6941
70418
72618
79612
30313
20829
99532
92700
45999
44936
21954
6100
83905
32258
30206
72330
17010
62233
83258
19515
29533
5562
20984
16713
59604
17965
61052
46035
15405
88554
12479
3783
15534
26970
55045
61504
75491
26417
14378
62629
90420
29972
71133
79212
24453
22147
23883
52840
88186
61883
76506
22566
72163
85670
88690
77895
79605
94087
31911
37667
50112
10257
5527
64015
25136
44403
42662
32439
77243
50917
22397
9764
74059
3406
21116
9896
37122
3663
74854
75671
17350
52879
42377
84154
91468
88321
63589
21021
40421
70602
50909
52270
58487
17627
57144
17702
98019
72034
92336
61525
76563
54388
60122
89540
48169
72584
77435
28395
36934
18009
90354
66644
33173
83727
41421
24151
51332
59099
10307
81960
55205
22121
44188
48607
58739
16745
59518
87885
90028
78560
16421
98309
15970
53105
8486
94464
75434
24463
91366
75763
77919
7566
18601
31600
68380
88738
88764
38315
77294
29639
87340
60139
66482
82036
70125
42908
22338
74131
30840
34603
80080
81692
13530
37098
72924
91575
59946
88335
23786
94333
32747
58093
80005
30324
34373
17477
45886
63295
58821
9763
75171
97318
66573
18428
12594
86845
30784
89686
68285
81668
30533
93375
69090
11555
55342
1803
2308
24606
34319
4562
44291
42973
26519
80055
63157
29780
18688
21153
39105
75117
3770
73261
42366
46021
98631
56923
25755
30408
16465
9008
50643
70018
9749
51430
83147
57693
24453
15447
62428
31764
40962
74764
26330
71015
83675
15842
1485
17455
61049
12849
35018
80039
16476
39770
60480
88038
23719
51015
72018
39432
13116
61164
41848
57878
87168
44460
53608
77301
98802
90328
5888
32914
78677
48691
6640
55266
97804
85655
17861
65631
4501
85210
35646
99601
82110
28637
37806
64296
78223
99156
25095
93245
40489
33553
72804
9444
46396
65043
63291
58752
74120
76286
89004
89617
71593
84379
63692
38935
18797
36129
70966
80422
8865
2882
85189
47179
88418
42613
19299
60177
21647
11558
48722
36561
51639
3225
98531
97277
59151
73828
98431
47545
68286
97567
66583
69698
76852
97578
46718
39968
69638
43693
51373
74561
91729
1423
19201
50261
582
22881
25012
54270
15884
41168
82938
5592
53881
9786
86803
122
78565
15256
65589
51580
43033
80630
32544
39404
28655
20332
62831
78442
70125
85276
23092
25362
33844
66132
9028
32108
76527
47382
18677
9136
69904
54198
18512
73329
75098
68348
72654
58804
54939
62478
16804
19768
54994
36077
5076
86794
27043
49318
66244
54958
5107
46870
10673
5580
34185
56079
79976
10427
29859
26607
44734
34863
38062
8619
1861
8099
88914
85788
41912
12515
18368
94692
66422
20468
12119
53437
38519
2702
12710
42143
96495
91278
43461
27474
55876
35852
15003
75669
38677
82243
99769
95539
19800
71178
21536
21410
26601
24089
66730
71569
88097
43778
81640
15855
70438
96394
29208
3083
94187
19192
61337
39058
87538
18936
71657
39911
35378
22525
95075
8773
757
1627
40938
66870
88058
94843
88867
77824
79015
88527
7285
89600
21202
3724
91353
42549
24891
21920
44846
83763
49115
27715
93044
30232
55769
6062
39198
43239
31591
90691
53338
60571
62283
91296
37493
53863
47014
12752
21882
16692
77351
65003
59591
43010
91224
48504
10403
75121
70764
58956
70547
59864
4992
60851
43088
26855
28768
78500
61679
68853
78703
17048
735
50670
1987
8602
12961
97451
89369
92836
42847
17801
26230
32660
53723
56227
38920
42879
24741
44729
63358
19861
41880
59940
56887
20126
55588
53830
55376
35885
99282
41108
42394
20458
73060
37375
3314
6965
42072
77352
80212
15804
72006
50058
38102
93556
8546
8620
9622
88781
7147
44015
26386
57542
67932
70548
31011
80665
90469
37183
72464
93245
8933
66078
59516
48111
14533
3779
27340
20163
90529
82525
35466
44634
36185
25602
88201
85793
6361
29710
30953
605
7645
6047
16030
12929
30952
85854
86290
39116
77008
15711
45375
26533
95362
18741
84437
20124
89525
48914
54408
85931
50830
20903
34560
40578
84342
82106
24975
33323
94836
23047
88918
667
39985
95350
70640
89050
6740
69263
18207
79056
45994
88330
5860
35791
76112
88367
14997
77937
6495
49694
67935
53451
41134
98669
15826
77291
79839
86480
66739
17381
20285
43999
1474
39775
99458
80669
8778
41100
7517
41163
10036
42337
97940
24966
66501
69649
40906
4495
28327
36027
29544
25902
64738
63145
23135
46857
88946
37114
63136
71015
1716
30810
91778
5803
81858
44239
51735
27122
62462
23739
31203
18192
41924
3199
66575
8183
4732
46113
26597
18070
98360
85513
19123
17454
88878
97720
39494
22446
19401
82881
29404
55940
89794
55329
96940
12018
56940
27400
29321
52834
73392
7552
82095
59062
36883
73461
90254
10061
38615
18465
28551
49563
69027
41284
33943
8721
15337
87306
26088
48809
44075
65028
33371
63180
56491
41196
14592
73475
83402
46280
8022
3435
41269
29803
29342
2274
36616
31202
22788
34277
83199
55006
62813
58941
11287
82993
67126
24883
70627
60249
11137
33792
10738
21587
97289
11623
49308
33217
29894
67873
43308
23610
89902
95613
68457
92472
19317
76401
81040
57240
8689
10350
66807
77235
47597
51146
9102
33584
4079
98988
3263
14586
51552
23120
45650
44242
69700
10106
23843
52615
39022
76283
47607
41016
14079
43880
22387
53719
87476
38849
63081
76653
66025
21177
69898
7132
4339
82474
76012
51830
82996
68020
34671
11816
4409
78510
70946
24723
37971
3937
46481
8715
92617
28911
34265
70394
50597
53901
39152
53423
54694
12185
3703
51649
69734
68805
81054
65475
73323
21016
33720
20
30604
31026
56215
75345
45312
64921
83569
44874
60578
77663
58608
27305
80264
38360
26758
2910
23518
64060
22010
734
65860
69774
91407
37136
92327
50260
85692
69161
15106
42084
25415
19946
29884
91213
50024
62102
14908
45443
38094
15455
45432
37146
98904
34958
67077
50894
38002
69388
65674
53749
42902
95654
92116
72116
94620
29577
51678
76047
49265
52271
84221
20294
67940
76216
32895
20546
97445
60525
30739
76011
65577
9810
81443
25015
99791
97785
90061
27188
60428
82349
98132
57933
95317
39992
24175
19595
81026
1248
28871
84986
36084
19412
70699
58300
12534
91065
57182
6954
42636
57650
77074
9447
63071
83990
74988
3704
28132
37365
17280
51913
50192
81333
41814
70094
82423
62468
75514
71438
69175
75243
93075
97924
34177
23128
46509
22226
36395
3817
48156
84937
21121
12443
61307
12911
72822
83971
2309
69664
67779
63934
15331
3293
95068
80104
92372
97928
12651
31601
66227
85780
91590
19488
84163
83666
81684
27429
45465
63386
80106
72279
71791
11063
78238
32442
70751
40381
13226
74087
87504
33400
68366
12096
92073
87347
15481
53311
69230
51949
23374
11411
57406
37389
46408
67958
72425
7598
43025
78652
19617
72203
32286
87395
69500
51121
77074
82491
85635
16672
14777
91688
67098
88306
61602
83428
91892
43631
76006
84575
41122
17492
62903
94161
84487
89846
34974
46919
47598
2855
46748
44236
10756
11313
80618
23428
61397
52162
18134
52792
91934
90312
560
55098
80663
3474
91201
19901
96472
672
96226
38984
54445
19705
13304
58420
44036
44427
79923
16519
36007
73899
1331
66788
68882
8670
23125
45477
73886
64157
27303
17793
2756
36108
33491
17929
4072
29763
72559
39431
62196
35294
77611
14854
31529
81607
28836
33906
69589
42912
72244
4651
83690
38684
62720
26344
54200
67746
98093
34627
60637
75035
22299
68115
71454
56288
11246
88448
45989
11132
22779
93087
28977
58639
78190
41400
50224
13655
36971
86149
39079
56813
81237
99971
81299
64051
34457
42171
19987
68603
22350
37380
37832
62752
92605
11937
62592
47267
86414
44482
8062
49609
53906
13763
9139
40609
5941
94134
57709
55114
16025
91141
97750
1146
84417
66615
56313
74043
57422
93579
54773
80366
98779
87634
10635
66644
4572
63830
15257
2133
5740
47238
86286
59944
85336
46439
29363
14076
18354
74028
61512
24307
57009
43505
78207
25692
56784
13253
18181
87562
47754
63759
91160
74299
71137
23269
80166
67789
69860
61705
47785
86336
83338
2501
13539
88596
22861
88631
3296
61261
37200
69309
15935
707
57526
32768
69950
61626
44259
88907
59693
97355
65989
4656
7585
8889
46692
57124
10013
83659
86769
47063
70119
88214
89488
83067
2797
95601
22809
37362
95448
29416
1909
31526
32467
32560
21087
51317
83119
60501
17695
68793
21714
44728
7985
10997
35448
504
71620
22395
94799
45349
55505
92738
40650
53087
99033
74444
24512
13162
31876
93361
47208
35762
25554
15548
4204
51031
5285
8405
60531
33000
31285
63473
34266
90227
65838
90180
16080
65729
34954
63423
74917
57727
7368
65259
99422
62743
42251
23170
2187
55395
96489
93328
39001
6417
90957
55665
42052
69806
40977
35473
77150
48568
12749
4691
14419
32164
49367
52695
32744
98850
89990
85029
37584
99930
14407
82754
76080
92678
69944
54981
75250
95261
99423
85824
37555
92788
94710
33304
92631
29457
16450
17440
65914
57663
17338
37573
5414
54232
16066
93889
60535
51573
591
72885
81365
66521
46322
43203
81977
23133
58827
66853
87781
15548
73453
56456
89357
89760
7115
81462
73254
34623
11824
61886
97857
53895
13853
26619
1876
62641
60636
21268
19410
72427
81242
68167
61858
46049
96355
94392
27107
99360
79678
88253
42722
63081
62708
69878
72696
44543
2200
87712
7278
43179
14305
64313
904
39823
40895
9239
12608
30790
33966
48796
9265
86072
23025
5327
8678
49309
42178
32540
85663
92771
68393
72278
44803
48225
54174
63653
12458
14076
27012
30040
35953
91422
42094
59860
36529
57911
10590
76148
72375
29848
66926
65622
27506
67487
8360
1444
61516
63188
19866
716
98314
91690
50312
72853
36133
71851
10029
52894
73871
33923
51603
34195
57183
33975
25317
79877
90731
33943
90899
50280
90481
78144
96652
53926
52755
82351
21420
81289
15088
29737
64424
31103
57748
11530
36011
5984
85909
28154
14688
23681
39991
67113
81863
87689
10291
39836
62833
19287
34755
55062
7225
89692
1877
65571
73132
8753
58236
51536
63788
31486
95464
57699
22571
58818
26200
22753
80081
23245
20779
81858
55341
75544
22964
82689
75593
74513
54566
68216
31654
75780
62853
26406
20510
68964
95596
49715
84274
1354
19177
15976
3095
34659
12843
60615
44609
57383
56712
61211
22682
54037
87928
91572
66963
22440
39435
21971
88680
39545
41427
87227
79096
20411
36170
54540
8106
54075
26344
6435
41831
56606
56775
55517
30435
70624
42558
58079
66400
46527
19774
6732
59803
4456
91018
95620
42032
55783
96648
64774
19913
78104
73375
73691
96723
66426
53386
86944
72822
14775
89748
17438
89373
18057
13753
99877
99232
24352
3430
28626
16330
10454
31118
71033
90465
16228
92061
88274
78235
19489
32684
50924
90487
67067
53703
11336
87166
55122
43723
76464
92951
18081
16730
68429
95804
97651
48255
64490
31272
34149
21701
26287
86757
68953
59170
5854
23482
8379
80694
50633
82810
15489
87170
24698
80306
56760
4920
77485
92494
44569
80520
14413
17357
89511
66625
21974
96039
10833
98946
33278
21347
32012
46133
22637
98679
10375
3151
72966
56265
44830
89431
66393
37740
44657
91955
72367
10751
12076
36673
44249
37508
96723
94079
92106
2210
68413
96488
51946
39011
80654
86251
89427
37824
4525
40587
76767
82400
72266
9017
93753
72965
44866
94125
81919
66046
12655
66239
86948
12735
73776
92454
9765
53566
70754
65334
57350
58960
63665
18539
44399
22740
46130
51272
95898
86007
33931
10148
58453
45436
45380
30232
30445
55996
63464
28294
37258
83597
99032
83369
97959
4989
8854
19032
59728
81485
38741
47918
30423
23627
27667
65116
8086
27652
44639
71319
54344
28869
93781
39434
32433
2510
18730
5748
88240
63465
79525
46998
19772
49509
86492
45566
49835
38885
41009
84131
7789
70664
93352
66636
35236
99705
86913
51054
43792
6538
39251
78118
47315
86182
22723
2166
13256
19156
55394
61691
16881
54091
51371
98908
80651
30717
95561
38581
50164
45946
60191
61915
74605
49274
69722
3075
26207
88039
55935
16631
76180
74723
89458
2336
70270
34616
53280
74473
93292
87524
66831
94425
92070
53938
75331
37555
43851
44469
37942
15962
6395
50126
90465
7245
24946
11192
28595
8083
64147
23868
22449
42529
16470
17984
76044
63088
53796
57095
21852
81762
98143
13829
91288
45803
33630
33204
98700
98531
24218
90217
34152
53879
48061
44982
21025
33674
18001
64710
99495
79631
64677
64546
26214
52127
67518
93492
3154
38053
39969
55443
28271
23445
95224
31609
9911
8915
43184
39711
28309
60223
