38616
30846
30604
14187
7079
17588
46438
43647
27539
11095
30856
15711
38726
34395
49721
48162
64387
22487
78079
45665
92170
83521
36286
54922
91858
44889
99752
30107
50
14074
43368
17356
57316
55304
80842
83497
30659
57436
88912
64856
59621
62268
32564
9471
48385
37091
57217
74244
12013
73406
48556
83859
18444
63186
52763
75326
1868
41051
92828
49377
64278
88148
6822
78224
28083
43334
26394
21891
71391
62175
77636
41169
52858
29619
65325
75845
23373
20426
18720
69309
99838
69827
22659
15290
43456
67698
59635
34089
95820
16839
16285
1924
61924
85754
4510
74703
84768
51601
56955
22037
660
49316
21930
74039
88734
5387
11916
4067
54193
30555
19769
85975
47154
62749
46092
84375
11669
87961
98945
42910
66441
98553
48065
8110
71508
59930
29802
33656
30835
21183
41270
21311
13541
414
25638
27394
59555
91858
45608
30868
6858
58923
80175
90044
33556
57167
23198
1444
88807
82707
64570
65730
70874
33657
37149
49080
16202
39931
39624
87350
59315
96
81393
12997
42319
14713
80985
12982
3545
9011
8757
23391
25767
63141
38137
57996
92822
87329
53101
70520
68578
73515
96978
1516
19506
34592
89009
56352
96789
33737
30335
82525
69283
68648
72220
69548
10979
47506
36066
96951
3583
12762
88173
26377
20917
70057
76041
97914
50079
16532
51572
5479
90301
70740
2467
30293
85536
18888
71122
99483
54647
463
88588
70477
90619
19586
27720
39893
48715
71842
15253
96225
39500
17605
28001
87322
86554
35058
60606
58665
64434
10308
88335
6502
7135
76996
92689
54017
10713
63433
80502
46920
52008
79891
72151
7109
28331
85099
49451
28218
45561
91510
85984
47389
14157
5511
81411
58769
28495
62189
87504
21346
3019
31291
26741
15719
51953
98049
59168
43535
87459
60355
95546
58128
49856
54928
67019
78332
3001
29613
15032
98347
25588
59416
70225
6705
66716
80387
27218
25888
86459
54942
76564
93174
97198
40474
40427
34254
9400
20931
1025
91947
70447
12162
16705
75659
5252
29962
27551
51427
2444
61198
14762
15207
1503
33098
53905
47205
40471
50651
31154
428
97761
51801
56985
84520
71408
18859
94422
43435
26513
61542
82785
90690
5632
18546
56241
37718
3555
86507
3569
7803
1084
84380
35649
13096
27058
77026
6135
79001
4181
42491
82741
14131
21633
3802
61491
67616
90177
25637
41999
88832
56255
89521
65102
9727
37781
27825
82959
34330
93864
54200
95002
62263
21468
15502
19239
87916
52354
83622
17342
96624
76554
85520
44742
16341
11040
79518
16636
14967
38047
4683
78689
77137
45920
68724
26416
32538
72527
62194
53662
88320
49588
56477
21804
49323
26792
14467
51014
27333
43297
82178
42931
53892
70149
13288
69148
36150
10464
17807
65446
24684
68816
53088
7945
23474
53801
56092
89240
84536
23495
59242
48306
30678
15036
17787
65177
93236
69878
28453
12521
50031
42061
94322
42422
96539
98039
31927
18503
89623
52881
9101
14986
61747
43900
75756
90979
3592
88714
93666
59850
31539
75253
88189
37826
63654
23932
80390
55679
62882
78978
70433
56748
82514
61560
75207
66813
62190
41607
98545
73637
62574
46020
6057
63599
13988
91850
45356
80043
74743
23509
82391
37842
46973
20721
46390
57881
50588
70190
62493
91387
86807
53532
91169
14087
61807
84813
64392
66095
27531
28712
46742
57836
67124
7446
48534
41213
42011
28744
74562
38605
29498
32138
22092
85617
8378
63742
55821
35354
94872
20547
76116
66181
6747
50965
58421
43425
27038
31411
80091
34492
65478
17389
29470
49578
95727
53973
34941
55086
42615
39002
76686
61316
50002
12607
49308
44898
36607
91576
90106
10291
61552
38795
66677
71804
83748
94269
44010
92826
25723
67274
45553
22393
12375
26101
72016
15601
63785
11832
97660
22028
29449
90060
27118
53945
24572
99995
62159
1590
60679
65440
65416
3938
74434
91747
90942
42638
18620
52625
16561
934
68329
62939
52646
48123
84883
78954
49452
35173
96942
58632
87917
773
41203
77856
14600
19722
31873
90443
59828
75245
45344
48437
25382
77084
74002
82736
59088
87136
33697
31540
83370
59148
97905
59767
11297
68086
17073
28836
66705
91218
19500
87914
74843
89467
2239
18868
79948
50843
89372
35222
589
16479
46589
67153
54819
47346
7474
55900
9223
20308
91947
7061
99094
52949
15396
27549
75924
16118
24572
10590
51486
25295
65205
21138
9560
56075
59271
44236
9241
7970
74857
54423
46662
16942
2811
77768
77370
66044
6721
43452
48098
10886
42952
65623
78686
23417
81929
61307
74578
50255
81643
44499
1489
30901
68228
23635
16695
32276
71589
88543
4987
43399
490
98125
92250
47380
14769
51571
40157
91546
69265
80177
5713
33739
20323
9820
89059
99056
18204
13114
38172
53713
83968
84417
67673
51282
7632
50487
32292
99656
53513
32292
53270
67823
32383
27286
86627
44082
82923
7781
77301
36626
12515
53656
61778
28677
85766
25609
60496
41696
57618
21454
11513
90324
85048
99319
50529
30137
92661
23586
30988
11668
32202
34245
27474
64169
33848
19632
61936
83516
49633
77169
8768
92241
63558
45049
67058
3971
21874
11565
90756
12829
28695
75130
19113
45547
60983
34527
36767
92407
13681
59968
29174
68119
58866
75156
13890
29542
68070
3368
3088
29396
46572
75268
79223
17431
7156
64508
22992
92174
91192
6876
62103
52599
21417
1185
94317
70441
64635
33821
42316
55852
13357
67385
43833
8212
3921
65257
98292
49094
81661
81361
47597
35172
83015
51769
5578
5289
51677
38003
54998
67979
2477
35618
27589
9915
97206
72452
38997
85479
65171
1636
90695
71523
7577
17339
3811
44959
82502
94211
82820
34973
51523
36731
56507
21467
81675
22082
85297
78789
40543
16259
63903
44132
73768
80600
32405
88927
22654
79012
70826
30576
7957
38079
68607
91640
69956
65172
12493
66066
28074
47909
44915
27766
16077
8324
14598
26992
73202
50655
69866
92586
49645
27987
37356
88930
32179
75840
28145
80595
72867
10108
32451
52644
15946
8855
70966
26978
45786
37104
17127
25021
46536
52586
63637
32752
27093
96984
89898
57759
75462
3569
29527
43651
36838
69453
68003
99438
78308
54345
59356
65879
50765
62380
98464
99576
42295
1133
23858
50456
60661
42347
62424
95148
81818
6103
62645
67781
25432
88753
26176
65689
75250
14978
50214
67530
49492
15149
62986
61751
64860
57280
2755
84318
54873
51464
47016
69677
15431
8485
63025
32508
57934
59620
79831
31798
19687
75610
62807
42934
4489
92310
37202
98829
60951
82488
43633
86449
17125
50230
33587
99735
86863
95092
25831
24251
82347
39360
62819
99446
28666
14501
57605
66969
76915
47045
68754
48155
35267
93634
24939
80782
15867
48749
5204
67631
68644
17969
76131
75177
30265
28889
5248
51360
32572
55039
73740
97955
68387
63334
77122
6853
54919
51081
32797
47419
68122
81793
80269
2799
7740
57333
21223
9429
34517
6001
7636
93895
48488
98967
74532
56975
21669
78878
87758
19265
10631
98687
44954
75493
1398
9402
31829
99317
44856
13307
7032
78155
55623
8648
28146
45926
58660
86803
58063
50304
74039
26802
22474
47105
87381
14983
86277
12386
59645
81264
24227
50620
52916
92893
76561
41988
12863
84305
10732
42147
98885
50320
22086
31067
99043
31058
41817
26735
4371
17747
58659
56745
88689
36154
5094
94599
27826
74035
21428
62583
14769
15995
27980
33680
86117
97743
82145
98849
66620
57809
86822
98666
497
93004
75286
41880
81558
39836
95504
81804
13177
3343
14313
93390
73311
88742
65104
41628
45719
25285
91639
34659
17781
19139
76793
390
11805
56971
84140
32966
3824
23516
22149
28760
68999
1818
9958
87288
69410
57554
4958
32188
40665
49044
87687
714
15658
76855
40969
25209
51768
30378
16592
27959
72309
29954
17774
32840
56611
50617
45934
4761
88133
73902
14671
96613
74955
58054
35178
8218
28527
66279
11419
85011
23714
91646
8926
32579
11439
75574
18367
46333
43381
97699
53056
94012
51762
4392
33031
69989
19562
4932
58047
26477
58564
19664
76908
6601
55267
72179
69303
40050
10182
82575
60600
26909
86259
9870
19788
36884
12874
74591
55928
36433
62985
51194
70784
88431
78852
23197
75847
40344
40080
93979
38557
53383
1237
22871
15864
73223
40967
33760
1102
79175
41586
27562
78646
20616
52954
13585
84685
74632
38748
77688
80870
43012
24828
55699
56378
6815
85783
15763
62362
30236
83562
78108
8933
80151
39318
19651
87507
5093
89993
78902
98502
28446
82698
38306
9634
47128
80485
3395
4261
9230
27342
22322
33952
29714
44570
86405
69215
8517
30144
57555
82737
69329
51143
78439
23503
70283
76912
72544
56955
61641
54613
24325
83446
3122
17256
55885
41213
73002
7569
78288
89711
69540
44863
67525
74299
18539
8103
14358
81314
86235
57784
81338
56238
29948
77822
56737
52946
1860
95622
65822
84948
83395
2173
14309
19260
9950
94070
82835
23875
7356
1611
16074
26881
73625
4810
24712
85345
32024
79720
91272
57676
90773
37373
15984
55848
19091
41268
63897
85842
55475
30718
92886
53665
9779
58831
6098
15325
64530
88762
99031
37607
86323
51554
17837
59469
63201
88792
12521
62759
42698
13902
24852
14890
56731
24536
99325
3990
38455
69017
36495
1151
32858
54626
21230
90458
19935
7099
9785
53562
4898
86090
13377
18333
11776
76622
18792
87380
43160
96192
48087
19791
49428
28144
50956
51161
69722
76224
28264
77173
72897
60143
82296
61744
40306
60253
6856
76898
87729
27060
50706
49137
74809
21585
49541
43845
75230
85356
9660
11209
27083
87656
53658
87356
18095
50109
31501
93424
83646
67331
76293
2056
31143
85940
4560
93322
31392
15062
9911
44335
41937
98980
790
7171
74579
98910
63142
34881
17077
91965
63636
4460
54437
56435
27916
85796
22241
26102
2164
23770
61069
64904
54569
83609
25939
22145
36667
43347
46540
98029
67308
21933
98923
91384
34187
22449
86152
96010
15568
18726
42532
92830
83980
61699
47836
89860
66469
35646
52233
67440
81047
26115
12257
96333
28642
80160
7120
17349
27839
55285
28658
76848
51378
61393
26952
57425
73717
88201
171
7343
66501
77417
90771
83185
58813
37965
99873
36791
87240
57206
1896
7561
38782
94177
36127
11798
90053
67601
17696
12686
2264
2100
87734
56459
52819
19431
58898
44970
92136
78789
32684
11543
71455
97676
71793
1949
74768
95411
47114
97030
36522
85913
43727
95797
15609
63477
49805
70438
49835
50860
42530
77141
54635
18552
15292
48779
98808
12484
93520
42900
86624
18754
38200
15266
4553
11277
63062
99869
71917
60403
68100
27361
42864
24833
19821
91316
76060
35329
85396
78303
38039
92937
50581
77167
53521
74721
95077
7901
52405
30816
87234
54376
49852
6011
521
24126
85870
66201
44465
8978
84231
26023
22042
83577
22156
49382
62571
35370
55064
15610
95207
6999
11802
16060
24153
17263
84072
50210
6686
77714
79521
79113
40538
89005
46157
66671
53268
84254
497
15856
45304
61178
79012
43866
98914
87662
38170
95142
94654
61432
14494
63804
5870
92385
94165
75598
57655
56359
30500
73220
2181
69479
87823
15612
70173
30417
22647
32145
27630
77776
64986
53444
42674
68437
68796
40078
95714
89762
13171
6887
94678
18292
99423
41444
28577
39060
56491
90210
68790
72434
76790
65131
12775
27781
77276
91664
54134
65924
18413
83674
55698
99095
52353
28423
48526
85856
5362
22628
55878
81668
47321
41440
4654
84959
13400
27050
51247
38445
35829
52748
27370
86450
73865
3531
81390
24130
9885
58475
4828
24380
82158
52721
75507
7956
26585
76100
6871
89117
56976
79643
32065
79372
54037
88031
83607
68596
12097
76370
54569
39195
82750
22919
66901
90428
15182
76805
94809
25943
86115
18537
66412
2858
30886
35808
78207
61349
61790
55036
85350
63821
83014
71085
61014
58223
49102
46006
75395
81176
31709
21443
24593
86032
33785
63381
19584
15957
64102
73761
48191
51910
57708
78531
60560
65421
24016
61704
72688
12950
66534
97393
33526
17162
67570
48886
37665
25341
91529
23294
94338
53311
68978
39655
21550
90939
78262
62972
97573
14742
49474
52917
58434
60807
55854
68855
15551
81766
27504
21245
91427
43105
83533
96384
52978
47379
56189
15538
40048
33948
94241
10477
22162
79538
28922
24130
76930
83919
28941
58524
91800
75851
75394
50936
14688
26416
69780
19721
53259
88549
11763
36107
1011
89972
17959
32904
79169
61475
42005
54954
7475
52394
86260
53170
89938
31707
73302
33362
23707
45678
81591
13278
89091
53279
41011
37196
42159
76220
77789
30367
41955
5683
42785
31923
93772
6364
56385
22349
72347
64246
75159
44689
55497
58088
20867
68222
79143
43486
68082
4556
14283
35051
95827
80619
21115
69030
86153
7863
75559
60334
12943
19446
13553
42684
42982
67345
74590
25793
97562
43961
57138
51747
93920
68798
99972
47229
58407
81112
94584
21512
75543
26988
34801
28890
39682
75160
83859
30687
63235
94630
31209
8278
76081
77581
90778
32198
84270
59626
51493
77990
16398
56703
82073
70113
27165
28486
6507
18268
54
24957
82148
37678
6448
82430
40193
48367
24410
35578
73515
29091
64960
71928
13902
48562
15761
63337
51671
17435
1353
46868
99230
3829
1193
46842
84453
8373
91032
40280
49892
34819
1778
89421
91840
97799
60454
55017
2633
45403
94932
96304
41897
6502
39843
16708
41637
96030
28759
36905
2160
91457
76164
11356
95069
47491
1906
20498
32761
36129
80078
96161
41471
98763
82463
64200
85471
37939
49877
37316
58956
41915
74876
60977
88546
52411
45222
76761
18657
6509
30542
89201
17462
87005
21562
57661
56702
84434
52910
16692
70218
54017
27336
63938
58173
99375
21268
17203
9460
28890
7314
64938
88756
10497
12815
50550
51216
50853
81182
10569
12445
65515
78822
40037
84253
52609
70225
27155
8511
48306
66476
37183
70140
52641
89295
32797
87645
69998
47617
14389
41671
26655
95294
10329
72138
10140
86327
66193
32152
74187
20707
93233
61400
78807
30849
4262
66383
79705
88834
69021
45884
22668
39548
13185
80532
46193
18120
17999
25993
46173
17266
42108
20053
37100
215
74141
79045
87836
34669
47056
88796
30044
50259
88088
26629
16434
98505
30671
26690
88530
10224
68442
18720
68120
58498
5999
49957
61535
66957
74437
48670
11608
94820
45150
9901
75715
92904
19865
63662
3382
84964
93850
14258
45110
40366
56686
91117
31805
67047
75191
54171
90132
54997
38330
75475
8404
69924
3050
80093
93738
90180
42428
20897
53658
76449
52885
6129
16120
1440
37574
29326
62186
50720
98799
78951
95924
21760
90505
17218
29892
71255
32143
2515
85020
73094
89471
26537
90767
77624
32005
38359
15266
6881
41140
76537
54658
52607
40003
31764
37705
77007
30182
56140
79099
55721
87244
6483
38933
83533
6195
47928
62681
53521
61453
210
43259
30875
20131
96885
9517
71091
93904
49571
20793
70106
15626
2181
80315
17319
61756
99714
42353
99516
97123
19590
65837
67070
89419
89038
64472
96823
76270
78399
48469
83458
81689
66071
32754
15455
56580
88762
49337
40442
2664
20517
85781
41363
76596
27250
94198
48810
94416
26033
71545
73141
86932
33181
41524
22850
54833
53795
18404
1323
63830
69858
92026
60606
56392
68160
37759
47052
26054
62433
49548
8253
85826
34123
44131
60769
2807
69663
72199
13051
16184
41496
88676
91068
21199
38470
94035
7671
88110
79956
85235
92886
75166
62863
66664
85667
15262
12626
27903
72673
31612
14850
16804
78504
51614
45576
96664
49229
17712
19342
97605
6359
56047
5081
85886
73486
78484
79665
95549
45790
62317
96214
21129
60584
76208
86987
48638
69898
14419
34916
47974
50556
3203
81060
5188
94301
35964
23303
93008
7346
62276
36180
65384
6930
8539
94525
13529
2524
13919
21443
62748
49745
29273
78411
76354
89943
98955
23438
31279
4538
84436
76055
79512
86548
9167
32124
56816
90020
46306
86975
85337
19215
60431
80351
52626
88039
24584
23387
62496
38270
75714
50302
90668
82734
30860
39486
68283
91322
4236
21109
29711
16705
39062
39382
96088
53051
197
78162
9319
62646
10545
88643
9355
56929
81984
47362
25953
63968
39794
70861
850
42262
81734
1534
11593
15564
83387
87655
97139
49188
70775
22962
82467
15623
75583
29727
81953
50550
10916
91524
99595
2084
2301
27602
25950
35114
37848
26189
35478
98396
92099
49462
93139
75646
55328
1408
68946
20835
92459
54913
84210
18499
93451
40283
53782
44707
53116
53832
70186
22100
26404
18315
71606
75342
44197
8531
85733
43764
38471
14328
43039
62191
32450
77722
11556
57477
30630
19796
97660
4778
63589
1554
58032
95256
90209
62438
52821
18888
17157
12323
44637
70182
9560
12248
91017
98966
27239
22866
12951
33549
95414
9417
47533
14909
23684
74583
60908
22425
41820
93135
85209
13601
4176
36034
37108
70324
53605
41500
65271
79471
46537
33791
42579
44529
74533
79097
87068
19896
79137
54144
30572
9093
30903
81736
18279
44830
10272
79701
87974
7196
32062
86547
2099
86543
66581
66070
2290
25443
94651
74963
31639
56078
19735
27665
20925
29418
77785
83106
84214
2687
16210
85546
97604
25853
37431
78429
59776
69663
12069
72115
28622
1689
60206
7624
30495
39174
27158
42122
75096
8626
38625
52191
1178
67344
35512
25972
86425
57572
38256
27237
45999
18133
59478
16987
30027
36858
1618
77458
69271
90355
68412
1082
30654
83931
5024
7059
3422
77376
24292
46514
20043
42618
22163
92117
55136
31874
13512
80436
50549
68872
4766
33391
92996
59189
92926
69454
20766
85101
23250
45868
98593
21127
98218
75314
89667
99656
995
77862
23905
43521
53915
51630
70847
88904
36084
46579
48930
886
82030
80463
8944
75237
54977
40044
62492
76094
804
79902
77435
46637
45962
64321
70553
6279
4329
16952
81837
65866
41125
97214
19934
42489
96449
31056
66748
2964
89306
12325
7479
71102
98515
71015
28382
85574
38775
88610
2112
63376
93340
46074
27800
58648
12602
90054
12085
96626
36794
75797
84350
129
27507
58474
91546
72108
39952
79592
3652
15125
86489
90958
36427
23694
40817
90894
51899
65838
75749
83085
32052
90751
61816
78737
77395
27644
85828
60841
69978
63816
65511
96666
94233
96210
50435
77396
11860
4536
48613
34097
569
11561
53023
73527
17673
48617
5110
63826
89378
19909
94286
90793
6750
55470
77392
6150
19678
36393
9986
81720
50115
95884
3715
58592
22245
73020
96162
63253
73920
59678
57051
26490
1507
1195
54028
62008
55654
66800
99054
11696
97575
95225
49067
17376
37645
32708
61218
28648
93465
49053
28090
31004
60836
85825
51995
96131
30752
75369
17226
76540
80465
83635
30869
12477
77450
48654
57772
97845
60941
73991
27931
36862
5574
68393
99633
43318
45414
63989
47231
93298
16439
74587
90790
49485
54955
41579
41369
14016
10233
11548
88045
68064
85130
54778
43796
51092
84109
14932
64184
12258
35947
76833
7544
21723
30276
4250
69251
10844
27114
5668
80409
97411
50998
90004
12468
36084
72157
57836
7549
9520
53487
62684
38453
36575
32704
42209
85269
25961
28329
47875
79255
45289
46197
25811
94815
91859
70884
94779
93989
95006
68000
65359
90182
25425
38364
11184
16454
64886
85558
90606
98455
8122
61712
27837
10287
41070
84117
80333
82932
15392
20430
69183
71287
9093
18588
13610
16947
17518
49381
1793
76106
31507
2193
78983
60738
35099
91635
97796
13215
43552
29431
20484
92018
79924
46934
13475
22077
8046
66654
73436
1849
33627
31411
7279
56233
48797
97041
78634
88334
89942
19107
92694
50330
8483
52696
37170
49756
90290
87670
15186
1736
11222
9189
30762
71760
75901
99334
28693
46715
23586
67451
29148
67026
58162
74013
15769
83534
82425
43639
47664
79966
34346
95196
46415
64978
71966
62682
98589
35202
28708
59847
79826
30625
23474
45396
43877
60814
47985
20102
93564
7147
33511
84049
80941
71218
92816
12153
90949
10243
72332
11716
50140
59401
43519
48655
95298
76083
66847
12267
7567
22627
6037
41273
57728
5988
14311
68212
79020
28647
82826
13761
41991
6926
40730
12235
82612
33506
53329
39172
51825
23024
41106
22975
16884
20389
12418
27912
15199
37822
71271
28107
70939
72432
66707
6927
52909
46452
21500
14334
72092
15924
44715
6516
79605
26117
89998
88768
15037
50952
69214
15855
82825
88859
5986
85358
26890
23586
52407
19707
11622
29813
90080
94842
54760
79259
66574
56247
73137
34942
54004
16119
17072
17568
20205
66861
68983
72905
66635
44128
68084
91752
21101
76759
89282
1677
79312
51107
43991
62116
78656
44297
1665
1328
79277
63769
16656
12407
819
52893
19820
76928
97195
27423
71925
36421
83577
45318
11221
74489
22507
76998
9707
55499
30372
72897
7467
1627
36287
87338
48385
76616
63976
84344
42151
24961
53705
99704
48265
23066
21928
37588
58705
38494
57413
48072
47007
62566
2517
29523
38762
76175
22608
25275
9758
66670
22435
54378
23260
25863
47809
66031
33581
57951
48900
93297
39257
55607
24365
4598
89597
64425
81662
13584
33443
38202
66290
19683
16106
93320
74363
58823
36350
61159
62469
80448
84485
8811
55490
37689
70439
67408
28737
5459
16901
51818
2881
12344
23608
73541
43451
39252
29717
84901
89371
4190
46126
26740
2767
58613
67536
61946
34889
98654
98531
74537
20914
1166
64417
63112
50913
31661
27535
80072
55072
50847
29958
73980
33297
64417
46523
42430
6524
63145
89831
15815
24359
7104
74253
87657
20868
53615
66804
65219
358
95645
29232
80910
30289
1089
72594
77376
94443
13059
53133
4405
99110
73734
24383
68903
19228
6584
39294
86483
79370
99883
23111
83598
74851
70010
18680
73257
92071
22953
79755
24731
63355
66424
50646
55565
14893
40172
25983
45628
1507
67302
89355
18166
59523
38278
63406
56397
3718
53652
25948
94483
87848
16593
14639
92587
58252
32749
90059
21688
84052
92999
44550
78118
7811
42238
94494
14832
27991
2
96758
56093
76554
77476
99860
8716
31346
74733
65112
21959
22648
84886
80101
58291
63194
62335
10503
77143
62811
57643
21642
2774
37910
75677
15712
43542
19221
18604
67184
89371
65433
17391
20241
20345
74161
62219
64472
79441
83221
47610
69148
55693
78874
588
62878
75090
6627
15070
27292
54655
85600
98114
69755
39004
7619
62050
41753
9536
36349
27582
70761
770
9610
10498
25552
45879
14810
82590
68692
71767
26565
90276
10128
24882
35519
10867
83042
91789
31536
59759
18237
25714
50846
17290
38415
66469
98856
50053
96389
56012
75176
88415
68326
31383
45836
67471
72483
24541
83155
4122
8297
49137
18206
24996
61743
15467
88675
12756
81915
25199
53100
78330
69775
3793
55551
60145
92625
48829
41957
55649
47489
38249
94534
75089
85599
92614
59233
21451
33396
12212
61479
26198
25251
82
35493
7605
58166
90165
38195
61293
92925
12434
63155
56732
28934
47066
1190
56962
48831
19419
23070
44791
473
9472
21185
68140
30058
66169
51040
47831
24483
36148
76737
70012
83267
57382
48147
73129
51999
87252
98957
31478
36884
69020
81149
45513
5575
85576
87088
78489
3216
57797
86103
38363
21560
13433
53894
82482
83478
21711
42917
30260
47490
32595
78105
99403
34779
20070
30749
40898
56485
55864
44644
88980
6065
39889
77509
13352
48813
73326
2913
60377
76131
24694
56294
43009
64502
42350
5190
5534
47334
96624
22581
96758
23779
27234
92684
57686
85951
36597
2058
61951
92733
48350
19357
15981
86827
43551
22510
90573
74881
20744
74210
56325
35957
15779
99499
9309
34489
74281
35846
86695
71878
29921
61608
58623
40457
85430
71123
19568
8254
73461
14110
30863
51799
25200
91738
58600
69631
91092
89968
68640
47764
6176
46014
78716
86642
80707
41542
45252
79119
55467
3227
37885
39742
82560
5241
55365
17880
95079
83064
75002
20405
17999
95156
6784
62005
42996
41927
3077
48619
54710
82482
17608
28368
97819
91091
65550
13360
69083
18811
49521
45289
23645
44912
25683
52781
65051
33501
51710
83513
60964
20994
30213
67378
34583
37497
9813
43609
1433
99165
4747
41422
54835
67686
27574
34943
26457
15017
28682
21017
9162
93246
85282
43699
7620
76098
77336
93716
99422
40454
30750
49922
37591
42263
9452
51991
74982
18508
2362
68014
96319
30365
83033
53514
75034
20905
35413
75235
90692
90446
60189
67164
86087
13029
31018
38968
39379
72853
38789
42894
92792
93162
68447
74494
45094
7912
91397
66777
64053
31435
9489
67870
49139
30187
98941
30194
11622
71583
1228
86920
53205
63505
88656
6138
75348
25461
70350
86000
50864
51044
58411
25777
64244
8717
8491
82768
11150
63144
77923
49891
97679
42228
85878
93758
33436
90330
95892
80012
61865
16389
57762
94157
23629
3331
2614
63492
37725
65169
98073
10483
51238
95712
29736
30022
97939
27128
76469
34352
37111
41240
82478
94392
74966
92814
92581
39784
15256
38006
22587
50648
30460
62176
64550
75309
33073
46924
13187
80284
88504
56562
7969
766
80981
94053
83136
97079
63118
88154
88690
17242
86904
73627
35657
25061
26082
40879
81542
83914
68579
52131
37389
11114
5128
35228
75388
93803
30897
71203
35640
72584
80380
72874
57292
67944
36194
37995
97929
41393
18802
60691
56971
29655
348
1396
51326
15002
63750
40883
38567
57418
11486
90600
772
13506
88633
32433
79043
62875
24967
10319
7313
87770
61961
69820
21782
56944
29130
65644
51532
97240
27432
12039
25438
18885
54725
37897
90383
90813
52322
63684
47992
43949
81372
82971
36875
34156
90126
48575
48400
16890
89460
34008
84240
94746
96215
51130
54081
76470
39836
85761
97705
58726
79069
17685
16768
16071
83347
41386
82088
52421
35904
43219
38291
85390
74254
28755
4827
74674
11719
2090
86774
13789
98211
87601
98129
83742
26132
11827
81684
74671
86203
12549
67748
43086
1581
72301
37504
1579
28991
64834
46246
83859
48698
64182
99185
96639
32026
78700
18632
87310
11608
35882
70078
23755
5991
41276
80631
68328
13382
86281
7924
18041
22494
61284
94811
9327
93223
58043
40302
16239
74161
90172
54429
7792
97392
75437
67149
35538
73203
52215
15772
44180
30591
32850
50107
31213
17315
92400
71640
76531
96625
62607
9815
95439
36409
8358
99836
76862
96945
4898
19622
91344
61817
34624
3696
76399
93611
5296
9833
40661
6362
24282
36899
15608
87889
1784
92901
57256
5578
94351
13741
39106
5770
99892
63586
11420
88364
42756
30071
61191
70375
92071
57608
34825
2408
8582
94855
44403
30589
65076
89685
13285
80350
88200
20358
81203
79236
48123
21261
80773
18042
37196
2942
79976
93745
85355
31686
71054
17617
70546
46854
86459
72958
53885
32463
73206
57489
3746
50007
46869
70839
70361
56754
50144
64852
22191
2927
57535
40759
6669
67850
16238
66788
23255
82444
37647
84554
9839
64867
8055
41255
25456
82573
92333
84929
32917
52517
66734
58850
64925
53357
91194
8125
63769
64841
30050
65189
34131
50735
56585
92939
7993
46157
141
86597
3642
1874
18417
82747
52247
21569
71903
99662
52414
98250
70537
13336
20840
41210
88765
3698
52623
79422
37790
71994
10847
42888
8124
67537
51590
77979
44745
28926
27548
8946
64546
99974
96515
71887
69339
77768
13921
60666
59273
41383
88708
49703
98551
90283
99640
53623
27799
82717
19480
31173
4069
95494
63442
91827
87425
41563
53235
33662
71029
79075
77980
35981
53982
80450
4259
29449
81498
31967
43252
48673
22337
9090
51786
48906
12696
5568
80393
94247
77463
13895
65281
38559
97840
33469
46571
83460
29955
63139
9381
11765
28819
15837
88918
85415
92885
28144
67143
54868
49578
30936
30864
76570
72233
42275
37184
82978
77028
93091
91479
64573
46344
13676
21919
15304
6196
72783
4504
72005
52390
57387
77615
74223
32118
72405
14910
10419
83669
30798
62450
79018
72887
70399
53856
10159
63719
34486
7439
96029
86585
38107
90145
41800
82084
48565
31131
92459
97031
24595
75400
95533
66082
34037
87987
53513
96981
55038
62598
93120
27894
87838
40489
19388
96161
56195
73090
84783
50666
77366
11354
53515
37567
17159
12512
53353
68775
64760
53264
16746
63524
47501
51004
77697
77008
82902
7736
18060
65576
56160
24969
54410
27534
69194
87641
50374
71285
97516
65750
77740
73719
36741
89339
22880
5862
17578
20790
17348
82846
27174
33858
3735
39907
67719
11048
39322
96810
56042
93279
82226
52912
91432
85058
21143
55392
27054
25418
31409
90037
77284
54856
90144
93160
20199
79458
48766
74518
99343
17108
55413
16935
48804
25619
58186
39453
32545
38691
96248
97780
27993
74587
89067
97488
90439
90241
89095
55660
37967
27927
50414
72404
42009
31479
88917
20621
86297
82946
56969
31323
78548
57286
91627
45990
51826
36860
96780
35889
15921
39183
84187
81419
33055
41677
45205
98539
58047
2780
37055
7009
19811
22491
45067
2033
53419
60099
10250
57940
85971
20375
44178
10467
7359
25831
66656
85348
88817
1894
12743
59703
99747
88583
73934
56333
60782
29093
5668
44466
58265
91080
4188
29998
76075
51238
2213
82373
77299
68924
4275
17540
6265
41577
85203
6149
89857
72551
95434
83614
71195
75191
91131
80953
9250
87828
2412
41167
3137
66574
95565
77297
45526
68094
57664
29247
95632
87344
34713
23299
74146
7915
38665
10764
67790
38385
43963
21821
18900
96307
91365
72116
65463
88483
60789
4040
93412
30752
35092
21281
95221
68266
88873
53813
27713
6225
99550
77251
70215
72257
61395
15873
14622
87295
79996
42376
76740
86262
39634
83691
29006
75256
13534
69469
49525
10514
33805
96884
41983
43412
55537
57077
50684
19979
74975
57974
4849
80082
43764
15562
15528
99344
43495
48096
10120
52428
28131
28597
30472
9746
26454
91139
43667
1495
9062
31937
53053
10996
59398
95755
6646
53832
34043
99176
71625
73344
39927
16953
12374
2542
87051
20904
42175
65080
94846
82524
28464
51697
532
39656
71601
69431
20988
71422
93309
51438
4111
4021
90666
84603
12924
39979
26751
93918
20925
95259
40258
2809
77566
59794
80275
89167
18120
75060
51731
21786
7491
1378
24842
2386
98325
14406
43897
84994
58299
36949
80934
66460
16660
93679
35893
95009
15663
86630
21889
95294
14209
8162
53791
73177
11227
97857
47794
73145
78774
34288
14966
23647
92914
69840
16320
42111
67081
67538
88891
51715
52333
56024
95955
37732
59693
51420
17780
65324
16032
63652
6026
72273
26599
17376
74427
48383
96532
86996
74267
80119
49749
9506
51056
66673
7033
56150
37669
38285
89070
96458
34132
83935
50133
73418
70699
65851
4865
94332
61447
37553
80046
86487
47262
1150
65171
51852
3674
718
56816
19191
82151
26990
23837
23785
89078
18324
44885
48610
98653
87934
71517
15439
26500
26111
55106
14977
81138
47779
97174
37607
64559
41564
12632
39683
93931
9511
75942
50809
80943
57763
53259
70943
24870
28636
48959
59662
78993
86439
6631
89950
50165
67788
54757
96584
35098
24550
35418
27035
11980
65800
4757
23400
98665
19370
20569
53185
12480
74566
10257
88334
84003
6566
62571
13400
91049
19086
28276
31864
98521
28049
65080
48075
20620
66097
32470
32018
2156
39056
94556
45824
38946
39844
27585
97551
28834
51371
45618
39284
96828
23784
70716
48475
75940
33466
63145
6198
58486
11723
41380
77945
14518
7728
93849
86451
88742
61198
6023
6655
9783
52604
98327
3460
35467
84667
69463
87841
86943
73836
27504
24055
31243
85592
57969
1317
70001
22080
64562
6473
19175
18124
12535
5860
63751
24858
38223
66729
55813
89974
34829
42441
32035
18127
92080
81029
42964
30344
5807
38805
2746
52544
48376
96578
55471
80392
54721
83904
87283
80773
54228
6719
2288
73953
18889
6799
26309
73878
87822
99268
70669
46533
95261
18362
19058
12914
97235
45176
33326
28955
34374
90200
89128
18695
47118
93682
9446
55815
1273
16216
30054
12064
33469
76018
29326
27268
87041
71546
70604
1762
97008
57816
72323
15175
370
11606
32067
10822
32714
55117
19466
81173
33701
24978
22351
14164
32069
94512
13558
3618
87463
13068
89139
71107
61991
86285
3495
63600
1855
33388
72423
76142
80830
36860
97787
64695
77134
33319
92483
4805
79639
53724
81921
73538
70423
99818
9313
72141
55937
22148
97236
82766
14950
12622
59675
22572
36038
86838
54038
76951
9033
21139
8129
98329
39570
88869
72600
38629
99487
33348
92627
74108
30593
15796
95058
96903
64307
55036
66797
42254
39368
41838
45596
90639
71939
29139
87824
10135
37938
92786
91392
33583
96937
23370
4235
87704
30948
78267
64933
38574
4349
33964
50745
61838
16501
54009
3200
98126
81940
31884
82637
94740
97157
59095
29178
5578
56136
86336
39032
72019
70052
6209
70332
19632
97601
76685
25224
10619
41063
4797
92775
22665
95661
63748
22743
8648
57309
55581
35608
28125
32150
90089
21588
87093
46612
19915
77467
61694
16732
10994
82863
91895
93076
76524
29036
15824
23744
29353
82903
86817
78101
86458
34190
96207
92490
30117
27246
19360
33122
96484
83810
30439
77379
48268
64982
55414
83396
58431
67441
93713
84630
74697
2834
85617
18748
64775
63003
34398
61879
26112
1859
71434
75710
30417
32569
27882
22578
49050
97047
6606
2619
52016
44545
81744
31514
69259
56969
46368
51948
16144
20775
67669
24998
54916
97559
30314
97290
43016
97407
28377
59087
92447
87388
1479
58905
14578
75008
57336
75703
6785
16803
23345
4874
43658
9600
67143
10553
82199
84711
58070
21172
9455
37513
57206
99738
79581
97888
47916
58927
9382
8174
49334
41191
1364
89141
59109
38333
95912
97905
42752
65025
81663
46383
56748
30921
10702
11594
67854
23469
14603
95837
93643
29943
87131
29172
28412
74916
29678
49603
78397
79303
75054
51609
91343
96395
11012
87821
72813
185
84408
63902
35867
64645
8865
21974
12295
28995
81222
36965
68160
56460
20094
57652
97272
42632
49089
7460
85195
25287
32381
65211
81147
63169
98751
72767
93022
44036
89880
3101
99158
16182
54672
76752
12685
47639
73905
23400
46060
59407
333
40140
74705
17468
91828
93795
96838
85172
43962
55576
84579
86146
54938
13320
38946
38546
25459
37888
34333
1875
7450
72232
55248
87362
16663
25234
53909
19377
90906
51822
53760
60343
83795
24538
6046
19340
77934
81877
91561
85088
14697
81864
87900
95060
50340
32746
78422
65161
78688
45674
11332
84156
22246
94312
32093
79022
75221
66684
80238
82446
23388
62265
65418
43772
57797
54930
659
90691
37588
42508
97071
82380
77730
45409
16013
93082
66705
20766
61191
13855
50298
24129
68337
94602
83073
23231
47894
7133
91722
40272
42930
89959
31015
48997
75302
34845
93532
86515
84787
27052
73279
13546
417
60786
2701
2313
90576
96100
93078
96769
10102
93012
85046
20217
9486
87470
92661
75026
55763
15243
978
35248
97402
85860
34204
67807
53151
67649
33078
52541
32748
46197
77180
74171
36797
94093
235
35511
2767
95117
39300
91796
26164
64540
24701
79312
97928
90588
81741
5129
43522
46041
13904
90772
95077
78579
6548
12820
99629
27312
42592
32499
52145
60396
59480
5626
29023
62175
42959
48391
93642
32373
97351
44811
13657
14285
33492
48231
8377
73296
92785
95312
6649
35711
42105
51359
64982
64151
90439
37148
82340
34582
11312
33367
87119
94167
85445
66592
62747
21965
14509
44539
95605
87170
14679
81280
7859
38453
28744
94469
49853
69611
66371
65667
3156
12299
16089
67155
52826
82140
24482
48822
31169
57742
7026
53851
12923
30676
1536
26551
73035
37348
26143
79084
74822
91173
43436
3934
38127
77469
93051
99575
87261
72439
7133
38582
19564
48681
2617
67737
95295
56286
43024
15859
95182
4073
4073
52564
80340
94749
43790
93555
22310
47687
27925
77803
19328
87920
73117
67011
36084
11097
30506
7407
40571
38955
2622
51992
40940
58430
78555
11537
12533
88446
96175
7365
32162
93951
97936
11687
91574
36941
16087
62150
26070
99144
38448
48468
65618
43178
35092
84311
22537
23539
21183
18055
34957
6480
74264
59011
48894
84386
21710
27717
4682
82609
38477
81999
39778
3252
34082
9639
39730
84183
62615
76072
71542
69390
42463
97201
81505
59857
93055
47604
25701
39316
46365
22448
2845
37604
76844
38905
75204
320
81264
42753
3766
98803
57416
2364
59885
57909
69838
60348
24232
52591
39206
30146
97102
96920
83871
68081
79047
80825
6972
25665
20039
46273
52773
43954
61216
27836
86826
38977
43038
53903
58941
7354
1488
26027
5187
85620
30930
27720
58933
51722
89401
68834
61463
49716
69990
94098
99430
8561
78102
75538
18323
45963
58175
68531
99746
22837
97091
35933
90050
70207
70942
68573
33526
45376
94391
98507
70583
38370
27233
15319
88255
5150
20494
23751
28843
14321
24309
62274
77443
35085
5723
74362
21536
45299
89569
59609
72829
82063
77802
59760
86101
58241
81643
39765
53361
33031
70971
70316
55981
51467
50583
68686
59263
71998
23417
39623
45318
18175
81135
57382
38172
26116
32288
27179
88002
58343
3616
91837
24025
5323
43616
72548
78040
75616
6847
8055
3929
22712
63547
80135
38480
92749
6275
7001
61888
87294
12480
32575
3534
4528
24282
10527
7433
8088
22025
9356
74656
92368
47060
22594
98026
19857
15216
59021
14503
32777
69640
76529
59071
38900
96129
92099
57509
57052
38704
40651
14343
20388
87639
91852
43857
43794
56867
45258
78005
55127
85946
72217
24689
54667
78081
36835
24067
51907
81081
70268
39850
67643
92099
47363
9594
58928
9258
56079
297
56464
8072
81824
46737
35244
52819
14177
47647
92444
88213
1082
82803
32640
25122
4653
6751
52303
79375
12433
32772
85228
91589
15286
41359
16866
19968
27699
86496
10109
75871
24605
15599
93058
41399
85636
17778
61581
11525
8800
92804
94012
56903
78659
93391
76873
40577
79607
68233
45079
46216
48900
40507
34545
72819
14418
90337
34952
12969
57876
7715
69145
36465
98783
15288
46642
15811
19158
45476
5135
44253
29160
8854
1859
10009
51108
81426
42051
49779
39505
46930
90736
83910
42373
17669
88792
11247
84915
11144
59858
89784
10772
39436
33426
61670
42110
89683
66247
6236
39815
84585
12152
21385
28148
23220
22912
88835
33054
45551
16677
21131
39386
10317
40999
67213
72562
38873
64581
3351
90189
34586
86869
41554
89679
80267
75522
25350
38744
95363
30655
85538
70480
70000
60955
87762
93371
50036
74638
96613
95823
5854
63134
59633
86608
67873
99121
67802
34180
54852
35072
62519
45199
42297
70983
84840
2738
20718
69868
42859
45498
12669
76830
59987
4801
40979
64847
7665
36945
62786
52232
75994
99121
96175
53266
10203
28573
65676
68908
53934
73252
95480
53691
16742
12033
96646
16119
87251
21197
7593
8101
54322
25875
8636
97054
9530
63627
34621
90262
91495
3831
16935
67613
96127
68241
53856
36310
79877
69415
45204
21156
76153
3959
50576
12066
41392
65169
39924
80233
82281
61832
39057
497
40091
44037
18476
59062
1112
94645
41016
54252
696
51933
48407
59345
83253
22381
25774
55602
49927
2791
22758
76610
40541
21309
79682
81743
52786
7442
1217
86522
8477
23912
62810
33675
15741
90162
41759
30500
14213
98341
63715
64724
9255
45199
96923
40045
47974
76990
26599
90522
38214
10853
90752
24100
15843
41678
87409
77116
77388
49953
38502
8835
61542
59468
41043
99137
63370
78660
60021
55772
50618
29074
16815
14339
48388
98360
59654
19226
71142
91914
56319
89531
82401
76884
19984
10363
38632
18971
58440
49122
35595
25996
17997
29955
21467
10936
46869
75655
61827
92083
93361
75630
62941
80635
5534
2099
27114
15703
56683
1885
48493
6140
19938
77726
54342
66043
63933
11119
84295
34987
85203
8426
48125
46197
87372
41475
55211
9659
26188
91267
90864
61006
77419
9405
84970
38179
94063
82459
63239
73973
19333
34970
51136
96044
47116
23288
22216
13787
73361
63495
60677
74496
31792
44790
6784
31269
7893
1675
45089
55514
3299
18768
66075
90245
9907
89635
76321
63458
68586
91840
57794
39990
8780
38770
42518
79555
90932
61752
83106
60546
55763
8756
36862
87703
19618
30016
56119
33208
1506
77745
10757
63281
50765
49541
52642
29608
69686
81846
3345
63674
86249
48185
57296
76533
2505
94094
79209
48992
17193
6927
30738
52072
40181
59095
10709
17748
20580
57081
55576
3406
80892
40125
74918
58422
72244
50888
57802
49576
83826
65899
10416
68290
10592
80951
58458
1622
45032
20702
326
1483
4025
91602
99480
47876
39861
99603
70278
331
75896
81137
4129
40025
92831
74254
92498
8369
45427
71545
26635
56210
64600
31607
69337
70884
92205
69515
19336
45110
85444
74501
51800
75913
54823
23634
11190
12691
11878
63050
64857
70909
48382
65996
97810
39779
81101
8466
86956
27282
74247
40802
10399
93496
30270
75803
21423
39546
74906
63282
94121
11459
95816
99716
43936
38971
78239
9080
83835
87249
66885
66289
84567
59524
36913
37111
58704
32634
58828
34665
1564
63187
8692
4627
937
70772
7722
49844
75094
44641
88331
85550
4183
69167
66990
51633
53000
10568
51819
66924
73830
81246
1372
94726
645
42421
83087
15485
43767
37541
71495
60597
64844
84146
88810
5890
11128
38421
95922
7344
2071
61330
9344
5615
60608
62893
98377
15235
35274
23767
42203
19402
35077
69305
93421
29181
45028
20402
23700
58713
75931
96761
51281
12530
83878
64726
57731
94381
31556
98091
97547
95358
81134
63095
28926
80319
63888
71326
51558
88524
20617
27557
21340
29556
51805
79885
56750
9449
33939
92320
67838
80827
99574
71922
7180
4313
79416
52714
91496
78791
9273
82941
35886
70821
88855
52486
40586
98625
81503
67019
18038
35887
90662
40021
53175
93265
46604
89922
75093
6368
13763
35738
65385
70106
59651
44078
55459
29173
84217
92935
94260
16605
57209
34796
25160
91524
52216
6111
24683
9556
82280
91552
39257
36712
98286
86476
68001
82465
37776
74477
97315
79791
35891
59021
22654
96492
60444
50159
86947
62471
11499
89245
85294
34896
13140
72975
14901
78920
79846
67405
89292
35083
62490
17617
96532
71599
70596
98482
83053
86830
34341
57539
94067
87175
41497
8539
31386
41481
47538
52480
59090
12146
24584
80463
47369
17985
48770
4699
54164
90146
10029
41471
76694
66837
30951
50708
49289
89006
87689
20695
4766
10999
39427
10690
53716
61244
653
86127
3600
92831
19077
96950
76181
90274
42758
59537
94700
48007
30774
83154
5887
13134
88079
98940
40456
29239
15138
72179
11453
46609
59530
15325
78984
5872
57640
77371
84398
38301
30783
30835
54221
25813
84123
76835
11127
87198
64848
43509
1525
88416
41429
62588
76009
86017
95717
10416
874
94702
48228
74708
16823
28831
70578
72388
13118
96064
71857
77936
52704
5843
84537
80589
15372
26651
57153
57487
14026
95089
84590
58826
408
13949
8676
30684
19248
80600
97167
67149
65877
74330
39138
82349
97430
41929
72195
70008
81747
12578
66968
55539
96977
14267
71156
84551
69117
42961
46901
73261
30775
77995
99831
26808
43675
97141
64920
87825
94386
86225
84033
1750
83118
89816
59114
43297
27585
93998
86492
7018
97550
56801
23269
55998
6148
14265
27046
68716
46428
20733
15842
60978
54472
46794
96616
58912
16163
54301
27776
26871
45714
94249
40974
56810
38504
29353
3197
17071
84581
80224
24549
37901
52199
86789
13160
75161
74175
7431
87276
92300
10084
45771
54438
90076
91160
60111
71883
40239
69487
77747
4705
56856
92767
15998
45946
12746
16017
57253
64234
59831
67818
76638
82100
60978
29447
77646
48371
25412
51050
44129
5432
5383
9239
42917
7367
40568
84844
44059
52438
50997
82527
28719
89956
56733
14961
50615
8329
13297
20916
68195
48688
48649
87347
8896
54157
27921
28688
10441
79787
13836
74725
41136
27173
21571
34367
79054
41870
60007
11052
89519
1177
40845
55714
19244
1534
32478
37831
60588
11071
68605
6887
8880
16068
68941
8557
34766
54254
85628
19251
22840
15477
71538
28182
34530
8471
46822
27578
54089
64515
71746
27119
70124
45818
40331
95614
22998
6493
16148
17594
21129
71243
93151
34809
91415
58085
14177
76795
46184
13674
70498
12306
96944
3156
89806
99445
27653
29571
68142
21865
83548
47888
51464
38684
68632
9710
67701
10934
47098
26128
64246
38215
70705
18306
13646
24629
88040
34298
40191
97834
98963
94265
47572
96890
7676
39842
56004
36365
95763
25871
37844
28840
18510
86787
84527
76795
81178
70639
15071
97711
60731
37959
70925
54308
53444
71750
17633
9740
46163
76121
47301
29107
25604
21433
33775
33314
98869
97798
59269
51989
74781
2599
42148
10580
40441
65143
3285
89421
62499
98456
71574
78009
99556
45516
11679
45593
2477
43237
8625
76177
30066
67693
13778
73382
35355
91785
96710
81128
83828
17335
20035
27888
25125
90762
75794
88951
12748
84083
3768
35601
87036
801
89178
12034
42969
71041
80046
15124
68215
50799
6326
10695
95832
52231
79803
99997
52433
42258
11565
26968
36549
42657
79392
80369
69076
14329
80050
73513
3999
82946
71197
98495
42433
28549
48984
94605
76331
60267
76067
82795
90359
54279
94133
34358
7262
96568
32876
1002
17323
73097
89670
94595
68369
73558
77354
54605
33679
61192
6238
47801
60782
16931
43966
13631
1420
88231
98555
82563
37418
61157
75118
71146
38938
16092
56937
83645
61300
2089
17466
49468
19873
50964
14094
14317
29430
24126
9867
1345
87091
93
97239
17516
53211
5190
49460
44638
12484
71401
90034
30080
43167
56854
15457
79368
45873
54713
48944
95947
93782
35877
95784
38937
33009
674
63758
48936
50043
12392
25176
92013
9357
50700
80381
74045
49835
12140
84408
26907
55285
43491
24512
93208
99389
8507
39285
64587
15311
54629
88816
57500
89498
67739
47454
44448
67522
58567
9444
57824
31795
12791
89650
64229
38157
66734
65897
70001
59754
18172
17467
41888
61955
77295
15304
95726
77130
93454
25125
89694
56992
40131
19957
14014
65920
66363
1486
30894
10436
34498
20418
21171
25095
2821
20502
29239
63385
33584
87314
94021
35596
36529
795
8655
5439
16734
59758
59541
71513
49608
29442
20150
76560
22224
11580
20687
33487
67686
57842
16610
14548
21550
41052
27759
9749
51785
26191
41348
51957
64493
77858
73973
32172
87870
52183
42918
37764
2510
24300
63458
33157
75758
18279
34019
45668
18225
13192
16907
44294
59795
68027
16674
99373
32667
18907
1814
14065
64603
61065
45529
56008
18946
75975
4888
91755
76999
90597
86196
56322
53929
86827
39070
21425
29455
47867
67908
16045
68902
42489
59841
85610
91422
37790
78207
34782
95558
79575
4687
21663
12541
40009
25652
54870
75678
1301
66538
19179
4062
72876
89690
10127
31979
34293
2780
24227
33730
91960
6881
8943
10951
54914
14852
23309
3696
85191
21298
99129
59285
36406
30594
7520
94268
87099
9127
70779
60604
25042
55580
24738
67447
91701
96748
80630
954
11600
64206
10758
57524
51214
68698
26914
45178
64212
87948
35533
42938
68348
67827
4194
17062
7638
18666
79238
181
995
25793
86799
30157
51720
55115
44701
152
5312
30660
21190
83061
10112
93559
99721
47529
20321
11480
32995
30545
64951
7484
33335
81233
37490
77880
39816
1418
45581
33694
32973
53748
3691
56035
83179
9033
30964
72564
98465
10596
65516
49411
17160
65925
79401
90819
44568
18978
79271
85018
79201
40131
38296
53105
87467
54988
16445
4637
17242
52400
91559
62437
47209
97802
5832
42124
48588
97397
54278
64138
58149
51151
16745
8951
42328
96993
45228
52332
40424
23786
78948
15796
1369
40069
64400
45293
61240
28357
13180
68546
31920
47282
83318
14802
55052
50673
80683
46640
79570
85760
90938
52141
54106
66924
2736
53074
59153
76170
15057
59040
17700
77521
5488
54679
87586
26748
10682
94533
34140
69250
24088
11116
46794
11936
82977
64115
47220
97973
16536
34108
71221
26841
17047
56023
67234
85487
57874
72645
12775
85019
82210
34963
75005
89939
14253
22810
83112
87479
38764
99003
35143
47312
34297
91457
91281
20216
78915
82629
33796
40440
3200
42914
3540
59591
67611
11051
63524
97837
74484
10634
88764
48452
18985
36428
16792
3958
79743
54185
50269
28648
68032
81692
81929
18777
25150
59170
59782
12826
74355
63889
69984
34167
60495
62611
99319
91707
36320
68597
65559
79927
52695
38309
30875
18131
26434
52523
4277
18249
61144
52609
92450
86052
42586
88888
47981
85506
15185
54952
93542
84270
25671
34929
43688
87466
30390
86282
13635
50842
93474
74660
76735
13053
11476
56457
51861
97226
98257
91876
90821
10769
78433
65725
82455
58628
52419
36771
89969
25096
39672
34014
10564
88204
51082
39050
84762
23211
16034
92691
99534
36491
39671
97661
12547
15477
24303
18703
98887
40609
32445
13756
67162
92439
80396
44128
12417
93801
65113
97444
56312
77649
67686
9290
57710
28811
96927
68892
8684
45499
15997
32323
40596
79035
48998
35119
51357
62783
85020
59333
60359
64111
58700
32734
76289
34084
60571
41281
873
26145
16251
56002
64018
20080
96510
2902
39080
27011
4496
86535
56141
46548
38075
70759
36463
75746
96373
775
6708
29074
97985
88485
59243
28268
96762
40557
46639
13449
8778
69984
98455
31883
74439
20951
99392
80904
66003
75270
46136
41618
94087
35270
77448
75230
45062
52654
12691
23809
79627
79306
53372
33367
23885
56772
17648
34416
8519
41426
55055
22494
6313
65368
45877
71222
49288
65928
35415
57754
73203
3269
58992
99173
12593
33598
42098
342
11996
3139
18104
20292
34375
2470
11221
96305
38560
61054
38579
4675
64420
41587
37608
32516
58863
41420
93396
62910
30864
95180
88075
81101
10071
42743
19681
91943
880
82190
37929
674
21967
30797
76156
56965
12786
24911
90958
2704
17705
89691
73776
65026
27478
79649
55648
47423
21303
6210
55383
38732
21618
70753
17921
14773
37536
73132
72829
27174
54268
34347
61649
49473
33827
21248
2112
81643
60793
48097
73692
93391
49955
3108
90194
42574
85040
58720
65618
82105
15319
30161
67296
76162
84405
77849
51157
76188
60080
95950
11130
83608
46984
83142
68743
75864
33687
61534
58327
74790
22085
61420
40160
65884
7823
24735
21227
16721
14793
48731
5105
1332
56855
28232
91119
1789
45007
91094
90414
19983
99107
85890
62025
90765
108
34004
67035
57516
77085
78680
15374
12557
79227
63099
87056
1904
73116
35296
74133
86080
41616
73680
3957
6412
17681
59258
93827
10184
82100
14278
49704
20276
36489
64809
1946
58178
4508
19482
50411
54794
33274
77401
14483
75156
44443
38851
98282
7197
41410
14991
8704
79497
93085
33865
39288
54893
22865
1994
78837
46601
26920
65649
36856
31385
7254
99662
56738
14405
9686
22436
75836
14791
57892
79370
91758
64985
82258
75939
76570
69354
22287
22022
73920
39141
91701
63155
86733
1022
28956
78658
65193
4794
34338
39957
81819
52533
7346
77643
50503
35027
5973
27693
65511
47921
59921
39038
43802
15559
83262
86207
20276
52828
92606
4888
22580
47583
63536
88719
60148
18655
82276
82806
78416
47630
53223
84025
77761
50330
98999
21664
55719
99105
46445
35754
49788
54097
6996
87732
16337
60803
66585
94043
273
51482
90468
7233
75260
16285
54867
2780
76515
21034
29041
10993
12657
44192
8448
89793
18979
3937
90264
89590
6451
9950
22388
47160
69729
33683
43159
52846
73814
37815
99940
96295
80654
490
76084
39671
1797
6899
83178
70631
73125
93829
95123
54399
24351
25963
5804
75407
8946
66077
5903
4499
56601
16625
82063
24291
54811
7799
38835
4803
6371
51403
14573
48672
16823
1743
11507
95291
59382
78597
43517
81890
35195
45682
57022
71262
46953
24227
86301
88049
35914
79422
87467
47871
85430
26967
83588
39448
69957
99130
22417
71639
49549
8301
50951
72712
88021
82971
31488
78137
310
33898
54777
95090
44651
66852
24979
8344
39653
68491
25624
77801
55472
87451
39901
97646
4087
83435
87565
95890
14752
96920
30262
72470
89327
55668
33874
98233
3453
8590
76290
60430
72554
25649
61207
2274
70805
47558
76057
40835
34422
93866
88380
71170
65778
60624
89586
41343
91551
85564
39518
94722
41759
75373
28169
17460
73538
44845
19452
31426
15648
38541
65564
43261
60179
72920
92543
33387
5303
46488
4118
99966
8364
14597
80293
39238
16098
57803
45278
20429
91849
67084
24435
68421
65775
46565
63735
57929
65401
9067
8992
61420
38992
15129
4465
37170
36040
39087
7699
65753
37617
62609
79762
40286
29177
8970
38372
87559
48783
51793
96616
13722
20210
63752
38619
84978
95863
34677
59909
97363
11709
27089
70718
67574
87753
7373
56740
76536
15894
55058
20525
27556
63946
29748
50960
19530
37355
18710
65052
45588
10390
90834
28017
38448
40716
98853
70114
6796
40050
72279
96965
76475
76690
53110
8238
27170
7780
48751
9229
45329
82916
44178
84078
14417
79125
74335
97453
89959
71002
76402
84514
47025
24437
86618
61591
97012
97070
60595
36273
65539
13602
14529
93772
53170
24479
37850
29556
10503
77519
51478
98069
2958
75387
69328
456
31191
26962
73227
60079
13012
39689
56245
62347
24846
68256
4669
2272
30778
12478
93822
75949
86782
46462
89079
67835
49070
72877
32505
19421
11695
52840
76428
67418
93511
64602
96762
68169
87948
39814
49165
44130
4298
5318
99007
1374
29424
50554
57351
20186
59020
5847
94155
58623
69262
88320
49643
58275
49003
55258
40638
37509
29317
36999
59557
95974
14474
31186
20335
1286
76431
32103
57754
3058
45609
55079
97977
31794
97761
63974
77005
86954
18097
68206
79418
44180
88406
93328
87500
62308
31655
87529
71516
25174
21981
457
49249
8581
69730
51681
99646
66422
16406
4568
66177
49895
18639
55467
56017
2469
87551
38918
8112
34706
67614
98119
47417
34878
38088
24238
43147
5493
76777
60564
71802
34674
49808
41070
7179
92756
8617
11864
26446
13743
82740
7625
6651
96285
44277
89557
82142
55016
82006
72925
97287
59918
10239
71012
44034
10007
25620
89250
64899
33352
8628
62601
1383
75884
27664
22166
95987
84012
97279
74795
50569
76855
84539
50018
46154
69257
7583
64555
61465
64009
47869
92257
7917
24553
95131
83856
80895
84929
61014
44699
99171
50102
37084
23823
74976
75609
25908
71012
11958
8056
3546
21949
86363
56465
93011
3453
44445
35688
69836
37588
79952
27977
79516
52198
72148
77996
98211
86438
65962
91723
58690
15709
54461
18723
73530
55953
71274
20352
33138
79761
696
93606
73668
20122
93438
75525
60166
84320
5412
4136
7604
46967
5006
46759
42535
31522
81706
24721
26863
48438
88688
958
23587
8155
97763
96523
47511
20683
63551
57233
71995
65600
57698
77560
37542
86431
97059
56164
42682
51990
86642
24186
57374
55536
75138
57444
83027
34319
48543
89509
87528
79563
79873
75134
99901
87562
55436
81918
79015
36989
64910
73323
57928
1257
66834
46333
54391
23263
4386
59111
19143
92671
447
41400
2231
44132
31879
80373
37433
63110
58653
8331
4314
13402
37802
91479
97115
29296
62921
72144
28732
22484
52908
12230
16241
19381
70571
34609
44894
45660
76974
60151
33155
83497
54776
55271
28000
96911
69975
17643
29096
57373
1213
38825
89930
22593
85456
56616
44004
3983
15022
81160
73654
93769
38890
47438
43212
12533
90229
13475
97959
98310
91666
86012
72254
25956
69379
87294
42324
37564
47677
43150
32256
46364
11385
5093
91990
21339
26588
7042
56512
49683
435
656
9902
36818
25421
5292
31535
8772
79465
81616
14638
49415
84701
3685
57581
50454
12263
32763
71000
26183
7945
90545
18729
80985
62732
47107
94277
98440
65348
1778
66742
82048
54215
87285
51908
94593
38688
95144
2518
92604
69722
35575
56370
71240
78722
96130
11612
92159
37555
75879
7258
73413
52666
90489
90436
77098
50752
12213
28260
81389
66467
74198
90184
83553
81774
34263
30398
7036
79106
11149
97634
10289
6964
85697
7808
48751
91879
99668
58193
11324
64111
85627
27174
16510
81552
43955
98413
78908
80673
60645
28592
96094
66905
61360
56687
28177
94846
5089
71896
3288
55153
41513
62135
90377
6945
9587
79358
4967
27613
48205
26517
90965
83592
83945
76404
45399
58059
25192
77072
77022
55983
12602
52463
589
7513
37348
32428
78277
33302
74481
67620
90521
27184
88277
5104
33695
85671
42979
17657
88453
7906
47016
60578
52278
16721
97062
19300
57514
96965
27476
77973
82722
79966
29030
78195
22292
96664
23238
64075
91519
24283
62183
79990
38259
76664
20174
17259
66057
80993
29936
57747
62469
44656
12873
40667
69711
69979
854
88536
33470
66808
76295
78185
4414
81607
2297
19788
87992
15511
9003
31812
80853
95721
77692
38358
62705
86716
37064
3453
99193
29518
43455
75752
32645
15441
83443
88758
81988
855
63540
96318
71316
41524
92158
26966
30250
80980
55731
14788
40608
81568
33070
93662
7765
92324
59082
83568
58496
79259
84494
63783
67525
19550
52091
12398
96437
85742
12231
72981
42244
84751
2290
2472
70566
6182
38554
6980
96331
4923
78422
68866
50027
82500
90283
19672
58585
10064
77886
77996
10412
24139
26593
10645
44588
50904
65954
8536
61081
42720
1168
54307
46847
91325
37644
45699
74204
17306
40653
46658
56949
61550
65050
29995
57227
84186
98274
92254
3642
26579
16621
48016
30392
86307
40811
34753
55210
93432
24023
60146
55871
54285
61613
32517
22578
84226
882
78675
90535
14031
12758
72878
39918
1039
31044
95335
36678
13515
3349
54271
74269
30270
25193
4413
8384
12374
41301
18785
79934
34519
14514
65985
70949
21946
94737
24944
60646
79792
61023
30028
20179
47265
23211
21108
43346
85608
13076
13652
15065
55035
38864
86242
5830
58076
76965
99495
39189
7536
90700
50075
89091
80465
29544
47451
70662
88935
43972
6736
70539
97622
1201
79704
30616
99204
11100
96028
42604
73594
50407
48859
77791
52013
38759
69867
59329
80102
70285
92850
76112
70131
71795
79777
11563
13643
96483
20678
87837
35134
13985
28747
54889
50677
10449
15850
66452
91840
66447
27388
97849
46598
22367
46783
12587
22053
81500
97478
60840
49657
47443
79821
79334
34785
60106
16138
64576
91677
70082
28476
85919
29605
5005
83602
80943
63801
58204
79920
42531
30379
77462
96920
60032
9365
49916
93380
82398
46878
32741
61117
36002
24155
29704
10487
98289
17554
95617
20651
5177
74110
29590
28207
46039
76041
86633
3943
72904
34453
6191
84589
48705
42611
9567
49442
80413
62007
30057
70321
6526
30706
42587
58758
34487
28916
50814
68969
48113
82404
60055
53784
39832
76855
15839
32855
43804
38279
24638
5454
96003
52132
41685
45893
35819
64636
84362
21533
68873
1482
72725
24581
73404
32342
19183
22024
27638
83961
58929
84456
61525
92067
22531
96691
27716
26596
80135
11559
85542
23473
70130
68527
3893
32179
38899
51836
78094
46727
15718
20430
23493
42448
98484
53303
85757
53589
45157
40618
12477
70821
65532
97797
46466
48681
55686
66137
55270
77493
83907
1507
1633
58839
42561
41478
59768
76888
14936
53314
89701
23946
2340
99892
18186
27261
96373
78863
14530
75418
66019
34217
16092
59800
75592
17060
73468
69631
41969
52109
6334
30696
24820
79692
31814
44441
11499
66413
74267
89250
92098
8720
10337
73492
43078
92566
96692
30897
54077
71855
85163
27302
67984
11219
98721
49988
97517
15021
61819
9381
45581
6639
47118
18397
21868
41360
32700
74184
67333
96447
38097
17458
54867
81041
77948
79570
54582
60788
59766
31058
29769
44857
37865
31010
94761
69386
76844
73250
34652
53840
58438
12301
33477
25111
44079
19197
7554
72500
45108
26686
10394
60371
79733
46081
58612
83287
27212
23478
68586
40355
26005
9838
13704
77800
52351
79036
4165
44571
4232
75771
17691
78138
73670
47536
84393
77295
52684
13044
44277
77166
45747
22934
51940
17171
63859
55894
15053
96458
15522
84025
53773
46476
51531
27656
72267
61117
27628
77450
79039
80231
8425
87287
16466
29863
63600
21153
93388
12272
47195
38742
67807
49516
39753
17215
48248
70633
35240
41322
41809
24368
51583
40395
79312
77175
62530
10327
40516
90135
112
80774
3777
33327
61583
53506
66503
18043
65035
40888
33292
27485
52605
53852
51947
60221
99336
7927
94752
73946
31344
40436
84307
76022
97021
77123
82817
27050
28389
69530
92427
96885
24133
62148
91447
30083
32361
5381
20860
522
99429
66261
56201
19991
50255
44513
28550
86388
54760
7385
52666
8175
31617
23669
63009
41881
48763
50689
85986
85632
92175
96679
78607
91556
20174
67681
2318
85285
62692
59835
20581
57937
93041
9599
56134
50593
87817
3618
38833
2805
28060
18615
41936
52959
28615
43837
49540
70505
32103
5325
8238
68384
76142
92501
38179
67051
7251
34899
43093
56414
34017
48742
63854
89010
70052
45576
64759
16137
63963
97064
80284
44421
88487
1661
97769
64699
72938
6517
11534
85772
45703
23131
38106
53448
40681
60227
39869
59080
30603
10471
69405
65976
89347
78706
40694
41980
48230
47697
66828
58377
86220
98055
69285
84072
82703
55979
38843
37346
17894
50845
74211
5232
64777
51161
8050
99735
7196
40066
46870
90316
64687
94161
10219
83496
13056
31167
53322
20601
45484
78233
73292
48344
52360
8684
14336
20025
38885
81331
88345
56166
6763
80325
95320
67309
12952
15728
19586
22709
51105
66747
19223
15901
40744
83672
25918
17225
53785
68134
76107
8723
22803
98987
43347
99316
72599
90314
19782
21050
87189
85629
40476
87289
83029
93913
66100
51820
1000
6498
95722
61479
18891
57674
75054
85459
99577
62141
97115
40347
45150
69737
49400
56647
85959
48514
43059
92885
85598
94443
21385
78533
22689
60321
16341
49845
60089
16280
41015
64715
87115
70084
29273
57108
2459
46381
68463
38634
24788
13870
6495
6079
44659
68005
4803
8563
28535
75956
21859
227
43811
74224
84340
26355
10972
16725
24388
58379
57207
55213
65540
40259
86012
96739
71456
30149
9311
35349
96486
80042
75337
97728
61085
98983
24140
43321
94720
95736
2494
14935
67067
21495
62843
88302
69243
56872
9127
44908
61059
64456
52633
32777
4936
88714
22582
66341
90455
95205
83
33072
28671
92399
75115
10918
57795
98395
49447
94929
21094
4956
66239
76827
26019
7741
60895
3263
93418
95752
21718
78984
29173
49014
85350
19123
45380
35637
3988
31225
87310
35544
43732
94007
833
98170
29239
94360
81927
73800
59252
83381
60948
14074
31589
60966
8993
41260
81286
69185
35999
57727
45815
60010
69693
82589
62591
45667
40680
95989
38726
61944
48172
64752
82384
48561
94186
96325
32930
49732
10007
3692
96651
78796
9135
98056
41418
52341
46981
26439
26563
36476
97834
63932
52028
33636
45129
35108
36704
85907
44213
9420
44648
71777
10069
56568
6563
186
69546
99532
31388
38068
47342
6203
46406
79642
78209
63359
69269
54482
5810
84232
43027
53768
90136
35408
12577
63019
51635
44196
41223
24219
69151
8113
48592
56314
23293
35038
83411
14254
34992
14541
17048
52420
24783
54654
25279
69069
71143
77308
47117
9932
92954
8311
65466
42933
46985
70695
53920
65481
66503
39075
11488
8339
510
75123
63271
87661
61938
75850
46618
47366
59400
25808
76400
39539
96177
75091
78029
86101
57458
95874
45865
15788
92307
8233
51709
89787
27510
34169
90135
40481
64244
38176
166
96416
23331
81837
46244
68938
76723
16586
64823
60938
38641
60488
60654
56079
20852
39613
23594
96409
7320
93072
81372
91857
3987
65226
35576
67362
83007
3344
94404
2059
43158
46445
98941
87851
62060
2081
24602
22551
26837
19661
13679
89407
46095
54012
30811
63744
40697
77589
29603
38424
69395
10013
24801
13922
31901
3458
60674
59905
39682
25548
59279
58851
91848
5719
5796
75240
85778
53761
78758
69495
27391
51079
61719
7168
3447
53364
94790
48835
13042
85933
53890
22810
81127
98508
82475
29824
88316
32104
13488
84821
37479
88722
20826
22148
5136
13879
24451
97433
24040
2380
88909
17664
18203
14303
97079
61205
17333
25174
74673
27128
34312
88787
24124
5401
48453
14480
89887
75310
3413
30064
66934
5881
97798
42714
30801
21931
77545
