39705
27188
35431
89297
16135
81028
87939
14113
84220
86814
5900
87971
98284
94850
45228
1298
22651
71167
85330
41622
31538
70363
88830
73117
50362
6076
8395
17691
87047
74755
31218
59753
39333
60761
90095
5178
23925
20464
39276
33371
33742
1952
14327
35393
40389
87018
97866
50854
84576
13793
20833
42247
59318
49789
59650
5838
40713
52123
75768
33412
17358
53275
43802
21601
4984
14341
49485
75814
69938
19689
34855
70533
68684
24347
57663
75811
3427
79755
33843
94393
95257
22456
75209
43088
37022
70497
51488
45937
97240
16571
65147
50179
36671
2914
6702
70009
82596
1252
31361
98642
52604
61711
81829
5922
36771
2184
69566
79969
65801
65497
9127
16295
42569
5149
1910
81047
1710
79369
44133
84288
81137
35355
64190
13466
1323
92964
75191
39053
73026
90174
52120
65395
41097
4806
7597
31385
1056
18174
96587
31093
57351
75461
8516
56170
53370
52104
19188
50149
79327
58369
43923
89627
45774
30956
28098
72397
20281
87291
88269
92666
66597
22049
71827
15306
36111
69664
24679
96079
68936
13830
99682
16933
12412
50400
2319
68929
27444
68051
96525
37028
83733
86316
67774
12774
7067
81891
21485
66617
97882
59126
22412
75955
73370
5598
42251
13465
57821
94269
22860
44850
26468
67438
58594
80578
25870
50932
34396
160
83362
92657
46766
9356
11748
21562
81924
37999
66988
29410
42627
17282
87014
99550
7820
3289
39287
65906
15714
2531
49354
39280
93189
6104
48241
24084
99216
7026
38558
15864
40300
36944
16312
42429
87074
63172
93223
85476
18762
63146
35763
20488
88714
96789
32103
66998
15528
77691
46714
63410
79367
69175
88182
55885
59204
25966
50403
58978
14540
3927
89910
89816
28709
86417
83184
24886
67353
99621
79274
77895
12375
84936
22975
7987
2885
5654
14436
18301
14387
39893
91231
44490
62327
54296
52068
34035
98692
47428
96283
87845
65782
74190
4659
29279
63092
13074
63204
87829
68586
63127
88582
25280
16330
85337
57028
78200
79936
89949
17262
9237
42105
50270
1155
25719
95179
37155
67992
6319
59437
12880
94179
96696
72566
34330
65870
12491
56570
42813
17501
7319
6425
59685
37731
46483
72329
98719
54939
83203
39978
98367
54269
20458
75295
64904
77612
26352
82578
25278
41632
95501
2357
74440
85104
40495
88282
32253
5327
78865
66873
74548
67049
96032
57873
97210
79004
20357
64357
51849
86740
75001
99661
4781
62757
37822
56894
41877
38878
59663
72619
44878
21785
31820
68373
96909
20076
41750
30647
9969
22173
91956
43431
27877
21240
61586
38122
76096
37282
23020
97399
81758
62909
93452
99699
44590
50165
83107
44068
52266
65113
50015
8344
98709
40667
40018
28937
18987
50928
17575
12080
25779
27078
9010
99904
49324
33922
85039
52912
7185
42063
77383
18295
37445
74756
36300
2422
48592
29585
6266
77823
19715
45902
78608
838
31907
16852
18568
59223
73069
86828
55998
74689
4798
54434
2289
57507
12194
84162
77511
7474
54368
25242
87136
46361
75802
6893
13020
3870
4865
65098
28059
49070
73364
82511
17873
68553
22353
55916
14414
42452
46814
90573
79097
44127
43423
27374
76451
92342
4855
41410
44512
71074
67435
14057
27791
58170
52682
93783
24208
44051
38067
32265
42077
5
98897
7114
5267
80261
48760
8900
86260
95944
23819
14640
26337
53582
34133
97620
81853
76481
14157
38424
3327
99980
54352
70869
91633
75900
96581
40473
16349
35934
42954
51315
83490
85582
9199
74488
97590
34157
71685
69853
71151
78107
73764
75571
75836
89305
84436
30284
48258
52662
3270
27318
59856
30678
73615
55593
50798
2933
47084
45041
74801
43430
12733
78371
38234
28418
30425
23271
24746
80570
68072
6478
66955
79031
43812
79239
63862
78877
87265
9527
30633
46402
95650
53830
64696
73564
80565
18238
69007
26444
9283
17650
49856
61190
85105
88517
54342
55413
38846
22787
99888
17711
38581
44705
43752
76872
13750
64765
16014
84970
18666
41910
72422
7138
72205
462
30240
86600
11943
50243
50736
30334
19856
87104
11216
2500
44158
73304
22629
87356
23395
5140
73316
95035
23578
97030
91611
79802
88577
55263
74665
3214
5921
67763
84651
45035
24325
66138
6429
64388
55833
71638
83891
38256
66933
30628
61005
59095
85275
5172
49574
77683
24906
24705
51707
83747
80851
34086
56202
25892
21449
48221
40033
12766
23058
40982
11389
6572
31215
45263
23239
26794
74496
99224
66349
42025
2052
38268
1598
18888
82036
84168
87892
39554
25204
50923
43084
63907
60393
86032
87216
94619
19731
52450
55211
93375
58858
31030
71280
43695
13819
97593
43668
3053
20580
33164
88226
7662
87602
25300
72850
23739
52976
41686
77572
47304
94601
27307
71880
45216
82060
35536
23717
6246
67600
69961
12510
85197
8627
54828
97269
1508
36186
34332
84831
49283
53999
9475
89584
45716
92005
23253
44543
23633
7074
80016
98054
64346
85895
24336
50473
98096
3821
28088
57403
85578
83516
92135
54162
23356
86099
57753
56091
19098
1034
72255
12848
27039
18178
33492
23433
26450
23496
20775
16356
50015
64791
35265
72128
72878
72160
74335
86653
67904
57015
79202
49945
35291
38444
19351
7420
34015
92208
80554
97637
26536
14516
30828
40639
32176
29644
90665
44817
21893
31548
73131
62890
8773
97220
25267
70508
9298
31965
98232
73056
44991
34806
9727
22178
54447
19589
46717
3377
36337
20558
56049
66139
76113
9879
73572
29470
97420
5925
34282
88574
69736
1829
67824
87336
12815
52457
65265
79465
40085
55208
61299
98692
48500
83038
77211
35044
42
27564
43377
51923
9844
47908
91536
56734
71732
56444
41895
4879
73974
57192
43273
82039
98647
87876
58053
94746
72310
96075
68223
69741
19568
35019
45019
7935
62801
92832
50450
28084
13858
98915
47989
12827
86838
68427
44082
24040
25801
43512
32284
56576
33061
44692
55376
84502
42485
42993
67706
46779
17898
56994
14344
48484
58580
25188
20164
60585
76786
25680
8692
43254
10179
42065
80543
44523
84062
97708
21969
19757
77970
63529
75898
66214
41354
53247
23465
11103
41133
68974
98682
73243
96092
2653
85191
54084
97830
89946
54261
87726
77500
54973
68465
52343
87570
26746
99668
73423
18550
58656
52425
39664
45241
61293
40087
21068
34620
90288
21430
83484
75104
39498
15902
10843
94392
88628
54331
38336
6765
33547
45370
82960
9738
68411
96561
60050
54442
9798
53164
40114
15098
9504
93905
4183
4880
29743
29211
89857
17006
72371
38666
80513
85512
77920
69455
38313
1574
81078
52433
3482
34169
63964
73553
82984
6309
73678
95115
92851
93410
36266
49692
82748
84453
12788
92265
77685
75507
79774
54629
86484
92135
45640
30044
9413
45241
55911
27870
70032
99816
82152
71170
85087
62279
39238
69642
83717
25121
43373
44866
96560
55922
85773
94697
40464
45833
40224
59625
9684
99438
41276
47230
88496
9932
64857
62593
8564
96997
78997
86261
46511
86564
87195
8337
13262
92486
92785
37782
78185
84413
16893
22102
24691
86006
49977
9929
55288
61534
24915
85878
65061
68043
53086
21532
39866
2566
71968
86935
85813
4561
76412
90466
75688
68389
17812
87807
11852
61190
99520
11698
10934
84475
60682
65053
98367
76491
40734
4933
69500
65924
36185
34279
7179
40319
87774
96569
51585
8199
67169
74129
93396
62343
78840
88639
60808
17958
58352
25841
93620
14011
5013
98764
44953
49165
45128
58801
23229
48824
28605
70356
35681
27803
70414
84246
32434
48165
35228
40683
29000
33931
93564
5956
35168
48636
96765
31479
5392
71945
58460
93618
29850
95671
87401
56430
47372
5569
77445
57204
22445
98332
72765
72786
69022
52848
93024
708
48852
36077
12738
86671
15000
17959
96506
33753
65239
93630
81565
15495
80757
93991
14206
84229
6794
14639
86229
49832
98375
74306
25751
96807
6208
24047
53136
21262
7152
38792
92274
72974
78495
70312
92492
15701
74319
10982
3924
11435
58638
37890
5318
11706
96534
32872
96872
19128
70465
66552
33084
83482
61411
43337
71301
89732
8076
53997
7825
30707
38701
41603
33740
30152
71212
8449
93080
91380
81868
50009
80510
58120
36762
69874
83901
50769
28068
125
74505
97616
30911
5716
9269
65971
57356
38479
26790
93510
94247
577
55644
55833
49376
56187
59224
4963
40366
96046
76655
72715
31486
32014
92219
54788
37616
99724
58689
70846
88287
11177
21391
2768
12670
8830
38929
1382
54122
88960
92067
30623
17590
67773
54315
4606
69081
69447
95617
19905
39796
68171
3956
15853
8073
49377
65474
53565
67081
7668
73551
44243
96390
86098
81590
51214
87222
45192
43079
23094
61407
60519
3391
65019
16576
90087
52793
83504
80548
64431
26006
60919
85155
43629
53659
46822
63621
24636
4082
61273
47059
96771
96035
81433
87582
5545
33197
16735
78973
62515
39329
30268
42121
63191
84828
42287
92794
90910
52248
71738
10168
64151
8577
32091
61108
64592
60002
87253
22366
80970
8053
94242
3654
46279
3307
57869
5042
67307
68150
14085
75098
81470
80749
1466
56687
60534
11411
2164
45379
35919
24578
24241
52494
37728
72301
61129
62153
58191
24955
32153
1909
51630
53358
64674
23950
67597
60335
64805
88403
66484
81314
32743
79393
30708
80890
95000
28691
2127
13293
35331
13998
27708
41086
63617
52571
75602
5622
24250
97216
13895
49410
79618
58233
18639
62692
17159
46081
3869
35524
45725
20216
46045
3496
63255
18878
13354
78094
34479
53525
78737
57216
63430
50661
7649
49066
69247
65421
67003
21565
82301
5795
79484
36684
20914
49636
29588
95454
17943
29253
11977
62274
8750
50401
97332
46375
83059
66159
38759
78263
25033
75738
714
28771
36940
16478
58485
66833
25641
21746
39092
28463
44940
76274
58191
40552
93531
50376
30837
11851
87708
3196
7268
42124
91434
58995
29340
24142
99650
56658
59552
57851
84861
51165
52453
16998
88483
48349
48054
71174
34513
53068
8475
3903
13572
17484
74248
39260
55959
31708
91295
43581
12370
56401
6963
47785
79848
2439
99227
96135
94043
41398
5497
31689
77732
86743
86155
46059
23687
66672
43128
92160
54938
24484
10078
39671
5906
2014
31075
69542
32450
38920
37693
41986
38439
28204
47255
44986
56808
37095
50847
96839
31143
87493
99513
62594
59008
55938
30042
42469
93820
52714
70910
41774
5707
41910
50405
70416
59258
88801
91302
77798
7492
64419
78320
73839
84548
75973
57031
67549
49486
49634
40823
41404
88607
5701
35080
87416
762
51414
76384
81979
81374
72771
47479
65191
53880
49184
18119
29781
1613
75226
36184
7586
70812
57634
5250
51563
51946
3072
53100
8643
36605
70797
35940
81378
84395
16034
31223
58042
27818
38210
16021
98175
30170
93303
8359
58719
65204
87130
41982
87198
36679
314
59997
68763
51174
35695
86784
35441
29677
39794
90968
72777
21603
88933
12313
87959
53881
42014
94942
83543
37314
79162
79325
99162
17979
63713
88310
64484
20273
34606
40126
99877
54557
49469
18642
54883
98605
14155
46390
93349
5409
87386
18267
26986
1707
7294
94283
77578
42067
4140
55148
60697
65045
54647
69582
78005
29615
48910
8806
71211
81976
50344
41443
59140
17887
42644
54328
476
55135
22024
16740
70661
6383
70924
3755
84268
2551
27634
66555
56006
82915
7426
59964
81383
99106
57522
74970
16259
4217
59616
65234
96545
95694
91424
13620
35728
16505
45525
30069
94169
750
28467
3570
82204
47746
2775
87568
14887
11940
40808
30551
88406
56274
63895
97577
15163
20435
64312
86770
21320
75944
52480
29360
31596
56615
22397
18018
99799
46536
85019
20628
60884
58259
43397
98930
44183
86113
50709
29468
5440
61655
32009
64500
25763
75557
69678
1092
87794
95187
42129
3054
54591
1978
17755
50662
95641
29937
17931
93028
39858
75165
4797
27137
10446
72344
67240
13247
81209
75076
62146
89704
17524
59933
74483
18175
16612
88037
32508
94459
96050
66812
70199
10958
82539
22540
18845
49736
51719
9514
44823
76828
31862
76539
74121
6791
51690
47301
4529
57789
73055
37015
97355
51531
13895
51073
36854
15766
88295
44160
73114
94812
40376
31736
24549
42100
70912
69122
42153
80858
38536
25617
42313
64174
99996
91181
57812
47973
91280
33287
83636
13916
42477
11661
99761
48669
63983
76755
78653
38731
68952
61739
15159
99030
74049
23351
92728
91116
48915
62498
51199
64197
4630
32741
58307
47875
28022
94460
67932
42875
26345
16894
88474
17826
50683
43013
20919
68055
1973
43199
17798
26192
73915
49564
41670
22676
15607
28733
75482
30112
93276
36154
3448
35898
36377
92591
94390
21803
58508
59492
5073
23480
33010
68965
42319
69521
1284
39663
7250
50775
34403
2948
12629
40622
65366
27782
91379
70088
87483
69322
43000
72163
66411
30228
41687
7569
33290
3456
60569
28193
19848
39256
61079
15336
7351
54554
40404
39828
31410
38902
72585
19393
4796
6247
45269
74022
45406
71490
69605
45931
26670
59562
36176
19312
75414
70181
1093
53918
56106
80225
45898
59499
65187
34924
73552
33433
84880
16555
34666
30895
42186
35505
96427
98148
29403
99107
92815
75591
46020
31107
96572
60707
39039
40349
2457
3050
79318
28057
87275
39948
25934
89640
3479
54347
18052
33612
8420
75509
30606
41921
59297
12996
29447
76533
48350
67744
52694
97982
36972
70308
86382
77998
63701
68877
73912
50165
44899
77718
94329
69661
91200
89889
43834
18889
13265
39183
88073
39172
92320
75628
76609
70210
73964
94025
36548
475
23065
65767
6777
41106
54971
16401
80748
86168
98673
9002
69183
31321
86781
94302
7288
80023
17758
1475
36573
6180
17247
50043
66054
90666
10242
61534
95860
56893
66767
29445
12664
58298
86746
77478
4152
34545
53961
43250
73683
97974
62132
5926
73929
57551
83411
60298
95570
42351
20476
3841
8867
92355
41555
81099
8454
86775
51114
83933
70240
94606
59314
18452
28919
60904
24746
81933
37612
91970
47353
11651
62618
6309
24073
21779
34595
34147
19667
50544
22900
73354
93579
25057
51202
72799
29364
90672
42765
90923
11285
74839
98083
12209
99309
64854
89949
32829
60625
43098
68244
63973
98603
8558
92140
21484
99131
74394
91855
79019
43186
37036
1047
70031
76928
85833
22816
71293
27076
46973
64812
40727
86490
97542
30330
44102
51365
95776
34421
21858
36210
1260
15579
24787
27734
72073
29843
85931
25945
85407
11826
83726
46093
29123
54828
66473
24781
15797
67972
57653
90739
58595
64623
91541
17651
34645
45197
70877
29269
45096
90376
51897
91158
87414
72764
10087
40846
22723
51557
42938
55538
92682
47721
43171
32834
14561
71541
82801
22580
48781
6704
30907
21892
20369
11467
60886
12048
10982
90229
75955
67502
52139
60675
54332
97502
57868
99516
9918
38562
76795
33115
70263
56442
85262
67152
30452
96760
4407
68426
85814
50560
83927
69423
30515
88885
52934
13523
10909
629
64724
16805
45761
33179
88758
48920
23899
23174
36564
7408
2984
20015
89364
64157
19927
60262
63240
29528
63457
94055
83236
85603
39353
93416
51258
28899
22218
57609
61248
957
39955
36242
52394
92170
88987
57667
93893
61950
76342
1210
97606
7646
1901
86089
70414
64894
67801
54718
36648
44882
94857
41824
21644
31886
53065
14588
55525
74906
72846
40594
10485
47571
20015
13975
23087
46695
29950
53693
90691
4977
57953
2869
90724
37650
92305
62705
14953
89356
92116
30883
94082
48390
37803
4189
19198
85961
63810
79011
3530
3126
93476
41087
58017
91230
16567
86689
9465
93927
3523
45482
34516
31604
95093
24734
22153
36858
79843
12231
24440
30684
81895
5256
98599
80995
18222
92737
16688
94253
36219
96760
11385
17074
58056
22731
5132
96491
11677
52622
47430
66896
32139
46503
37726
45850
10528
18898
14484
59157
24693
79669
55602
57622
47028
28572
28940
29047
9485
25877
68378
28409
98986
85146
56166
81901
26501
30339
19827
68683
11897
37740
43453
98992
89625
25566
68896
85498
73670
84043
23224
54806
43089
31764
75352
50732
62895
7867
74631
6547
40060
30340
94616
97230
50099
38902
67758
31000
29623
12328
75662
69422
90987
34197
82344
41182
97495
1328
12337
714
6933
73206
83849
71364
89901
37496
82916
74720
59576
70251
7198
29417
58944
68727
83436
42302
27658
4279
506
29276
90498
78087
28771
20611
69744
4829
9431
36534
98248
49578
52035
76450
14728
86445
42296
93676
44074
15387
14953
62344
62090
65069
84908
46096
18951
64836
51933
51884
61162
42859
25955
25561
36412
31665
23318
61119
64907
76773
65044
26281
46833
32967
57517
15047
57928
4938
62797
97846
82467
4262
59519
88351
25442
5213
38830
50204
44161
22808
53456
51719
67104
88365
56218
36286
71898
50011
40472
82362
67287
59044
92280
13924
36321
46932
32442
74702
15900
32672
80047
50022
71973
30467
21947
34935
2225
79817
41656
67987
12063
56755
6690
1873
22311
53743
62579
34040
63621
64090
67137
78717
56338
94304
81889
3086
98102
23480
81054
20132
35955
39229
45124
77611
89003
47609
5778
77948
5209
11067
37514
18504
9538
69970
77463
49880
17135
37371
61739
75177
69133
5884
84120
57331
66905
30784
28037
38061
82049
88966
95463
10861
31516
31607
93360
30186
88941
18593
25289
55628
32844
26543
41875
93059
99521
3823
19601
93283
81981
5667
26675
53091
58595
77567
60460
37957
41525
23941
18612
29566
90988
85316
51624
56685
12258
64570
64572
30804
85939
45488
11705
65210
4786
7094
28959
85186
93274
33189
54645
97607
47021
94725
84106
92690
83450
89527
57383
99517
7277
66787
24949
2209
98329
23490
83094
65912
15728
76818
19529
74124
79514
27068
42248
33348
77875
93291
35781
23611
11741
24793
96277
95148
56023
32979
41810
6335
99533
53253
8879
97338
49048
26132
79876
7235
85709
23895
85176
49385
98259
68695
97317
29719
38820
89012
10864
1824
5718
79199
49833
35147
63278
20884
23928
92082
99659
28767
57298
11003
66778
97524
90707
15793
262
46596
63091
61744
60088
64369
43046
99312
18223
12878
79041
6433
82196
99665
59368
37994
80551
67324
85358
67381
24075
70117
79359
80292
89284
53273
33834
63909
63717
10143
51910
70372
44609
65334
54840
24720
41016
67697
88783
59338
39322
70609
95189
94189
88847
79554
11326
14353
68269
79484
7996
59796
98756
7753
17911
46495
16191
5303
44292
70960
91931
96680
82288
26537
19425
3997
17700
18091
12537
99959
30675
69521
55752
6821
70273
25221
88349
63052
92243
20419
96223
46068
34247
40847
87973
80575
20013
98735
16057
93870
72340
34310
82495
75917
14725
87749
99584
96936
23014
63259
56489
18741
86598
15864
66710
97142
25029
37365
69266
76657
23706
17888
24996
20629
87733
26382
65491
81352
88673
20555
60995
71814
55058
15299
77293
14816
8031
12112
4508
22820
45267
50190
82998
4324
66493
22988
14540
41538
94084
59239
72469
5938
18006
87060
16755
36729
10167
87942
94604
24039
73018
88654
95564
24674
60141
40343
54169
77866
90106
96009
46581
36967
70468
8006
3544
1443
6045
27379
8022
95600
9880
31184
53678
40091
74520
55787
84626
46644
70610
24910
55535
93527
88754
87467
81149
81634
61097
63989
83657
78065
43826
59386
70684
91003
85339
59577
83728
80944
79313
34996
48
70312
61679
40032
98463
51756
70624
95804
96569
5059
36075
21900
17448
50286
6285
53694
56586
62394
52472
52484
87217
5268
87862
86620
99245
23597
36122
54596
617
99947
16320
6427
22596
31343
48861
88542
10048
84876
90866
89934
55631
84666
95278
71180
5485
35684
80454
22793
89487
15296
91953
46672
87581
64460
20673
84239
52542
41106
78131
59441
39224
96209
26962
34881
44332
90930
33310
42996
84621
39974
16565
31444
94615
26600
4967
77195
82274
12320
12459
69904
81267
48037
3452
67565
55542
49150
62113
81088
5497
32642
70258
30882
68432
53706
19503
79927
23833
65685
57678
1584
91779
51092
53047
82339
16415
98817
96149
94451
83435
81533
59727
63872
45161
24068
21066
37121
89716
72282
66758
71211
87404
17698
88412
20851
43527
55888
14001
8585
44372
91070
38940
61159
80574
47065
13409
36172
74937
19069
48842
18462
28604
81102
93832
80966
96907
8292
10397
26491
84793
72214
20233
49251
83584
20425
69826
87861
64823
10352
7421
27656
22420
50605
86965
40114
54732
18355
79496
58690
35645
92064
26699
94262
86104
27264
15468
95805
45277
18080
12811
46602
21115
48110
18281
82495
13395
21177
43502
87278
78921
11860
19008
34814
34977
48753
66695
74985
69520
1791
17145
34764
18057
85043
63555
99125
56691
26413
84647
26317
5920
94191
91226
90589
54663
97666
15656
8550
59228
44452
46102
76624
209
42383
73586
71331
79757
8104
26148
96007
6302
35163
62113
70650
6783
20734
57015
22320
54119
38587
87676
37160
17519
11678
50677
51252
10865
57254
50613
27411
40222
80896
1619
58238
9793
58788
40333
11874
44261
81123
85386
46459
10209
79274
82247
65237
40913
45334
87848
3298
68505
52346
7993
72090
80396
32365
44083
48084
29772
74509
33983
97866
13960
69340
29372
46364
88513
49567
71440
80408
86498
61701
81146
19287
1915
44883
39036
72518
15140
91089
37304
26497
8241
62214
39631
3400
26894
55156
47662
55016
50826
11122
74420
43480
91079
42489
94269
70626
54231
65642
65323
51748
66503
39683
90221
6845
82847
47265
12003
74398
39033
39434
43620
67703
60291
60164
13676
50901
90216
40139
42207
10001
74417
97584
14235
2623
39416
20973
58613
39261
38829
65226
32955
88139
81056
29695
34965
47154
97747
60329
37462
35369
20604
3115
701
4466
73646
64578
3772
33788
55033
69350
48859
89782
99592
38463
57594
74290
2307
46865
9042
26331
29462
45614
5127
21228
5926
99039
27874
61581
61458
11086
84320
21953
86475
67503
79591
22662
2755
12415
49377
18999
57633
37783
45258
1821
2556
9969
59996
58582
94570
44944
94577
62193
14668
43396
4948
60401
89858
87103
71739
94433
86584
47577
60689
27352
28590
27757
84986
94512
81040
33797
44920
30321
66280
59763
42149
32572
77117
29603
14211
19748
69708
65418
92326
76058
66293
69585
21422
94888
70156
48452
35651
7663
86436
47458
26896
4108
65638
34453
9791
79937
14913
85907
1122
76644
28546
15577
81264
19132
5169
10338
7707
87267
56296
74496
29406
64607
8295
8663
88892
31486
53892
69042
84326
83048
15988
44476
81360
25511
12364
4155
85535
94388
36721
23224
18177
37297
16082
59015
87529
13417
60325
559
89138
88667
1893
74699
73928
95063
51717
43235
80942
28238
44722
74151
14751
24252
18819
36428
77960
84403
93729
56546
48451
91220
48571
23376
98263
87765
26458
17931
23518
86329
21555
78154
8438
38750
25592
33276
48941
2419
81487
73501
18307
14658
39631
37249
75980
92116
40404
29452
18831
24115
5871
73330
88782
16428
65003
78784
86729
50799
95283
94992
33410
50051
43992
32028
44517
97349
92105
29221
2874
34690
6981
88874
63750
10942
74038
97792
70313
86747
68661
32311
95896
76803
45557
10904
59848
52701
86149
14852
30164
18322
91379
4550
85566
57477
26407
59040
81197
64016
8242
29108
49200
17938
3491
8922
97907
99560
84865
14490
33767
1584
19092
16413
71011
37636
44136
26716
32983
20962
21531
78365
9738
57926
80245
62003
46245
9140
43434
73402
57375
90874
45976
48364
71956
9163
4861
35461
66600
35841
37493
1369
69414
7100
74337
33203
71438
4279
81974
41318
16222
31667
62076
80924
14719
71707
88440
85394
48898
15659
43
48351
1409
96801
34798
4929
76078
35621
50811
28255
29931
45464
68383
4689
25607
47791
46023
92837
17954
61255
25943
89516
74786
89988
55573
86294
5369
18234
19799
73251
91731
77969
41494
59965
38209
64435
29239
54913
72798
56474
61308
4424
17610
14703
16665
94796
7678
26953
90339
55640
82998
13810
38962
67122
252
8207
3453
40457
90369
80255
33194
5256
59563
55853
59673
14179
62117
3742
56020
17258
94310
54266
61685
8230
44776
72268
35573
74792
46249
24241
23036
3202
23965
1020
68041
49886
48114
18289
43207
81694
44879
32137
48165
77589
71414
71039
8721
82750
74106
68539
78764
7788
19663
20788
77230
96517
52652
89399
30707
23454
42725
76836
55545
96732
23798
2598
66012
67374
83568
91563
42667
89737
3865
88556
88972
5497
36283
31090
4795
98125
89816
51183
70295
20623
73026
33028
55640
18601
24188
91234
64076
22757
91279
2966
9219
32669
95549
50158
86309
76700
72423
38700
68101
96954
82582
68694
53362
45766
58987
16768
72907
36192
27174
16071
36366
50120
7533
32177
84952
7431
80280
65516
98903
6982
66059
63959
7623
89205
89213
25101
77715
13987
21088
21054
12268
74017
18278
73887
88315
70885
4934
77302
70764
58616
85162
83137
60771
97171
87195
77064
39727
32999
78844
1902
81149
91487
68707
36808
23931
8684
1463
53156
78193
1201
34309
51485
16481
80550
82875
25284
6750
21409
92324
40258
64495
11381
40145
10862
53002
9595
40673
28135
26565
13174
93908
35023
29993
62584
62502
2749
81731
23627
58011
94973
35701
51199
31262
37209
51740
84909
97610
51123
87004
4641
66178
44914
1230
81964
55655
64269
61731
62635
45966
28607
49278
65285
79014
49090
61437
21527
19690
59927
40157
94856
82121
95196
56644
20711
85461
54866
14718
97479
34293
89127
52379
9840
73506
28913
79651
4534
52331
86492
12614
74902
34820
64475
87540
96578
2708
77690
79815
70466
83667
54226
36761
76010
63708
25894
47974
63157
19133
46115
30254
21040
14067
38175
88109
36908
1009
42313
33878
5763
74425
92583
63045
28870
49482
737
36912
38165
20875
98271
64546
88377
32888
23882
19849
15171
61975
75126
51640
92077
45911
82938
41333
72018
56218
34407
96886
75909
61048
73305
2266
66443
92496
17637
40891
96910
49491
22316
99309
72463
76548
14816
75117
89444
4100
44081
53460
96167
66800
86093
1778
81535
72335
59158
22340
96229
39283
95903
94049
77628
15874
45266
83601
92004
71791
50583
4746
1260
24790
67036
28778
60757
71575
66758
30670
27588
63693
9156
48761
27559
50324
39675
22117
82914
79435
97631
56364
4925
64380
34104
15851
41749
53210
63796
5909
2129
32366
96838
67327
59878
42079
34964
84833
2267
84631
36200
78572
64270
85593
1063
13426
19078
13708
73219
5434
25842
54426
18497
19366
2943
68865
57413
36486
8821
84420
58363
48079
77482
27768
90861
13612
42643
58419
5742
34782
88202
46615
34989
79694
77647
89533
8790
44354
31318
99231
13220
51573
58929
6869
59756
46727
93750
55449
77134
14391
30219
10097
15706
32631
84963
12562
64701
44275
74043
36333
91661
92365
13107
86211
13854
51828
16048
38858
38343
7865
63610
71235
82396
68558
24070
409
60169
26612
94756
48946
10524
48320
3339
29818
89990
21596
98790
54965
58929
51201
90255
78036
79340
75884
32274
8279
68603
71699
8464
55640
84397
22594
21512
51991
69409
99477
76657
87765
15777
29030
36869
92752
58714
8603
5206
23408
66550
49737
67519
67355
25750
32272
4479
91817
69292
78663
4058
216
41771
33382
45944
92373
69694
31119
27072
28217
35480
27849
33204
78409
82239
5046
84225
26046
26233
69140
33122
39994
76641
95473
83211
24398
52990
72594
56416
21853
6980
48598
68220
2240
53987
64527
33720
99537
27733
3963
73570
43322
22535
47742
55592
89755
7229
91246
2776
49610
86468
40884
2528
96838
14885
93924
78583
20157
62051
50593
73005
48457
90960
30572
52237
16387
32030
19961
53034
46845
46257
47163
64227
16816
47437
54764
9097
45234
31396
31364
47797
77550
54599
33717
83978
57103
86186
64428
54243
12999
35913
79277
26230
10373
97933
17116
95228
80283
60376
67134
49383
9427
41382
22775
39350
65466
76691
7903
98554
19298
20621
96555
20586
94782
63341
96560
81979
31471
9631
62848
40282
45315
91076
26071
74712
17517
7943
12699
59379
26669
57234
5111
51246
21470
4874
42337
76685
57178
40760
70659
10624
93452
17125
71635
68433
46794
65773
13749
18943
10155
46139
29340
69692
19743
71620
29818
61068
61538
94884
34728
12795
62001
80479
43026
30651
45397
80644
45272
70041
76830
27366
21342
93969
66072
27943
85724
58585
98812
63767
48683
53715
88822
60462
29160
70511
6497
23941
29672
26284
30036
4940
73933
21361
42569
1956
15992
81628
32699
49119
51729
33641
94707
52395
79148
73443
5087
70400
97197
84938
6866
88032
12004
95138
11717
56032
22236
99255
73120
22081
8703
95734
7921
68518
89164
75793
99113
78604
14974
92994
35573
68219
86624
25323
15349
45029
57432
29928
85251
76956
2137
59884
47121
37658
63028
20276
4431
80470
41989
99225
64083
97793
92580
16920
77882
61130
82049
26624
42274
32268
36294
51115
29203
60282
33274
47455
49584
39052
84319
45780
23254
99673
98641
53318
3534
97562
89149
19442
56094
47390
125
11905
63524
86783
55953
25172
677
28345
12124
19972
20546
12229
43320
80674
20739
61040
57996
17004
33690
30958
59451
98080
47969
19361
46760
75816
93594
55965
72165
62801
4087
791
33136
38169
46484
7839
39233
60627
68421
33233
69881
32749
34596
89282
39390
91626
46975
74500
53029
82780
75138
30536
17102
83822
84490
50938
15775
26913
74870
67497
49333
55437
64351
86987
10115
95958
4678
13873
93753
31590
80197
13900
10140
26295
85763
89273
67052
48064
39771
7026
95686
84808
70345
21461
77633
69662
13957
19581
24612
49069
27019
21810
99426
18034
66170
46352
45970
42655
23618
6638
57952
56281
88398
16973
58144
66932
12824
1749
96362
89620
1628
90035
47742
60959
16037
28325
8095
72020
98541
30026
95851
60684
11300
95366
60833
51137
34145
83175
1313
85936
93579
16966
46712
6176
25425
84985
68519
5778
36494
20815
35707
88283
10750
64148
55195
1296
43773
61446
54625
53575
24798
14567
48181
33287
22619
99688
81151
26286
41129
79268
17736
76906
24325
33100
79805
45133
60412
51017
15651
7024
5472
95629
75883
7418
58109
44155
69131
65293
12587
5599
30307
35721
80765
25340
25558
31427
58336
84797
90784
75966
47646
95857
66458
35026
13983
5647
94854
78002
60808
2180
81136
19683
27644
82540
61742
5776
7485
95449
47042
40655
15458
63208
28380
83572
95950
67682
63893
97155
8222
95932
71121
26365
95248
16793
94039
74484
67714
75316
71265
10585
19602
75724
72458
19678
50696
52918
43662
58293
18124
26815
37618
89700
67365
21300
74979
51796
78025
6251
45816
45867
44156
80254
99890
20288
40704
53546
87168
70831
42553
72940
48645
76336
61254
49936
82969
78536
76916
92593
4952
52206
85019
23176
88854
61415
77844
97763
9205
24200
23347
2729
46938
31335
86900
40323
63632
73048
88551
66398
54137
87925
71204
83366
64210
71533
2020
42845
17728
26820
36942
40223
30647
95200
32821
13560
72209
22045
8533
23414
91620
21029
50551
60993
81233
55016
6568
32187
68432
71743
2009
42374
50392
17478
15121
64976
84327
45314
27547
34719
7861
98257
63553
73723
44594
2011
86862
66279
95133
26701
92423
45860
3455
81740
28610
79124
52148
72076
28461
63994
46326
82930
65584
60293
40773
2798
48698
83739
79035
79251
64567
82284
84507
9613
63971
52076
62909
18915
83317
53804
12770
27716
58025
32676
12558
86389
67383
45570
60921
18390
52676
5332
59697
28265
76023
24447
94822
93561
25458
86421
61884
59412
82975
67607
78226
74447
51661
40229
82984
96436
75786
28851
42945
63890
45630
54757
9454
59358
55619
55162
57403
87752
1401
44807
96584
78593
9064
83915
61795
49838
33050
42676
89269
92662
50835
89163
83872
29729
93317
52334
7074
77276
82865
40265
9646
18405
69932
11837
85798
29202
50026
23132
66556
58582
4641
15045
79009
96175
7680
68094
26959
77244
47228
91884
33609
33724
37839
72831
2677
1086
57276
65279
13705
61191
8660
12833
97376
8152
27601
97044
37793
98218
71131
72431
11645
82719
16736
2544
69396
73498
6568
50754
96859
47211
78964
75120
15623
79781
93741
53446
10290
67337
78730
35716
92033
62088
50803
39242
31099
70607
79870
22151
53296
37981
16116
80560
85106
26231
29791
3968
70565
65630
57051
1071
15267
94273
60418
81230
23182
51238
44167
54183
95741
72810
44352
54283
98524
77575
46496
30184
24457
96237
60924
80252
96001
22952
55052
95139
75711
22549
12438
58111
53740
14373
551
57195
19083
68049
60608
84156
68567
39942
8731
12058
37179
29805
800
93446
51438
3716
46397
12931
64436
74040
85099
44863
46991
83959
91013
75481
4530
23337
81281
27132
87202
28185
44617
94035
1545
20651
8674
37236
95965
77473
88679
26012
60537
62860
30981
23188
39228
98855
42256
52186
20958
85466
13945
42398
93568
55496
48299
81936
14552
4675
19054
21034
55541
4746
96982
71363
23234
85840
78190
82133
57992
20859
96027
84583
78512
68817
32595
31373
47484
41120
32790
32852
99672
66258
75113
13205
43506
49920
52442
45967
19912
43087
12787
1330
89128
50245
51362
76493
40978
2521
60301
34642
75658
37648
54652
12519
81900
16569
74171
36521
53056
54550
43077
71694
72863
94088
29976
89387
76395
99030
70920
78141
39914
96790
13873
45930
73797
37477
97961
40349
52434
81790
85647
88793
54219
4175
98885
49242
19000
30738
95875
40259
43042
13478
6763
33245
77693
3094
55543
83123
75884
78211
32170
87025
76569
87124
4571
50385
22925
90710
56157
43331
65744
58719
25971
11073
73734
66016
39345
77199
39756
78976
61449
88756
5719
46376
82476
11270
86398
21965
27750
19759
55894
77964
28944
32698
65707
83132
28874
60626
99511
40413
52266
5433
50612
29390
55706
66854
97264
32197
44006
95676
35142
50322
94119
76300
13878
80429
12435
59257
75421
34422
10167
44531
83265
23997
972
7547
27788
49224
10084
12229
74184
78237
37104
28746
13992
75867
20942
23335
24551
49760
7720
56233
47436
86134
71385
7764
89847
42458
15157
31984
71041
50817
21970
94615
16313
55871
62022
20108
78929
15475
34827
38615
34110
22271
39015
1292
62881
17147
3827
3945
85657
26484
54771
80050
90857
85635
57216
22769
94182
7181
63674
2195
93308
57489
68966
99623
13213
84877
22606
62025
77319
96694
66171
23058
76541
83485
13810
67407
37138
60340
90863
35657
71826
71458
59320
94738
33918
79424
90318
99924
99815
69505
22186
12072
66124
97882
13129
37310
29585
51714
72753
26336
21367
35628
69593
74527
10391
43521
40122
10624
21657
23171
78554
68984
45869
7803
20804
51464
64100
59159
77071
71860
80966
37490
53957
36851
57604
16367
30555
81989
35130
54869
12195
44889
6362
65856
76676
38932
7083
9675
77235
81784
93018
21507
49207
23326
16029
70184
65326
2170
49096
9324
56679
77476
41215
97624
51436
81110
4802
34096
93611
7
67478
99156
90635
95764
79954
37649
26941
71679
23704
22839
65966
46564
82366
57100
24291
19240
38053
16643
10761
8718
51990
63510
54012
61608
75163
30732
80736
2398
65685
74735
32465
92176
33110
70901
61529
2986
38962
57595
92664
53751
20618
3514
67575
88151
82296
27641
30799
41816
38690
79973
49295
7676
92090
51144
63057
33708
72094
62121
81617
84114
24028
38639
23408
9282
83588
62863
73961
83833
2019
14470
76934
13193
65573
9547
54539
52424
34972
45486
77282
34458
42085
93507
45552
81645
82112
71108
68783
4757
73813
88631
29452
21101
11598
88266
8148
82148
55436
34801
56110
97106
83534
92286
7022
77500
30923
69518
65021
39525
64212
18237
24378
12430
69880
35471
56272
20809
70139
11935
89514
50737
48158
69536
80536
90573
15955
94708
89968
51024
6638
90004
22354
24028
32088
31295
6331
96532
18786
69104
6663
98431
1213
84219
503
18120
6922
8290
25977
7590
51858
23800
3857
67234
63394
94330
84829
55281
93996
17223
17494
54489
48220
73390
71627
83657
52149
34553
62198
49124
13330
25307
77989
69781
85442
26669
86091
16111
14493
74157
72665
59709
41368
96501
40417
54195
31762
93234
81602
29607
10935
56883
30595
37681
52325
94242
71142
709
51921
70404
34054
68013
81483
7328
99139
28910
28931
17819
89625
6748
17407
43130
86965
19575
22266
16963
64851
84552
7265
35959
29313
78681
7363
24937
58041
17837
33842
82800
15692
54424
70792
85175
99578
98392
4563
39065
20573
57478
39378
50322
69588
36188
30718
24500
20469
63297
43282
45545
96892
42341
14613
41508
12813
95068
84603
23871
33259
34814
59014
73488
17316
56796
34035
96742
25388
35408
40343
85948
69808
47057
2875
70365
35107
9293
36706
6243
75980
99439
23935
71453
38030
13557
41678
92635
93109
48816
43794
89657
8610
5270
96319
71704
54146
3228
71630
41927
93688
47195
12099
50106
33455
21313
12153
50878
19854
18483
91635
4766
25445
56532
19136
61429
83451
35690
66995
2007
86528
8927
45964
48909
56706
97441
79588
53020
94032
86227
8731
96816
49540
81913
99466
21111
99866
62537
12050
47208
44174
96077
71554
99148
27511
30682
12392
23046
72698
19135
49973
66553
58150
50975
71250
28586
70317
2877
5114
35547
48030
17954
90234
63171
10661
53703
95539
29489
25694
83806
49060
83912
61866
32976
16121
77204
24919
77774
96670
46841
70147
12723
72265
77745
39204
92422
68548
89500
99515
20456
47991
54344
64873
14330
72314
32168
92135
68353
84027
40551
76305
10250
74763
45306
32901
19356
34535
18437
43589
39350
25903
95437
23743
2316
31105
53281
75843
20472
9932
80142
24713
33655
69456
1259
3882
52692
66356
17489
65299
73358
79872
98232
71608
13741
52092
51173
92231
98851
65438
68389
98208
20979
1268
62757
22115
36184
34669
3001
6989
94171
39735
16916
24205
68930
70271
44989
14252
21663
24476
74195
44078
76845
30946
11606
40922
69773
32503
46011
35719
86012
3971
20733
41115
53334
47661
42259
89461
24815
33895
17026
70296
81875
97509
83809
50685
91019
68797
40733
50972
95456
74535
46231
59979
465
36382
88976
70928
51931
91684
65863
26494
6499
68406
33696
79301
50563
21554
19715
44631
39730
37519
17176
98547
37374
65999
75428
79839
92245
94287
81549
1810
86482
1517
68518
41977
81316
37590
79400
38457
43417
43960
53879
84779
60025
99689
14747
90216
57399
5372
96063
21851
21389
85164
96219
73685
12126
26521
62419
55664
14272
49570
23026
99076
31351
15947
98189
1541
37379
65448
19360
38871
39240
14438
32010
43094
56478
4891
89129
94278
77426
91658
63775
15471
83264
53773
15322
18368
2511
46408
42169
21010
19727
90828
59718
68304
87241
3102
76474
1393
66952
59373
32406
33696
70724
32651
17566
35010
14141
52371
93575
96849
66281
89824
10543
46768
98818
46656
67393
84084
28292
96487
29992
96910
63516
96594
80520
18493
37937
81276
26609
58136
34660
48010
58469
82529
2960
31281
22125
58263
94495
94435
789
16766
53929
93245
19607
58602
15691
60783
7729
47366
86064
2240
56187
19840
42380
10821
42500
57124
92916
36499
55125
97308
77414
87944
27416
98438
37442
87456
15358
13029
69917
34586
38174
78526
54882
45787
73903
75268
85095
36704
75142
78990
74820
84697
91176
5939
62082
56923
2867
81993
86602
49441
37855
39206
65625
28568
73605
10200
60458
92598
97908
39150
37328
2910
1174
40973
27557
71047
98466
78963
15004
25944
31567
99473
9669
26416
93932
36026
88416
90906
8245
99542
48275
85314
38345
2292
9627
83383
84707
28221
28731
53661
97135
55704
45316
68838
5293
89892
53872
73922
52649
7805
8809
41635
98515
66839
54954
17358
16981
1635
84200
45495
56687
13420
12393
4702
94526
29007
76550
53345
63015
84806
15254
19871
9571
66026
32560
32995
49698
88977
43973
35813
50834
98214
33326
76071
36225
8112
40147
55731
42982
47839
12080
74979
59748
34949
52848
28513
37150
15542
28328
26448
80099
66707
5460
32859
7302
23779
39826
63904
73073
52767
59727
79880
72889
47763
26957
52343
59817
15183
96264
4168
89952
16012
75232
48519
16549
98507
86165
15172
67639
13722
25375
47244
67234
27874
47943
31783
14438
46147
51800
13433
13038
68491
44644
90835
69747
39367
50210
7150
77945
18556
57139
48968
99094
2316
2316
10670
1545
24159
75785
91950
96579
51808
40020
40440
72875
69095
911
86863
20732
67452
87779
70147
78679
36724
89799
6604
84161
99540
42488
94791
51883
34883
87130
46998
18160
89239
70755
14978
42460
95138
4647
83278
77125
36563
69287
56315
35266
12356
72329
12103
46008
6920
43534
76280
2194
96113
39193
29012
48335
51706
45362
51409
31519
43708
36420
10976
82800
87540
61579
67525
89466
26027
94048
8835
95839
31152
2815
67297
98249
94570
4659
71155
10532
74875
77193
97680
23279
28196
51860
88989
72503
59574
24154
88564
81242
4311
21832
35755
73060
26068
23956
891
15170
35757
66865
15528
45635
46041
63344
68325
11815
59174
49657
6167
99660
27455
92957
76663
60308
79659
3203
62711
40274
74412
75140
44383
30960
19934
62320
91275
60313
68268
68845
35737
73785
40983
52775
82395
77672
44052
4309
70801
64811
54746
46936
17373
91602
91504
2091
41951
60541
10842
880
67920
29136
22605
80311
5961
95455
19750
25219
81177
40082
23023
19951
18701
46276
88433
12139
63573
64772
40628
67307
48576
55677
5876
92755
69937
8281
10910
15673
52724
74626
138
20729
40855
42717
35931
26123
43519
77289
88368
1939
32889
66498
46117
22161
95049
44701
6221
69553
56573
42497
31794
85334
41125
77842
65032
91966
32927
15789
85582
14941
6453
95028
84074
65004
35716
20744
12856
98966
23879
13192
16448
41965
80305
64838
75919
63424
94695
22205
25003
3983
30486
86681
12098
62582
24403
5131
69350
71823
51634
6868
98568
56772
60155
31199
7531
15156
33993
20793
93419
44696
93368
6049
93203
73975
48342
22162
29800
18157
84359
52296
94963
30887
58468
72467
65281
75684
15721
32224
84558
84519
73048
24831
23048
89709
70127
81696
11706
2826
63637
85654
99223
56252
7262
11854
69145
79877
23270
46215
40389
1339
79737
74809
69950
98556
45669
1337
16313
77681
25531
65268
73976
10803
95679
71778
68232
60034
67663
99299
40398
57009
37975
41684
87085
82950
35519
64810
23910
56343
92518
1352
36999
88077
67698
66017
13583
15462
42402
7636
23430
78830
41034
57713
52456
10766
24594
10460
42004
90318
73896
75038
16179
72466
82028
75373
86925
64336
48594
69718
80646
73761
39011
77539
32581
40367
39022
68885
47452
71868
25106
13657
48122
16629
68628
73254
73885
83853
23333
93803
36019
85674
62211
31285
51257
63699
15487
75233
65677
28829
21408
8379
82836
75937
80204
18053
2293
45731
8332
56271
20630
36052
38218
91828
87875
56790
43880
47366
36961
22466
31061
86564
49506
72144
85005
36678
40085
11592
36031
68084
38543
73429
99347
91358
3511
20445
63986
80629
18213
38516
6580
62726
96881
79760
50987
47136
20876
49863
46329
14110
7484
72284
56368
59687
72039
16846
5445
24436
81191
45898
40975
69221
6686
92250
43261
82091
64206
74354
10523
1415
84000
94478
89093
76093
46737
50185
24084
24524
34085
55612
31988
79338
92484
73938
98931
42826
73132
38363
42204
59341
6938
60266
39510
28408
63319
78549
2611
84742
77132
82243
54929
32821
6413
71972
32969
30054
22354
76400
93409
71519
46369
50121
61941
34167
54717
37466
39585
36330
99214
49075
64809
9702
30235
18044
8718
35961
68787
72267
6030
45444
73072
93863
21869
21550
15473
93337
85274
55518
94328
19318
75858
17598
43949
95351
56494
58902
89870
42728
51880
75872
254
16955
5377
46901
98536
56929
45962
8361
64223
44521
36033
65914
66673
31837
82511
450
33884
98424
54534
29409
24119
22709
26338
60727
84130
88957
45709
48956
6336
36647
97151
44921
74943
96912
75274
29699
5172
44929
14686
82107
27794
68595
721
47405
50391
20649
31577
869
60438
54894
46125
1970
11233
18035
68469
93704
21644
68620
62863
64807
35805
9376
5334
5951
30096
16397
36420
84061
14534
95051
93332
99465
25640
3405
70058
50941
98428
72649
84236
82178
46566
80373
93514
95577
68616
65718
44190
78273
64563
91470
26128
65330
58504
3649
23456
29709
69823
45440
96169
42804
68697
42847
59309
92376
22906
84370
13257
84623
48629
73131
22278
15007
39477
39206
98619
8183
5524
53907
36971
16907
95286
89672
29966
13171
2465
45703
30818
63602
10811
45551
74337
17170
22021
1334
3753
90418
70305
50456
72153
47713
42579
8259
3778
49390
56617
44583
34843
58088
83591
18582
81880
29517
33212
82736
32839
60498
26729
69808
63016
28746
32195
89263
57181
49885
41864
91867
85372
65340
51333
1454
47294
31951
57140
33786
76230
61018
42781
80715
46230
72721
19236
6111
77246
88396
310
94339
85682
29219
69251
71383
39112
82593
8689
24681
60618
21950
34264
3514
91823
56279
99840
17703
80157
62692
93821
63726
55184
30753
16185
27691
85996
25572
34360
8986
65869
19205
91091
87090
75642
87536
69100
50788
57396
15410
16736
21261
21722
65035
25129
79995
57030
54260
67911
57952
79155
13826
41820
56348
60056
80430
64216
54562
3954
90605
25936
30467
8098
23920
45052
85996
72216
77805
86013
35743
85789
89090
15815
91048
44646
33473
31528
8067
22508
43383
77599
10012
39290
55314
19164
93056
92450
72163
68653
22799
92358
13118
74570
80782
41672
8688
66225
25415
44348
71485
1016
52456
67968
68351
32225
95639
54447
70568
60726
84611
91395
89759
90135
21497
96962
27746
97328
35849
26349
30478
47993
33128
19220
61470
9808
36090
11638
57802
9012
96513
81712
23088
7624
77429
35476
51208
13614
94684
94952
41132
49088
66303
14076
84312
9361
46377
23830
13876
57999
26451
80620
55091
77365
74896
80473
3339
20383
79646
90920
92370
87684
49232
48604
98665
18300
93196
53979
3986
56323
50683
87277
40238
73281
55341
65312
62052
17870
7273
40892
66158
91857
20159
53881
29750
77968
86406
56240
85556
26959
87135
84465
167
27375
83590
67710
48135
3441
14375
19763
35043
68170
2118
27961
74525
87818
53153
96178
89283
40699
80083
45683
11829
85293
12245
20454
69335
88892
3102
1858
16104
81322
98225
20291
67302
88603
72803
70031
71239
89194
57852
63194
37422
57665
45475
89710
16464
6378
87098
54998
36626
68787
18483
51359
13496
21703
5531
46964
32053
28532
32450
35331
51598
97116
37704
19989
97206
51361
85709
57061
26821
50399
86198
13313
15927
53899
18831
4526
40273
55565
16787
70060
28734
16895
95416
46621
30788
49280
30323
8052
63345
29111
63595
1215
90802
36948
18075
69655
11436
54504
55587
56991
59617
1489
61906
86147
70742
44442
71986
72018
69591
57180
23858
45704
41017
65221
78351
90823
86373
5299
76551
51167
61427
39773
91719
81990
50938
87109
53554
23693
48689
11152
37728
61535
53395
83091
46937
51741
18971
11358
8467
11876
79546
57128
98462
52607
87319
90101
75722
52134
53377
6028
64564
18007
55618
1776
55549
28826
10042
62350
62358
34367
89993
3762
9978
75081
5003
56785
87883
18319
41058
4026
16329
98371
15426
21885
87319
13342
11211
8625
72552
92487
55882
72818
55415
87224
88866
27519
10507
43798
81901
11453
3683
28487
76956
69012
47607
96025
77331
15801
16351
62814
37216
31809
3517
23038
33409
47332
26097
97323
44665
35630
91312
41647
47755
36720
66184
66865
47526
89375
49768
4181
53068
54856
47983
45467
58420
85452
57542
15345
72757
73246
72333
21131
62246
80920
32655
16449
84734
13921
41623
65514
93608
98784
65800
35963
67620
30994
65601
49094
50537
20035
33106
94036
71875
12850
94416
6257
47481
78912
58439
65925
21780
28679
93579
49633
57429
60464
3360
4586
32721
31647
91040
94912
20496
93323
31359
89740
29373
35150
30024
15176
23306
68579
8126
22287
58616
22418
56721
10101
3605
64617
77933
3561
21386
66635
28605
85284
41983
97901
6163
811
75557
5574
16355
8908
1476
24336
20991
31819
59316
74064
15698
21611
66602
65564
8581
31780
22756
5555
29113
36950
44593
9310
2887
94694
4865
65202
43142
60959
63717
83578
64319
93993
17070
21466
97211
55348
63273
38127
36175
59913
47512
51191
69252
84595
7008
52963
86759
79585
4728
79748
57574
47048
56913
19478
26315
83104
51032
546
91500
76497
26594
10388
10352
39955
25118
95639
89669
20706
34568
79558
82104
65028
86402
59445
41016
58632
65117
35222
47610
94787
49115
17478
89496
89114
55176
9394
68596
81330
85672
51529
63618
92389
51126
59833
62262
22288
87297
38121
98189
42044
26290
53631
99177
18705
84585
30609
7291
9469
81142
54821
13623
98489
96954
65234
60551
3430
41216
36876
34337
99576
7939
58517
84145
22656
58278
30598
67675
8850
78858
20474
24140
95146
50071
9467
67929
12747
3215
65699
18543
83368
92269
44934
7484
26038
91916
22318
52179
83992
97681
44525
58322
93230
2168
27301
77185
9917
53671
48309
12401
17343
73770
407
60213
92234
60851
46573
90157
61486
62685
37805
78170
30910
21986
67012
8788
79377
93998
61225
50172
42263
69249
56467
96095
37740
40740
28264
37460
71006
69935
6918
11380
85773
47764
749
39083
69278
22633
15811
48453
29912
83903
16648
97465
81590
23625
78993
94906
20203
87596
71838
89642
45125
71507
4233
20691
2659
59603
13227
92297
33697
97477
92182
18808
79517
25331
50870
172
99180
96927
91320
43251
43191
96257
99128
13709
19981
24348
68594
99862
25863
60962
13159
33186
67627
13016
58461
94212
69152
12398
58817
82948
14648
27100
63468
4986
98945
79575
38192
35904
99864
41860
16105
15223
11070
42924
39977
32813
18009
49283
46947
81307
73374
83946
42320
72832
14554
55634
88283
15319
70941
68966
91388
51161
35111
82689
39668
54375
14570
52322
63657
28519
95887
37503
97992
21476
72195
72878
8055
89457
16420
56237
59578
58842
54498
50865
34342
82659
54134
23381
86676
70800
62286
21300
47118
61963
36112
79204
52498
98754
81442
87319
8725
85741
95984
42770
18330
45199
12051
15396
22904
69763
84276
13848
81676
62610
40625
57342
17410
57611
7127
35033
5807
70684
46770
43911
4205
31459
57058
9012
15421
52783
86685
22309
17680
25851
14756
78249
30124
18522
31597
14875
71002
56163
76121
45613
16605
91052
37294
58164
4973
38825
45362
92984
10626
53045
65172
24458
61684
14917
50060
55762
52178
88744
7201
64040
40811
76927
4659
30060
88287
22663
33365
32702
44047
45193
34172
50747
67551
6215
27187
54312
43073
75105
10507
42413
49601
26497
54080
83645
94223
82679
95836
98686
90944
68156
51774
94565
57874
82622
93013
58156
59136
71552
89485
52356
11563
99394
4786
34851
85195
17903
31409
1826
76796
65389
94491
10898
99427
99069
45299
56910
96293
64579
97600
65168
79802
88355
16956
77539
27948
16245
77350
90799
65370
37229
76028
95282
1762
90504
28501
95562
72184
67261
67313
53395
34656
50923
57867
22597
90231
2788
56921
56537
16174
71081
83988
33898
1293
44949
51923
81815
58499
77991
32410
58568
76432
38574
68964
84006
31868
58460
50249
22245
4783
7993
21051
90416
61503
63975
17368
97107
47961
23992
64570
89893
87203
16125
32276
35537
72479
20403
17729
4076
76496
73073
31643
69225
89932
94398
14936
88466
65967
64829
53181
56917
60473
96666
79173
67084
8201
1030
53379
7489
8097
41405
74467
49882
63260
19039
83547
66935
20914
57309
8445
19557
50346
62256
72119
15899
55237
94834
63766
63017
84134
36059
35549
41992
54601
82898
7917
74823
4004
9709
40556
92179
78639
78281
71075
27635
54674
23905
25123
36805
60105
14326
3586
6860
75616
95911
12004
22152
86129
88160
13874
18692
36528
50938
42809
62037
15312
87659
70790
45912
64206
39669
36215
51735
34648
37839
81851
69879
54573
2919
97307
89413
15608
90499
42743
90458
22659
78088
17395
32896
9503
75972
78940
77231
62984
34544
63054
37446
46990
87444
18648
54173
2581
56353
56026
28816
95582
31691
82644
93302
94953
67002
98225
79999
78049
70592
58011
37315
63680
30181
66505
22944
78921
23763
90397
25566
98447
15490
55075
59072
11272
72095
84984
91467
21915
19494
16285
68955
53338
8644
767
22157
97625
10143
20465
71759
70143
46966
10721
78496
460
57018
51180
84126
47563
90274
42037
67174
80910
17373
53605
35373
83221
73323
7564
70986
57058
10651
39804
80773
92852
26349
63978
1792
77046
7764
87421
47807
72631
70373
92090
88235
60844
48250
52925
41727
2171
53114
52653
58833
78128
19288
69980
7511
73079
17735
5588
27785
13745
4230
54155
79280
45139
19286
3291
76845
92706
79172
62296
66619
51381
40702
94910
18769
84110
7973
85793
64776
79036
81729
84753
9
61294
72354
67423
2653
1233
89750
67602
60749
28275
65682
54505
25499
5742
61053
41671
56265
14155
47014
33414
97606
36564
23760
6973
76160
76141
84174
15053
85417
73374
78515
64896
11298
18834
55661
71991
16651
32728
57029
65368
10887
91760
12171
48915
74065
84093
22573
40672
11133
78907
52462
58942
49739
59945
3322
96304
5733
47788
28238
45500
94589
94524
33165
13535
36814
90941
13101
69902
72839
80142
75838
92878
24066
5850
93681
25358
43892
11527
71061
56136
15481
71222
56649
76875
33170
61662
39728
68356
33392
19847
23110
33407
3313
23867
10113
24454
83594
89388
13537
48797
12864
5070
5178
88624
82090
91876
46599
90636
5767
8778
3171
63103
64649
81608
18880
37692
4363
73995
72708
83861
99562
3239
97872
93373
9778
65575
12979
45877
430
39740
78016
90566
82867
76440
70
44147
28070
54074
74291
30381
53637
58990
89377
2852
84816
63528
3256
54495
63639
92293
58541
53442
69968
43467
96964
5759
32993
6484
15932
9186
30110
9646
58743
13529
77586
29282
59129
20812
16139
62595
38890
27124
39388
52797
91695
9465
25943
47933
73015
53991
78774
39761
44428
9539
18526
83854
1171
69507
88299
63373
89340
15841
87314
10485
93376
99640
44149
77839
74137
46461
24000
19223
85473
98772
65793
90058
35538
99160
4418
86279
3734
38093
67348
60717
57916
20438
60974
46127
76065
9861
226
55947
44100
41916
31976
16876
33196
77163
8163
61376
83818
75122
54910
64984
4354
84079
76491
74717
58249
38157
25776
18224
56602
47792
89558
62662
53333
76580
77615
97966
10400
83572
76351
48252
38849
77753
93800
49935
78391
87809
9695
75677
63262
83499
42595
77522
94999
96832
25516
95110
84138
47819
81145
64305
41369
7453
3526
42054
53249
1841
31194
52489
49128
64676
44144
5867
26165
23601
73120
55791
78292
26633
28933
94439
66194
61596
63939
46926
67318
9810
11961
87198
8497
98569
41772
30684
35457
34890
28846
94921
12660
90912
39833
78416
36170
57426
14503
55655
50543
76876
84366
66962
49550
31485
92053
59136
90017
1663
53972
35674
66354
65107
13605
67348
28251
97816
45612
30874
6839
92717
51456
34871
89980
91000
30438
11401
55206
85394
16844
21012
61300
67276
9140
72751
27843
48534
24498
63171
50340
6981
51158
36760
60952
83141
49771
31302
4997
8351
26406
90390
45611
57960
10018
25073
3606
15020
43613
20420
7944
42339
43108
15937
82865
78920
31144
41212
4227
59796
68238
55239
39371
43572
46595
11860
59695
43541
38037
89898
87165
63794
24660
47287
34064
97169
19045
39173
77261
78770
70817
33510
99332
23206
74350
38261
83590
64637
87821
90694
10913
94280
34157
16806
55191
88420
4516
38335
72010
45777
96892
53450
16471
33563
4127
14800
33295
95064
68638
81934
5898
4978
63020
79957
8296
78541
35884
14307
71911
7331
74274
19726
12429
27646
42261
49731
50679
14782
94171
70368
42564
79188
11367
47705
23887
98601
36530
19253
52547
21097
21530
5765
2808
15384
78661
67232
13534
29331
71517
95939
19126
2530
24784
71402
77091
18761
96136
80132
70193
76262
53757
51104
31984
62227
79226
98567
52648
59426
39642
1957
90570
70679
90209
10298
63318
51544
93069
86519
1737
83550
27107
82919
61815
54659
45236
19089
54036
86121
36833
87836
81887
44012
33089
21398
39001
20186
75897
75087
72489
25387
77747
27482
53381
44384
64279
62062
13639
91807
12434
76379
44905
3214
72605
93926
96754
2240
83937
3329
10584
44818
95161
93761
66994
81666
24162
86030
89926
29168
82548
33103
59377
29074
3975
57295
54832
15357
65930
44526
526
94831
27571
80804
42703
64505
35561
37075
58469
91875
10408
72521
76107
87752
27143
62077
96107
26648
5399
80242
94246
45644
42412
40873
60419
13513
19540
44861
19443
85635
5416
56939
64153
74505
42730
62010
30500
7455
16602
75237
62690
38482
64135
22240
74371
21186
4779
13670
97168
71369
37271
78024
63188
76165
31088
50341
1296
42815
49225
99044
79155
52605
14996
21031
97939
44120
24316
71349
82804
46087
94429
40266
69455
22384
83032
45931
37535
78948
39074
58748
5026
49050
8454
19529
19232
95913
58238
74772
73439
34022
20317
57934
89138
58925
92162
43810
85928
81291
30977
25653
87374
15637
31459
18490
49015
81179
64666
78351
74757
16961
722
15239
91311
71545
72785
9040
29931
17008
14793
52867
33513
96013
87187
92176
38291
59910
43146
62931
29799
82751
60133
13618
37262
3276
58974
28038
85432
88056
14667
28998
66849
54880
56308
31668
33075
3191
39514
86994
72122
73441
41449
917
57158
97382
47763
12599
93274
39828
82610
36709
91373
3682
54442
83964
40671
72551
69405
86569
39320
76702
51306
8155
29142
86040
79298
24874
42845
53588
62716
23317
84423
76254
3837
21998
90908
12033
37295
1802
16593
90782
49219
71935
70504
25234
40243
59898
91143
46648
53133
89532
46588
54722
24762
88840
75649
68673
63022
16178
75457
47540
79539
88894
82613
30136
50166
11953
3851
24876
94550
18155
59156
1305
49860
15623
36324
9802
14212
70634
16738
83335
52705
12388
90245
16740
42003
74384
97894
4039
81830
61289
54263
807
30050
6766
23401
22318
61148
90393
86005
69413
69118
90724
71329
92627
60326
47178
75116
4632
58982
31104
2531
24235
29951
40615
88593
82906
94769
41130
95536
42203
13598
80932
8095
16497
83517
69546
93420
41310
42548
91836
58557
51654
15274
91109
73052
19280
66164
24218
3589
36722
30227
15766
58097
83426
7008
32338
77119
74240
33160
90241
93478
22359
44517
64341
95048
20069
79707
58436
70167
57457
43443
9303
54018
98901
1993
50940
77974
87958
94923
55978
17529
43998
80803
39359
36201
55838
17573
65777
31373
5792
55829
71020
13549
19754
94954
66721
75345
89044
53499
20705
50792
77706
36039
68730
89346
96779
84460
12794
82705
67102
39195
48664
91245
76585
70359
96141
34159
76756
31034
79459
50729
10882
23031
32247
1421
35277
12485
80149
40930
67294
13831
77186
99672
64915
45209
27418
32180
58221
40785
89455
61209
73852
208
43599
76693
83385
23610
96556
77339
64431
43058
9346
89342
48455
65148
35250
75579
31206
40518
31768
24603
63237
32675
57247
9455
61397
26197
12724
87988
46706
3563
47767
25960
74029
7648
13798
69575
79230
59339
59265
73348
18996
37642
29978
25816
2418
89946
53612
2698
91504
68491
52541
56857
67844
61227
31854
51457
64806
62387
12656
7513
12106
68825
90170
2902
94694
36318
53074
36531
31763
7837
52954
59585
43321
41305
81682
20085
16372
93154
24946
5127
56763
16810
67901
87782
8461
91095
60617
92744
23971
51874
31046
67610
42208
15166
69311
12931
44898
92230
71321
10443
15998
59720
24845
11723
82360
20308
19190
6644
85607
58847
83730
91505
4886
91957
30404
98926
52244
64885
96675
24491
94370
77883
82880
34518
75975
78996
53932
40130
2612
64536
20595
60247
42158
11622
79891
91859
46684
34715
52810
1985
75944
34985
39118
45808
74995
1544
26440
61877
69754
59376
86688
76066
37471
38903
30436
10586
19607
15166
54809
45427
38777
64290
12564
11125
13369
52381
2148
88315
35052
37725
92850
76517
31636
86898
88721
29308
22042
228
17656
55859
14902
79817
43681
91232
38547
84039
79233
87902
91545
42401
48481
64048
44565
53991
88950
7198
33452
17385
99590
80326
7886
15079
86241
31978
3062
96911
85747
19141
76621
1613
42053
92785
9637
55209
89742
60522
43972
89478
76708
32312
43564
62683
92375
1974
77452
18552
86131
39999
34334
91596
42218
95998
89519
2604
34116
45910
60509
18105
89224
42263
3384
60052
45462
49275
44135
11971
37056
14965
12808
76404
41842
52026
34668
64607
10295
3696
94878
58989
15713
76484
21233
84682
80836
91660
73244
595
38667
58628
67331
62548
41360
92096
68776
60958
77372
64733
48203
30227
54588
68034
21777
1685
17019
74789
44967
54021
42526
53180
86541
53398
44166
8875
31192
17365
49654
77600
12687
37047
36492
25938
98156
84352
70537
90425
70919
88791
51384
31588
71339
30601
71587
45762
74836
25376
57133
39744
60448
30273
19703
41846
34247
41574
71382
91521
8813
31972
67230
2455
59294
14224
71142
31726
14918
60239
70162
63528
51876
22438
42446
44185
61947
14169
26110
56987
94156
3959
92722
67282
15971
92620
28627
11510
79938
80278
34442
61975
81504
13219
65502
69652
71791
28363
75181
1750
26589
49757
25871
69113
57966
9701
7964
7992
99515
74600
45338
64248
6254
15894
18468
87084
86830
64334
77
43159
17745
23468
43570
71672
66757
30989
45307
65180
47111
55108
15721
9045
62084
51125
20805
83414
73171
4605
90056
70766
85649
39653
25677
96152
25498
23468
35080
96336
13988
57360
76828
94982
38113
10788
15054
39820
30713
18419
71856
33384
83400
87421
41499
969
90661
41061
89128
77260
38962
65820
20364
67419
78476
98960
73999
65452
23964
61953
68460
91865
72619
59384
89454
90081
26793
69481
94164
49186
13526
8053
81538
28428
66759
66701
71535
57198
70601
2551
38921
31692
41421
45648
26679
71447
15843
93981
24937
83570
73198
38427
3607
95643
42718
32857
45221
36148
39580
30480
22521
55781
83165
51589
40498
17122
44094
77725
84034
12438
93923
39128
2671
23328
16983
14552
49747
94687
28137
65668
43355
86945
94675
97592
70278
14944
13543
36227
55374
68849
58243
89442
60415
86043
97669
31990
74409
98246
94514
76218
5453
47062
51450
56264
12352
20189
75953
10923
50395
72072
95430
1754
97495
97652
99829
46094
31984
70875
20040
34652
96341
46796
57873
84818
93556
89665
18441
17161
86909
70072
39009
73388
5418
20351
43815
16881
10593
60154
30837
73407
28271
20787
44069
90347
40361
34714
48973
21945
6279
78737
70230
46058
28413
26210
38505
54337
39385
4805
69073
26183
70889
57713
19619
93275
79413
49273
42746
51817
82394
66266
15672
83119
47222
87606
72784
48156
57119
38546
25555
29218
5546
50826
82221
3387
80729
28180
69910
67217
82498
95683
17509
60139
59457
6661
2799
77590
22212
24929
80586
88746
91791
38055
54060
90527
81888
67908
53488
1209
12781
48172
6115
61937
14082
8281
52001
37141
49992
64246
11265
24988
66051
54050
81707
34846
66739
51212
25228
65614
50810
24402
12316
42308
91191
51403
65370
83901
36191
62920
1307
65459
29183
81972
65138
97302
16066
30406
28514
39425
57317
42281
64974
18522
57036
20116
27328
44856
36027
7152
85006
37261
3152
46070
53444
70521
75788
1488
43383
77878
51781
89221
82987
62683
90720
498
33913
46913
21984
28039
82699
76086
69048
20610
4928
16900
41512
79720
37245
53116
76077
61941
36402
44627
3128
49935
39435
23814
83008
96021
19641
24860
13192
60131
30000
55100
87462
1398
6506
99985
60749
94749
58685
51968
30340
83683
71524
18212
95500
70647
25997
40299
73682
10186
61844
41822
22793
874
20646
17888
47775
65202
76326
14617
19743
17713
14913
52395
56762
1350
74176
13738
34549
45698
19060
70314
16071
44528
51774
28704
62130
30258
55546
66007
80472
27725
81128
84811
69222
1066
92386
9951
91299
35580
73098
6207
43648
63867
63059
13929
45637
21118
23857
12362
46077
6430
77496
68576
28314
2988
41315
63971
49069
781
35949
42480
24994
24657
89049
71640
68739
96472
33786
19620
55060
56498
49179
76672
7905
65723
36243
74565
58873
44613
55297
98724
98704
70089
75200
45522
24348
96643
51619
22758
84720
49547
94971
7157
35105
88501
21620
24635
6991
25482
46038
56469
95559
56572
45090
55361
55641
56558
15676
41987
45162
6990
45
15901
22174
27136
12372
73400
21188
62953
10650
77394
65887
98811
44880
37774
66341
79357
