42793
19657
61770
5315
76813
847
17015
92189
98241
72624
95716
84013
74897
2480
13055
89230
1153
36665
34877
5308
47514
64658
30727
93179
73956
83671
58227
60466
34950
30334
87172
81204
7919
72306
4970
72714
99498
33190
95653
81341
1291
36183
99539
40996
95897
54838
9405
67987
66427
50665
77426
33222
47020
46967
7533
21629
55298
66680
67002
12067
44323
45371
14953
66011
79703
90547
37438
50959
76115
45748
72968
31853
31891
27483
92048
86730
94039
50575
72071
1168
89476
17562
73129
41312
58699
45404
33093
76583
96135
33187
31332
89530
54868
59921
3325
35492
86764
10185
35277
81019
14384
6564
84894
25844
69506
53088
85448
45991
65125
54182
92899
82220
59120
27255
32344
85666
48200
77926
24596
57464
25404
68999
53560
86536
83157
16355
44648
46472
36110
84952
60815
65153
80788
30792
2608
22812
1282
66770
99329
73597
27262
58394
97041
69436
46363
68358
33700
72762
56350
38680
89528
31219
9128
30356
74337
82391
9110
82839
95114
75469
70011
40207
60949
57293
2792
29383
39797
68525
85401
81853
53904
30345
48826
11223
49761
29073
88465
57774
32157
12370
31106
45419
62644
16890
28738
43045
79667
1764
50436
24738
83450
46485
28283
69142
18036
59217
98107
86872
73181
43558
87195
56209
97110
56108
8512
99603
18828
46015
29499
63472
52733
39336
73779
73849
32494
20345
37139
29566
21264
59506
88070
7537
75306
63696
81571
43193
35551
26527
87295
86598
27261
79556
3318
90155
29415
55668
88364
84763
22489
64663
85532
12977
43337
74069
81963
72419
68889
26007
69554
16254
89734
21807
17622
16478
18560
24306
72417
50495
21863
32845
90030
96805
60223
70246
80195
27259
74281
14081
96139
43573
45613
59632
4193
11354
91093
23730
68039
69929
99041
60288
63353
76452
81203
86641
71758
50799
15695
89559
41619
39193
64179
59903
68946
95690
13164
45309
4835
76000
33682
34658
34289
79394
97103
98592
60265
62652
43815
88966
50254
54111
68856
69097
90385
84913
96232
80378
26558
33149
59262
82822
94239
82556
94252
60647
53455
43432
86125
98130
22900
82679
26740
18519
50220
83260
96768
917
9198
80982
57538
72176
71268
87035
29368
66226
62563
83227
71170
24868
59449
70034
86755
29577
55936
56645
74787
32217
66113
71410
84413
63803
31932
99641
15164
58651
88992
4453
31001
90035
86461
89467
3301
8665
5416
17910
1604
98223
49952
52825
62331
28446
57410
91695
39469
64705
61015
58342
12513
30299
97431
72233
31479
49383
28756
71509
32618
16234
75359
64523
49162
63410
96968
51994
63446
26752
96188
76495
32543
79974
25312
25583
17843
96779
52660
95390
54826
73529
45105
99601
3628
58984
32236
73689
6300
39209
23828
53535
20759
47428
97413
12291
81893
6774
31309
14269
40560
72824
37834
6694
96545
63538
7418
50829
63003
7449
36599
21774
95616
8154
96851
76809
54974
69892
28638
29686
38965
4722
27071
53354
59613
76267
47810
67800
6558
93689
56973
85840
78762
76068
3347
67526
48001
21285
23732
48727
93837
24826
68274
69106
57088
50674
4927
21788
70532
24482
6349
57155
19649
87452
10047
1015
13097
66443
24821
59072
13415
99304
67903
65170
36225
29811
7537
71346
27890
96061
29908
68937
85358
68303
78988
71154
9130
70537
26655
35099
56578
63483
42204
21839
92590
14788
24389
39300
58633
89346
75183
87637
37653
81643
37231
3514
44091
93665
55086
50540
72547
75887
89546
95735
12802
62614
8482
30514
32841
85855
15366
54456
22821
38033
77416
71157
75265
81822
47922
65849
56555
21764
75563
30061
3267
99021
28527
70909
54435
51616
11323
80320
33754
94025
20823
86327
66867
91539
86506
14319
20472
27792
20466
22785
41105
30105
54169
2568
54326
67325
8306
91778
40389
48484
1023
92302
46210
15927
15994
59151
76794
4400
53266
62370
60664
47481
12047
89483
76731
39785
76183
22755
70028
41208
89483
3594
88861
25987
36716
91851
44941
40493
65900
69066
57552
32057
66619
91307
85658
56382
85872
36706
16051
87083
16504
40603
72027
63921
76829
51371
5502
57544
47053
56266
2953
73878
14651
12783
6164
90423
70766
66982
66612
11198
80169
63293
61083
17710
44539
49642
14480
69757
13241
88303
58225
47365
12082
31609
99248
76816
76520
85044
10548
5775
60527
21399
76477
39781
87577
13116
27320
27107
26491
95827
74863
65438
74476
92930
82497
52081
15504
36036
7845
54015
59919
39482
94157
85369
28562
65596
55440
95460
51857
88315
54982
47161
97038
1529
10937
97182
22630
83122
60332
46228
3846
89624
21603
60679
11051
62640
59620
91014
745
74974
93672
64310
71693
78132
22795
99093
83323
48023
58279
94389
58153
29898
76405
79564
593
21308
25492
16824
60210
34777
46047
89933
25935
80225
51613
86379
65567
41090
79308
53296
50260
24822
66749
38288
96431
44057
7361
93798
10898
77943
4354
32449
31008
13589
72741
33959
33838
51728
98208
8556
13488
38570
58409
9650
16761
14392
44669
10110
84074
54144
8647
70801
8129
73456
8727
34707
47008
51861
20545
83257
2464
97082
1123
28376
25085
72947
76093
70525
21071
60451
63662
32154
2506
92884
49235
35118
23156
96151
56758
56461
96651
8097
48071
57773
50006
99876
42626
32173
24366
64964
10708
13956
63826
73215
82689
63537
92169
34079
9828
14829
29233
92405
54327
18340
74329
27443
49421
85914
73591
66117
49852
68218
6416
88254
81061
420
17561
14468
46458
84667
34349
64701
31532
30295
41506
35865
48393
38195
84743
32964
73813
47359
37684
11180
11140
19420
21602
62698
55003
95463
10010
43781
79304
9
16847
3247
2763
55096
3058
11376
21937
62674
33559
38598
75558
43110
73108
34557
85798
80444
92775
3600
57165
17220
99525
46506
57695
78188
12347
45541
43679
67091
47573
68499
42646
19185
80494
59379
87448
50164
45362
26838
77510
50291
34019
59292
3337
32973
36745
30652
58188
78657
24201
72856
12623
26852
20151
80306
406
75277
98194
64116
35983
17299
58348
90387
86951
3917
99394
21365
23926
28620
96024
68342
35424
10108
56060
12124
24272
32356
86673
11675
17131
34566
556
83738
60018
67047
74204
96477
90799
54634
14980
43773
49463
86662
63183
52320
93562
60350
23992
92343
26411
35453
73906
70805
80711
31514
72568
46064
17601
16270
71901
6819
326
23347
9341
36643
44598
79337
3847
26037
89768
9597
60141
71902
61434
81268
29733
5358
89160
42675
98347
80182
53277
81563
30196
86845
36053
23585
49249
76168
38284
9368
78561
27515
79501
72191
97119
10259
95836
88533
13621
31843
96894
63422
16256
4392
71616
62749
61053
12583
22410
32974
42520
15219
26253
78185
80855
59267
40668
66164
31142
79068
20923
13460
59592
61710
2747
44248
84330
45355
44116
5892
6371
10752
30742
38321
56587
7148
30472
96690
9136
41547
22527
322
74203
83427
78260
33869
26893
65437
93404
988
42227
31417
42421
25671
9381
13486
5625
47360
88533
86701
3910
22707
47274
20054
23415
73075
29720
4638
92441
2180
23895
26565
50819
60201
89629
61981
49127
92172
96695
68002
7244
53238
46092
47080
69336
60025
42163
73052
39010
95052
86881
31977
16110
70303
30351
78291
90656
17467
7961
96486
65552
98356
28564
35562
16310
36343
49831
51962
23946
18548
91532
2657
28459
38891
87380
102
85885
35201
24166
31181
82905
36334
37109
90200
78031
90167
96437
23434
2019
94174
51501
94372
80333
64414
41670
56332
60501
62980
34683
69937
41126
15753
9111
2891
68622
56996
81817
38238
98707
93676
58343
51493
4745
8412
51912
80144
31866
10961
31943
78159
75947
21377
78662
16204
2261
29491
47501
26315
85324
12030
25552
97338
69434
41250
48942
18904
81774
41936
98837
65591
73618
68614
69341
39340
29706
59692
8916
51213
8784
4549
80092
97859
49311
80707
48003
78598
86606
58334
59433
28650
68930
77166
1434
1659
60081
5365
30558
26025
99832
70143
27553
43784
83532
77602
83993
42429
42763
42569
92561
83016
11359
23204
5953
61127
76523
82223
75423
58790
54475
44745
62205
57057
44889
38793
55526
392
66715
34375
37013
43845
90235
86900
87963
56032
64213
87236
70689
61189
63830
80180
4777
42421
86272
3282
9344
44574
50733
37285
27098
21559
80322
31367
25923
89570
80915
74880
91011
16744
76843
79165
66405
82883
31217
57566
24948
25686
18566
75817
16735
26112
37685
61687
56568
14552
5092
14711
45228
26636
25631
59595
58647
8779
8447
81501
40292
61490
83191
8519
9113
8126
36052
80815
55766
81952
14615
52758
36986
64671
41788
52609
34986
26498
16008
84091
87157
90826
65472
45073
91553
32792
69964
6129
69086
23655
98372
3110
70578
89892
51134
88975
52582
56063
52962
17154
81215
6218
10577
90967
27385
69533
38034
38969
44123
40363
91853
23370
84418
7417
18725
35529
19130
89161
62356
36601
86591
10940
37159
40989
4727
73296
2707
84775
99592
56108
47939
15983
90095
71764
44403
5495
65377
28580
51252
52822
6630
66980
67093
49174
29721
73160
4659
50760
31354
6809
28827
58975
16029
60371
32633
36094
28452
80679
65215
71774
83331
80545
67946
44462
90993
99940
54591
67698
92303
56989
19112
22954
41381
73712
89892
47366
86715
58521
79199
34304
18473
15881
84557
59516
77125
9162
2668
84123
65647
12047
690
40496
79307
22285
67204
53436
2587
5715
89187
68102
87898
78054
34519
63042
14045
45494
48471
36315
20115
46529
31790
60352
8252
62334
38639
67466
59502
22714
10280
85738
76322
89453
86991
15052
37664
73869
80282
30018
9171
35829
31479
99312
58483
80048
94439
86714
66585
83486
77398
38217
88694
90680
55984
69702
45567
5479
22999
7105
93981
73578
90170
14662
77110
34776
43428
68780
11883
66648
37414
55569
81341
42816
39449
53419
44911
11133
43298
41061
11781
35220
69494
12338
4379
66220
5721
80545
11764
80823
67970
66676
53383
79664
18017
44724
45439
77962
6083
1092
77103
83500
49999
50452
43229
62587
9271
29016
64676
89330
68504
17467
93435
81045
17795
46904
36851
79568
29128
51360
16460
33957
5823
23223
56345
47927
98871
57667
86584
46497
12786
79389
88098
40126
15619
55837
66669
5889
52979
50456
66802
3693
33289
76070
37680
64608
23591
73999
77382
95925
97307
93687
79366
48098
95810
70910
80159
76421
35609
78507
6176
18506
95038
21570
18479
61427
55448
21460
94820
1039
59265
52915
379
53742
61859
7268
66957
9098
14629
38143
95426
12634
42871
74290
75621
91686
26020
63293
84817
61585
45838
8902
95444
36620
34607
2552
36084
43777
8339
82
69276
68420
10379
45042
5170
32475
32475
50365
69549
17925
54559
3999
73446
41628
65393
66144
99583
97338
78405
45844
7680
30594
85471
8658
13934
97761
44734
70546
32697
85679
24203
8733
96761
8108
13338
59627
54987
70281
18631
26833
91283
36063
59543
94857
16336
66108
98332
67639
4590
55884
15109
55626
67231
84158
52237
98159
16270
7751
45179
68903
11026
5430
87932
2799
56241
50300
54890
719
95265
93990
23599
26687
85902
13488
56738
94127
4059
31033
49628
36429
11106
97298
54753
85147
7724
77336
16376
1105
75045
26718
32819
33321
53118
94401
44653
64871
47252
13777
80712
69716
58213
65717
58429
46416
21762
46879
89236
93049
3980
6178
37510
47194
29255
47912
17347
95245
10715
61285
61755
40486
56651
92695
39051
85295
14751
38283
25122
62629
13083
52776
68468
62304
6952
92446
21922
68504
53182
81455
31891
429
99103
39284
57033
15490
60138
54710
16133
60640
44440
24152
94136
46252
9685
71017
40211
91536
90136
72700
89798
27464
54375
6066
96594
82718
27044
80724
21771
77837
26347
96250
12978
35302
86841
59671
60398
36073
1820
50737
83944
83100
75140
31712
95254
61507
39588
81964
16093
88599
56628
15695
6766
73067
36532
8766
49442
53660
88560
71220
23346
95037
41690
33735
70541
53085
41520
7020
95663
65660
66995
91980
29045
59513
77974
43866
93606
41178
9729
76638
8555
1222
69693
10020
20399
11077
68684
9430
7419
74398
63496
7576
20531
92925
64654
50846
57889
40956
91182
90619
978
4600
62705
52974
95047
40377
52689
46775
23316
34997
46003
53048
79802
63870
28747
31444
48243
69453
94639
83247
93668
58017
64414
49571
2381
3183
97373
82489
56866
92915
20240
97319
12794
39732
23971
64311
12860
55357
4131
29369
10758
72100
47775
74331
39086
6466
51469
34510
31445
55049
67614
37789
61300
378
40033
46050
43178
43922
39049
90806
31978
21348
40769
86176
50915
99140
67506
55582
89629
14337
28415
6800
86357
54767
35406
79257
32938
94645
78048
32239
3024
50451
11762
19004
50628
17894
67567
5890
93250
65722
35121
72375
55502
92828
6214
93844
63304
378
68588
57141
85671
21304
11452
21900
10395
48887
71146
60616
71721
85809
44882
20428
5131
69991
29876
41761
22991
84009
39212
52855
18831
68224
94189
85850
96314
46628
50817
60800
30159
6262
6820
56078
17589
73505
31315
83863
32424
36684
65779
95305
78723
9831
73734
89278
14545
64651
36518
20988
32046
93782
16913
7700
13571
3813
51752
34045
51181
42847
40700
14415
26973
24050
15700
41698
89067
89924
72798
21025
6339
50654
40918
44040
85840
52208
5506
82964
49433
64468
14556
23752
62151
59685
32416
86803
12635
31662
8356
63979
38393
98685
38089
45919
48103
35701
46659
63748
76333
70077
41018
40403
32041
60055
91333
67994
22068
33973
1087
11875
74438
81249
40423
76671
92068
49176
16544
13180
82599
22429
96348
38697
66367
88425
87450
73918
16948
87098
53142
31239
82515
88811
81630
31523
22050
49497
68062
74309
73981
53586
45447
15597
38806
96255
75914
85590
13553
96469
70240
30064
17769
1262
20230
28213
83938
74258
46523
26700
66301
6738
19892
580
80030
59991
47462
84457
60017
18650
87139
26299
84177
9366
15554
13753
79678
71484
14981
15067
6054
83052
84751
85412
71414
93135
27444
95667
73052
99397
68102
54394
70076
27901
9580
41938
53827
35194
1184
36464
48823
57563
14631
77730
56079
23332
95564
55135
16978
89284
95723
72352
63376
33180
50082
80189
2952
72410
45778
12098
41656
55479
35619
96106
11738
12352
36954
93677
18741
73783
85679
80215
61503
11203
70676
60810
92674
21605
83520
24511
75809
19613
90746
49021
80025
73774
53639
72828
80426
59902
23429
97987
25680
50215
12048
94327
50644
8987
56018
5301
30966
55851
16452
35714
23374
47804
15955
14277
38396
39255
47319
78471
14437
36240
51341
3209
1170
48094
67332
29860
47160
37465
89292
95277
52722
1259
70915
39013
34591
94189
91
64054
74495
26580
81904
40075
48392
48702
71313
33506
10512
42019
58463
53127
2033
20693
95424
56189
88357
45832
47981
48603
92007
20367
81313
41285
43228
40073
22373
99484
76412
77274
75214
67162
54617
62522
30564
37725
68807
39024
62140
41847
97077
10968
62056
74395
5301
43714
52278
80308
13265
7154
78713
31350
9285
67473
23511
99968
98179
43468
86466
95677
29540
86599
43896
80171
89577
81056
69473
87879
40706
83398
53389
19367
98668
46752
11794
70749
76627
26098
95189
9061
34133
85736
39597
40716
35123
97364
27784
63945
72421
64187
80372
99048
41804
35399
12192
11254
51745
69231
21170
90771
21366
12700
83517
47718
43866
7898
66470
87691
87383
57939
36258
76092
73453
97214
65645
61656
70302
78295
99399
26717
51638
87935
40604
65842
22074
68138
52784
71726
79779
70538
23600
19056
75973
50660
78320
34821
10626
32996
7381
35868
86708
5438
80880
71988
57169
71601
3054
27343
87526
48638
76669
47044
48041
40962
54565
18525
60218
91987
76347
41107
98148
87251
64500
22138
33093
22497
12975
58338
12672
63687
33544
11154
3365
89464
90661
79001
80194
1500
76636
77644
10411
18945
40139
31544
60419
81143
52084
44365
92584
42408
84581
58211
15252
34279
39842
46820
81192
86335
40310
59193
31211
26465
749
96721
42899
48194
73970
41157
67723
15114
85889
9376
31746
47772
45460
73095
7766
22684
32245
28922
82177
97362
44885
38053
81825
34365
36757
65593
74743
9542
51374
25542
26160
13931
49439
18740
46995
57865
45776
73696
41586
15623
8293
58488
4775
9660
9445
15466
85354
75472
36637
23564
69748
61104
82481
97783
54662
12499
36149
70566
91816
48602
91332
65842
61401
43806
7400
41580
12638
16330
55798
15605
63494
94266
8313
37168
84939
41149
21039
23868
50847
12207
44266
38481
35560
5259
19027
71513
84517
59915
65031
53710
5673
62193
48090
2592
99068
79833
38921
43991
58220
46519
51807
81931
46621
21849
79482
11012
24070
66657
2811
79534
93748
52917
32893
54326
52177
27181
4341
9862
95719
12168
27217
59709
28338
54395
83368
39226
24586
91450
90692
82847
69726
21300
4994
235
9428
67611
94566
82309
81762
72479
23688
66853
85768
56999
82466
57592
93483
92460
63155
31737
80565
56300
56378
52193
83615
77126
92080
58551
25486
19070
13244
53747
90823
75436
23450
76966
90429
7296
49501
57571
33367
26686
56853
77919
24846
21511
90403
40938
31403
4952
20623
74652
27794
14805
72917
13435
7069
77803
8443
80970
47000
34246
92530
52871
54105
75408
7974
73638
12425
491
42444
62023
90365
16446
23197
23236
44146
2874
27261
10751
37763
44690
4266
55895
61744
94341
86380
81156
22918
65860
35501
32318
55017
21132
40831
22225
76873
17021
92717
33918
54902
78319
85450
88801
50737
79711
97975
91533
68896
27815
72093
72095
74930
43494
76776
13413
60191
33025
73226
26239
51759
60780
66863
31381
62111
97311
65071
27203
40676
39461
39099
93806
31305
3100
82886
61153
37757
25179
41923
43242
51903
71628
35554
49702
72499
83530
40595
75918
1476
573
79026
43669
63534
78434
74390
78720
7305
80027
33002
89730
75137
18999
57114
43265
45361
90824
86960
29599
90372
96857
43458
35349
21402
5819
34509
89526
37960
10985
65469
57193
1741
63211
79912
64566
17767
96611
11748
96116
83012
67264
40372
27722
54386
28678
39677
93291
91202
8643
93255
29374
60543
12969
22930
99966
88973
83203
25965
25927
74649
53967
890
61385
22908
87020
86505
21558
12339
45382
36348
94625
12277
83705
38608
23459
20574
46242
34589
60738
79330
94020
47110
74425
9493
33004
10451
16072
46592
80009
47369
12615
86777
75413
80140
76038
53935
81766
43136
89722
97964
61256
56777
27325
55384
44596
77129
13181
64294
68291
16164
22372
36307
25774
18957
53490
1422
74075
20747
81777
51152
43024
46631
34836
90607
32884
59489
8298
20484
63638
81404
67195
79440
71579
22478
81111
96884
94474
37193
46135
23978
25427
99871
38033
80539
99508
28359
67564
18417
11587
21745
57106
45584
22220
40317
24995
41746
24172
77212
57986
95157
64308
58553
23939
49027
35605
64677
69374
10931
43972
19225
16464
65548
40639
87531
30459
7976
85093
13705
89990
96533
66211
96807
72092
31313
55841
83372
67430
77179
2209
39932
51386
68784
56892
29235
68354
96134
37519
73102
31943
76740
93781
78610
11313
74299
3127
58115
29
2911
55713
69287
54598
20603
94734
65486
92568
8700
1054
2453
22550
17706
31029
69911
58637
52368
34446
84698
56991
64172
69916
4250
5224
93933
78344
25292
93851
49864
18015
76549
94770
93944
85684
89554
7047
20366
33064
59403
61856
81090
32004
4586
64984
84909
48869
30930
83807
67093
18541
97024
4464
89518
65822
45576
55282
63151
4229
5017
38362
110
99737
47990
16093
96721
20916
42404
30103
35019
20815
15758
90845
21847
53574
51121
92872
68660
41937
98743
20508
31120
28428
78260
94805
26317
233
43845
23858
85072
31726
60241
35974
52347
95638
60058
55257
68571
2065
44291
74603
66343
90759
56683
89473
97602
11065
62412
12096
88899
27200
56522
39129
95612
8110
48788
31384
54717
22067
82520
94884
92684
32993
37871
44819
48375
14680
34753
28386
67954
71962
4235
52180
16835
87831
4068
20852
38223
91874
14108
47822
77475
81987
34370
61941
7673
42003
82737
24868
73950
54012
26169
51223
28275
95412
34871
78104
79157
16449
85397
64630
61927
57955
90282
46990
41428
11824
19975
5761
82323
6658
8770
89353
97509
71905
37824
38485
57639
5413
5570
95023
3229
34584
59249
39121
8507
74086
26573
23166
86257
17911
42742
7416
83572
31551
14222
68637
54682
50642
39839
49140
37522
48361
83415
61554
21273
54385
83720
22120
16231
84764
39186
22445
13162
77087
90831
68719
84582
24081
70124
91397
5135
54597
86073
42097
18276
20316
60425
65500
57806
24708
90900
54558
54206
60796
36589
56986
45941
76760
91385
33982
19911
76307
55345
71782
78792
38149
92994
4814
52079
6411
13015
95902
77837
22403
26622
42415
35727
58179
74621
58341
97048
65802
80249
5286
50798
83228
13100
58116
53617
47815
75054
16044
28118
51640
35498
30420
68745
69096
44047
70161
41111
31197
88772
15571
17245
59134
64704
6165
68437
93994
52866
5557
30879
43012
78892
6040
19424
95771
75341
19076
30785
17060
12126
72706
51368
31218
84086
16595
95047
19285
27866
87075
54931
33671
31698
96410
20580
8598
31169
93077
58406
77175
13191
82449
22380
23010
72540
26450
59012
9996
30968
58732
13642
22212
64601
63081
29048
71723
55496
54087
1959
99442
95651
13010
58930
98443
75362
98813
13105
88274
95362
70223
64851
98108
46636
56914
52278
59359
11425
96393
61862
7335
68726
8663
99360
69895
12115
8405
68784
5304
53420
64223
10604
55383
41078
79367
40667
64945
1530
53730
6680
47319
86895
73991
75773
90251
26709
60911
29133
82208
73694
8327
45323
63067
70068
5214
990
20339
50376
56552
722
94917
8622
55142
28872
45461
98757
92811
83755
10526
15858
75601
49836
24735
27580
23559
95973
72035
75121
3826
22159
5438
24167
98247
71954
69801
81075
67766
27597
33572
32635
61005
97189
52674
42409
91551
77426
80608
6093
23919
73846
17570
82316
29369
2082
89237
2483
83734
68377
15710
57650
85922
73169
31679
97439
19332
21462
60182
46889
43490
31061
75228
43358
96118
61042
60696
5762
91493
80504
8665
66358
99943
84478
28262
19189
25366
47720
22460
53467
51783
4446
3774
66888
88259
87732
99851
49977
25191
497
70854
7729
68764
781
19960
14182
43443
1273
83763
48463
17242
51830
31258
46570
37722
87695
59795
49436
85923
25190
34143
52269
80037
96829
35360
11022
19200
50982
88806
79079
65875
31553
3441
17795
71118
8034
90628
67075
24218
59808
78393
46882
88775
26134
23244
83789
31590
6317
47551
12000
87691
37300
37467
84121
76090
41642
92828
46436
36900
94944
10297
44630
89385
62617
52147
36521
7007
15398
27203
16538
57266
29870
81863
22546
28660
22045
85746
47174
2121
15684
72513
96508
41024
33686
62820
46958
95033
85363
45901
68702
90709
88102
65518
25099
4830
52207
77445
24192
88026
93327
44908
10502
53510
54875
74189
98472
87066
99127
64514
59000
77410
58496
64549
68991
23425
52897
4481
91374
97029
71095
91134
23016
54580
60982
67427
11764
68333
46093
9241
14084
5185
42442
15127
94625
42813
54253
80651
80408
33074
44823
49249
55464
63275
73612
40528
87347
13580
58791
75958
72686
7165
76514
62322
9718
53725
57817
68643
33550
24244
12286
80474
15851
76739
59530
2794
76955
52446
17401
44296
42655
74241
72247
56184
91749
63357
81616
75853
23902
27714
18165
36573
93807
8127
55763
78607
37913
91699
61585
15833
6401
24752
80963
9910
56889
77380
11064
56216
89274
20468
73312
84396
9695
19624
79430
72245
38856
17537
47758
60520
49703
51317
47520
11725
72162
44390
56197
94160
1987
77286
73474
63824
25235
36537
80060
26486
62480
51342
9526
6074
77584
32627
60219
94105
27268
42597
54003
89679
47976
19295
7285
98392
30260
49759
8335
4668
14474
54137
34137
59025
47666
26582
60095
60407
7459
14201
65219
57498
1070
69831
79006
12774
62622
1731
36766
51683
30924
12018
80922
59077
20974
63348
12192
87594
45697
44580
88421
17761
19782
46619
76162
44645
58158
51855
26909
20064
15649
47503
52205
69372
94631
10097
19638
14296
30518
19506
81811
8201
51043
62932
52397
10561
47660
80598
84948
5425
49995
23534
2249
87011
85751
9182
68710
15606
92540
66562
7052
30463
70196
52176
34666
6091
62877
99536
77209
15288
54887
44577
74241
50273
88242
19918
27942
34457
76044
49294
73552
7020
24923
59342
452
87129
37221
46888
865
25390
63200
77056
87826
62230
50137
83645
49494
60345
97927
63515
37902
31104
7930
64898
95493
71467
66891
16080
83222
96454
61546
63529
43109
56280
52369
25348
23201
92081
30495
36594
77292
18092
82158
48341
25689
84596
12236
78788
38514
75109
70888
50461
22400
25403
82181
75437
27834
29609
55295
89861
20310
40315
94477
74797
4982
66156
95170
70351
98898
75022
61782
67529
6122
51846
30822
87771
79224
71941
67122
42171
89964
89375
39921
7296
44728
1925
67717
76260
83508
68270
17702
8977
93826
77751
15191
36282
10995
78762
38083
52439
69842
6323
73276
31034
77268
77061
97302
4771
45122
32996
9459
49799
45950
97265
68042
22792
41047
93606
82927
75246
32028
66106
52282
49009
44540
68771
87118
22055
17671
57701
55904
41866
17352
49740
84678
29188
58520
48995
95046
57651
38990
84169
5973
77351
15307
27129
5459
90440
30956
19017
31048
29726
72427
66546
40595
42113
53978
77719
17180
87822
60803
61396
455
35147
28229
68309
22270
91125
66153
8866
38630
30793
89089
36903
63511
50869
12158
75016
48177
48680
68790
25463
32018
6994
29044
59463
27203
98299
24436
63304
29488
72394
50720
39582
15933
8083
32932
9466
3223
57084
61213
56423
8216
23416
47820
43649
40132
67635
75581
85788
6492
73563
63862
71318
53330
97718
75155
15543
24001
19785
83347
25658
86769
58172
6324
27263
86020
87003
12888
64361
97913
74888
99328
41306
63169
24866
50596
37318
82330
27760
90887
33529
87214
18287
23693
14733
26491
62032
75751
99223
50730
88194
14495
63534
62859
55927
83765
33284
86937
19259
30591
41128
92925
41189
50445
35878
888
67899
28764
80217
44036
57882
98132
48368
74938
14348
87925
3518
43654
68566
23693
14871
20672
73495
31963
41505
58949
88364
33708
56322
44489
3611
87966
63844
69811
88043
21217
27647
74592
16796
35041
94133
3175
35885
22826
75915
37822
39776
16358
48966
30304
71483
31427
65653
49442
71546
42663
27013
15499
25314
83803
83439
8339
98307
59816
23967
9308
55143
54866
22252
84752
56169
1454
5108
14803
14302
31373
70418
38644
15778
62731
60565
80353
83996
595
82573
70619
84837
18268
15633
4386
72278
56346
16015
3583
66835
63669
382
50628
69321
44002
75391
75731
30472
15805
73501
30366
20369
44983
2298
24222
71001
93484
46084
36054
4244
10490
79771
69034
68974
57081
74594
60639
7155
98533
23906
93541
93823
26567
78645
43552
94721
82869
41653
86215
64834
54079
46129
78953
94835
94498
87841
85459
41333
70049
79494
40979
52677
17013
32218
20813
30782
25971
51117
78793
80107
72700
69912
49622
31453
89005
48370
50905
44556
60194
35453
52083
52773
23754
82051
40452
76877
43600
21744
37195
33918
43933
90595
97430
60286
61063
81060
65634
99506
16501
94068
95432
70431
33546
81934
51479
75495
12060
89476
8777
5228
95300
35833
31492
59930
7351
83224
26152
65453
26438
1306
6701
78990
86769
30770
19190
32663
3465
52635
21280
74930
26499
15121
89802
24924
722
53415
50693
94804
15619
26302
34820
49895
27264
53037
29446
47112
52043
58034
99898
89152
10586
50003
91754
64745
28125
3585
30573
97633
81743
50904
5009
25718
42653
16871
2602
76255
43893
60049
61076
45964
43985
8779
86651
44283
42174
51724
74066
92895
16913
67563
98536
55599
30346
80956
88416
3976
37356
83569
7570
46614
68209
24080
34708
68748
58135
56319
70580
95143
68422
40612
19015
58671
97859
31390
29990
91343
46024
70136
26529
71919
89452
21669
70260
56606
91060
66151
42951
80844
28328
47681
23553
32576
99391
56383
4782
53876
7849
90984
5785
94860
16953
11057
19030
67418
85806
92939
8269
9865
94033
98561
28753
64197
16319
61549
36402
75301
83070
7530
62627
16842
3852
72109
84209
10220
3665
93679
96118
1848
5136
48065
10352
44049
62099
71156
11205
47883
59110
2840
18736
46384
40434
86844
11683
39441
15786
93134
7759
98280
5665
91156
86901
41879
35278
67601
95874
82522
42956
80229
66438
35054
9484
55584
9600
79828
41718
56303
43012
25227
81348
76264
88337
93902
41457
6561
39997
79039
22566
63415
73856
55664
90098
12976
9557
38217
80273
84092
75192
47700
95812
25950
35657
42401
95814
92029
57406
62942
23471
3390
41010
92882
95953
84453
80753
51599
29130
15784
79145
92260
35974
11403
34017
42577
58988
11856
42181
50912
25500
55503
39226
22417
9967
58189
46471
19864
19700
75357
89596
50921
28824
90760
73813
71846
60462
31180
85684
27032
97629
37870
64041
33229
33709
30303
38358
51073
37618
14628
97584
23249
54462
30219
17093
90091
17129
74394
36978
69133
60988
12384
23809
85556
99074
20910
81066
46410
86153
42049
33303
39664
13503
35056
17277
82233
10456
52306
28540
68275
5337
54013
79104
78062
70737
70383
63639
93846
28753
30696
83903
26369
3271
78225
21426
97694
85817
4921
41504
13316
78992
82277
18827
24634
47796
89940
24988
93347
62438
68297
50113
27635
12103
30512
24794
6821
29634
53343
51648
49230
94452
51677
73686
90500
46369
60134
28869
79495
82070
77311
71253
9960
68195
40970
60411
5384
44085
23688
11868
54416
83263
18738
57321
89747
12472
60497
39774
23409
73262
60276
11960
70168
84565
82177
33082
62806
95019
22502
65268
70059
11034
97542
31441
68407
26872
53477
72089
51922
98497
16346
63954
61732
66738
6313
14050
35455
65994
22957
95623
5018
28868
80761
60210
96099
94135
79476
37936
20379
31583
86115
30996
89341
74735
5967
38675
10325
25552
53514
48637
20054
33408
71679
21082
28564
22260
51072
44825
53615
67994
33963
67967
16380
13450
64838
41944
71325
34529
58531
91320
98805
83758
29539
66915
22833
63915
25273
12513
84596
35210
4860
2655
54039
49829
94613
91253
38441
82453
80805
80786
13588
58456
90530
80105
28104
73716
9343
32329
70986
49519
90138
19973
16841
39476
99779
36427
91982
18670
53672
14973
41008
85626
34489
13676
71346
99606
58532
72496
65704
87741
36644
32406
94253
80180
56522
93518
95083
14413
54450
80971
63529
74705
93436
78332
73891
61382
81891
15545
30839
19029
56806
59224
60825
46157
75098
87006
37405
25599
17590
95950
15207
3540
86233
90845
57088
67733
67959
16857
37951
57555
53345
6939
68538
33452
60869
54396
9027
71738
66413
78805
66989
40141
29291
39617
58270
93275
93619
47662
12899
6527
22367
66163
41633
42309
80562
7110
98083
53252
70470
1101
87330
30867
29031
90324
89928
73398
27770
65766
16357
50869
65590
62290
7524
1174
72702
93505
20563
8352
47694
80536
3671
5259
7293
63867
83285
69742
91884
83221
26483
73401
55617
77836
31179
13217
56132
4173
65126
82502
87016
71971
21364
64028
66697
76638
40998
93518
54573
18910
49238
16360
69721
4084
68968
44835
46745
50714
80328
71262
91366
7441
89102
39076
48524
64601
59830
25674
42770
91025
86087
21585
56373
55116
15478
5497
48846
75230
57134
83892
61086
17653
75166
47495
16892
57018
86602
59477
96758
29522
71438
15066
61828
27586
95200
88634
20851
23316
77101
51696
93010
42138
52342
26908
79575
93669
78851
90732
61921
59468
57769
62811
37401
36499
13661
79958
10197
64755
59372
71648
77188
62151
10999
21755
11133
9786
8320
40080
43578
65653
19747
2200
13147
88961
34458
31779
20267
60608
62143
66793
71168
68989
95083
67435
18893
96887
85547
92633
44259
93839
17033
26777
56965
66914
52210
37228
84466
24661
74634
93033
3916
21272
77823
73605
54405
39715
6880
99304
48387
78635
88244
62394
5565
90534
25637
55315
53542
54741
64142
52995
95627
81365
97787
92440
12766
48974
38940
71730
43457
27915
87841
60964
13875
87425
81374
4617
4137
22976
91754
34488
81976
77077
59771
23874
62669
77069
9890
99338
94820
17423
9590
74718
83809
87785
37067
23086
58494
80070
25685
97564
53725
33753
24722
85828
93874
58943
88922
31002
74321
479
99720
99148
54946
54871
43747
30680
68611
75506
38476
67543
43013
35758
42889
82870
46646
63437
90947
47404
36495
19394
83359
45226
77065
83131
39962
66810
12053
32258
80006
71453
83826
26420
74028
20557
8774
27113
57803
20425
69269
14313
31377
24558
76193
77317
98652
2468
45083
40349
56071
51057
7830
52576
73419
74155
68438
20769
91089
4212
84301
97214
85177
31723
69470
3962
70361
54703
56885
34372
21330
42150
26295
27837
89119
70441
31539
89489
83952
35834
93985
10170
10365
54312
74864
15622
74630
21996
69622
11605
32567
85370
86276
84916
19414
48681
96506
39857
16148
48144
71058
53065
14640
99801
40183
46834
82544
44420
56780
60730
50870
21664
73362
11694
89238
93484
94695
61043
73740
60543
29411
38459
39259
82382
49172
94332
71257
46047
21350
7925
68333
83460
19937
46869
48334
44387
87978
42127
70754
81011
44398
56056
96699
2426
38702
10387
1796
69067
35370
63388
15342
74403
32143
70411
14641
81638
54580
96396
84329
39890
29389
25445
63533
45006
21333
76515
24182
60601
18629
59232
59391
61974
2399
84626
3661
45823
64773
5431
16449
3419
10909
46007
19512
10439
24471
92303
90857
47587
91446
12107
94355
36999
26371
30595
7837
40495
96258
37293
19925
27980
70548
15845
88084
29781
57354
88400
74728
40000
49168
87113
81415
38882
31421
39904
96184
91499
2257
81294
23037
26706
8595
80324
51087
63720
44025
84399
29647
8514
6864
28774
68955
61097
60729
68637
35673
40900
33851
40985
97690
96513
68198
33680
35617
9256
38284
66945
46594
11049
70343
33728
44780
77594
65608
41667
11833
41306
30267
32944
83050
35902
95829
64970
79144
59864
61283
99373
83575
78614
35714
16456
4548
89780
92882
45854
28157
93043
73438
45865
88777
81606
20655
83515
46107
23923
24751
84327
28226
35079
93529
34642
9417
70866
69416
91685
42240
49745
6937
68153
66291
46257
53913
43242
70332
10691
52793
48632
36679
28541
31208
22288
61882
16657
42802
68640
83807
50607
92279
60651
70071
15484
13094
20887
32258
16447
23497
70914
71050
79490
67769
52916
4978
80936
6876
60620
60074
75024
59266
59015
51278
13826
11234
42176
33374
12292
57687
81380
56226
92936
449
82478
20329
54787
95462
41072
25339
94099
18397
10342
65376
16229
48682
26169
59177
9633
37178
31618
67445
33991
96817
55177
74911
68309
80130
44061
91533
87459
89019
44416
49630
42498
92558
29690
1532
69416
10114
18878
30555
71837
45804
35384
57987
85796
62241
38799
49935
63313
38485
13256
7592
11419
61749
19262
79322
56030
26007
84242
21536
51477
67309
65791
67162
67053
12446
89841
6338
1986
3287
15639
74864
3162
2100
72308
97437
95106
69260
89144
64785
55104
49990
20976
80566
89191
52833
17582
50679
28883
77659
3757
13218
27095
70575
55476
30831
81910
17123
98121
17534
90776
44574
87609
25306
94001
82606
11225
14005
42308
85495
75299
50262
46103
13524
53149
67840
37232
95892
40873
41291
69238
15537
20858
41770
63048
7800
66818
53001
62906
55985
37607
73870
35383
50372
34180
39758
76485
14825
12155
10353
23269
1928
20026
91779
1564
33171
56559
74465
53328
27447
8082
71037
86510
80932
85647
7297
36661
72198
27529
36178
79952
63520
25084
43487
76991
39486
37060
10593
65002
9394
89472
64216
11106
32377
32120
96688
60587
88064
89125
70306
62518
85338
69811
39260
64061
52877
87142
16634
73909
86054
82177
29499
78296
60652
82567
33426
8917
95271
59435
98095
54278
38726
9118
58269
74072
46968
95174
96657
56740
62781
73536
56988
23918
56472
56463
7523
89735
90583
38366
36637
82287
64624
54014
7587
51786
52734
99070
45144
30905
93137
72807
90889
69637
23956
17461
22987
99035
34155
77975
52524
1516
25
49196
21009
11923
61513
55627
13907
54744
36081
8228
83817
10758
81375
57190
45656
72401
20616
83006
1605
51369
6784
92553
13565
71499
27092
52456
36162
84122
92343
18491
87365
70078
11755
17713
52669
2210
29575
53968
42246
36241
14337
20623
79475
83754
24864
71206
58726
42335
70065
98111
72659
3530
95707
503
57793
51783
85769
74231
40086
38726
16797
69508
67091
99822
28087
56839
59232
10036
59543
17366
1966
23036
82438
74460
9266
35643
61026
6392
98519
34813
74838
35000
96380
63976
75632
7565
98525
72656
86631
30257
21594
34277
42492
40966
61892
50014
46230
80629
47517
77979
35186
10276
58389
30897
62952
52637
78949
64997
42033
10938
20240
88780
92620
7062
66896
65490
25936
29385
32624
69808
67014
32012
27572
78571
63515
69982
93507
54516
37601
11498
62769
87478
23773
97339
37626
13915
81058
17533
38743
7378
67957
70345
53613
95593
18514
88749
71320
25656
53156
62391
43001
50532
50828
45569
40158
77570
10475
60335
21215
35046
4370
25077
69905
7677
23451
42400
11026
64941
24211
15386
49107
50315
59589
99200
63870
94295
50935
95329
93207
59605
49546
79547
47500
31409
4126
34745
44350
77166
16743
85070
67391
73301
61704
9436
90109
9555
60883
28051
85886
87133
78628
4616
48529
43806
19453
11802
69395
70653
77992
74306
75782
58391
30009
86436
7876
98623
72585
77288
62618
36346
43500
47684
39917
36538
68997
21653
90582
63624
51523
20110
42235
86000
31967
52327
19001
28727
47296
60214
87645
15832
70330
8743
85496
18960
42368
972
86763
13084
75690
60761
79025
22041
40706
51420
67369
2746
9517
62815
30283
97430
92772
75263
68901
65111
85999
7548
38575
50564
87048
14086
83347
73309
15455
45250
2722
47004
62477
16489
71300
79455
38192
90072
66913
60886
86310
37591
10338
14208
74783
74504
24263
97857
53592
61716
63379
86349
65211
28177
55797
52244
54566
41077
85279
28932
12862
88167
97312
26846
36651
93090
81276
78330
96901
63447
22127
60851
43051
31256
20636
77602
80406
75740
30942
41390
3613
1950
55454
77807
88762
77893
19919
20970
19402
83712
98609
8405
33932
29679
60368
96078
67293
73496
23936
70400
66155
97727
83783
80778
90544
4009
26825
35302
20970
41068
16923
38562
39351
38246
27230
92394
86012
38736
51248
15391
88093
76531
19826
50670
4618
47085
63129
63972
10428
13125
60547
21924
62623
42154
38050
48627
51719
12024
51945
73594
52343
2473
97102
3293
60938
73691
30012
52838
43315
37237
30703
60394
22898
85535
87632
87786
64604
42868
30813
40105
20445
34527
69290
69832
20361
27328
86537
77332
37042
36645
49852
60173
35485
28672
67766
58863
63194
14824
35193
92736
52714
14028
90962
76190
61380
19100
24161
15172
47199
39922
51501
76429
677
57806
36604
8496
63387
78242
87878
49999
10797
88679
26037
26216
70959
74956
18870
55943
89180
22122
99152
59211
13937
11983
83033
83625
55412
43288
89974
44425
75955
86691
39918
38760
58846
37494
95560
36797
17643
27343
26070
20607
74560
9305
25214
45507
16778
94901
77622
43110
33290
93348
67947
21290
42868
17452
50519
9653
59057
73663
4141
89148
65607
24193
97503
35170
71967
48234
96302
99827
88773
56121
43233
3784
1458
81209
96000
65386
34426
17773
78085
64319
56335
52749
54343
25308
74374
78206
89422
95707
90734
68482
32282
15355
90675
75663
76680
41029
74912
88165
1215
9081
2300
81655
11082
75353
84750
59160
96969
56241
86569
16037
63378
47821
26652
35954
60439
22619
51705
7455
65625
88910
8328
99042
96753
50715
41316
91139
6570
89687
93720
29326
29191
14197
68379
7032
87469
72775
91660
65492
71009
56772
36290
34314
11190
34437
51775
54740
6691
86693
9162
72737
66627
11830
40371
51037
34747
46304
30333
47225
72884
6561
42109
73031
61946
43983
94307
430
96131
25787
22179
84594
42110
5477
96133
8677
33591
86913
40163
17160
11345
61799
12059
79689
30386
80089
4713
93716
90345
80087
17613
66931
51584
96547
65460
42739
54932
93479
76571
49221
49750
27374
16329
28152
34599
46469
48601
18299
88983
6532
94149
13742
9613
53977
3927
14701
94555
70511
95500
99590
43339
78442
78424
70987
72190
28476
4000
91117
50922
86616
39520
606
12572
39863
6280
4799
55951
60928
94081
55792
39038
22049
4529
4861
25859
71396
72757
14412
1431
51500
63165
18753
11937
27945
12936
88600
89897
64126
89321
91259
6191
84389
10455
76085
30657
1375
86791
32237
91730
92764
45817
21308
35553
52145
38585
37269
23651
88916
18015
55550
90905
96461
26708
30822
19104
88417
49801
84485
98577
38357
93468
47925
27293
43173
99052
75778
17195
34890
49914
47773
5052
45233
71619
38550
55260
67866
90171
93415
39585
97873
92829
13135
44460
31365
61214
42661
56300
11709
24477
88266
27282
5554
19216
53150
38624
58663
24118
2385
85063
17641
64851
62900
47870
40414
19053
37290
91842
23
51735
91637
70685
89357
89913
76241
95445
17990
21767
52379
3702
1055
1370
98427
46994
12674
96268
70841
8634
31570
92910
68387
6545
52726
12549
87316
86168
41519
77619
8449
2386
9361
58456
85872
58417
55940
97790
84100
18611
40336
53892
89229
22369
15464
15969
1886
19447
89615
28309
84698
26567
21709
25154
36129
96203
49495
99421
30547
76023
78795
75308
65250
61351
33706
92857
26036
69440
27699
78260
82558
2382
86891
70546
64550
35610
11769
83601
25257
48555
31821
99691
49059
47529
71063
54445
1278
68991
40111
93598
80665
44774
15604
54612
97889
83176
83744
35671
5032
98482
32734
12661
76034
94260
23685
66393
55695
15329
15660
97218
399
32316
62327
62805
77889
66232
91314
46932
76965
43952
28569
59112
59619
52616
84951
72147
47188
952
22980
52681
55566
57599
35979
90947
12965
85952
64631
72285
67342
4713
95252
65669
14967
21460
56398
32924
68630
21853
82331
84389
32980
54366
67442
11675
18665
67599
26532
26757
8365
69097
80303
34360
57371
46859
31088
88638
94095
19325
21719
40404
34100
73271
5844
55719
23651
75926
8166
70649
6399
37958
63384
11994
76034
52393
90536
22461
21678
50167
64744
72281
30508
71217
51679
90263
12277
61114
24617
60447
3622
36469
98387
8392
81363
65033
51734
837
74645
62515
59199
51731
50854
835
18939
59220
65380
3811
93185
69002
94781
28188
91402
39238
17747
36280
26594
6910
7491
7633
95923
22713
62471
93846
90965
26338
77607
87871
77030
90122
22203
6183
8530
8521
11550
36331
76094
35185
37617
40242
83468
166
29659
98550
22498
95628
92681
50272
61423
49849
86227
57459
5634
10946
96335
76614
39473
65988
10294
73793
53354
33055
50199
3965
45483
95411
70993
31550
37893
92488
13729
84393
71461
63422
62002
20431
43585
62768
45524
28686
79587
13635
88712
19917
85203
84589
48248
81436
43129
23959
39856
310
58800
84994
20712
21519
93188
77428
26546
96463
29340
59073
91929
59355
81597
95524
81852
58716
69008
90574
71928
6750
79004
304
56519
53050
64717
70311
2716
63910
62776
11608
58179
8105
78273
719
21255
90075
80319
26325
61290
7268
97996
89107
61646
68610
13556
52883
41482
25858
79930
96803
3762
423
64482
65646
88857
15023
90217
5873
79726
5656
75899
31679
48062
78543
97233
14619
66277
59113
98832
57144
24129
47999
73835
24332
21082
72563
61586
73738
77594
80502
92112
35620
97101
27737
60643
4631
52588
69021
47680
45827
568
54367
72098
51987
8174
29974
38622
24057
83577
19898
53048
52881
19082
31522
27363
48589
10166
84621
68647
14244
30559
50184
34302
11717
37646
39493
67457
24806
25295
64187
27512
8992
70213
46415
68835
48949
34904
48251
91803
42821
73546
24924
9505
51844
36965
76193
87661
70499
99127
2489
19874
38413
29922
1589
28758
96061
62300
9193
1362
54339
49336
1294
64949
96376
12068
88914
35628
43284
69127
92350
20421
20162
67889
24500
73222
87062
37763
40739
63754
31513
45174
22315
55352
80906
34731
68955
32794
79014
51736
47470
74291
62266
17507
93613
53029
45549
3271
83416
7156
13890
86728
35865
86383
68594
4949
29959
99322
23226
52715
26807
3297
16879
82022
75302
58675
22003
9432
55123
80650
5076
89734
99132
41504
15810
7898
31893
99752
58307
7891
49254
475
70373
69652
39138
14721
24283
96556
92225
9148
4807
53896
38646
84881
4827
38791
68369
74380
34459
54670
80601
50535
80479
33752
26231
39239
94717
46518
94342
55933
12549
93796
2259
41332
91934
61856
57111
51786
4288
72558
57543
65000
28847
68927
26068
86688
60832
63173
14053
59190
22730
17846
61584
51957
2644
60868
53836
45401
146
4986
87745
27954
96965
68868
55275
68659
45936
62228
70282
81885
37901
96843
34823
56989
89758
60451
22490
50688
56028
28252
82384
3960
13081
26770
84280
83241
46343
40556
81380
52485
86525
40908
38173
54462
12100
27726
75065
69425
90066
18309
43074
87268
22093
27586
92576
44179
21559
30809
39948
59228
3722
75042
38529
91586
71111
56311
65979
52
95318
60417
34964
40327
91687
2509
30691
96080
98972
98009
44195
84259
34801
73637
1352
6207
71461
28628
5189
59648
44143
79944
53927
48308
56681
58504
79403
26406
11898
99143
62489
74366
36347
84532
66848
42164
41541
11035
49567
94411
85347
31296
22303
27068
91908
15734
72854
67423
13797
32230
51339
69319
67484
10292
42963
98018
35921
97064
64889
81184
7834
92709
35324
73851
96179
48436
17046
41239
19465
90438
88765
76065
37414
69070
87814
16698
29239
46217
43740
63060
95218
84814
19195
52444
40247
47792
14056
88087
48853
60081
22898
21233
14614
10842
75575
17772
17060
36314
95131
69415
52978
5206
27911
59990
42409
31583
30796
44309
71691
99795
46592
11512
74143
71836
92601
4727
6479
87941
71118
16099
95348
42364
7347
68246
7474
90558
15896
94223
23874
1669
491
53158
96542
66555
96546
79268
92489
67583
85002
50912
40711
51754
96426
40237
37091
44140
186
51449
6784
16471
98004
90884
21324
29735
55407
95160
79981
40621
33621
14366
55860
68003
99680
87645
65389
81149
33661
47922
48885
70509
28154
54210
61362
17521
27168
74159
83200
84465
947
96433
21326
39238
90549
93074
7330
69352
45638
55794
83111
42544
93064
55070
58572
37251
7267
15910
14361
28002
16663
80927
31468
39654
29928
72007
87978
13058
38748
54476
63624
73982
3859
93169
3432
66702
95761
30800
57948
8947
45141
53563
55444
48190
45676
91433
62981
17918
62316
53696
51450
17380
64891
85761
55851
71742
97895
16014
87047
76766
76148
67751
69777
22699
67795
93043
36496
87179
96952
74563
17778
52148
18306
57384
32482
57961
73529
2424
16729
5001
66536
43581
66996
79732
2438
78538
23767
53836
69748
11004
59484
18583
9946
33545
38164
95540
52816
20445
26149
54969
66640
17954
97244
26537
51432
13364
75092
55907
79289
3976
3631
14059
67691
20220
10636
89530
77806
96115
50592
78580
38627
13908
82967
72347
10412
50942
75310
43455
25502
43543
37883
57715
17492
22591
94460
51485
29927
50899
42118
28793
30842
91203
50414
3540
80819
18763
35268
78623
62515
43778
99616
28502
97841
43712
96946
84261
33250
78093
61784
6972
25376
38328
71527
45711
93903
59729
11894
36852
56086
87258
91592
73761
95797
28218
92196
6130
46013
39935
31014
38495
10800
97721
90741
52248
32676
22102
94585
38939
45035
94703
8600
55542
45237
47399
17631
57970
61740
89277
83951
3272
61989
14988
92987
30826
86103
36982
92511
21568
53101
77478
26216
64475
88222
61927
84683
70747
56141
14293
21346
41308
65015
14908
80136
91883
68776
75991
54610
14742
81396
29254
62481
84163
22268
35650
88048
96917
4123
93856
81195
94557
51789
56161
21753
22830
54822
71482
1974
49390
44646
9794
42369
62949
61726
24588
69345
26835
40478
64558
31129
60551
69621
14005
2957
45755
70422
55058
65438
26912
19688
78411
97654
24581
85031
91832
29416
93098
56393
59107
68930
75730
18111
37817
1665
79366
3778
38687
48642
51984
52823
8394
89844
45405
70338
96738
86679
54942
6414
10168
83546
95432
37993
74305
1212
1110
19287
96972
65619
55618
66342
99679
15901
49818
8740
81629
25224
52187
32833
17958
47332
34730
770
30520
11388
73333
94351
3379
49536
80912
9022
2869
53319
51049
57636
71985
843
57120
92178
10865
29863
92685
57118
72204
97019
38178
43473
547
18796
70886
5472
4452
18040
42058
32444
3672
22333
52668
18559
59653
86836
16074
55441
82563
5413
77075
2346
61618
5598
46612
62016
64534
71514
25930
31907
46430
58695
40043
17645
55955
50002
61593
50214
57613
5876
76688
36349
91826
19858
60643
35318
12254
91904
14492
55691
46780
75368
40168
18102
46947
7629
85892
92992
4328
48712
46285
68244
79845
97890
99131
53127
7555
81872
97940
11446
61577
79846
9458
96815
25514
61219
17364
15283
59707
50733
24664
90760
91702
88366
96487
15741
99908
30671
66412
44937
83635
7536
21668
26815
53831
91063
47797
97995
50972
71790
89454
15714
14928
75509
1656
5262
45356
12150
41109
62784
79100
80853
77362
20427
53184
38988
46860
72346
21482
72903
42559
86347
56318
19960
95725
89540
41907
62538
98348
49902
42243
78014
99744
46632
95477
71334
10540
66015
34860
49823
71247
66073
58330
54532
95766
34742
52114
82804
3616
50485
46028
81112
9444
33281
2229
60088
19672
65865
21641
48113
40782
65463
79396
24526
43136
98265
26275
48874
95619
66819
29707
68201
40891
34141
83154
19641
14866
82449
99493
40419
21194
81382
32608
9916
34701
40841
62065
36807
86059
72283
90270
46788
63575
36110
67243
9593
44012
52951
28672
26303
1595
46768
11698
19266
38530
46502
7311
63562
96436
89850
43362
26390
34663
55299
66637
64063
86020
60752
13770
35245
81776
99048
28150
76599
70246
51607
71558
6293
24918
14130
93715
26
19479
10351
79150
6554
69562
45861
45797
42123
76675
6007
5792
1858
14531
11758
19786
51945
62959
72805
76555
21442
29509
69256
41344
13997
92816
56011
77135
39605
8551
80554
95771
64144
51054
69925
54348
76395
48286
13361
61420
5394
39889
42056
92484
61399
70846
42151
51536
8550
81779
92414
18858
66931
83275
28276
11415
56382
20040
49572
64906
99122
77844
29960
85410
16062
59219
18800
57004
79179
12057
51259
33485
79910
52807
76132
73252
2368
71850
87
43947
29535
63945
99601
57969
48359
17845
11445
39788
34658
4718
80005
58793
78212
15735
53972
76395
17195
10640
17686
62877
95431
75655
25873
55847
97202
44185
49026
1016
48738
77678
30150
8561
90207
90799
14995
25755
27611
77809
52070
72068
84777
27591
55131
16487
59518
74802
60202
22005
93331
62019
85603
42262
9227
86981
86472
80856
55597
97372
42026
900
40333
71780
48823
40183
6619
26559
53362
31945
21996
72029
22893
79635
3810
39061
72696
42444
3728
14810
13255
4603
19162
88175
31540
67351
40152
37611
87764
95782
50041
76156
11414
56641
75676
60904
4869
45438
93739
28789
26224
86646
35546
41948
75767
67669
58043
63921
68918
34088
80815
12870
41999
85901
62721
85203
57250
69834
59420
68861
82737
3527
45008
45632
41269
98628
93459
58012
264
53223
93717
82540
76808
75901
31986
22627
57881
32173
83220
91406
48380
80488
88904
29175
7499
81266
96822
19901
53238
95648
92371
40920
42503
84794
46445
16726
45455
86290
39401
56524
2464
76317
58621
72391
46301
4877
39073
39568
25229
99973
13565
67864
64834
3139
28928
82224
20605
90757
27915
1690
51657
68077
34773
34281
66920
12975
71496
72091
51947
39261
32561
92069
22267
36937
76418
7843
40552
52813
7986
76034
54929
1707
55870
6761
71202
21271
85431
89863
96674
26925
80339
14777
27880
45170
18460
65236
2487
72784
31230
38312
80849
58961
5088
31347
8649
34856
23020
22312
42769
39658
68378
62764
69144
44896
20090
75925
18749
47702
55421
36194
1924
63227
67072
60461
1420
32310
32449
88833
69379
35192
24499
45112
16776
10035
59509
3767
78083
27412
40763
42376
57574
86071
94326
80319
78665
44748
96571
64027
71164
52412
11610
92913
28375
30029
16438
77663
26709
15324
68080
81902
96766
63429
21745
15252
9204
42444
97334
70968
41321
3888
89164
16678
85348
81014
62357
26356
30506
64915
93567
71400
94136
38450
96493
76240
61133
25749
91797
99817
11716
75080
74929
11183
86238
91387
58931
92245
37281
64161
98060
91777
27655
18741
39290
10125
54006
61575
62159
63864
34213
54524
31115
76511
93383
39609
16031
88986
99636
12085
89782
29926
21676
13684
68649
47074
33528
30124
54551
82059
3630
77946
96810
67098
65689
78729
8602
37622
90784
51416
96780
79107
60684
81010
28973
86152
644
21992
50466
35444
61541
98791
19917
9030
47780
3645
1593
7345
54478
52313
88364
7013
32596
45431
76100
18903
74140
17335
17213
64350
54919
88061
31066
56513
74397
72209
34412
77704
88955
67076
71588
61455
77129
25118
47498
93051
5665
82250
78792
39277
89094
72288
4506
62982
81601
14115
17170
6487
88222
64025
61718
29864
26723
72962
54249
85537
26791
33858
35766
61075
61009
44197
35441
67539
31427
89169
11204
60906
98238
5113
14019
75846
58060
16107
18932
67088
79220
26128
69286
8162
84071
37397
74754
98315
98029
33606
74165
80118
74882
10521
59733
19536
98559
16660
11943
19131
31855
95468
35958
56508
44191
89946
33867
64783
16847
33501
59262
54781
90077
15369
49036
63177
64994
80099
59128
29027
30762
11151
17877
36807
7626
26193
74996
13265
33524
64035
52872
44109
41902
81991
3391
5682
31082
67085
60260
28370
9990
26741
8770
77621
11583
73010
98987
99645
42073
79515
72023
80294
21232
44293
32506
69291
37466
8742
95616
67962
74457
43137
10861
81418
62527
59051
5658
96871
26532
13873
24697
35077
15818
87886
32907
46345
8288
23863
41434
30270
16136
36093
29922
99086
57590
86519
94826
22337
75784
6409
37628
4643
81750
43013
72448
95162
96547
76793
16786
85743
80955
13284
94796
76761
50444
78425
96356
67815
54025
63642
57557
38766
67081
66458
73683
14688
8867
42760
94851
98860
72088
39946
59123
75184
96392
99757
44803
60524
90618
30113
16847
55775
82762
70771
31328
41618
36279
96036
60926
1488
11186
83910
79641
91337
81841
16172
64486
4535
27378
69577
96593
97395
71680
77344
19023
71818
30970
25487
93333
4749
9808
94274
4892
19821
96
63366
9123
17372
87382
1483
59229
21233
66775
53718
36927
9959
67007
1199
40521
3504
27785
91761
26351
56457
17722
11150
67413
6648
37040
1179
55957
95926
49028
55015
48883
77151
44055
59875
50058
7367
3236
42938
42520
48732
28506
89213
6433
87894
2600
61288
96988
89606
85528
37575
79033
99776
45820
41551
39201
4660
82838
2773
64258
24760
85402
34510
31533
90322
19203
96738
21067
84260
3591
88479
7626
98610
37365
42531
65781
11511
25381
26286
45345
31819
1508
669
22792
29438
43033
72105
88292
407
5306
88853
5128
94986
30012
91499
16678
58759
16513
90578
67935
67202
893
44260
26503
7856
85039
46201
1246
2673
29885
77316
72701
83254
20845
55047
39193
27421
77411
85349
45947
85848
75109
31026
48138
88991
46251
22196
7755
87812
15846
80719
52110
49569
40382
30583
32226
72158
73573
58968
47224
77739
48697
94401
55022
66107
86611
64682
31152
66745
22451
12878
12681
92408
42200
44179
37722
41703
65137
65565
53645
49532
70010
97709
18509
99660
29458
8702
86856
55333
84867
76596
43234
1348
79769
53238
5338
56382
29085
9042
84925
87069
42691
62433
55921
537
24633
86840
67678
48929
36743
83763
79248
61239
44668
6210
41545
33742
94689
82081
42240
53427
26868
44595
7910
94761
37474
61575
51306
53452
37166
44739
59860
85039
24120
67275
57770
910
5608
6498
99598
37342
23359
8195
30692
16919
61107
31466
40851
85320
26894
30833
4305
18641
21630
8264
1856
11286
3244
92218
21810
45726
68247
3832
39553
33236
17218
79064
35249
20582
3634
46964
5561
22247
5223
8868
15335
38248
16315
42347
71989
79409
30108
36140
11306
16466
93254
25873
20881
78525
951
72678
66399
55275
32953
55639
11846
17097
15125
19970
77559
29200
41621
57944
48646
62243
25616
74734
87924
4716
30614
69673
34289
43597
97631
36181
53651
55580
7073
27797
88852
13723
28004
85301
26444
5023
45253
67495
66806
87338
70843
75902
96987
34472
71693
40596
23896
4999
58045
51954
73393
51910
52326
39737
49666
1501
9262
16850
85650
72441
58584
20720
1212
15974
73392
83121
1381
26372
94480
3288
61328
16309
50475
54377
484
13766
31619
37426
19761
5030
30972
28038
426
7335
97849
16849
71710
42160
89430
4600
32314
50956
6814
38866
28692
38743
10859
8121
73176
52684
44393
80217
26950
86925
52739
27991
56988
96969
14928
65213
49167
28725
89736
81669
82456
36499
35362
52461
64724
33063
78049
5807
74825
86104
80252
37939
5471
65479
82520
90043
82932
3947
65764
77
19949
2136
24494
67801
89758
48741
94836
17923
31202
74090
96397
85148
80724
73421
87977
53466
9606
37968
11893
21182
37910
6978
30750
18937
36938
29122
72172
14817
43759
93861
27943
71836
95355
12484
9245
85729
6036
73985
84603
76147
49292
59012
9236
94305
26397
95355
44140
21205
34283
9813
18
24562
51305
52079
73299
89705
92888
76228
42764
19518
8461
90597
98649
31558
75906
46431
11890
96820
51428
15114
93166
48550
36580
68557
35642
51761
52295
34066
4799
36336
78318
24704
82606
62187
80772
32830
99522
3936
13811
42847
20205
68514
2730
97133
77761
35646
38331
7524
81530
6679
20087
21188
68945
97118
44453
44126
22101
87563
8916
46107
66672
181
76859
68690
20263
862
35226
95684
77806
16648
61415
73659
92373
63468
36477
45005
75701
29763
45041
19711
73320
43985
1340
54818
16737
88176
77356
8542
64401
17691
48572
18638
99566
83399
32355
40623
90961
46416
88934
3349
9806
93098
67770
41130
86247
66987
45091
98260
21051
94651
89197
95277
56737
63406
74855
36003
21776
64695
39234
4759
65733
17661
30503
1115
15859
73342
63283
61952
82108
75597
35302
34417
78884
28314
2768
5112
40497
30365
51830
28093
62746
86946
63394
74154
87051
62997
35111
91497
15055
28612
13826
38161
90498
18453
2369
23980
60696
44132
18015
9443
88715
18509
19450
51662
34376
69103
21087
81338
12013
54281
95857
21047
50361
85600
26414
61551
26049
50815
95521
88405
36934
80228
60998
38603
92112
20265
49150
77484
94701
15208
20079
23798
90000
12530
17218
30835
96820
32285
54049
16054
70069
38258
61138
74996
66705
9581
40777
95747
20640
78424
27884
34128
62014
15648
92085
95461
44082
80638
72934
93609
22079
24965
5558
25231
55959
14417
56912
92105
9295
90922
89467
78025
98970
79096
74254
42858
84616
72782
28509
32926
89767
73866
4361
18998
63049
9412
53370
5360
31754
17920
40870
18613
27156
15959
81800
52169
7690
93216
21028
67815
90593
69192
2333
74857
93988
15805
64109
7316
49505
16318
74013
95973
51423
62425
15981
36187
87597
18591
28468
15328
70928
1318
79552
22903
85666
40733
49111
65694
481
65129
4234
58788
41180
94423
40371
86042
12523
56201
64526
80584
54990
385
30602
21006
10370
24503
82702
99360
65323
69588
50254
70397
22196
79145
42543
85910
73017
68775
48362
62610
67435
91627
34574
37942
71732
53081
62547
83205
11866
81553
50161
72134
43427
71366
15827
82958
91669
15799
22779
81501
36243
38148
90640
89075
28330
2477
23993
1627
38896
33716
61447
7480
35805
38939
32780
33960
34847
4338
41089
76699
10297
60857
75057
67595
79064
44391
83362
36983
45594
54144
60617
46496
39659
69984
90342
48255
88049
45706
6785
53198
59880
97476
25464
1273
56238
27461
61126
96420
73565
36708
85505
45301
20212
82093
44266
68524
8226
13578
87014
80323
79145
13490
66410
102
49016
65763
44065
89195
95050
35746
81794
82165
29805
93476
98552
72996
71022
71243
28983
18052
86391
37777
87372
12462
88866
22789
11889
14887
69164
77158
25572
66164
36685
62301
87714
65607
5338
12034
14929
70578
48975
75633
94803
15724
53438
76714
71149
13271
13929
22024
71352
18086
8757
47325
67554
31381
68213
41291
99373
26432
94812
35361
36547
42882
4907
42739
8252
7757
30429
103
36659
13394
48460
68846
91695
83618
91118
47105
87933
634
7292
12878
1486
12230
77733
70875
28760
7027
74448
98328
63211
96664
90989
88243
74017
36837
73719
25478
60052
89240
29034
40728
36446
37269
58281
1687
91992
37674
29398
81294
63353
13796
24990
58337
1542
3208
39321
57221
7789
14263
23905
87307
65819
96035
24665
36874
84758
3012
83187
84870
13912
12607
89691
52646
5296
89700
40371
47549
78606
3115
22347
18272
54324
55864
18466
42240
63240
58748
30197
93481
23635
48316
93214
72674
12324
71667
17174
65403
91551
68940
56002
75090
74089
89706
58079
76478
62995
84492
29686
30093
84381
49270
93792
90310
41607
21288
54821
57015
33227
404
76571
62522
30043
13252
70298
32971
90034
36549
29864
6242
24064
39675
38608
65307
6539
73643
88410
84067
7105
18293
79140
32629
58577
36820
69104
77058
6397
80470
30020
51399
19244
9449
43877
19915
26492
33825
67898
56093
31752
89962
48182
95938
23552
26278
7086
64028
95605
93951
3183
7788
17273
62961
46383
9131
34999
22458
89859
71298
79415
69688
66760
27788
44929
23696
4303
73211
48261
99418
47390
93875
99606
81256
43287
52095
30385
54893
60506
98942
24906
31452
84477
86036
80866
87784
63828
8475
16720
18064
52668
87491
54037
55166
51174
88366
51956
77020
71077
23741
41059
18309
98764
72249
98693
49703
44731
26409
68121
70566
57882
93276
69462
82784
17565
6389
667
7399
24231
87045
99730
44301
1403
73191
14650
23273
20362
19743
30835
64586
25803
16574
25708
18587
87215
17966
48209
72680
11941
45726
96084
10118
19679
93835
75248
46384
27107
40475
38036
84172
90970
71678
7518
96493
54534
28965
19116
22977
10204
47969
34552
89103
85572
98947
5868
2992
90594
66441
55629
12953
3254
97913
44395
78491
93433
34689
9909
6483
77930
27208
65216
96580
81112
25516
4037
94917
77426
55072
1803
23315
22092
95875
10918
67484
33307
88832
69915
3970
13448
50634
23484
59423
58497
3135
91867
26290
19489
35414
17313
8802
84195
64050
50125
10799
29309
180
21581
90163
52839
4506
37237
91073
81284
12565
60676
2522
49624
56862
29288
91642
76699
83564
17782
2684
99545
14952
1452
10208
68557
64722
84103
27529
90308
65630
14508
69193
2878
709
80263
1705
96864
44840
98386
66818
44404
63122
30324
80764
63712
50665
55454
91669
28019
64989
60161
43784
93088
44507
33347
14107
5674
11444
67019
90194
69756
96000
73933
51747
30296
11475
73358
30428
15639
51557
95762
68547
14554
92967
72759
36056
98345
49975
27224
76330
31850
2374
46079
25556
34626
56039
34336
8299
19261
67656
62896
79798
18933
46929
11900
986
21842
10685
17396
59490
68921
95058
42439
33853
29745
56473
21265
78887
79965
75749
91261
71641
26587
88265
27469
47578
84238
25445
20027
68170
54299
15798
79073
40868
4077
93897
31628
67723
67797
71492
25904
22708
39612
15893
29553
7773
21456
87433
5429
66153
86762
78862
64525
27711
85334
63584
81122
24853
37418
51121
1347
60639
62967
68162
11153
43249
65757
75378
48397
26260
19806
45804
14403
76269
5536
4152
54582
55396
9566
9828
89279
42741
28653
63768
58041
60261
26711
37620
41404
36114
60144
81362
11125
37459
90392
93754
98124
1303
89167
60915
97276
20082
48011
96330
71082
38730
71610
27406
62034
96191
43155
35226
12947
65778
88301
22245
9363
50534
19600
19808
36459
12586
30814
68599
37137
47903
47335
33527
81332
46174
28105
15281
74501
2423
23778
7427
94202
58225
98481
85404
77730
28189
29122
16347
96086
61235
93280
90879
52467
43369
91365
22554
1196
20936
60175
74105
12756
75623
17152
10832
82128
19710
15992
38826
61584
73842
52796
96354
10239
47920
25505
63055
90359
57404
51625
53439
50050
55065
91630
49273
23798
64416
96823
85717
98545
79917
69178
64885
53650
98868
48238
39371
33791
