41137
54836
39198
87911
20588
23827
266
65603
31034
28238
49996
91704
10241
64146
92182
49833
40038
69549
65169
37494
99766
18693
79849
58908
37388
65209
69416
82661
40972
65627
49180
58935
16682
49103
66978
45723
34016
15177
83399
82510
70058
24201
26937
66840
50762
12715
11359
61688
912
96183
36184
56064
3427
77916
70028
27690
22162
62482
52820
28876
3375
55606
53653
64598
77393
94823
46513
74071
203
74181
90180
81565
31550
15878
41271
89624
93281
40130
96888
3603
5934
81349
85684
91196
669
2
40237
88142
77057
95637
45235
58540
97347
52427
89547
25392
61483
1957
7041
11872
85278
9749
68560
22033
98020
69528
43576
969
4600
88840
1394
55350
80452
66469
99922
10926
76206
94228
64225
15435
36265
11928
38176
73335
48085
84551
86190
14604
30179
80554
69426
95272
7026
5155
45984
13117
42020
13315
52673
91552
50614
28686
77757
78226
10592
53302
47940
27187
20307
76734
93704
38626
77131
87738
61765
54012
2161
61549
44093
99473
14008
19578
38955
84515
73377
42152
36267
38588
11101
71215
75039
32686
63432
64493
91579
82780
16484
23035
10049
16208
93947
54644
90841
51694
45606
19416
56950
55037
84443
68859
87548
16080
75689
6212
88710
26706
59205
38152
80632
73759
21129
48825
77002
82698
11700
41756
94946
58495
42611
12683
36080
11415
56659
6521
57618
19062
17913
91021
20287
87161
11190
56106
48291
19145
893
12610
94296
68568
43892
78427
54346
75827
78918
91622
46870
17365
4595
53059
19041
14556
69682
9093
75907
35889
87303
96886
22232
75588
71181
83284
34518
78353
35061
13353
10918
87519
24040
15930
83825
87685
344
48263
71329
5335
88881
82737
27563
93712
21072
1756
69283
65128
84699
23657
27464
59823
9310
30830
53353
1016
31034
70512
73580
61141
12532
30931
52751
27868
47203
68997
31763
30326
46270
27138
1151
24777
60664
78129
4861
26501
1586
99504
43389
55424
62109
75939
27934
85571
50533
68003
73620
46063
51970
45739
95232
64221
73567
51973
70017
23240
93200
72009
45603
60975
22076
28570
46550
16887
72753
50322
70740
20930
54800
7292
12093
90668
3286
46640
90604
14216
57605
14201
16202
96241
83069
55141
16710
40035
27128
4014
88540
78257
87580
98796
76780
95596
24842
83281
18089
40555
29249
71588
89149
14895
91415
28735
5121
56389
69758
39824
1237
79063
7625
10665
12918
30403
7863
26908
69361
5758
10155
78884
71902
20496
55538
95799
36615
36004
10205
54913
75194
9533
55880
35181
33160
43789
59299
25237
82653
62846
54608
97040
33739
54946
49132
33927
78312
99321
4282
44130
84040
64142
99224
80546
24034
11067
23460
72063
8386
99084
78968
94631
25978
85956
78383
19931
94483
6416
42603
79339
25975
50859
690
10176
16760
15367
52312
12925
58514
26962
71693
47853
87878
23061
5066
19438
82167
51053
95564
11648
50681
40230
12862
15314
48420
99864
8106
79438
75998
94522
89573
44606
62033
4964
14561
28421
4976
9268
18835
88621
70800
68340
84348
40403
30835
90212
42522
38935
3470
36569
66568
38859
16632
10275
13212
66782
71678
22577
75958
76326
19512
70989
95520
12436
32023
14573
45699
36206
29166
17552
46859
38474
32390
3417
63557
15011
74073
969
62718
69429
79965
5503
30793
41774
99698
67881
4403
40398
7836
83871
13971
58418
51997
7226
40689
37520
37033
16562
39470
70572
3045
32022
62810
68961
18103
35969
73688
30785
74710
77290
45754
54407
75134
64594
85134
90732
91090
3400
12507
84046
74150
7388
31849
86448
48578
12201
17890
41663
73147
86938
84520
5557
49350
93255
13648
29462
95519
55571
36507
31052
14594
25295
32137
38354
30958
79633
49074
67597
26547
49586
70319
59632
66771
70879
91278
34096
48977
6108
90765
37354
92151
37130
79936
23956
11093
36456
10483
19140
24796
93679
22719
53473
92004
54541
24407
2950
91744
60003
17904
80098
8831
71532
36821
13990
31648
37146
2040
14549
44929
79246
16639
7642
28059
43691
17992
85771
78318
66714
48647
19224
97983
17776
68258
83276
52604
65572
86104
16451
49424
5224
26782
99516
85940
49334
81869
95073
41171
13336
66968
70654
2322
35550
88183
46662
36660
32444
57675
41730
58995
73586
57376
82340
66992
26484
40174
9406
52435
1167
33803
82250
17910
469
47321
31156
37614
48718
17680
5573
3056
90265
46028
24341
56335
9831
97577
79629
48731
16384
89388
67219
35844
65364
59332
63525
20636
64916
46983
12489
71902
38003
85731
2000
72481
9224
8696
85237
87666
23960
79066
76167
62249
6264
98085
1266
46236
94873
86233
28027
10489
63229
16740
66015
94841
2729
17420
38378
18247
56001
20299
37789
85275
89620
45562
19188
86119
98498
31967
9252
90543
72273
35626
77837
60171
17826
52281
65210
1359
66682
62035
66499
5830
66855
1867
48315
34585
80413
90637
14724
78777
97142
87547
32323
67798
43022
64309
32260
22296
77379
26800
59597
38929
82501
8931
69426
12587
13593
24862
438
79984
22205
54403
80710
53422
53757
64814
97981
6905
11037
15319
92741
89415
85323
93972
54449
38070
33145
41884
8169
53705
11852
13756
82609
9985
36932
57139
6208
74963
68322
27410
69791
85566
38601
29212
54328
60816
35984
85891
48784
5000
49195
82105
35997
54113
45399
30397
61306
85046
37649
92725
40759
94616
10247
99720
70206
64638
77036
25165
36122
27938
74948
35307
60935
84233
13821
19693
74976
85142
38207
99701
37522
95355
6863
84106
12274
76131
36729
78762
90413
39732
80456
87002
42111
27747
99294
90265
19674
4661
12435
62832
41530
88995
74879
8182
82825
48597
91293
24856
43586
67649
98789
5535
37394
17287
76571
67600
27694
19297
68622
25451
99176
25896
54083
74332
38716
28758
98540
30590
87551
94042
71155
26983
47714
52260
17874
1596
87734
80012
44741
51228
22504
24157
45828
62653
39005
12471
71186
79413
49071
2907
56403
57951
52842
41683
95369
42398
18523
88473
60767
93906
99115
19168
76491
36937
27796
28271
56631
56806
28528
32585
89566
84977
79019
82908
6899
53114
79393
62298
18546
94114
18347
23316
50457
91128
83028
63704
51749
75308
56006
64528
59565
71592
43948
74447
16795
41617
89600
76876
42026
99598
98224
54245
64972
32147
88890
61652
25721
75035
84364
84887
86139
5732
74349
94473
73940
61799
52311
48118
41684
69439
9461
96173
51741
43304
23037
8276
1780
91903
34024
65390
94851
4839
72919
13580
65149
57785
50149
26754
34182
43094
54910
84664
54749
61563
27460
20989
40410
68790
99240
54925
61334
10817
20405
3014
22755
89210
41718
98653
57710
43929
1556
64460
87630
66401
54314
59705
90863
93824
85724
48894
67086
46069
56930
39039
862
42047
12673
64677
38945
50822
36524
96539
62285
22371
48095
14295
46111
52581
30984
7082
84143
67898
34033
96281
61988
63799
14372
46682
99753
21415
38346
7796
39290
55143
69276
34245
70401
18302
37120
9239
70129
85502
95803
6309
95678
53141
95140
51141
5927
32328
32047
62423
77458
45075
86942
44486
35242
83160
34612
11046
51181
91465
84529
67798
46514
4903
54900
26259
73080
80130
28876
42336
78569
34545
95728
74200
96574
81906
21165
56702
97337
89704
30659
41414
76684
47105
60708
58339
29747
58868
46291
80323
68704
19445
98237
76094
54635
54587
22409
37409
83064
28783
12142
57337
71924
15023
31542
71382
45673
16469
44426
99508
30214
41861
90926
26756
57055
10204
57075
85425
33870
66713
41282
49685
5145
68945
66817
50172
3455
66331
65637
15160
30593
17743
36461
11179
82529
2978
80040
77265
78185
32934
97546
21347
56847
30515
31767
68717
54878
73730
82142
70649
76696
18459
63775
88568
87858
15972
93015
24328
84711
68296
30321
10937
72330
26560
37829
70397
89393
66340
72449
37006
81938
85327
19069
16053
37529
43178
58780
22812
49809
15997
65817
31984
65650
79138
55007
58449
88308
46707
68630
96592
44695
71827
21308
17151
4971
85420
74552
17651
39556
15121
14910
94774
68469
70600
60729
36256
46209
68945
8391
62397
12811
95191
89223
51379
93904
16861
78747
25978
84263
55538
72720
2795
45497
80528
3648
93512
21206
1301
94846
31131
58447
87030
29534
28090
59013
63542
1895
41145
31447
49259
76773
34588
84591
28133
74551
57627
88906
16942
71515
7786
60774
363
10669
57655
57283
74100
86808
46482
86868
74139
64028
48133
84103
55012
72470
24074
8804
73355
48754
45832
60023
99805
40481
29215
42835
93786
36529
88644
8172
29529
67399
44411
52247
54248
40240
65786
12503
85997
56775
20688
64585
58054
59788
74623
64526
96712
91646
35604
6461
97196
55324
69991
13079
93354
73266
78751
96329
20273
30849
18234
57374
77479
32057
70692
68395
51189
65643
63766
43740
1636
55301
95699
86291
53454
44168
75963
37255
72946
33742
39893
66337
92308
7644
91718
50491
28323
11714
4677
41632
49765
34740
49575
88045
8088
55329
68055
55415
75331
41257
9419
45100
12646
8762
12851
2016
31110
96285
8088
88428
17253
42880
59928
18025
16130
51978
94160
1493
17715
79309
3354
49951
63286
20717
80324
74159
42701
89399
6407
19391
2194
20068
14720
49161
18303
12827
37550
68092
88676
29887
29901
31430
39276
34135
81053
92188
47540
72050
69082
79001
94120
45359
76426
47023
98747
95526
79641
50525
60225
66621
67503
36678
56134
31612
35923
19865
77917
32646
13478
21065
90495
98310
98410
21040
22360
89506
7181
33325
81504
17018
80479
80759
59653
63928
36193
93404
95843
39034
25444
65244
16314
31800
83495
36139
94155
38443
41087
3966
1524
70587
77277
93751
36538
75168
30897
79632
20379
28483
67200
41929
96566
24370
70778
15179
29200
14626
48297
85929
25694
40855
66976
70430
67482
28427
48680
19649
76462
56685
78193
96390
40969
94897
12859
91232
76035
44800
17977
12709
30615
46852
54597
36257
24678
97888
63461
81067
78040
47609
42777
71921
67022
62489
7395
42931
70555
13860
6761
23409
13620
55656
17502
53004
89669
79040
77746
49034
2799
40248
48486
48130
19529
73518
2651
11601
18552
95746
37857
17992
94848
84600
81055
4171
51888
29084
51178
66944
58085
61383
67559
10559
67849
54206
77672
14763
17171
81253
55705
78236
50266
87998
98869
55692
85130
92242
41140
97380
8878
60562
73663
65639
45399
95737
55611
97390
67917
43402
79476
57419
58862
96185
39565
55345
79204
16287
72062
20540
98632
61440
17652
67039
79696
97286
23210
29525
30907
20540
58885
21658
7221
51417
32896
63000
69532
2455
89944
91946
79640
38255
5763
56974
67451
63192
84821
341
86692
56398
75761
63437
39894
85439
49975
80524
89856
42191
29171
38981
11311
9591
61763
18122
8095
86910
48462
46239
35972
68632
98499
13687
41143
17224
91375
9427
3261
32535
51368
53919
6717
18379
13607
28232
40687
85572
55810
88407
22283
84369
77911
34941
85254
77023
36577
67311
42933
87496
97338
25082
1435
39492
53811
12948
8418
76354
20409
37955
38743
2260
21731
27180
72523
67370
85045
94398
80128
91111
80138
95219
96615
24252
80073
36838
5081
97716
946
83002
54736
27544
35536
27347
69696
44061
37699
58451
50292
98484
13331
49178
64065
88384
11336
68141
57889
12823
67330
63411
70214
54818
98248
39053
31879
51129
84581
86646
61597
12872
67796
20699
85703
23411
66177
6382
5014
71377
1043
59320
10770
28794
90586
25152
56090
22943
17139
65390
50225
75599
77703
24520
44652
36190
22509
8106
59474
38251
60042
16875
35506
42235
48472
50040
45406
74530
23894
91453
1625
33152
69376
19993
87171
49858
68379
52077
51068
88042
52327
36773
98253
22153
47254
75131
31305
1698
54733
87293
55110
74012
83902
13500
69458
63425
23261
63100
26383
31751
24020
58747
6500
75089
73589
41170
85602
60795
24855
14528
3842
53268
92733
33239
85945
21242
98485
84720
2609
8988
83660
28851
96810
40688
53091
34094
57712
14439
11334
67396
94651
8199
59825
45397
65613
89315
63415
20941
31171
32132
97786
6905
58043
19149
61698
88675
43019
28855
87702
1946
16638
62446
47974
80119
33627
22917
10840
78438
22473
1968
55937
99530
96304
26576
62833
71951
67449
89867
64968
34490
63800
56815
4078
2019
59728
47948
36007
60918
84250
82728
27993
39877
40122
20830
55920
3962
51300
82956
97650
35912
47185
58854
2579
81949
32370
59996
43821
9822
52168
69199
2696
95984
14405
67012
59718
3952
55272
68258
57837
62587
67569
90834
19454
14514
42453
64353
32217
58097
62847
33779
29484
94130
74761
9149
34474
28258
93518
46325
57076
48590
62495
87522
96699
70035
79584
90457
2708
71266
42556
62608
71688
19388
5126
52261
64866
71010
54836
184
88861
55855
74620
67542
77371
36347
34921
34136
25227
68085
91625
39582
56259
49950
39737
63887
62707
79266
70327
14429
50912
33854
62919
21175
6179
60827
46599
36709
36815
1637
53015
3360
57453
17706
93299
59661
28311
18914
70236
64678
62978
47048
29130
59796
8304
14426
53577
89085
64639
84974
77356
96054
72485
38072
43121
30553
74150
20362
21383
82727
2407
10807
71393
73431
63635
81074
7768
10932
69400
44765
12131
35418
39429
58116
47512
11970
72732
52037
84967
76867
21339
80558
76532
3655
31436
19466
84286
48466
53508
42223
40384
72531
87659
72007
85293
75242
73135
77318
96505
71895
96314
18560
59162
80924
4826
84934
85423
39486
99816
70421
77420
12701
56013
51228
38213
18079
51025
64987
81454
91773
75566
20088
76746
85297
5951
32483
55527
6502
48018
83247
71172
81635
50492
73882
92280
85290
36262
41936
74687
92175
53642
93187
9204
93639
81790
86374
94798
93738
93484
90796
77320
58785
1368
60151
77939
74879
78266
82098
95582
6324
60425
81719
8011
57590
28827
28494
76782
68265
36774
76715
14976
90957
7153
9540
90854
74358
7311
79650
74643
35833
15702
82703
44427
99224
9456
69441
79646
37698
96565
98596
46502
66200
56247
87512
80986
30968
43850
91165
59641
74812
67789
27003
18584
3357
38234
29957
40999
31033
13715
53183
39345
57659
36783
83983
40045
59031
56361
52457
67879
1998
21936
38539
43348
7462
36998
17268
48302
13345
64699
36631
22481
10311
73529
57205
42728
91102
65402
71783
78936
61938
93774
95339
67001
56421
25816
52031
54972
26109
10344
92013
63181
29591
83396
40926
76913
49840
1140
45092
94547
61864
47319
66625
25362
93490
47300
41444
94871
89895
74778
13301
6558
99572
53062
68717
1774
73090
48994
17777
98801
73663
27928
39920
95146
31266
78402
60941
37851
51070
35358
17776
67565
45835
28100
42428
26129
42892
69101
84227
27807
1851
62009
77605
48988
2439
21024
5423
57416
72851
72017
56116
20674
82627
99738
72439
14596
55873
53828
7423
47848
10745
9811
56627
46499
24210
48206
9274
99828
2223
65249
20332
39515
77211
86551
76131
49278
1260
13113
58745
54415
32596
21351
97526
83425
57163
64332
74366
2035
56428
65129
99493
97945
26557
52191
52904
82353
70589
57897
81328
80815
35627
6309
90443
38892
98680
71918
21029
38841
4146
54466
92400
37883
39332
8730
51804
5322
3138
63763
40865
36185
63748
52273
64168
6717
74029
9804
13973
6400
18418
38556
15987
77553
89800
33276
39735
96908
85783
54782
83271
20623
65276
21051
31079
45576
32925
40941
67849
44119
64562
29067
95136
61128
47299
36334
93230
61760
77952
73591
97624
54343
17802
23466
90735
34809
82999
57265
91422
27700
66301
11779
1844
60358
35849
12093
65776
29338
89544
70878
26318
41114
11307
77451
62203
9468
8539
94143
25251
40130
31057
42992
44262
56043
62117
60561
42208
94879
90433
2157
14785
23781
34856
55374
83911
81270
51097
51876
51319
51823
10534
40072
62380
34892
11067
32371
14246
30544
57300
48193
76810
54199
43022
7293
82022
53292
80928
98903
24501
86169
37913
76092
41392
17679
36749
13880
12504
54200
77703
67962
15783
31096
2207
7290
99623
81989
65707
13276
23821
30173
79482
33111
77323
12965
76755
67278
69344
54518
93275
72702
92569
83316
70394
98100
52283
18682
20562
67313
81692
45686
68730
16627
81135
44646
70575
78199
47874
76513
7883
27902
57067
80062
22713
56449
40702
9942
75433
98229
89354
26937
89302
16333
81097
80990
39882
20723
44179
87016
18480
22836
9012
8684
43363
93885
24789
90163
90145
11486
99264
9618
26661
48524
22053
79473
73976
92808
53831
79889
45709
80745
40391
95510
5539
36518
14623
74332
10557
17577
16254
24664
82600
40046
45701
19244
47898
65297
84577
25786
56055
41601
93359
47570
60341
82515
68489
11512
91002
19142
60648
82248
51577
59104
99174
83866
46569
6446
86310
84954
21660
89224
45361
9983
6313
42433
30628
51012
53455
27942
24672
51861
96574
441
75591
87731
16866
88861
71528
49279
36350
14496
54257
92736
89981
55823
29152
47050
28923
81306
88121
34234
77455
94130
85808
31858
19082
16452
50581
91952
57981
2231
52726
93405
77314
56531
31766
57655
41914
12880
28364
24200
38187
78737
65724
53486
12782
1954
42548
59932
60634
43259
22962
50333
21182
5783
12066
90390
23339
65214
79761
19140
49493
93666
34564
4768
70787
50648
93364
73336
37408
67843
89933
97885
2557
34462
29765
53889
53600
4797
80624
59969
75878
4445
2139
32542
12897
53801
75335
34886
31006
80748
73133
73277
50786
75525
22462
99218
1356
46896
39354
65740
1122
19606
41027
90811
33508
94937
97939
76926
72275
64434
88041
8647
20392
78263
71831
83832
90127
5646
25818
33594
10701
60213
35315
18927
38226
37730
86357
83658
73415
14680
30606
49267
70447
80807
60940
42734
13153
39696
62125
99858
64997
52890
5035
69118
58035
47367
48862
93945
11319
26673
36863
47875
90117
8542
8115
57190
52511
70339
4803
62566
35555
59371
47331
22217
82579
56031
54882
77392
5416
46812
96518
46442
37770
76741
91674
83545
97147
85235
82836
22979
83852
96574
41012
98103
94264
81061
55104
46215
47161
836
58649
14653
57470
32402
38529
43374
29988
79648
39359
63447
65332
78784
79517
30104
21228
55362
80186
39273
8763
95232
44921
48782
50072
55863
9933
76605
94057
68687
50416
97115
36714
84126
24661
27935
64695
65947
49902
48965
86804
61697
43706
93995
70801
29436
45561
13675
42493
95342
80694
74914
55613
12402
34544
41640
47411
39101
18446
76558
68439
5403
85319
60928
69132
95462
48182
37577
74982
89466
96132
70497
94873
62073
58273
84233
31322
92925
88448
44388
47565
26820
6581
32964
56877
97609
20219
1117
62447
37590
1893
83383
7364
16162
10510
36578
15128
4355
58557
91698
12998
46850
64364
99894
51179
38127
23711
74408
98966
8596
58761
89233
63566
43295
62949
29587
32908
20854
92559
85544
25536
32939
3215
14622
73423
93894
67129
78774
74709
1072
94813
39811
43934
62292
97447
12203
99072
40656
62204
72464
35197
55877
21615
18060
16961
29591
895
5992
30887
95638
81168
43338
23959
16425
25807
60568
27936
23601
60179
49923
43923
38226
31471
46608
57187
75181
60307
83011
11446
63067
78369
96793
87384
53052
51872
67359
56855
26407
5897
74851
54142
23047
90711
60858
14596
76399
22601
48280
24207
9355
35681
49002
47281
41830
27316
71977
2535
71434
34707
47186
92381
76328
84199
84724
60751
56272
5657
64760
38793
16636
33566
70564
62407
43028
6583
11604
67754
55441
84409
60564
96437
15021
40668
64192
77694
8806
41176
66044
92949
80840
74958
49814
60340
94160
20073
66304
83075
54230
61602
41081
3838
92968
896
90033
71446
50304
94922
96053
43180
104
91950
6082
288
45261
57626
563
38896
55887
14819
46338
4285
2886
90069
98905
44603
52351
42861
10097
92564
52741
70358
46351
70695
91382
65561
47528
25881
69655
64430
91331
94268
97870
8598
98296
46377
47532
36147
66484
95785
60895
45522
38788
23016
31090
6784
67327
65057
43375
82544
13508
91334
19154
10078
75991
96802
33800
14775
67222
60760
54587
89628
77447
92556
92923
13452
58451
4323
70565
19687
90252
10548
41787
54643
90056
84768
44441
40817
46222
9434
47621
76797
61135
62709
50483
83562
92711
98520
18442
14510
4388
10468
50729
24526
72190
3626
11152
59943
76347
95332
62674
85666
42918
83580
21157
33747
8275
25454
24961
59989
23941
89925
24765
46937
33956
38653
70105
82214
43626
73369
99916
21774
55688
26194
49422
66456
83774
54830
21381
54055
91345
72713
71557
12964
98699
51215
64313
1338
92307
16156
28211
659
75965
69089
57689
47287
81420
66205
65384
70608
11473
41788
65443
28124
31991
48109
52588
55947
53054
55013
21259
12460
1497
2620
26412
69901
75248
23420
42415
29443
57247
23467
62136
30250
32924
8758
98104
18166
13180
76517
94179
75203
73086
76886
10792
43547
5502
18555
33531
68646
48529
74818
20361
95922
93393
6456
34159
97721
47736
34716
43663
11843
66822
51981
61441
51449
69571
44155
15256
23175
22591
36772
61464
82766
11306
3463
9005
33198
7916
70229
46087
23471
22054
70107
27125
72362
85306
18100
80580
33078
33556
60222
43921
83761
41986
89931
2489
82495
66440
77041
66731
2043
27398
18138
50529
25712
51535
5965
97179
30159
35588
54067
30845
35764
70180
77938
43788
36735
16597
20463
16080
58575
12894
39454
5084
11527
27083
59086
59496
10726
47804
31941
86854
10972
83297
18202
68371
94857
99711
84700
33459
76570
80131
59680
91136
60699
31034
33784
12914
44387
25816
51733
51380
94338
95077
95402
16368
75693
53690
34907
96403
20536
22200
7778
61426
30342
70362
42874
85419
70762
91096
90254
74953
63136
60733
25145
44794
27941
38205
87330
33282
55182
76145
8923
8241
7856
34916
84637
25308
16224
22890
95401
41034
96864
7785
28573
88048
38542
79993
38746
85815
5518
17482
54263
76654
47595
89144
32513
58831
61173
26808
25228
58077
34858
79878
29347
61933
70299
71452
4881
71345
80193
22672
69124
34623
63442
76488
90364
61004
73125
40896
40534
18187
12223
6095
4767
8626
69325
67356
91272
78044
79481
23349
15401
93094
89820
12451
62863
16056
11732
17658
91231
89068
63510
49168
16899
90202
42848
49171
65111
4447
41132
81830
78059
37365
26188
41976
56618
6299
53877
68082
47673
66684
90837
40544
2816
87008
87056
27547
35075
8862
55693
52235
49698
15467
52399
57815
56063
95797
39510
74250
54117
10171
1725
14054
55077
30782
51468
63944
36475
81370
23033
99379
76566
13573
24575
29915
17997
67869
79972
12192
30862
82889
13377
25430
41030
3539
62335
16165
65714
87206
56062
59841
44226
60186
85281
54868
46260
60557
53965
64276
83726
62981
89298
9038
69278
84436
52
40950
30421
4621
45078
18975
25961
13434
60860
80186
52223
52408
16093
92964
74534
23398
26583
75128
79298
12994
66824
39252
30844
46101
22360
36882
81452
24445
81951
39819
85743
19357
57643
1752
71858
49434
89914
26544
1883
69061
65773
2708
90946
28845
46445
8111
76257
4920
43917
11777
65043
61851
70904
3976
60225
24430
5677
80258
90085
4055
8883
5677
70013
92367
17126
20495
38726
50591
69503
52050
71013
58320
65310
90788
9082
55928
92666
26411
83453
30956
59755
47258
94976
99567
98835
76506
9967
99450
64223
83316
19353
3519
62986
68284
64846
50509
57700
45850
95430
26512
91029
47228
43237
88673
55179
1781
26643
11978
6411
11010
1341
50620
78908
92784
93924
82600
89993
51716
62028
36325
34843
91123
13234
19006
14414
85628
61305
4081
23895
96584
77065
53797
38805
11893
31018
55833
94019
9797
41985
38060
69347
3320
28161
91887
8320
80571
3771
8062
12765
41146
32829
81909
57523
30988
13781
43140
64210
43362
71630
8115
97010
39635
32408
57879
82710
49847
36846
72410
31315
4700
25697
79382
96994
44838
13855
8478
69122
18451
41033
9880
98022
1821
99035
10948
42305
97569
43166
40779
9894
72522
1107
39161
54714
5969
63913
88570
73180
62186
53724
88880
72306
55213
15030
52723
82314
86938
84791
11891
63028
80937
48072
6416
54798
30778
15906
59114
96605
49018
9159
74722
3602
53080
37874
36824
51918
7
8273
36534
32085
55398
86299
6942
43245
83397
14028
56964
82812
65016
42730
85772
44519
29713
48421
20620
85356
28995
81586
59890
54600
5198
57085
12238
25799
55929
72673
5613
19275
92816
75594
77735
21656
45521
66412
37496
53246
97239
6868
66647
23881
19888
86627
73970
97244
96271
23225
19851
98338
11000
53607
49981
16032
53158
54107
10582
99444
57207
9311
43583
70461
87539
96738
58375
93120
94682
69845
84677
35601
16070
86746
57399
84782
17385
71494
45919
5004
73320
41316
94134
10587
3908
79351
34858
3234
15609
49042
14916
62726
62575
92495
89231
16713
31557
38871
89299
76317
54315
55646
60676
43846
20764
26883
20023
46535
33983
21867
28243
65241
98024
98290
4755
90192
4021
77216
73287
24436
55459
35631
74123
41347
13531
13629
39882
2628
27631
8265
30133
81087
78098
4445
80246
40281
65322
40626
27327
92016
6434
78230
51319
40083
85794
64161
2542
12218
28815
72794
83371
30990
40337
18529
52705
20014
49775
9782
7496
19176
23968
14452
12439
35364
48498
4999
57051
84279
15399
4960
86154
87935
20504
15330
11277
15567
22130
31054
19609
17531
44809
64820
64604
92520
66206
7130
23188
85098
51322
7150
40136
29101
63595
15977
29594
10
32533
67158
15546
63862
40897
24639
81232
53118
95366
16403
94404
58590
90187
87804
32483
1105
1088
51882
55460
92957
96760
39213
48252
46788
23499
57695
80984
28797
16925
81554
80526
11417
77169
96707
48408
93908
60626
66315
12278
38041
92027
44727
81297
7873
37812
49411
25536
85884
19544
55970
92243
49070
74031
29705
54397
56133
72055
5781
1960
94824
76413
50955
98953
23332
49318
68803
62344
43797
65986
64969
76540
2233
45577
3306
15689
4967
64582
1403
3782
23709
98964
44393
4950
98484
10214
87200
74334
11367
15099
80345
68370
65530
81253
89556
42180
54828
36299
26969
51008
16458
38238
16931
98332
3840
30173
73004
40913
30141
68204
71498
50555
8729
79609
28835
97120
71316
56105
73436
85905
17918
24153
67235
71799
66600
66395
21885
66253
3481
42447
63320
59411
31375
52735
87081
87643
57139
2059
40443
735
27330
57086
93634
79031
62804
81625
37743
76344
16896
26481
10505
87588
23912
40867
57115
33517
62532
8567
18619
14981
12026
93658
31180
95332
81078
37547
19105
19758
60039
30527
10416
97871
32913
37740
67616
39580
18790
51281
71164
43851
73195
29580
54805
3507
17238
30849
68197
4959
43906
2176
21944
47611
41050
1887
97267
29281
95911
37978
4566
94314
99077
27928
88275
70757
50239
30053
24755
6511
2174
32540
21936
65219
96039
29560
88581
65310
28197
97995
18350
33370
56875
70610
42051
51683
38240
29956
76706
24863
63307
3369
71731
60604
45729
56435
30208
25058
87860
22682
1003
42353
46650
22509
60212
49019
22099
53040
95936
21060
49208
69050
76689
24422
94683
55909
30958
82566
92760
23121
27839
33975
38767
7605
49286
81472
90602
19393
15826
76616
77701
27606
89767
14410
38612
84428
16824
71811
28945
41868
29093
82850
98451
28991
15366
58614
75673
84672
50101
2192
60883
20787
61780
53405
32861
79892
11028
19846
1347
75103
7001
78281
76323
67348
38777
74849
78612
81477
76252
1900
33301
62570
28667
61547
80050
22729
61424
17583
87029
20549
56702
12151
68697
73121
15864
19997
4674
51953
26434
88151
31486
57474
21996
24908
96994
21367
7350
62435
96491
29277
1447
85629
35419
29341
14862
28339
26642
27337
33981
11455
69129
7992
24101
31121
65715
22937
92993
47357
89329
31656
21796
78646
88922
52868
94806
83055
27421
39379
4418
46630
18022
3182
70725
54485
2164
4358
64573
86636
6832
60372
19669
26459
13732
30355
89112
92819
75360
42901
52287
37152
66608
35955
33283
98070
36540
22781
87413
17560
33327
6500
4514
48331
92332
11497
3026
52043
56370
45577
59574
29371
93539
65093
88532
51006
30122
6525
92378
60197
52979
85715
52162
33393
58434
80650
69469
30975
2352
88471
62494
26291
34089
70655
92553
48107
7624
57243
16742
57699
98668
3414
49018
84599
36051
14428
96207
2695
98822
73439
27564
96935
42382
62954
88038
36376
79948
69708
9417
34564
14505
59841
23246
82463
27251
90125
55898
19638
94727
64033
70987
12062
10077
53134
91913
72150
78808
48331
29070
84295
60452
52718
39349
66460
23983
27685
7973
85993
260
7415
59191
92387
93113
89751
17264
9677
40658
97010
64410
85628
73925
97631
93916
56497
2725
85090
99567
89704
51469
57647
10241
73930
72987
67519
86402
21504
89043
29474
88660
44028
96096
37073
81055
88578
25093
96609
19611
91673
36051
65759
23769
25614
6592
20858
58340
69224
81087
63607
59228
15157
75786
78261
61338
80813
74057
99678
89153
15247
58862
10553
88273
51797
74789
14984
73592
27891
64151
93459
66848
51471
95185
93897
31220
51401
74770
62207
72910
30592
42940
61657
85375
27882
40043
7364
18628
44090
91715
839
69180
2841
9303
45383
10482
84340
78837
20420
19099
99264
66792
12064
29339
76605
31742
86959
2457
54986
25092
44192
44238
86982
29345
19413
86015
61056
61307
88656
36861
34747
72104
49633
42088
18939
34750
404
61041
78790
31797
51052
12618
2273
90903
82744
75271
26442
10683
16258
20822
73589
88175
46719
42088
24015
88767
94806
27086
1858
30877
5672
12442
32294
35271
577
99935
1184
16181
84520
85943
76442
25868
77113
11439
38810
30080
48945
66945
23680
62711
51353
79226
88983
22868
73185
91996
82677
83803
61738
49088
83104
20156
95905
54296
29221
51405
12474
68268
40031
17444
31103
69557
7595
34705
92509
19992
11175
61327
81789
84470
83509
17114
62142
18363
45291
90777
85209
20260
13759
86733
14374
69112
68352
41001
44966
93700
40840
59226
35708
93266
3170
78859
62547
57502
39816
68028
57648
32932
39667
15749
31879
43615
31840
72206
13779
64577
57694
35463
94015
97187
20679
56341
41133
92785
28386
85444
58472
30653
20419
80406
38335
20348
68150
23182
9845
99172
41574
88999
92362
24837
36281
61001
15590
89912
45596
16994
10008
43510
96200
39247
95998
30452
2737
82134
60654
71209
45113
11650
89123
50848
44800
93668
83940
83237
88270
70259
73290
28484
88050
54677
99996
61548
44792
62088
78887
46072
61107
30457
45475
16376
64453
24177
94295
29561
13541
52441
15400
29339
6997
76842
47540
91275
48575
36163
31737
47622
29281
28712
28206
73769
71235
15754
27367
49619
3786
13946
90539
73322
9009
39953
86749
91557
97202
90344
12979
2251
13079
65344
64834
9294
62025
49266
78605
79116
80002
54757
80506
24940
6045
52879
3145
84267
94030
56033
21354
56951
7148
30788
94842
99740
58905
47634
83924
91923
51699
86539
39426
32425
13815
4437
73287
61864
14828
5242
633
99768
38400
7861
90507
70393
80513
20364
7054
63928
5419
95748
8568
70272
44250
2621
51696
65227
31002
85622
56615
8550
9198
6905
12121
65238
18810
67768
38252
46053
31899
35454
61234
89993
40450
74843
27655
85125
85437
90923
43917
29422
63355
24893
83601
95435
24870
92118
27688
82650
71334
81059
55355
36340
49692
74262
8251
2966
64164
80842
53160
70447
23208
50570
49374
3695
18378
1975
66979
3751
13051
74377
58123
94362
55661
94502
92405
284
44413
59667
29174
20725
79863
88531
41274
52381
45469
34594
72606
41787
69757
85733
84318
30594
80493
90925
44910
54036
50982
95140
27567
69378
70637
53782
58519
17075
79709
68096
64356
58576
19130
33549
9807
717
73053
62803
63214
64253
30710
54033
10679
4950
44160
68481
56375
18425
97849
59451
8169
79922
71945
20619
9691
12135
29478
26022
68271
62230
6372
49343
72418
12433
71331
39387
62851
12228
55334
194
50630
14701
45887
42527
55965
32883
57189
30913
37410
58902
21812
14276
51443
92186
84352
60740
35904
43505
48689
18488
10396
63853
75286
43693
69750
72249
20166
83463
13268
55317
90388
64918
58160
61343
2658
78938
38087
77143
60770
88371
99185
51548
24264
52481
30442
33112
37489
96814
52242
95117
49520
72135
64707
81243
59500
26588
65953
58625
8212
4465
21753
17799
10995
80149
40725
43430
413
26384
67753
76468
82630
52339
7419
34341
37798
19358
17507
11673
53911
27869
40274
18521
96229
95416
48629
62006
74048
90735
71906
71425
94967
13316
18245
77674
77812
83981
64601
58516
15194
70986
89180
95225
67055
8077
87036
34459
53868
42655
68327
12306
69814
78906
40378
3308
14135
67267
25014
30669
68154
62169
31212
71158
65942
8700
51094
88830
15692
49253
53245
75828
21843
13887
11492
62866
84127
94651
16514
44693
49076
76593
72466
92311
20192
75964
48304
45688
50463
72125
45545
53001
98057
51941
84841
70404
61346
82098
69014
4282
8831
44609
25474
64943
21626
64996
11289
57124
51826
73670
91084
10299
66098
96718
98742
93242
7967
17335
83955
22118
30237
6338
42203
23726
44000
98646
68057
78909
20267
88787
77216
54767
91210
94011
28274
7220
89644
40016
56492
36648
65495
39297
45671
74151
73161
15772
85970
23168
28340
69100
63127
28185
27184
21549
29381
56262
93391
8102
11049
18416
43545
34855
99011
42623
76259
4145
26686
51826
43037
90144
80334
81906
29005
84660
6960
50785
26253
77511
74540
44395
48511
14390
40406
72528
58176
64715
99965
41010
44570
78937
17398
16625
54182
83300
15486
31568
7805
75441
90311
61129
34676
97857
59386
13868
9169
13526
87185
222
12745
35687
71679
13011
22926
50317
89295
29303
87827
36505
66221
64838
32368
3064
89746
65561
43387
46849
16516
81840
78404
24906
42828
44649
40479
78396
48293
21068
32132
73764
41338
83852
26181
6279
29396
49667
88710
36179
62542
1660
52744
16157
4532
98323
48214
15598
79934
14406
21035
82230
89866
97322
64969
50734
80406
18737
64743
64655
42703
16703
87489
96245
66762
53867
40435
75340
71578
57003
95631
55361
61840
60230
56128
47069
62913
75407
93145
64248
99266
14762
93017
90699
97861
65175
78327
20119
78925
94781
53510
38133
79571
12443
77560
67029
1910
51764
14227
73639
41390
14075
52953
91720
91437
72215
32540
50000
52618
91236
890
69092
66193
50922
78402
87323
58378
78966
94689
43626
54757
80446
71344
24497
82186
34298
57695
28720
82816
5471
97475
50307
55419
63210
64743
52983
5395
92925
85888
23658
72466
27480
95175
36574
10359
74498
47886
25953
96370
11849
27183
57741
20232
81478
61135
25577
23026
46208
25941
70773
92728
17904
90046
97232
41916
70336
45962
4539
9461
26502
61581
24887
78517
21785
28445
29061
77798
74742
2371
27821
68073
52961
53001
23781
92979
45397
16614
40457
38909
62194
72543
51736
96275
76717
84112
42685
12710
44965
57394
77457
8729
50500
29717
94273
49960
57437
45509
60554
21959
21943
31426
74251
57253
54313
22952
39707
78009
24399
44383
74140
87768
30495
90936
14331
3354
22544
82610
27898
5234
53575
67730
66744
83512
77974
4439
31728
32174
84904
71905
13056
68335
46917
6004
69269
45667
37580
11482
25065
28083
47985
11920
86386
21954
82640
95714
57673
28961
38728
65811
82941
37385
42541
69872
23854
60660
9720
47580
5327
12820
26956
91520
1155
79887
77012
69927
49548
43626
47156
14900
88991
89252
28534
88949
32541
83639
9283
63922
36717
82172
11455
60422
12833
74212
81196
61436
19656
87676
97379
76084
64643
39420
8325
97964
26701
80926
40251
40733
50679
35779
58161
48382
15619
83964
36787
56927
49752
2504
80657
41038
45189
4330
91617
70286
86054
45584
19584
3425
50966
98636
67071
69916
98484
72526
94873
5671
74088
85935
72222
42684
92569
19248
77724
63082
20003
13582
12504
83295
52633
7903
80254
13010
86352
47689
99820
48836
48409
32149
18803
95635
30017
91376
64058
40354
57913
74944
55235
23236
75029
69182
94559
90631
69970
13410
32957
48982
62673
82375
10076
3177
6578
61279
20719
3864
26649
26699
64696
68203
83972
60913
82989
18207
12865
46537
50176
32627
5509
27309
7501
2392
89198
32827
11864
15492
46812
20545
67299
30933
95536
97078
99582
93707
31153
96371
87180
27782
14886
19691
66783
49799
74943
61389
77660
79024
15238
5990
32501
48326
50532
7324
60818
81607
3949
84629
71129
68886
37888
92625
58524
69810
80889
21614
46523
76306
75403
449
82362
8303
24471
86819
11067
54908
90312
28181
24216
44474
44322
75286
64690
25177
4562
11904
75886
46486
60096
49903
7206
625
61855
84028
20456
75950
82823
48146
93546
24604
2176
32518
14757
53503
22371
5482
61502
32272
59389
26813
59204
70790
85495
40591
91848
32106
38834
55190
97657
34458
23091
3195
66977
30171
29568
99504
64460
68288
91146
55081
93224
58641
44131
80311
85004
19612
30025
84922
21433
37214
21149
8551
46587
53184
61030
76708
25394
29360
76567
54568
98509
28670
63904
57761
1092
62076
41469
13530
92953
57341
77288
95551
72818
38950
82464
82331
80550
89140
26391
71686
26815
76997
14691
83900
19298
62333
64070
66519
1596
78175
64509
42843
92500
92380
36431
13204
99074
76590
96849
98093
95903
76335
39040
32735
89257
69702
51144
56351
305
21283
79319
57799
98745
94263
53859
88574
93445
55035
85769
1582
4168
21892
19887
52443
68434
73162
65783
52007
87766
61964
85355
73264
34189
90512
60979
90218
99407
34358
49321
16445
2891
54437
26423
77903
31104
77178
26501
81830
86741
22114
39303
54918
50683
88892
83632
11975
38095
71662
92900
5825
17779
76651
75356
66624
11805
29999
54210
96059
14484
60393
9293
48764
44317
20552
46458
29055
63223
58432
6544
53301
32742
6079
674
75314
52950
35310
99245
9058
9967
5102
12191
7309
98938
26040
86739
53400
24099
12120
70935
83972
82165
9497
27986
85015
32607
68561
10186
39887
36948
62036
59800
21758
47616
64957
57362
50598
9183
34263
39080
21071
45522
14074
49711
18281
10674
16485
40758
71541
53717
36192
76088
71750
24594
59201
80147
21467
27105
69826
27981
59726
70497
8485
86125
10969
87986
32203
54083
87228
79625
27046
16816
90995
72416
12290
81265
40191
12537
40907
74749
61275
58050
55035
83202
22119
4368
75032
27873
85350
89938
20893
37016
15868
78638
71644
38638
96490
58269
71938
7744
69319
56310
66123
73181
55623
20601
59972
29385
57453
96102
13624
56035
67421
88254
47873
5008
12207
12446
23876
52957
12054
92084
39417
41429
98592
83739
87499
61295
3670
89368
70118
19557
55552
86116
95419
46203
43234
27547
1328
83484
96233
43834
16269
8593
97187
70082
80579
85757
73905
58639
49794
77987
39561
66421
96772
12713
42573
13737
54252
6627
44714
50500
29098
53874
65512
93168
97722
83038
82122
80596
22202
34374
98810
91717
79596
99528
83626
61273
95082
83831
81789
74600
28411
49740
52757
84869
57898
37995
76788
7708
49598
80103
65483
71928
36318
65970
86818
20717
75630
52877
20761
49820
51282
84832
95595
44098
46413
94776
3596
47092
95191
94126
6950
34904
26461
71553
90919
48619
373
37486
72677
72915
85657
38027
49667
35822
87685
42265
46782
68632
42926
1598
98211
40637
19215
29622
99549
22176
27418
52548
50877
54228
60792
85372
67047
64853
96820
73677
7655
67726
39707
1704
30455
17501
88018
32510
22362
75371
87039
74196
44217
36775
8786
97893
90720
99759
39418
24473
79310
65944
59767
33734
28788
44088
46642
52771
97802
30039
29287
27057
48638
49266
54245
44262
11528
85292
41910
78586
33975
94564
12313
43511
33463
70316
37633
89321
96939
85676
57149
31035
49947
55132
93482
72247
85821
38822
16583
25493
43997
84105
19849
98861
66983
67947
71287
90838
7786
13847
41385
88734
65262
60645
66246
59058
62508
2209
18311
88910
14786
30987
4776
46022
94609
27277
4532
9662
80109
52203
73264
63047
38530
58487
91329
16031
52633
92359
31531
75740
24066
21894
21646
19567
80660
45255
34757
1125
18492
90431
66200
38701
71647
97737
59847
64865
60216
88484
96311
80559
29382
60489
92314
92412
73543
10445
17759
33673
85803
23624
79277
96869
13334
11818
52088
48296
102
86174
32046
75020
49233
76648
88149
78602
74988
70454
62402
57971
96577
8852
60073
30941
90424
35708
18995
57861
18392
20181
79783
47953
36542
47161
1701
6561
16488
86918
67391
87075
18415
29461
98567
5582
30535
59428
89224
87709
37119
50038
90735
55975
61470
98210
73072
96678
10564
36198
14113
86779
7597
21204
38888
14540
55709
43144
6367
82058
34727
34951
26089
52124
48020
20635
62946
67593
81765
55115
85857
22082
66623
44472
26024
32869
99217
66812
35745
66429
20564
11688
68906
46462
4477
63814
21210
50058
94078
37910
21546
96780
85440
97740
27802
25452
32613
28164
41558
46926
59050
4561
63191
99888
3818
47187
58446
14845
53079
54888
60406
2423
41606
89024
55656
91971
50513
46103
64309
2386
46061
20096
26186
24074
94631
48665
11857
91275
14558
23730
85893
10383
96556
32719
37195
7828
66355
19782
60395
5663
48742
88706
98957
4659
30303
69190
21264
85514
56581
10551
46607
57989
46907
12615
86286
68515
12765
72419
89060
6391
29899
58864
46901
48620
49522
96444
34626
42859
23861
71916
71875
57818
67741
46175
93630
70291
81743
72106
21617
33138
97699
90853
52688
37619
63422
28495
86912
74771
98391
62191
39320
62587
24338
74575
33982
3509
1920
98749
16886
10941
60886
10083
53688
75676
403
584
49948
8920
43875
89519
90765
31540
82235
78868
74150
81519
26943
38683
61316
67892
33585
32825
25340
8739
64313
10711
59094
95663
98567
57865
77957
57599
86524
72238
71752
14058
50244
51958
20337
92277
28361
71730
66598
90427
73413
11288
78451
53606
38306
91167
9649
69394
25704
73772
44717
78334
51076
27771
11322
9867
19583
32385
55198
75993
99545
718
48921
2668
8066
48617
71962
69289
78702
47533
58602
22663
70602
2544
99651
58544
28307
54247
1767
76963
93109
2456
29845
43713
54915
87483
13264
49309
61068
95004
32009
37724
4954
10934
40924
94509
8181
458
25836
46764
43901
28527
1797
76326
60254
79234
94915
63744
60280
31215
93423
28857
75340
9287
33181
85282
63259
41530
58895
42544
58344
63538
16510
45906
93720
30833
365
45638
38236
66056
89365
42667
6945
18060
10363
71667
48531
68732
19117
64415
18243
13437
32881
44294
22649
33267
54827
99624
9795
5153
73103
19252
70117
79008
86419
41794
80037
98589
69607
69754
88790
69857
12998
97801
52998
68260
73864
62782
58233
85062
83605
14497
97712
64640
1226
48317
87825
94611
91215
84652
75630
68729
1695
83544
4226
40937
80441
90376
52696
74662
54069
61912
39662
24939
358
34058
53708
5856
93345
94493
93595
89067
66482
38242
96348
82403
51722
66509
66370
37586
86462
53614
99060
90000
51557
38037
42631
95842
90580
25722
76583
893
35875
70953
64468
62800
45908
36528
78799
23894
56448
76060
38080
31531
74130
8285
30674
49632
24208
79052
93350
97935
75497
77604
34001
40006
5133
63203
55492
85783
58805
11658
72660
26562
79481
93183
21228
16278
48983
86036
66076
55993
58252
51379
43640
94085
70336
32637
7783
71940
51312
20218
19782
32716
58620
71447
78923
65075
27770
87941
84707
19303
96369
35249
90349
14491
59247
52944
31364
54623
97185
10789
65766
35326
66549
7195
81182
84792
80264
27665
81690
16423
97505
30075
91093
62736
64341
12959
78364
14832
32421
78748
23781
73353
3045
57859
28838
82679
75112
76404
97069
62270
70261
40976
98707
79208
67742
82563
93369
78564
5524
10763
17707
80674
15230
53580
5011
11831
89918
83743
1589
43786
10952
3767
12976
12915
23955
66698
75918
4921
97513
87863
24705
56829
84359
65249
41691
87640
18116
77057
56356
33840
84843
77210
93537
76604
39021
66439
64776
16635
51087
29344
77036
10688
87801
47935
29691
85614
66863
91064
34839
70161
92989
39478
98095
75940
36509
39433
31049
54701
4165
15261
46423
49721
90173
19304
53104
95486
68817
56379
50075
22910
30593
646
47562
73384
16409
50498
78071
31548
94836
61208
51979
55725
77316
14760
33408
84343
819
33974
3020
83236
66684
62542
59172
46386
39394
63318
85717
53465
89395
94101
67471
36740
2820
67929
49818
10452
65047
83277
22950
32553
47156
34584
68573
2150
60321
8566
92702
97397
10570
69199
50704
87996
38200
91599
7232
99232
49704
75784
96290
26153
77908
33028
66865
14315
3042
27747
96294
10730
43701
40748
67442
83055
96937
28675
38606
72877
67849
95218
96151
44435
88542
49238
22386
84621
41114
95505
42378
37
99230
96495
85846
71527
91783
77923
27686
493
44253
96141
51166
72567
7346
85989
99536
6265
63882
28186
31291
32081
6189
36916
26325
19827
33162
5433
12434
28450
87094
45937
10425
91581
23003
68546
35551
40167
25646
14831
23393
55767
32892
55732
1524
33545
43061
41696
26512
7339
23053
94006
64870
22514
18461
967
11268
71516
15622
97711
13895
10279
86384
80699
80333
46033
2486
99504
58463
69271
80253
2938
16582
78016
83385
39871
34354
31925
4792
36733
24645
5246
77868
89791
75926
24198
74775
35693
77400
99146
69304
73433
96873
6382
67229
49339
87119
22184
61879
6472
90889
64712
98656
53707
22174
20825
74635
81867
46506
81151
51334
76270
88016
38229
9676
22827
25893
82168
30100
36917
46121
29133
59156
95365
16015
23869
87177
73993
31687
36909
23014
40108
87326
81084
6392
85309
88446
91549
47205
4344
73533
60112
53498
71963
54055
39844
88242
21359
49240
1403
90571
93157
4094
94002
66635
98702
71684
39131
22130
70626
62771
9045
37868
74518
12799
76960
81760
41269
92076
71496
63258
91667
67775
84138
76756
55676
46179
33787
60811
79695
29406
40306
66448
62580
51976
33556
77367
59279
24292
97764
31728
53769
63695
85697
87210
90621
23202
12707
45843
67864
15014
86467
6994
11344
51486
33845
54611
20001
92994
49246
1014
98372
31328
72989
61640
91808
29727
70316
53849
47450
3336
40377
23407
12356
51127
81306
71403
38597
51763
94257
73526
86120
32876
55093
22789
74984
70552
39524
74141
66444
85902
46442
88668
72970
75796
4718
2905
29814
48270
86814
22325
47214
54314
66039
80551
3668
75553
2398
48156
21101
52096
90808
70079
79291
66385
38395
58074
80942
79711
47949
62967
46407
17108
59938
37830
23154
97019
99834
72374
37127
28888
51211
72266
993
53647
34572
5187
705
24422
78395
24646
3261
93989
29991
62566
41184
75912
46492
95450
7024
91031
14104
34368
79173
79835
20652
39648
29543
8601
63878
16533
46711
45149
37955
39748
73407
47866
8087
14599
42475
75775
59057
4663
75748
49850
6522
75822
98626
49386
16431
34255
58933
94260
98556
94368
69620
41819
62684
12114
22105
50608
861
79450
6219
92578
59973
10536
66973
858
72595
32806
1282
5639
75249
79658
96658
55893
77310
37188
80467
84090
78603
90689
57442
76831
11324
98390
60056
52582
56847
24080
42965
39952
13057
81866
67653
52605
73892
22215
74367
56767
38020
97762
13375
88045
27821
76179
31234
27488
56201
87599
82092
9667
31077
60419
43590
29581
20018
76213
85828
99118
59224
10903
3222
50142
84684
26092
11916
34374
83986
30916
53111
29995
84944
51393
89555
13227
47805
55499
60580
10604
92334
20860
72130
95143
62306
74578
45736
88553
48941
36896
33036
10375
65543
56310
10496
78079
48890
50258
64480
36635
19513
90068
47199
90041
41590
23241
10179
41555
49207
51504
26171
75883
11230
29741
71830
30737
75632
80772
81574
4377
80860
69474
68443
54335
99749
87560
12979
86710
84173
38476
35606
70734
17796
67567
86748
42503
58475
54426
42808
79475
93609
69363
98192
95179
68575
2384
91820
62514
31075
98498
20584
40789
83775
29681
84500
64061
68972
18797
92798
1557
80646
1525
77347
21310
90249
73885
83267
43770
49425
12518
85673
11160
47552
76770
98068
60242
95557
75379
25930
9503
37820
45126
9286
92322
13405
85640
64158
73389
56371
28722
15863
21002
10765
69427
24207
73921
71755
64176
71555
94117
81610
28812
81917
42942
37639
60294
29578
39621
80397
91094
66126
25157
96210
17357
10627
32760
94356
77869
43511
25866
57655
75645
94828
4382
21404
4583
82319
1092
7547
18614
21751
29536
2176
13814
10705
37837
24604
93712
57686
51120
85136
59779
4566
59509
92593
64720
68033
49176
5346
79486
992
77428
8910
50439
28168
69563
7604
9806
55091
6175
57226
19977
32007
74321
52993
51079
8055
32387
71106
17682
23047
65787
64559
79745
38581
42082
76911
64620
84311
68722
43044
65993
73220
61246
22472
67255
49839
49769
91507
90607
99239
65836
43854
7597
54745
18476
32328
24982
87257
89712
23570
60930
54545
74066
22250
23826
85716
6536
47667
93007
69720
66656
18331
55203
50323
22848
38992
49577
39102
45007
75558
51719
94091
17880
7224
65317
52760
63420
86981
77612
29237
38932
33139
5216
86937
6878
92246
64659
43251
34952
83522
91255
18251
95389
21267
54101
21353
19338
85822
42309
71614
28831
23788
78395
12751
93132
90206
48066
56154
87241
27221
85200
27248
36215
13351
7386
24097
81576
13065
35001
94373
17820
20897
2584
43052
78346
19800
62583
32221
23089
20134
88520
31818
667
58318
76315
38412
54167
10891
60413
99909
16331
89596
44003
18967
34273
61369
7493
8953
45949
15860
46195
72587
32846
80370
18586
27922
53363
96920
62069
52322
20817
66760
38396
15130
73063
86579
40740
61277
59112
42899
68229
61241
27769
98209
46314
16165
23858
11689
24128
29545
39272
7161
86248
90201
82086
34120
91992
66206
68959
76129
43406
46654
44044
4001
42858
57100
88930
45856
1000
36918
88658
83517
9272
86554
86276
57335
49133
18275
49902
34256
55898
84568
33376
75125
71340
98626
12514
50876
72644
53893
28386
29242
81321
23908
35889
57743
55525
22674
56947
9917
88995
91634
44648
38496
39772
73868
17330
75109
24102
93180
71674
2343
48627
65612
15406
83264
91507
22595
6603
72800
21521
29452
39897
23020
10195
97219
13130
49115
44631
269
78394
35992
75507
36485
7136
11457
65065
26677
44849
55805
59753
58715
83010
92209
32530
77279
20161
77456
23897
69751
7679
27965
50657
77578
61066
79227
12289
61681
32308
1852
53363
85268
48992
17247
26778
98567
86131
99425
47939
99718
63508
2926
9848
94263
66989
60715
88228
20374
89105
33690
54903
26141
34593
72548
12092
58106
46605
25819
81221
53157
20342
64941
45915
73893
12904
51979
48975
32498
84891
83015
60099
66651
43963
68800
51471
2244
88746
16149
97575
45883
97311
11145
9312
34094
12082
86215
47410
31065
7643
92396
69127
71461
72874
54729
58198
68022
12692
71294
88345
68002
83259
54038
22694
83853
72741
85632
68855
64738
98556
28602
44769
10393
10689
59445
9570
64428
43259
3092
8851
3649
7354
41088
8548
26472
79418
37257
56113
20395
35435
97727
2752
6753
54911
61670
66576
84505
62870
40237
6090
7852
4812
91470
56730
50009
30499
48466
84314
92685
10560
32500
13670
96000
96491
92933
81548
49654
38770
27957
70597
64754
65972
23939
20014
4600
17793
38248
87031
79585
66472
83696
84119
72397
86347
84415
64599
86891
20727
25514
9654
90762
72049
59269
55210
97657
73526
46361
19393
84180
26418
77111
63412
47478
63901
21827
19662
50744
63060
76640
37297
16910
92806
48955
66016
37570
3822
90039
29998
36714
92814
25857
13556
95862
29404
10583
65847
78066
85960
53924
57705
61252
32371
97910
70868
27007
68017
51159
79437
44294
64014
74039
39468
95634
65047
10770
38887
75166
16107
36721
92830
35547
99460
7363
25609
18345
54658
89558
35202
41464
49529
66288
72577
20269
97253
52108
41373
44753
91038
34318
95484
94971
8722
84455
38800
34178
64806
85582
3219
69462
51471
3638
95266
49764
3453
98822
3261
83660
86132
59002
93278
95742
58562
85559
13351
74315
41814
19920
64345
13692
82592
23627
14363
18789
4137
43404
18066
98847
5583
33523
19676
50235
35713
1205
72334
82910
4444
27426
69968
95484
77005
11341
58450
17169
24966
57594
37680
50974
60127
29793
22017
74777
47193
76707
35002
33742
77667
64625
5106
33802
28850
60265
54211
88802
17648
39558
51008
43016
48593
40145
78197
66733
83618
60153
2450
1275
59164
20957
86444
95933
42233
29549
93843
8567
47819
95178
38328
72767
87440
34315
6411
37210
40570
93067
55821
50119
51650
26583
16273
11283
43534
39328
27123
52291
27171
17776
54157
20191
26219
91483
19259
96959
24881
44805
20422
59891
11848
63290
12376
97323
82335
95715
97968
83583
93043
63438
49335
13762
91565
39647
29179
27367
15817
92820
10782
36531
80066
62134
72641
24948
73757
79225
46321
73419
6691
13090
59352
78389
48831
7248
47611
37975
26157
28362
23626
71700
31975
67645
26709
46734
90931
66514
46052
58132
45337
71566
85876
94250
69101
33633
28773
80258
76797
69838
29056
99456
32516
58845
30841
51995
83908
51080
43191
78163
52909
13402
26643
40023
72336
67056
2850
80803
19303
75392
26622
5674
30005
33737
85589
3558
28264
22702
48956
21226
29903
19134
52690
28665
89445
96716
18913
49026
36224
36170
50511
72658
81377
83141
26382
12209
72796
9696
70442
53772
469
9705
19459
10730
10414
93555
48796
205
28270
54547
75362
4996
55449
21225
59223
72914
25912
39677
32055
92262
62350
15985
20929
92803
27407
62346
91532
2270
94335
99774
49952
24956
65752
86615
36122
48809
56924
68040
52729
12315
10804
89433
72588
19779
71167
93727
88587
88039
9970
89822
36544
16038
82443
6940
88181
793
87382
17118
96636
75588
66818
14152
93329
2264
27275
57308
14648
61193
34509
13953
83899
71112
66201
40126
96412
56377
85348
15834
55300
9119
73950
19107
67617
45059
9032
24374
10413
73291
52550
59729
18493
97811
90491
44183
5348
97061
93228
63417
69578
99666
66997
59137
96140
68465
60006
74256
72416
17269
60293
64347
73849
1175
42687
99339
47411
10352
1061
41855
75424
33313
81521
27883
19714
35436
15750
24563
85256
81543
16791
78785
41985
56294
99802
8876
1592
3973
27157
92321
13016
97996
52794
21685
90903
58148
23172
86908
54227
17757
69924
77377
94789
75957
30356
37604
52649
34429
6844
83747
32199
58599
89410
80767
79326
20847
32036
34366
90821
58000
16874
32610
96228
62472
4904
83441
55558
55758
86853
83595
93756
4955
35726
56264
1596
77106
99504
88937
56992
14031
634
97326
9085
15583
35190
11057
67681
84132
67452
8118
19972
33979
69319
3950
61208
44075
29423
91340
3488
57433
67622
97204
47791
59193
75040
91629
55056
77860
24827
46498
38658
13210
55107
5999
59616
87474
3788
78605
69729
83954
84803
56161
54808
48440
19653
9518
70429
65774
87640
10455
69629
47084
78499
96456
90532
64223
49555
95354
51535
10811
71704
47592
12560
76300
10176
15704
94976
14864
74850
79579
35607
66778
1256
85538
20211
78693
83628
30662
28703
21584
62376
54913
25576
83325
74883
36373
54738
45012
80516
67584
80398
17067
89333
91708
48332
46159
74082
73559
61668
46713
30364
10010
96118
57466
63538
8189
97945
25777
32124
78781
48308
13366
67758
3120
13117
9234
87670
18340
74556
75999
2250
29891
59220
99068
27317
98049
17866
74925
27211
69804
91984
45187
45397
79219
79974
4369
90725
14844
74359
49682
82176
42209
43465
61015
77246
48814
41957
92141
10065
46957
38925
49311
62250
52125
43432
98464
57234
62335
85969
42363
83454
76617
22348
90546
98005
52868
26611
42312
60923
68204
71958
52174
33100
65962
74633
4408
62930
21593
54550
71965
49031
50612
26389
53945
74591
38629
55186
18780
9817
5467
74944
24421
40608
81450
59098
18159
88225
11826
43554
67193
49632
81461
25938
99075
36228
113
49432
51707
91936
40150
34186
65855
27034
76106
56795
73896
36575
97018
13982
69191
91876
64785
79368
84662
77448
63408
40790
53001
72216
37885
77273
27313
27787
38054
98497
86430
99449
94487
52034
91956
76699
27786
72699
49762
36660
16544
1086
44154
19026
15125
97145
86375
98049
66235
48426
74381
26216
78219
35661
67027
90231
72230
22230
7048
69969
82359
20007
4406
61836
83166
77658
71469
71307
35377
83770
76055
52883
75199
25885
74970
10908
23564
95321
58951
54869
47007
4217
91569
48470
58198
48587
17925
93494
41583
25196
65664
66908
26816
5592
78063
11309
69753
6160
8076
93851
52633
6586
90002
24312
76165
42956
50196
1604
23813
55442
7568
24534
56342
6016
64480
70194
19241
88789
94201
12744
66467
36830
8262
62851
32764
57363
1848
52456
97554
14082
74969
78725
93782
38923
96349
65481
43827
52991
28915
26375
45118
35400
22171
34128
14258
34738
56596
23861
19819
43421
59986
12162
15438
88897
43378
88667
11695
76331
29150
85039
8026
78547
75788
74843
78405
19548
11870
88284
45624
55973
11209
98846
7520
37270
67696
8844
41218
54572
63387
69692
32126
8855
28668
53972
71990
82751
33125
67042
65890
54185
83181
43156
67246
70229
93129
59800
49157
11102
89097
30661
83065
35324
34496
86963
73721
45293
58249
6771
81034
44684
35224
37105
95909
47930
36917
99578
89140
7326
22178
77879
41008
64199
72645
5273
98666
48457
27221
3968
59620
33552
60737
29560
29312
41250
76737
54272
12227
60717
58691
58546
72251
70570
9691
92077
58591
73169
57227
7651
52906
77502
94417
51769
60896
76475
94109
63820
81739
70498
8776
16907
44986
11144
18441
91555
38786
23228
94732
41506
59612
92944
15810
11951
67621
70807
81102
77476
44908
61607
96478
73565
21205
20760
32002
40616
37605
71985
38549
86328
28699
9730
36259
63947
20623
84302
66045
76832
43859
88831
51143
59046
75383
40552
99429
6714
86031
69846
34919
88461
76008
95525
96559
8813
94622
10222
34925
8283
58358
16386
11926
41057
4384
40511
85099
85110
5540
49174
94434
65227
9120
2922
1749
48843
37547
53342
38038
12046
86289
13469
3629
26723
34701
84440
9434
25393
24467
42222
84615
45318
45967
19052
54575
45449
26650
44645
2427
46605
77138
22214
66792
72515
19138
16676
79750
12596
56387
93335
10310
81976
83648
27419
91343
26075
18976
33775
1671
64493
56964
19178
64366
62574
17179
8168
73901
74822
59609
42095
66052
89081
33690
79083
62305
18538
36660
62248
80007
37710
4084
24472
18441
70152
32468
20560
37704
8590
9105
85976
84732
23366
88769
82372
5836
22250
59289
72756
911
41753
53554
8284
8879
36170
92134
6885
87908
84083
29467
41488
19302
57854
7026
89985
44217
54739
90571
4052
15128
8108
99126
91657
87885
89853
86008
34933
77740
34853
73971
78405
31528
22716
91922
48436
29080
62553
99929
7975
15869
63965
14875
85694
99230
70662
35580
29046
69676
86657
95703
30288
93067
48325
14169
61818
73564
71047
18938
5214
82974
91507
6147
55782
52115
51612
44765
48218
23094
89493
86040
19695
7446
85596
9627
66963
64336
44571
89690
19721
22432
90297
92527
30476
94355
88025
27327
81428
89720
36362
16919
64009
81971
97796
89607
69676
98645
40976
30912
45264
79868
6374
40668
27847
87179
39087
14500
30208
46510
375
6670
47405
85816
16479
97344
24644
68237
29881
50778
72502
54766
33352
58423
25410
98255
2474
91576
61633
97391
13097
40444
314
18102
63707
59175
99035
37821
30918
2390
78137
60737
53678
69076
23892
16627
33546
32857
85458
32951
62367
28161
42936
56073
60788
93760
60479
17679
47956
13885
68481
33692
60752
35362
68525
51919
55717
94290
39113
27609
98264
13498
39173
58219
64972
62542
43008
56621
32276
83363
62620
41666
47122
27058
5885
93546
19312
83670
60913
5333
14579
84311
38942
16727
12935
900
56288
54550
94117
41024
64018
35908
11560
64034
6863
76632
37362
29210
50423
53801
18115
50146
45955
44162
59802
31452
56806
49060
14710
30586
47454
6524
43322
85562
47686
32728
18673
59279
68477
99386
43901
24708
42443
24924
67325
74638
6904
71635
87947
64654
9484
85892
53524
22749
94871
44762
29152
65457
44541
69971
61129
32492
29896
35574
7261
28109
58582
37466
15786
49967
21901
16953
19751
94348
4448
60777
99930
49812
73860
99876
888
12708
80713
75688
89976
83648
30168
75242
43582
2850
88487
18446
75460
77028
37779
8008
39666
31
17705
40443
98788
5796
17131
18003
7344
81535
68544
709
5678
7566
5840
81763
15759
75654
7813
89678
27347
64512
88542
90689
22519
52085
35194
92188
81969
48139
99824
2283
94389
24713
54653
69841
3562
40065
83943
77234
8554
24019
78205
58185
20486
58506
64161
60352
25661
87570
55794
27095
30177
16412
53235
29288
30500
90199
87969
42044
41124
93054
1004
18774
83076
58946
3760
40450
71522
31691
14148
75444
61506
84977
62914
54738
68229
15455
45298
96458
22647
25017
59714
50282
22228
7148
30759
72075
29799
83472
53503
30789
557
20277
44775
16229
18067
37575
44506
96747
13860
95709
69329
52477
55185
3855
80677
72788
93859
54027
66878
60221
13274
8271
21842
40575
22750
25078
37289
82746
2133
40069
12612
78537
54867
31529
80249
77484
28018
65060
11288
79499
48312
34300
28544
50084
24366
84982
61814
83555
11581
89563
7410
72645
79095
52943
13593
34941
77195
82260
67681
61677
86602
43119
54658
59145
17279
86657
97452
25775
1856
21236
82935
77470
12970
30353
33313
444
44621
53645
5762
37140
42497
4447
77771
76165
97224
89894
75797
3482
95167
16999
30592
31376
53689
79166
89226
9685
62361
92510
89764
24702
20511
22858
26876
73085
73244
84489
79844
91967
52989
94087
32589
14318
90307
68696
31462
46483
32267
57764
5679
39354
44116
26785
47937
36471
31071
88428
80717
6458
95041
28657
45085
89353
60504
44142
23453
97099
51492
72039
45363
51038
9834
84083
23981
58286
32578
15500
16644
37023
98661
26643
28726
49634
86276
12180
23722
30224
29753
89971
70890
30284
16692
7275
26600
36558
33825
89315
14011
76237
86439
65980
68347
88828
14499
1804
58083
85307
96276
74755
68344
43516
99436
73126
70
42202
79619
357
70494
44674
29686
13985
59238
95223
20232
4049
46831
68200
4432
22887
91813
5193
29828
50615
81194
41565
5347
46855
62720
33258
30680
61671
49554
30054
42341
5153
71452
50433
98305
57558
84366
32052
99180
12845
71274
31345
33547
92684
9004
21039
32188
22176
2347
19210
48896
92199
61241
58163
72348
41682
5857
22739
94157
78375
98347
4239
64024
77648
71961
82125
65664
22508
32862
25857
41017
4187
55380
74161
5527
68467
64920
56792
8189
59650
66918
57615
37746
94556
97589
19587
78173
41711
79042
30550
85685
61347
51751
3794
56487
63197
78700
27136
41693
55254
81003
9705
50
83502
53671
92460
46962
32069
66821
3843
7444
59931
76395
54907
94652
7249
99058
55848
1218
73503
95285
25966
47260
87618
90415
31104
15972
77700
73630
55747
61113
75944
5709
40086
37919
77860
88214
44047
42397
41112
87321
81016
6688
84106
57985
28698
15285
61140
16519
12499
96359
22833
36940
94752
34769
9913
88993
24965
62053
63303
2541
91776
78321
3698
71189
48379
76232
96947
63209
83783
2355
84129
99435
13809
29025
42380
36327
12646
90168
66286
59186
18965
21821
60448
26708
62542
52197
1194
66537
29876
43905
96841
80375
40673
82972
59583
9068
23266
78620
24742
87105
75448
71155
36783
61200
49508
7928
39732
59102
20188
62224
67096
46081
18771
22522
37499
31063
72208
69248
8897
28643
4672
79075
9751
22198
31519
11715
83820
78813
94305
91433
93397
21289
22698
57097
74511
49830
47781
23276
68077
52152
68610
56293
66056
60389
33289
69697
71109
26784
16539
15267
4872
68258
58754
30960
7073
34246
8323
8376
81572
79283
6142
50718
29137
24825
34442
93069
63057
72511
93887
55621
74153
27998
54854
40310
10791
61901
86463
2681
38791
76253
89823
57875
88657
7968
91461
6132
98587
52066
37593
19455
11283
45153
60045
56706
60359
48666
20454
551
34478
59232
32988
52563
99888
77769
59403
71303
39023
59652
12403
52721
88049
47008
24793
4370
96544
11888
16046
35284
46968
50372
79249
57227
74030
70430
49446
12460
22946
58024
89599
46926
27588
79189
92097
67589
71519
72543
21609
20068
19576
98556
11025
82610
1643
48251
82562
43334
87296
8523
14338
32221
55873
80164
11893
83731
44890
64538
39601
16502
88931
36199
97699
10110
50564
86171
75116
4686
19188
87845
26457
