77267
12641
59258
5028
67273
34832
72769
80022
97042
69422
38270
30655
45297
26721
42913
64526
94832
59914
61552
55953
34776
63919
1699
66122
16
58200
83277
77022
39716
60264
26870
18088
35198
75514
87896
91663
2156
59056
11034
48311
18844
59090
71494
76247
36513
78385
33251
61122
68719
72911
96138
92083
19092
37497
86026
22419
38290
88403
50177
25299
7630
23612
30116
41068
67665
68482
71954
13014
49112
77565
46810
6644
99111
81366
27391
17550
72381
62374
20117
61594
22987
49247
97012
55613
57174
41037
41699
23792
50724
60456
71582
26964
39081
79038
71666
34770
67004
41011
71186
99248
69434
11612
47622
6182
11144
76530
57868
97277
27988
65376
80309
1657
11764
12962
46717
22930
90588
20344
64294
64790
5480
99434
35935
91620
34480
41706
36805
90706
576
15226
50783
55468
34851
6574
73466
96613
34539
15565
70184
90385
94789
7133
20994
2220
38857
27324
30673
18510
24803
30513
49258
40121
3690
11339
84112
68378
80365
68765
19018
31269
63339
59005
90516
27456
92755
77612
59272
79641
18641
66931
42027
20537
81096
52023
36770
83399
35960
54179
36132
69456
90950
4953
15911
66219
23267
20008
26608
58927
43522
86501
55702
31769
22236
84109
31144
65135
25907
51517
59288
35478
79365
17511
21225
67707
43302
90750
93674
65938
57138
78325
51044
56146
78721
33853
96588
50450
54611
28879
34983
11975
69717
20667
34965
64593
3342
5944
97091
74282
55519
63033
94299
90723
66589
84923
74844
23216
64917
28921
7733
74779
88634
5842
29391
31888
61034
18722
4884
84986
28130
6734
89323
24034
16291
94308
65245
81857
95201
28134
40080
44106
21220
61459
3310
46813
60167
438
21850
39004
30131
71049
86913
77982
31216
52403
23168
52010
23477
13577
67565
62111
15149
51521
27531
77770
44598
21189
54311
20399
17228
80302
62071
35281
30230
45535
66825
31261
41159
5088
49733
56700
26742
40991
74914
14319
7943
83802
47976
13067
24853
48948
10876
38290
53625
60945
11673
35317
14635
29637
28778
55076
65363
42789
20786
59770
31312
33172
64047
43936
44284
75606
62786
89202
71509
71453
69932
4417
3235
91014
27092
48406
62303
22713
55231
8212
33735
98336
57048
70555
76633
21082
70827
38978
8400
90904
85986
67656
62055
64613
63853
70139
6671
34800
30084
7896
28383
64392
45783
34000
81662
95734
88060
55337
10127
71940
99189
66577
74293
84617
85349
49224
74697
41375
54037
95500
21234
23546
11490
78152
4500
57396
75992
71433
67200
83396
84888
44020
8106
44489
60278
15891
37381
98442
71310
20132
47682
67173
55935
25808
44829
68985
70162
56502
21765
50670
41873
48672
31442
12374
19777
81688
84721
78134
38450
80516
7000
86670
32899
82140
25028
68511
32066
14882
30068
78587
60653
11057
25831
13201
31574
27633
81092
57812
77747
38629
83960
34885
28035
35903
81173
5600
33669
23800
42664
38745
56497
38875
61727
84463
30107
86187
70323
75585
41398
9734
21524
8477
35430
78069
15585
8136
85284
17420
13286
67948
6670
10381
32832
74281
81023
41657
52855
2952
62357
30643
90561
34827
32043
92828
1204
73054
1489
19138
93977
95549
83079
95096
47211
47538
34522
79979
38296
24273
85361
59327
77622
64464
88477
48190
13613
7025
69647
5801
78856
23998
54771
8428
81116
23794
1144
18150
62518
963
69780
93144
40254
65357
47884
20989
70357
38527
77833
42117
18881
30551
69761
6419
21561
78380
93050
25843
82841
74788
98616
64647
78185
34447
5519
90793
85271
334
56948
91600
7792
34317
64140
99364
84668
11647
55509
7909
61965
24400
91011
53639
35926
4308
97644
62033
89875
93388
50949
53499
89240
23184
1253
1523
19022
61691
33940
86408
70583
61064
20972
86371
13679
99585
97994
79996
64213
94789
57114
19047
79920
28153
49920
14683
29175
13660
65475
79181
67018
33499
73900
21553
28951
40862
65018
69626
83439
16897
65132
53094
34891
23857
61939
93806
23953
3589
12248
25676
98374
50877
66008
71131
81229
79780
88447
34198
79767
57828
50942
46493
85789
58399
65391
88206
99619
35805
92442
30735
44419
66126
59381
69856
25197
46248
66983
80584
37570
57022
72570
89576
67989
73066
51501
78708
78508
3608
89959
23759
6212
4857
96721
59687
47884
83076
66449
98355
10469
70657
90118
57503
42
83576
73916
85955
54557
7562
15477
5242
68183
29984
77567
60489
49946
69131
4215
16168
25601
63662
70186
48646
63083
1617
57009
76166
57946
6678
92797
77485
51781
25226
1676
42973
71385
39149
20536
79963
2706
39270
30919
21227
65232
32718
61416
84482
35454
78666
96667
28741
63275
54679
35681
8637
15271
69346
2657
78891
79547
61597
44967
46637
25699
93681
47091
18063
47975
95646
71429
31817
47153
23454
68908
6955
23001
48223
9456
78701
36145
22605
18314
99503
76658
42938
20281
68383
12669
71308
26984
64579
65056
6778
61918
74449
14744
9366
95337
30600
76216
92522
77460
11166
31537
94626
51255
24458
35662
54672
84577
55892
81120
96178
72381
35250
17153
73221
59401
35861
70887
52542
13549
76731
2029
50621
55873
62784
24517
88640
21190
90618
87132
50268
63946
27344
17604
51645
9672
95830
64766
56920
15127
46231
95462
39682
77626
90930
81046
48047
99446
72769
95733
25221
67424
74294
699
85623
90553
81283
2277
93731
86341
12035
69373
3838
47421
61769
6352
89251
37220
11089
91808
23372
39839
61368
32330
81506
32760
67206
39629
57480
19196
71298
12927
54252
27072
78743
7400
61036
17539
68071
54228
84018
68666
88409
68465
3594
64372
94864
41190
98517
72258
12658
69540
43377
67095
12684
85794
93854
52446
36135
17630
96959
92391
79133
6109
67878
55312
87510
72949
51319
12719
96073
4425
38147
14363
30530
95786
87516
8171
65496
91632
36806
33771
71682
61556
57623
42344
86076
38182
92705
59666
62897
50554
4880
75692
68458
21729
56670
15492
23251
14660
81676
76336
64757
69110
71885
28379
87932
2314
54969
90169
85234
64712
73454
92592
19124
17540
92455
53727
81177
66786
62934
48872
4604
79831
59750
49755
26539
87880
69532
97241
9101
1493
79622
73420
97174
49100
51406
79675
94696
61105
92537
39183
75461
87587
56644
76721
70619
42488
53943
70702
70812
71666
47766
30343
19087
32469
13231
94024
36979
54058
60831
23092
66020
94005
8806
96865
27858
71453
16988
85789
46810
96158
69795
29191
29882
70619
70779
5104
70749
674
90079
92451
99485
22440
91873
11535
99554
59867
79728
87140
43791
79185
15086
48841
93531
63138
16818
38957
51728
93217
31070
40871
42241
33918
42776
30785
77914
71982
29881
52919
48836
20574
74003
68732
54584
16594
38404
14313
88795
74521
59927
54693
18589
38092
32641
49390
54753
18432
79594
99289
81794
52106
69199
94748
32140
99417
71835
30954
18882
9306
57955
54884
47432
35328
72358
87997
98070
32355
63504
9565
99250
7873
25529
61055
80666
25003
21586
32185
73037
10134
22960
41330
81039
28741
83720
9252
36624
11077
66065
28420
16537
47243
12956
28913
90029
25171
38383
41046
15530
54029
95630
24805
85890
69549
82901
13620
1812
94365
45348
33448
51727
95260
65626
18149
56247
428
41770
58920
58568
70815
8553
33602
59397
50178
98860
54369
30580
56886
97007
54487
14440
90347
26757
61077
97598
63587
18573
71222
86854
39223
45156
40655
31323
54977
23121
20626
58852
20040
52227
81155
63221
29511
37640
75330
64370
4645
28258
84633
15010
28600
69492
8438
61165
30563
87056
74522
56271
19990
50898
61248
32261
74612
99272
57794
47835
35835
29587
52095
61227
62221
80850
50743
91666
54958
61699
10463
88117
33447
6210
98678
50209
36261
28712
28214
41284
69899
68410
88875
29979
9551
32302
47143
35851
44376
17305
4354
2484
5451
67432
61416
85597
4205
40382
29996
3324
96403
92080
60758
41002
30083
5458
97143
3157
10770
26873
71654
66289
29164
12744
70473
40788
10784
19616
5998
78143
30000
50183
50079
13399
83303
2792
41705
3077
92804
42503
19238
77178
17813
34315
37373
52080
10066
54789
21137
57551
82186
32731
15929
82160
9342
91240
20565
15617
93880
73653
49999
92469
90118
90944
89705
15152
86912
35936
285
55685
54805
50610
31551
30858
57115
73717
66972
61434
43403
66796
50861
17725
11234
81958
82338
52581
62793
13633
998
59349
61455
42070
97794
55706
9367
98260
13589
72036
41222
94834
15586
88663
30871
47639
35818
42129
77432
25573
4005
52129
9614
7680
15953
48530
1780
33588
33435
62502
89729
56724
91705
20762
68264
30087
34343
73482
89914
96169
82350
66987
22356
48016
28528
64783
38142
71305
79638
99443
94940
61106
87141
46270
98465
9510
96036
85518
63098
67230
89171
73439
40464
68180
10870
25785
67670
27386
4905
82893
83968
64501
92969
74927
28242
25787
96121
73363
36693
86650
15669
97346
27664
37907
12771
84148
12409
72569
48527
35550
4411
32627
10351
87554
95314
8274
45695
52094
284
1881
707
54084
69789
95718
7714
68893
12634
52120
19972
4970
85586
60439
94920
89290
69976
68581
38830
53804
10132
63036
84054
58374
7931
87793
72677
24273
66034
79373
72416
52076
29608
10234
51187
85837
57223
64965
78796
71047
14181
29535
9320
84557
9205
44509
13427
1315
422
89583
54917
27524
12014
12187
49346
78669
55857
18433
72910
21729
42563
14256
78959
54894
35875
69828
40056
20240
48464
99056
67219
72865
19909
27178
14366
43605
56310
32044
78653
74755
60142
96644
88137
40057
19559
40379
15212
33015
56779
32845
69530
10390
37825
45534
74877
66058
58731
6397
88029
39287
48545
62720
76443
60751
79121
40831
16681
16183
32665
94369
44487
5484
70807
27075
53925
92716
239
66254
29552
97530
10743
25363
56350
42948
74571
35725
92392
20481
64165
29542
61626
45176
98217
87337
28682
46316
13674
24054
7928
78483
88063
13620
25442
15545
92693
59749
19929
97711
76482
9893
25127
97160
29264
91906
19819
63636
93877
20344
69289
96768
73602
14829
53322
78322
41445
75682
92001
25024
30496
53509
12686
91347
25030
58656
44368
51615
14033
98208
42243
13575
55882
50784
44676
88390
86478
62699
81538
30170
39554
71923
21628
79514
92122
3123
47173
56331
24901
25554
61902
85690
49688
35709
34661
21063
69088
35243
61582
98656
15665
37683
2987
83047
81027
10639
13629
15550
24850
30999
88537
83461
57667
71812
86110
25499
15057
82203
14851
35343
66230
24664
80816
80204
67980
79860
89756
19803
42836
6798
12317
61503
9932
73758
87837
61955
88681
87009
221
91637
19034
10407
98418
60570
93770
68653
67362
70698
85686
51301
62172
912
34628
25000
37682
23041
37192
89342
38893
59548
6136
76360
55042
35712
62121
28848
25788
44111
92304
91204
38517
18075
82109
12470
8766
48026
37336
90798
2998
52326
30681
1125
40387
2758
84094
24900
92853
29574
93455
12435
43298
24151
63784
5128
84248
10060
67622
99085
40412
11821
53996
15244
84817
11874
68738
59173
92890
81928
40485
51835
72698
84797
60681
97979
26471
46924
71808
31254
71902
6062
2807
30500
567
49379
26559
70777
12806
6319
43243
89049
89204
92939
58186
94083
94269
55464
40857
16524
74682
13974
50314
36121
3789
73653
17355
39509
37780
75566
76597
57207
96568
62824
23383
26158
63742
49522
94373
69736
8241
99217
32254
44326
79423
29934
7004
92920
80781
61315
64305
70039
5218
87907
64939
20956
5172
16557
25815
48358
47731
94932
49324
57534
81557
22374
14490
66784
40538
21435
11131
31251
83530
86974
66025
43522
63167
77142
55747
33825
68035
11908
58848
35314
51043
79646
52893
14751
8036
85386
29191
46291
82435
64591
78572
45259
37307
86092
23569
30496
28078
15104
11123
18062
17757
72033
63025
18572
66097
5007
56989
96951
86712
13922
65048
9094
85519
81050
15106
26197
12850
59170
60406
94939
63349
44338
69784
50734
71556
26522
40200
77403
80553
97308
1352
67146
15401
65800
90086
94974
23214
63712
3088
8068
38186
70750
37311
22648
39217
98880
36566
71656
12502
20358
26045
66556
88881
40045
98677
93219
89130
26421
54521
47512
93793
24741
42832
32595
93135
20842
69366
89486
538
52899
19164
98851
78279
85592
47619
93980
7751
50161
60840
31244
37892
30475
36383
72088
45038
61367
20052
13430
39790
9489
17252
13299
21067
34938
46970
24372
41880
9890
8534
38160
77924
33509
39351
82812
30911
52937
57589
95896
74688
10297
63252
92315
62347
74018
9515
22122
69924
38131
62878
53122
76368
1555
53457
4125
55468
76496
67418
38654
53218
9225
10983
73671
25070
95461
15629
81700
79668
64315
29459
3576
80132
86090
71211
4944
69435
51049
92864
86872
33129
58435
38368
24111
62873
27492
20347
51485
8644
98763
41812
22935
61646
11642
63351
93946
76222
61851
78563
36312
7591
87541
35026
57066
48900
30998
29395
49244
60742
56455
75537
46352
86955
80560
21415
29329
93837
13901
12097
97826
28383
78347
38333
33315
91125
80966
44919
90802
87308
96633
28146
33501
86793
53295
63979
77959
57365
69196
67725
2671
47566
73200
32722
24668
57656
15952
67754
94076
94893
92641
40038
93378
71133
23202
15188
90690
17291
33381
42699
20994
2494
90526
89980
5864
19029
52484
15256
66189
4239
89334
22298
67408
70357
66433
29037
3910
92221
8925
81834
63922
13896
40196
49113
42083
1390
32139
60717
88101
85482
13189
95535
89245
68369
23692
69160
68842
64228
44177
5044
21823
9221
58976
87156
47177
86813
7500
60537
20014
58970
21827
19102
72374
74520
84193
77714
11646
43697
59349
44404
81558
87984
8170
58708
15032
78069
5012
66584
36057
76466
38256
16188
96353
99215
83035
40380
57054
99621
21180
64126
88734
61529
1675
50983
4989
41110
58853
98912
49882
44496
59480
49928
28027
78196
90016
72019
33073
79817
73645
36235
37075
77001
40205
33423
12454
18010
69941
65630
50038
67423
12202
90636
35115
76242
86280
82100
30236
95671
58835
91255
86614
45658
18825
56000
9725
59493
76885
50852
71866
20026
21698
56487
59753
29047
66114
5212
8661
59426
68281
63166
30336
2351
32193
28105
9000
87393
34902
8588
23542
92790
46019
70099
53268
71714
63554
43687
48702
66261
88122
76020
83321
83470
89011
97519
393
53504
31610
1225
89599
73248
64173
87792
69428
67260
44214
42455
19425
37495
73607
3860
32165
57077
89260
74357
74387
65389
63722
7417
43067
71646
24370
42104
41893
11454
81616
61441
30871
15860
94896
70693
41460
92335
49206
97793
41352
15451
96092
88208
16895
38377
66388
93934
82399
50751
86608
91856
94426
81288
21333
29774
59184
92421
40387
95635
83820
30766
73313
91605
92827
41676
62768
57625
12634
22804
37241
15987
20071
13348
74255
61809
61264
69262
58082
18543
55322
80264
19306
9933
32802
50694
96111
84399
28987
48676
64002
40128
27463
51193
89471
33514
93938
82639
42289
27334
2555
17694
64980
74639
6570
23909
25621
40282
86116
88278
44155
88324
50409
61582
21858
65243
7732
32450
76487
8796
30472
68460
18191
43382
47970
67101
31447
94487
92251
47371
13582
4577
80196
44023
98339
34632
12724
79478
26115
10894
58944
85606
79309
8974
18705
48032
69980
99645
90772
3059
33423
27918
47468
83693
10868
63272
92944
16966
15582
35847
17562
74489
34907
88935
30963
1203
80672
92190
13343
38534
58859
20360
50912
95349
61665
2713
68185
68303
52227
46428
41174
32720
44668
48129
35843
50739
90459
67467
57351
44131
18835
76616
93644
85526
11424
68386
15140
71440
94347
7535
63302
65774
52617
793
62906
69789
39849
93478
73096
10085
86705
45331
63786
58955
9184
25128
9539
41543
25901
23425
53731
36979
26738
29207
25720
50433
6393
52048
94843
31128
33143
23666
642
77236
75811
36409
42824
40546
67385
58192
51584
19151
18406
29692
32480
68783
42138
12245
94846
78907
8950
67039
16683
27325
36939
36473
73640
10309
45610
96320
32543
3871
75622
49470
41670
94840
10471
88740
68020
29382
66278
42801
70099
6094
24708
39587
90456
89115
70608
83334
13367
90397
64630
79144
61708
441
89546
31290
27014
65182
25358
47713
14910
77918
31496
21489
97157
5985
39425
56139
64156
3939
35301
80819
50294
1863
61962
68885
87210
97298
20665
18063
92597
94923
58910
43098
3492
78583
13646
7549
77909
77909
4403
70848
36638
79081
13262
88266
72007
75594
89960
9699
48519
54030
23176
25942
13807
18949
60949
6407
36583
31867
65650
76024
91500
35973
19780
58771
72467
51532
64435
40608
43477
9467
5141
54793
40699
29815
4247
72639
73836
84226
13457
1419
4859
85603
90380
48274
13440
34571
90587
76829
8233
38315
18509
45352
85290
9611
53624
9661
52486
61784
64702
1865
11966
51770
86430
11462
84777
23543
36569
40418
23534
23059
68719
40944
29244
60452
21074
10332
29732
67476
62260
83089
76571
957
70930
55270
16455
24376
84585
43796
98893
14928
43060
92430
25007
25181
25859
41478
7451
32141
40429
32898
42902
41703
22204
33092
54762
57998
62151
41358
84319
81126
97414
76052
64788
78971
99923
63327
31844
13270
30738
37151
7370
83578
3882
13593
64528
66910
33719
97538
6068
7985
20006
11237
90281
88264
12346
1785
52800
83459
52701
72052
59631
52337
77398
47081
64318
31202
58711
61827
52013
68846
43384
58612
23237
18859
37176
99863
37735
26035
77325
680
54507
7849
67582
97585
81231
36460
77611
12040
72300
43009
19744
5909
77823
69647
61114
36155
60262
58204
67605
383
8484
73409
49083
8096
65824
9722
51639
73112
87181
19980
95182
80239
65078
61488
29476
76045
49951
61313
47233
92626
76264
51144
10990
54700
55056
8945
66491
42789
72965
85984
20835
26674
4226
32041
34529
59091
4092
44485
8842
75987
2726
73092
94606
64343
95004
88168
97389
97618
17748
27379
14146
22651
48201
86052
5966
85031
79871
59694
29880
52037
48227
40053
80178
26263
87443
12100
93151
17480
38031
86085
25639
55217
77176
1892
36342
74451
92099
50607
69612
8541
59583
67914
32388
11798
47829
89332
22125
6213
47148
47176
18907
76199
66212
41528
15130
45381
25617
15375
88455
14403
95619
9552
64134
20996
13604
45664
26944
37170
85605
62920
99630
5215
73012
82016
97689
22716
2723
29708
86420
17805
69669
60462
10068
97951
78257
28269
4733
5286
35515
24140
20829
61630
80223
15326
40262
91600
91373
88364
3094
21756
38704
18183
80244
37232
15055
6377
47940
32656
68800
19403
98132
25290
45025
12189
44576
97437
79459
43632
1048
48963
34403
95238
71498
92548
91974
46058
56513
83054
20572
35531
21635
93842
77398
11811
76979
43237
47493
81504
26171
44233
43658
29007
12146
85235
51869
45421
6921
21958
35084
15978
29569
44351
39033
58429
11681
68125
25919
95951
13969
53112
80767
19758
78451
68291
87885
70668
59626
62707
6494
41723
90474
86857
82178
72281
72741
12645
79417
45866
93954
55003
26083
64525
80909
14794
88525
48046
19638
77402
91755
85691
78967
68447
95468
29146
79527
85612
26869
19457
49000
1254
74064
65474
62559
37135
91686
63217
49590
46362
763
32363
99445
71149
1293
54320
91247
69640
36731
87837
48566
20467
34546
36236
7431
31883
63881
36242
6158
67753
12560
4720
126
39258
6644
46451
68866
80609
64499
38986
97486
48927
2434
8101
71770
79653
20803
78678
68518
45888
31047
56434
85288
2150
4436
32796
8469
36046
52573
36190
27697
9520
20936
51928
21116
21225
374
59159
24802
30867
42100
32221
90577
57903
15216
99933
20016
6045
76274
15838
71810
13118
74216
42000
24092
81527
72291
82364
815
62608
90090
56470
22362
33152
33157
46567
65637
91361
71128
96760
26429
9831
62884
52888
53235
28343
90345
20168
62242
3829
99701
90596
49767
33066
58967
5672
82074
79562
59897
16433
20528
35403
19764
79873
43927
94253
1721
7302
85431
26097
68642
18609
94690
65556
44332
81751
29477
59404
7725
32396
23838
71095
777
36792
52146
92665
23975
60356
26947
29981
47753
53398
40006
83211
92920
69775
72112
84706
83228
46776
60950
2321
30780
13315
3208
46395
69736
4861
50284
60103
44552
20600
31332
65787
41161
79934
9870
55601
46828
86879
37219
64782
9613
14974
93171
60894
43531
75908
70244
38733
86242
57959
32227
19390
6465
1883
44057
93851
32012
24608
90029
57640
83836
9643
32291
85473
4741
88321
78586
14645
96710
91774
25348
55887
84599
60181
24576
5402
38385
41766
74083
4035
44613
2465
40373
20626
59020
15345
54037
14966
126
41884
50445
79489
69154
14592
6466
88860
30545
51124
89645
24988
3797
20578
29076
58905
19623
78318
36707
69418
24024
91882
58861
80088
39362
81851
63801
12099
65142
56791
98737
97981
70420
21968
70600
82923
57039
77693
7512
31954
15257
32284
49291
36827
68986
71619
5050
93821
32219
68654
15657
95996
7670
82264
43347
48977
28885
72921
8540
99374
89897
87648
23884
37565
55307
77964
8621
63481
28548
81800
77199
49351
56088
38563
43015
12658
44400
55489
1053
35995
92056
71483
30512
25145
46512
64231
73697
16461
9419
15213
23013
41010
58515
83133
49598
12104
43575
67603
72142
15952
43319
89865
58618
39394
53756
53239
63891
13897
18113
3158
14471
65311
22354
56068
82304
92635
2206
97636
80188
3461
88943
68354
24029
45477
5520
92430
98149
1313
551
17275
60261
61683
63599
40469
36848
15580
41950
31639
15988
15187
88503
55664
77776
68748
78481
41195
24206
81074
70042
33851
31177
36809
97636
74146
52881
81597
34141
54925
73123
35343
67120
32007
45853
80433
45523
15624
20515
5831
8294
63847
7305
56778
95600
64680
94756
21408
27956
36998
95107
72333
63099
17272
56925
48310
15209
35713
61753
4800
15566
67401
61570
15226
36239
90282
88774
88642
77198
46057
44099
83926
47395
36915
10696
24259
5659
32958
98231
7161
80593
71007
70125
21276
44685
92172
38803
65918
66715
16185
84867
87530
19227
58859
52013
19693
60163
28279
13766
25592
224
75038
66077
28198
64758
12987
16512
6001
74594
98395
19537
24988
1331
38640
25796
83221
8620
11398
93201
70983
84174
10141
84910
94823
93621
10609
11184
86190
30754
98876
35063
54094
19590
44148
65173
14666
7583
81090
92888
33025
47874
60470
58829
95835
69002
78286
79352
89686
73762
88776
95542
80272
12670
90919
60622
4339
70495
60647
98069
98153
18113
40201
98930
98119
76458
11551
14176
47882
83723
51054
81936
11413
20951
74919
64917
18751
68466
3210
19648
97173
47850
34253
13750
51785
56495
63582
86070
56873
71829
70062
80529
49071
52807
39088
71063
92064
79349
50482
54601
17539
90985
71066
97442
17049
9413
47392
642
60221
26834
56432
83521
24281
23391
4009
92121
8481
42272
44275
15507
69802
99307
69202
64635
49553
61429
27865
88557
11340
27263
61313
90710
25859
19635
88908
75209
27341
83444
18873
94799
15847
93946
78919
51148
2436
88500
18497
55793
75127
48764
85633
38800
95625
60245
84385
61309
3643
46705
16395
1931
32314
93291
4813
43641
24797
53422
6806
94627
92926
71384
80096
40793
17187
53657
32291
29642
25341
6012
73223
81108
36216
87670
97063
91806
74945
28872
98079
81211
68738
21456
226
1701
3922
5095
99140
68455
87414
28883
78178
87339
76210
93351
37343
9897
2546
63886
27260
15853
76260
1797
77378
56094
8791
86659
85345
69833
40690
69711
38203
91748
75783
58689
61858
25631
65157
4067
54866
61116
31031
68802
75840
93547
15708
60825
23176
83351
48213
86238
54506
2996
13300
17636
52184
82513
23560
2734
13968
55529
83796
64229
32730
14785
96189
44860
25464
97553
81441
59332
81792
3819
92726
60700
50094
11592
8450
45957
10996
9174
7094
61677
63361
70241
47552
98407
28933
87768
94174
23720
11235
89315
85493
40690
87525
93803
24778
73827
26280
59030
95976
12196
75282
700
22134
47737
19693
31784
27498
67097
81357
58535
92922
709
2669
70380
35959
67923
64339
7328
81991
15066
60174
45195
7635
34438
51074
18025
38166
84266
42029
34220
84330
30580
23180
52881
89829
67488
92101
52254
2726
85170
10357
89721
7870
85983
59850
62855
11032
61577
74514
7504
28988
28346
14671
58169
81634
85893
32744
2865
44354
84061
82640
12719
59173
2186
78662
65199
34637
31586
19992
32630
51781
47927
67108
4612
21735
40458
28964
44790
29541
66520
84501
63965
18273
20562
57149
96610
35121
24536
53176
93038
42660
67379
30892
51778
86497
46801
2042
95631
2328
20576
15020
63437
941
15468
18637
99899
64898
91683
57598
9924
82292
97060
56596
95986
65433
80282
50299
73463
1766
92536
95260
82263
82325
86088
54094
59334
2158
11223
55404
42488
57392
42052
97978
23571
86319
74934
37425
78375
64967
53518
16923
52268
59980
83038
36807
97791
29634
78063
7970
4329
65673
70310
91973
18757
42826
79219
9512
90860
88556
17937
63856
66100
1417
80217
12312
4200
81759
28590
81201
47669
21243
55606
99541
83305
23262
8042
90185
15083
260
71928
52692
75273
78700
93033
19128
42030
70993
19362
37832
69207
9486
63518
72333
86680
9399
59600
35577
88763
87363
31656
98035
99090
41306
10650
41602
69663
83679
45230
67957
1893
6001
4075
7851
79399
87894
87244
58906
20385
2841
55709
13231
99349
83724
15109
66222
81164
96231
40105
73041
93094
17230
53133
61004
87916
36180
85143
98731
90505
45908
61380
86732
99690
43293
29336
31961
56639
16941
21988
63019
20673
49700
3985
62543
49932
21453
9586
92749
70262
55856
65333
547
82012
37429
18802
57112
61652
16153
10512
61453
14684
60776
7471
10193
70063
29121
39677
84717
17719
12187
50861
25559
59505
30267
48110
68922
19726
52120
88221
88325
8160
61587
39859
66323
38214
46444
72324
50627
23591
40565
4061
58679
7420
63584
89416
33816
89774
24535
31555
39942
31113
26111
82405
41780
17170
69661
34367
91242
44113
12911
72193
23766
73240
33466
7019
87139
38135
54646
11531
59607
87470
61871
29506
61295
46487
19228
30887
98490
24402
13986
61154
95336
21329
81230
56105
36972
31236
47089
58370
37511
98412
40729
14457
1734
70056
72135
34214
42250
25925
12855
62909
8513
86655
16622
53477
64878
34847
17527
35319
14206
9950
82115
91979
7453
72604
33163
90755
71946
82098
7546
2930
96499
93707
53837
33043
58664
65641
76686
15362
8612
30641
56337
45064
61108
72552
2720
68667
47312
54820
1337
24787
34158
30689
20161
70377
226
67221
40043
26825
38005
71032
59588
57041
66142
94117
68357
94156
37329
77219
71112
72590
9885
50846
33920
31537
5329
10470
44404
86138
82859
76153
39165
94807
63138
84472
72689
56486
79353
22969
79262
54651
85038
26941
20727
55422
99351
1107
73675
43367
10734
29789
54007
24149
80325
7979
34224
56410
51988
39039
64593
58491
1177
36235
73702
50446
61810
94048
956
82893
42431
75622
64400
80265
21248
48670
3365
78859
56024
25276
49186
52502
17732
60305
88247
50370
52369
4203
1354
55392
84515
19427
23068
83301
897
48577
72507
67543
62101
16731
65074
37167
97869
91025
12610
16606
35590
26426
85685
81074
71860
25561
22427
27871
79272
60861
44648
15038
50811
45590
45853
32430
7761
90471
66830
66270
22303
78992
42932
55240
57732
88056
79682
84834
31425
21495
38842
75131
29730
25699
95695
55957
35917
14318
79915
20319
60361
63317
39599
78732
77957
61400
55087
78658
44530
29006
88695
51265
21733
93424
51680
13818
10295
69859
43983
59866
98534
82121
99647
69595
31605
40188
71434
801
41664
44982
19071
65913
49076
17201
92168
22833
34735
7974
42824
484
97300
76400
50047
25799
14997
10842
35977
68074
4451
76385
54958
75622
13441
51508
82435
46578
20504
68776
55887
96932
12386
55542
91707
81792
86249
26004
86142
83464
73714
15414
76141
69074
83939
35961
73698
32427
1127
51018
53740
40200
58892
16415
92056
5054
6742
91484
80428
56828
28251
66543
89930
92917
35949
38248
35873
5397
13043
52915
66154
21444
58851
17971
51312
9252
24850
78207
97838
32352
80551
30489
89867
18963
234
4056
46819
45702
85177
43945
18669
15869
77134
46825
80887
29783
34936
73402
98645
75409
25606
47356
31381
90740
2000
69803
9619
78017
37301
5272
27109
50345
96985
82138
6117
49519
24592
187
64659
36116
80628
53588
91392
74910
52654
84585
68969
14160
28220
83387
10377
34524
17341
58488
70647
16259
15803
19043
41230
43733
56106
14061
49086
3581
95522
14840
92776
30254
43119
27768
71370
44623
32240
3964
40733
23080
47325
99072
55215
24846
91161
47958
54751
29182
42824
45009
27681
49619
23923
73302
97931
56995
39055
79489
21126
83355
31862
33566
54809
90702
30519
63172
91713
31170
95046
69808
85791
21093
59098
82340
99119
44924
66167
86518
72544
49799
62447
63545
78476
37718
19594
96761
45670
73771
55402
49335
27554
59079
96
49897
12170
24570
5003
58661
37635
36775
29579
24554
7285
78887
12759
10791
67335
41515
21399
64036
98197
5838
13829
70039
50976
98666
60195
96259
61342
1811
21097
22702
32800
51069
29666
26760
7656
19956
53191
62191
32731
78479
85227
18054
54101
82221
66532
37415
92612
3337
74613
92460
4040
97561
65517
85581
79474
10120
91266
6168
24495
70613
42527
28502
85360
71850
67336
4260
82323
9438
75836
32829
3652
48885
92145
25335
63208
78744
26207
91276
20991
41399
85796
95324
5305
95157
62324
3408
68741
7291
56308
59985
92849
56968
19101
61170
15281
70224
60221
50410
59531
98388
17656
15911
80005
39221
97588
73457
77787
41449
81584
30501
50996
48406
17901
20991
71160
6428
56834
20074
57887
53881
36060
19395
72655
2236
43796
8054
38564
84597
21862
7456
77297
36833
58363
42662
8610
84923
82158
4935
62400
33374
78877
26487
66439
33648
93625
73822
43935
30380
99736
69954
73184
55377
38879
93314
36697
94341
17140
14563
79465
49170
62452
27946
41734
19196
85135
15117
57844
82121
40072
74720
95993
14886
43614
38482
80103
87967
7559
97815
47415
76916
25621
69867
17981
51494
13672
10233
65359
39011
3836
4878
95738
65281
44858
88854
83080
73338
32458
54857
34179
33569
39369
58562
15090
19815
39291
52931
24635
64905
22406
48526
96589
58788
17456
16416
70125
19333
12339
43439
53038
35880
60119
23514
5120
82341
316
5793
32173
83667
16998
32757
49905
61164
24971
77131
20438
9154
31455
41292
9897
49330
67188
37339
33218
69481
32640
50337
61894
16745
42776
49379
17560
50169
24343
52143
34138
38285
84127
38742
95061
32113
12381
69697
87221
66047
40064
69467
43892
6029
6743
42859
19596
67902
79962
42265
87670
88578
22639
91761
355
59122
76012
75577
7072
6264
82197
42751
60585
27092
66767
67698
7030
83572
97761
42059
67307
60427
52402
88727
95012
98512
78792
78750
24528
94535
84079
94649
85172
79921
75524
66412
12152
24556
83951
50949
4269
57806
16322
58684
12870
21088
90029
61243
45369
70779
34538
67543
45286
39780
14486
70955
90056
33480
6788
93407
28068
6641
75726
83282
95974
12828
25547
86637
84845
47891
53585
14713
35369
12520
39703
95491
33984
6389
43219
45679
16916
88992
73646
28336
83400
19374
74984
86523
99022
92499
51279
45808
24818
58152
40508
71454
66447
77903
61288
88064
64455
95661
31026
24964
13104
26048
83761
77816
49898
51780
30796
8882
13215
41267
63213
8468
83128
39275
69803
1936
33873
65853
15987
29652
30466
4915
2082
14347
37919
19126
22967
82087
74298
39086
96242
71927
31382
2963
31288
12192
16461
8321
9524
52987
4255
10694
67578
66450
4780
39626
73032
39277
72083
31985
57981
48837
204
97894
77164
98145
29092
46349
10947
30086
78675
67085
94187
56746
62116
75287
67646
12297
9625
66354
21180
45037
9222
5151
70747
38743
89376
31513
33082
81359
33087
55998
26392
93520
59688
45185
65203
23065
52017
86022
20398
66829
89389
36987
32541
32621
11145
48027
60962
30580
86967
3505
39681
71207
2569
89503
78823
24363
36996
88143
78499
82835
44275
24658
21347
73556
59008
48675
26013
40079
26433
26809
54403
78131
19043
75294
25611
88942
18240
21275
15435
73353
25690
16561
79037
31940
36530
83240
85583
68371
24491
28882
73502
45391
32527
23406
18941
89397
72166
17444
3281
60255
25432
88040
73743
4984
20980
48760
22391
34858
59388
12103
54253
97673
84085
54880
4355
22252
69249
12368
34790
11133
35033
76465
76581
5703
59334
73338
60461
36383
83852
10692
37003
58995
78716
63815
96756
89711
71377
92128
50789
12826
38928
31561
84220
53812
10101
81318
83046
30787
72475
54330
34805
69527
96105
95929
45645
51852
68939
84262
7726
42942
68619
46895
34399
17115
70319
42086
47476
35688
54733
77729
68094
14757
29168
20761
69976
38452
78779
86388
18556
68439
66060
81641
62302
96000
11622
92100
74763
55738
18046
34375
25333
22995
73529
34314
94358
74139
27138
55600
99586
37358
15144
29293
3847
70195
10570
51692
74142
49891
13806
19889
50262
96210
73421
38942
10335
59854
23423
43040
78875
1866
10326
23748
63966
37313
6059
86687
30489
9571
2997
80879
6922
68703
44901
93301
66322
77643
53205
37319
23106
57222
34010
82341
91460
13692
78284
10129
39981
57421
50994
50144
89467
26086
95059
93652
33369
56605
88144
49523
64899
6838
49941
36659
27800
51012
74484
36122
71052
719
17282
14486
48002
24482
78745
64640
69815
73682
62964
26613
3882
19340
51718
58541
91817
88512
48622
86467
87177
38191
28392
79485
26935
25970
30690
72250
54351
79437
33275
35316
30344
18989
88870
25087
5664
79826
21443
75045
75518
18220
38073
69036
61137
69463
28103
57097
8922
64764
73079
95150
31714
37018
80045
18331
72837
8298
12482
99845
75762
93520
53389
19998
52728
39463
36936
58606
15887
48192
98642
52470
6981
17528
85085
45346
98453
75318
68282
10466
80508
631
79337
65433
89542
38433
45550
97321
10180
44530
60493
5901
62274
41046
16608
93408
48655
68848
82341
23620
21505
88052
54656
29188
13842
63083
80993
7389
20655
1266
88466
74183
38227
74314
72216
90347
94771
11461
1921
4312
69676
15280
86150
49482
97652
11398
58874
78219
72648
66438
99379
56310
12904
50716
70825
91025
69635
94631
108
58381
75615
42636
48693
57569
16083
8792
61001
99135
58260
92885
39572
77666
1701
76084
65111
33364
43130
35089
94380
85094
5185
94639
75640
1703
5792
31221
47542
7394
15108
94334
93093
39684
50971
1015
58550
89348
78428
59570
7972
80977
84379
90315
82436
62287
65519
38722
98645
64019
12850
61111
55194
37846
69712
51942
59039
58750
27384
16652
17871
95684
96321
16935
20973
68718
19949
67185
64761
60001
32566
66347
70643
56506
74840
9771
32616
40411
93692
16939
22324
38209
20145
71846
1880
78793
56801
72847
10515
15491
39847
17124
16939
46700
97945
86601
66616
96859
48983
28419
60444
71292
56201
53055
82416
1870
39271
88132
20121
93616
52156
30786
932
77327
60187
58885
93819
1119
84855
6633
83381
56203
97258
58948
40317
85285
32676
24625
2075
67084
5134
28073
46431
81757
43977
86997
64944
80886
93051
37911
90028
62094
48186
61711
12463
61715
5006
93493
24994
46639
50281
88835
99629
14961
53051
71361
22581
27291
98233
80371
40888
63493
67145
60717
58370
13281
16499
15493
12980
6357
22721
77851
57965
15492
97818
23344
14740
14688
42195
70858
64641
16500
17318
10293
78488
62685
66397
34199
62757
2568
8920
39700
38712
85063
82105
47717
19495
68621
35947
40489
842
57334
25310
31187
86992
61036
77012
77631
54049
8040
87120
82176
46234
35790
15759
68078
36250
62955
56310
48720
13824
92211
2772
67198
2057
21442
3360
50467
48711
71608
18658
59940
87944
10040
97729
142
10593
34437
98886
57460
86505
52013
30262
56874
84262
4348
4016
28839
33900
60194
92185
60907
72451
33617
42670
84303
27923
33517
22590
63393
15453
60570
2252
43706
3826
78648
67436
29601
45765
5310
23942
23913
44743
9773
14934
90584
84263
4153
30193
16231
51402
48221
40777
88717
92179
65291
56963
52680
81979
77434
41959
51775
69616
92074
89822
5255
26739
97405
15885
92450
90657
50225
52028
57478
33777
49294
37694
39745
65328
26573
21287
55955
37364
29019
59556
80330
89010
26763
7070
15036
33754
84507
54393
71999
21371
97251
75592
8050
32387
83205
83497
50060
24391
96351
62734
10132
75643
83747
94264
5290
92457
38620
52738
13054
90205
53680
80540
99944
69369
21273
6185
37996
52615
81802
31062
70891
8904
78274
1167
89966
61618
86403
67524
68246
65579
19465
23112
41711
72654
22618
94268
67092
23517
74436
17175
80615
11706
4075
76509
62513
763
81223
76007
63754
26043
52275
60321
64239
57116
9671
99340
72002
26288
51392
5028
59306
78938
52141
20585
30674
78808
38841
86931
1348
586
16606
11815
34721
63761
67053
55743
15445
9393
22461
23876
26285
83241
42410
75733
76077
62089
81139
29696
81129
31627
34990
3591
69806
98826
84313
29131
25162
14764
44947
36499
43152
12244
17421
31638
37552
44751
61824
63356
56663
34689
62715
7364
93774
99687
53907
41653
12154
54992
24180
72528
15107
96860
84468
80626
64661
39517
67485
47965
39928
21072
6531
18062
11923
28174
18056
19136
95970
7568
10986
98633
87639
12695
7531
40951
48025
93917
41447
29719
59364
59513
71858
49709
91057
69367
61768
94142
56701
42228
70963
29155
88014
89864
24730
44602
14636
182
96424
82726
20760
3219
55882
74506
88045
99133
58813
15560
33777
93600
56534
39219
85487
25261
62632
99652
87432
77039
2201
86543
35787
65761
10187
41184
27755
52410
2903
31880
20780
25653
478
29653
9661
85612
36826
88614
15242
1543
13620
95673
34504
64830
64381
24666
6556
49313
88836
65319
4545
72937
6889
57831
62709
94176
88055
60684
37982
40323
45098
30308
24039
46931
25571
47465
32707
42974
63864
49434
98364
41453
94507
82707
76765
51455
87013
73881
46330
25399
75732
54781
64080
48098
24299
57664
1795
59657
85137
99785
87560
33161
90623
30204
18245
52470
56422
62949
10316
96555
40514
39574
75089
46107
29759
74511
30763
21119
56520
3663
82142
59889
50557
33967
44929
61561
72045
54860
78759
4573
89175
77774
45390
14132
83449
67380
68537
57361
90042
10616
30665
48783
87436
7072
71932
82281
36487
63871
75466
93901
21818
6061
58370
59753
10122
9552
98457
27482
11887
38911
66907
45482
76432
96295
24670
71961
89437
60041
46514
74042
85376
65651
22746
94033
5299
8166
10577
85040
37225
55913
94626
45625
39479
63618
61158
99038
85073
17555
78610
63209
44959
40393
27525
4915
7615
67715
28493
78632
37316
4924
11805
56178
87335
43391
73290
49251
22418
96377
52051
5949
1511
5190
17978
80087
11508
6032
45584
92803
61498
22012
75172
90570
30719
55361
80685
59846
48376
88527
88746
52022
77839
2901
2717
49827
54098
66465
69839
90272
25159
56829
17126
65292
99485
16821
58228
49542
25939
42252
54528
75989
66940
11153
91658
54083
21703
72025
89502
50646
47398
54176
91801
75886
82670
28835
44090
55533
62648
66968
58889
55502
1503
47001
94608
93011
96493
38832
99591
95031
61407
80836
69303
87382
47801
27458
18677
85385
859
20601
7896
94138
29453
32042
86311
54351
81021
12159
59037
92588
31582
26968
50107
90081
38773
42722
41618
92413
98574
31148
36437
31184
418
24052
19302
68387
59703
33817
29963
60477
34356
78733
1076
84236
81967
94167
66946
18615
43513
98284
56933
8375
39436
42230
45014
44004
30803
34513
74205
19365
5565
26495
27302
10460
74939
98858
77361
87093
8623
54157
9689
10817
20579
93075
26190
7039
3856
36249
88467
10777
485
47364
68495
74665
8364
13705
17926
57825
66309
6628
41527
84773
69021
67000
46634
58320
14657
37968
2818
92385
26761
36390
74225
61291
62396
77401
94706
13740
53667
94181
44205
46870
26737
2679
41367
40099
67070
15350
73975
88368
50854
81885
91745
58608
58354
18162
52861
45482
27755
49908
96916
52082
17978
89113
3046
61484
99038
88933
70928
32610
23282
51858
80620
18123
86582
9132
47677
38867
49072
60635
80572
52762
38950
34353
10109
3769
85628
78418
66204
12670
30594
59754
49682
18951
89109
53491
60499
64559
70327
34690
62540
63457
60497
81925
685
80839
63954
82002
7862
36142
35176
92746
79982
17703
92156
99652
53772
66844
61325
14000
66342
3362
94824
64664
43529
85108
54576
65780
74560
46997
37242
22719
74606
84609
21760
57476
2916
20167
65054
59159
62336
88922
24212
8519
87602
83942
20830
45259
45916
85316
37573
45992
50013
4851
44816
73408
67700
20612
43539
89514
18675
64243
90478
20972
23184
95402
33005
8398
3158
52498
57930
93555
84496
71079
83778
58422
203
18404
70555
73924
60833
30068
92282
17179
78429
52806
10787
10000
63725
85262
68395
95819
67975
20611
16738
71375
28818
86338
61938
80022
50126
92335
70786
74613
27265
78487
31748
63477
24536
62869
77613
64362
45357
5598
96399
54172
13825
31430
49615
71461
59871
66244
6673
89391
50404
84937
55521
80451
24811
71269
20763
70235
71078
19971
62898
2524
52592
24288
59352
17563
4805
47986
35304
66023
15438
82128
8592
69797
26797
19063
36541
93866
16376
58966
83789
37321
72900
13973
26751
43081
83951
60328
21054
29684
89647
89126
97930
29675
79057
80131
91370
65722
29750
11720
2984
59130
57602
56585
96916
98011
62639
68986
28218
72388
6458
48093
93071
54193
81400
90078
45733
39081
93080
37988
84603
95448
37326
87143
51886
46867
16397
41600
61567
45179
29753
94362
7448
27693
76154
58272
29958
20967
97969
27989
36241
81558
72651
12073
90625
33159
11159
28625
12364
65449
10528
87255
70864
86926
16727
86127
73447
6874
49183
44258
90744
53515
63314
33276
96905
65353
56266
47593
15753
10921
87480
51919
18847
6109
98127
91754
17869
22661
52247
99028
89653
86490
22907
34143
2275
11698
55392
14905
78507
96481
85714
58727
54105
52797
3343
88806
45742
67242
71791
49816
49111
69839
61583
29997
74511
55372
62380
3063
56061
59046
28236
89110
12936
58524
96347
92147
28985
70723
93315
75751
91261
10434
2332
67493
37075
98385
20145
80207
63345
69068
31965
29146
12306
15343
19033
5449
33641
43901
6883
62231
5057
52706
89750
56285
26111
15423
54209
80483
88728
98690
7807
83056
97032
94005
40001
87444
64945
57086
89082
75544
3522
82188
18155
82960
24688
110
59498
16507
35282
68291
54800
83909
16282
27599
89215
40546
16998
32176
17118
87877
58883
87200
65004
19170
79295
57245
42052
87077
3566
52520
42742
50026
45265
97201
6783
83309
87630
52267
86481
13605
60823
88118
14463
25543
4029
45367
98978
48697
46260
5240
15224
28106
32463
9062
2922
36019
14971
20242
98109
42624
44872
64880
5342
60094
79881
57257
22055
769
5666
5136
86804
26451
13014
99480
30771
39688
99026
40492
55229
40592
30092
30761
95551
55056
79196
76894
93850
22531
80571
43286
29314
97520
49010
52743
17626
44811
29596
19512
74107
57699
44204
98977
80603
95150
83388
39112
34263
69246
92944
53838
58
34102
39297
42821
95584
51537
69716
68694
95616
36632
98361
35980
97370
55490
23111
1954
8935
87743
51553
74516
38296
6970
19536
68769
53826
43407
77469
28856
15624
68412
91974
12051
56265
20873
84838
51078
11224
55170
79646
97525
66266
80456
93302
53275
7158
59539
14647
92172
83623
95879
68951
99534
990
12395
36168
8107
98260
26817
14118
39822
44545
89232
44062
47807
89156
32396
31142
70148
33262
11405
24535
49777
43564
14848
38806
6404
56997
54029
1200
51629
71690
18010
65528
25008
54077
43977
10193
28344
90309
38474
45145
95141
45798
66572
6862
38914
81313
49416
37948
93952
90003
9555
33988
29128
45370
25807
60865
76434
87045
29779
1124
95039
72027
62185
48514
3921
38197
35084
21396
27136
77036
38876
95692
51548
45485
30949
10554
29919
70004
11936
28226
98744
90016
97474
87496
15563
8014
26115
21838
45606
31407
46457
24638
79190
7014
91898
91845
9695
84233
73580
71582
74315
68434
33877
79979
53253
71754
87404
93269
40364
67786
70160
32773
12985
8816
62141
55089
3595
36187
42493
24885
44415
47127
35235
15178
50702
20042
59224
9996
64989
95128
1322
78279
43412
33992
42159
71592
421
54014
54653
78910
82796
97681
29511
12713
12490
60010
96152
59149
86812
98168
48315
21350
19063
90579
66421
46247
78950
38454
73691
19806
13897
33160
75461
28952
41824
85948
42464
73696
26750
9632
4766
18894
28007
26515
92357
3021
85923
10265
88682
80747
74634
85188
96343
70130
646
13152
23219
25798
62312
73054
98451
74576
21536
54491
76161
63770
93165
18441
36328
4533
3262
6038
7608
45869
79731
66491
10610
67004
3202
31483
62509
66992
20948
17167
32118
91599
1275
33151
22410
45260
32323
31847
12443
7913
99454
92670
98044
6232
95993
3313
11205
74277
11929
24908
38395
25182
32212
81495
50831
7387
49961
88966
54737
87178
97308
46091
15794
7631
44388
27289
55330
33389
28829
13572
36642
30207
55777
47362
99159
1196
58497
23076
62346
44005
59980
72613
41161
26719
25776
81933
40555
7435
73643
70664
86443
66953
28336
80535
84106
69827
69343
76044
83505
10155
30830
96437
43102
98890
1620
80141
96850
10569
13934
14210
54322
84827
72418
11424
66656
93662
95063
96096
61282
28818
58916
72907
7434
81512
17861
67210
96648
35642
71350
92702
25547
19968
8997
40020
23244
5637
98304
8085
9767
84195
14654
72671
66692
28202
42342
26251
53269
83552
72012
9058
4820
18976
23466
67386
5418
42237
92984
74482
65862
74373
63712
44803
39396
78515
28999
75395
16544
21337
72499
72343
28199
27017
59498
39609
23490
46714
65466
71825
84966
75726
84651
69768
61416
51363
87884
71719
60509
82980
12073
71772
11318
66105
17826
16029
97094
57
40390
42333
41548
95147
72811
14325
42267
7898
20215
59528
64627
18511
93131
27622
5066
60885
47387
69246
91759
92210
5238
75889
32282
8172
54810
59713
13289
97266
80269
78852
32986
80706
98209
19810
93192
61464
43821
38919
60699
69541
62489
23645
11799
88000
87524
42760
62457
41579
24230
38354
88286
91143
28414
86153
29358
77849
1188
60091
43873
63796
81542
73412
13821
384
53829
76107
590
19326
57093
51548
91818
24074
68871
54085
35988
44721
90084
79571
73786
3769
28075
79988
27537
34036
3076
8645
18245
85124
11738
31312
93229
82430
40931
11823
22832
98148
64288
96034
73439
85613
58120
64605
61274
21331
82920
33905
37086
47204
91776
80453
12835
9526
56204
46604
72101
93265
79085
25555
51582
78517
92141
75904
78719
404
81416
52270
38952
82226
75243
82167
98180
98468
65237
8782
26249
10555
78272
64497
7772
11255
29140
34383
31827
89196
73553
28335
10343
91429
60655
8301
8238
81882
36709
97388
20943
33442
76692
74876
20739
12565
13106
30284
62393
90757
82238
68504
79831
73858
32316
36182
36948
72787
92444
93031
91755
70855
90527
75368
28694
20616
36411
3449
8356
63995
75701
49079
95376
75275
57206
79428
21483
5547
93407
1428
38184
73538
55183
79408
12560
81370
35129
98737
44216
61618
27094
87881
40812
65728
63727
85109
79405
68156
32199
2893
49235
54623
53468
17317
48326
49970
32721
58177
21056
49606
66552
18110
4890
68101
78222
24466
47203
70220
39561
90856
22179
16066
59089
20766
97066
28177
6475
92335
57407
57475
21792
63039
68444
74628
5335
72574
9600
67776
18800
29785
65950
94698
24668
87205
56268
61623
35369
2364
91501
94884
91148
12990
80557
2327
54236
34762
7884
84134
6048
48220
92625
92423
68908
92463
84844
4637
46709
4936
9397
43881
47981
386
66460
27203
59486
13085
87616
53968
54442
19067
67749
28852
77483
34296
66353
54741
8517
94927
54795
80927
76214
32461
48745
77039
77117
2879
5384
55702
72906
33251
90455
53906
13879
34020
31333
98643
37225
92141
56882
37762
11589
15699
91783
84901
35743
19498
65195
59498
28611
80220
80678
11744
83002
92858
13530
36255
81808
51109
58953
91868
85346
6505
84289
54702
38286
15079
45236
40275
96815
46627
97587
4936
17693
52993
83367
47610
89314
24782
24658
64851
53900
76379
65318
57415
6051
33713
73506
90853
20461
92384
83348
39761
91347
6610
68604
88094
18426
27212
49203
88258
25015
57414
52824
56898
67045
48259
72548
13338
85460
49306
22387
91633
13576
61120
24971
29863
96106
7162
8892
76803
97166
20249
94793
54521
21290
25902
56519
10433
10350
8388
74520
96271
86139
78943
46161
56573
5198
30514
88954
88903
60334
32661
96009
47490
65222
21541
85271
3742
2078
97704
89182
46595
61576
17519
75259
68916
37064
23066
409
91479
31166
71544
80371
53622
48771
41095
26868
92207
20408
21126
21996
5688
93868
69185
20823
59219
9378
74323
44991
64964
51643
52411
70405
50810
13278
96629
78502
43058
68181
40664
33766
50753
65443
76901
40830
32374
36628
77453
38088
37642
20468
76369
9003
65102
25720
84212
36648
51864
46606
32120
63972
26730
5722
9198
68744
80887
71712
19351
66845
96096
75298
32292
1693
50252
15056
8379
48396
68121
39256
72670
42161
34737
32170
73808
83195
3040
37051
36002
23941
54563
13561
6198
97089
41410
17500
86429
98224
31800
74403
35283
60138
67569
20946
51685
79652
34796
30221
35927
91114
38634
67708
44440
6779
77534
67118
38295
76748
69958
92551
13862
35763
24215
16466
45482
7911
98098
45439
56375
59610
37237
41363
96698
7861
48313
83564
28392
37528
43746
81754
84477
87546
28871
92154
20965
49852
96414
57449
15360
20017
28839
93643
31590
4536
25476
33232
44036
28295
11092
71131
17148
75205
61156
20205
50170
77498
22786
90587
39503
43254
36086
75374
88393
81225
84310
1681
92793
26250
63607
49879
35000
98761
58064
95827
5073
41811
46005
5920
24462
6119
14414
48802
87347
34277
61553
1327
164
47363
98266
50033
6953
30053
71110
15379
44127
84291
58244
83581
17754
37650
28529
15338
71133
44089
1320
99671
46900
69924
60639
96667
27182
99721
96410
58146
16521
37182
92951
45678
25703
53367
86536
55001
78782
44309
5613
986
96620
10939
32993
6892
79048
28303
24246
9154
41353
53604
82383
81797
6209
3984
80046
53657
85287
17001
45169
5228
136
94775
68199
45124
42087
48662
44760
5861
80469
25203
42429
91725
77541
68243
5382
44927
47329
85749
14818
7059
99018
39271
85387
262
23606
74026
41117
29435
486
6647
4766
32362
54923
43134
13635
73535
38045
40378
36526
85992
43285
61347
37195
14947
83433
62240
6846
75612
57461
75259
25707
84194
14334
11071
17175
82123
47645
7060
96448
30417
13709
37901
2742
48787
2944
77026
68266
51828
94845
4758
59795
70611
56799
38194
62358
98158
24088
27293
53708
36043
86465
40411
53061
96773
55704
6027
70106
78077
39969
12279
66607
10626
12108
3829
84292
18301
26480
96668
23767
26938
13616
5437
37302
3124
42121
73077
84633
18682
86339
46818
46998
13904
60869
87117
92507
73625
18336
41616
55768
79286
36945
43929
59238
59435
20493
19118
52825
77532
24920
23156
36020
61827
26430
82499
76361
75329
69188
40616
22268
98144
51087
26016
32142
54160
91205
6522
46321
58490
68307
96969
95875
25922
66237
6215
61186
60578
41206
80464
15164
34830
37758
31611
13832
45108
21585
29098
55506
12789
93034
58377
7675
43566
25596
38029
9894
29042
82935
35736
28387
56449
81798
98846
12251
40343
99282
28199
8067
95870
11798
40618
89109
85201
68375
37450
56431
99425
92839
12012
12498
87653
56268
41326
53693
51285
28425
6239
10595
70333
76443
23145
34840
19777
70317
18627
53405
46997
19568
82231
61234
58890
75842
66407
32217
88640
76487
80338
29135
53457
7744
41930
8921
61720
73768
55453
10042
29194
90205
87896
60548
64909
76672
65421
94199
37852
18232
72256
6024
54275
81428
85907
52130
53000
3682
25795
95235
69033
78294
95718
54999
131
80130
79785
84583
64077
34370
41967
48593
26965
15684
73115
97590
40363
40733
61349
41464
17970
65471
76189
55697
85965
56865
55687
30815
1448
72588
96292
14767
47259
72272
11613
93455
10411
72008
16713
62108
34307
92122
22810
96154
57913
12095
46406
37464
78030
49985
22395
91933
27760
49363
17539
1083
53410
11205
6571
51967
3125
6969
38031
81488
77534
90559
60639
82976
96510
1180
26720
14503
89520
15854
1439
60686
12311
85287
17307
97288
93239
57336
38708
12418
8704
62820
13082
39689
1559
68378
87042
99844
21063
86177
90245
91944
95745
85222
79112
44187
22968
84482
85403
56959
64616
71152
85891
51977
94625
31589
27346
51962
38920
27181
1285
58975
69220
17540
3176
72224
64923
11149
11006
55401
47693
22767
86913
48902
47068
75156
69056
71961
64996
8030
47087
35155
21607
65790
3858
95237
48324
30000
64208
7040
80871
52340
50866
21296
81683
42262
55103
50428
1996
24459
5019
65193
56507
45503
20454
35843
13524
30351
39674
14176
79799
52447
46154
74088
74793
37748
94376
13937
57743
4831
89657
20226
53671
9332
396
84312
27075
14606
84060
99400
38944
90965
95929
94587
95077
5144
23210
23308
18739
42125
40586
78476
67791
62198
65214
31022
23605
5893
35373
42966
65924
15491
26501
88519
43759
3163
92030
47817
35128
22847
20966
81619
50138
67471
38127
86467
15281
13421
34609
28358
63663
59280
68028
6635
27500
66624
30539
28988
58974
6367
46905
73435
87045
92714
4235
29547
19143
80819
44442
70962
76742
10652
45984
62076
9887
16880
1165
81886
21932
88481
35423
60178
25133
72719
40395
33745
6881
15141
99026
71013
36248
10569
34024
22399
72369
54517
56865
33683
7030
20814
95211
32608
26247
75785
70436
5870
94351
26873
14658
87992
79332
84754
43738
60189
72731
1603
23916
37261
45995
67374
46290
13242
6624
29061
87964
42256
53708
75659
38819
40617
27851
99556
44295
24436
69297
46752
43556
1692
24982
94353
63693
79932
73905
55015
67400
63122
39145
21780
44514
57516
70223
24166
45915
53869
95538
61554
73439
20410
13554
13519
7242
49639
46176
17178
46399
98687
37442
50362
97056
81131
25730
77198
97116
84936
55624
66153
36137
99069
61343
42912
82131
87671
91840
51861
78670
15807
91886
95669
89812
92100
39540
88165
91508
75974
30938
7937
24121
89725
12197
58453
56917
4066
28518
15337
73831
29552
83415
54400
36552
43113
49598
60488
32585
72476
67755
5039
59826
1802
75753
91294
89393
74470
9654
79798
33464
46960
2892
15187
63930
16525
46035
71260
99778
70779
42166
98526
12961
36962
55741
74672
59256
79042
41021
26423
90369
15875
34909
33889
38308
46702
56105
74793
17873
7898
91497
30455
88929
56311
44156
58330
96451
3888
11305
53913
13256
72818
7196
80239
82170
88160
24092
70080
62778
196
95241
9424
81638
66676
16870
68759
31071
65226
34081
32042
45490
65012
53203
22965
56860
60094
29082
48290
68680
45560
92473
85154
15718
72025
40803
44479
38350
58758
84444
99960
50692
70204
22966
62805
966
26742
18280
91175
29884
19795
61046
40844
13443
98790
48579
15062
86119
70734
27349
99851
67500
21215
16600
90996
51302
71330
70362
78963
66304
10607
29613
72854
46312
5387
85821
12289
82973
72923
8131
39624
89902
84956
58046
51309
30509
74450
4243
93553
21181
69755
51474
92530
50633
5770
47657
25218
34359
11914
64094
20680
30290
21298
69421
6683
16660
41635
19816
91997
81999
86805
75979
42617
98769
32760
72194
22927
80914
84739
84169
11309
83467
55856
58521
53509
94120
37999
54677
80696
18466
36848
61873
36675
57633
91542
25518
22681
2121
80279
20444
47600
13815
27726
9402
69018
1472
79109
81274
10291
28726
51175
70534
72320
6559
56623
74956
84777
54585
8497
81520
23989
85196
54421
12998
36387
41457
24471
43794
66267
10019
8818
18380
61884
44763
43725
63277
67419
4725
51220
77234
1027
11069
10370
64417
24753
44651
88442
13244
32896
53891
24739
16220
19103
78684
18614
13364
78499
72509
88464
66116
31663
43612
9146
37474
85237
78182
98628
32309
2322
73326
4573
82887
42340
93965
20333
1308
12812
29146
6413
54334
25219
52382
53306
55473
18925
84885
47728
17393
24644
98319
94819
5420
57506
83749
44874
30555
88920
66521
6981
70812
86706
69181
107
86370
66990
78195
29957
75318
33364
24190
3601
16865
94434
24194
14041
47718
80149
11465
94913
20446
70052
49860
16405
12997
94668
76628
95362
39213
86669
29640
46627
41666
71591
14655
89061
93941
34350
34411
70428
52481
59987
6724
98638
91073
224
58791
86278
31525
19101
16612
7014
40632
10262
99781
72264
72885
82466
33733
47225
49266
16564
45610
68412
33461
67208
2337
2487
147
19771
95656
81487
1158
1092
92292
32481
85229
54566
38164
46824
50076
33689
16821
87916
2516
49823
73707
230
97239
35605
52914
83457
70824
6984
59254
84787
88999
66297
99479
99371
14951
81667
45581
67013
60305
15639
59333
84340
29188
7175
99880
14798
19032
56298
52810
36109
58503
69468
61030
88443
90790
90758
29482
67466
44222
88633
75291
23229
94726
65808
92590
79544
87738
94544
72429
9688
20010
75495
55574
57368
91871
70242
95946
39636
22177
77379
64273
73848
42635
60860
69555
16475
73615
59627
48115
31914
13701
40834
73902
77373
36197
3746
15354
48122
51084
43420
48055
46859
85381
65307
1972
50518
99984
13001
3169
95792
84177
51047
17600
19939
77859
8800
65153
9175
98108
58218
71379
20820
95391
22723
57089
58294
53619
78298
635
64955
1477
3303
68198
8710
16788
79854
2452
35666
5084
29553
91694
21528
460
44391
83105
16242
2875
56049
39258
98748
35920
74442
10523
33080
77673
61292
22314
50059
95764
66948
68570
26959
38041
25059
70175
92646
79106
66521
60255
7129
31933
11473
48145
84718
2117
84898
62207
83171
10941
91856
10431
16636
69229
38509
57062
79534
15823
55397
40103
80195
7795
93763
3032
18750
93868
71445
69379
94129
11582
92908
30577
98566
35064
90316
22119
76338
99525
70591
38912
50074
46503
60748
74085
5087
27425
84172
78324
16795
45579
76876
56705
9593
5865
37686
33680
2950
44510
83682
72030
35033
81471
91182
38890
96762
53282
14110
46579
51360
56403
55699
58058
40311
41072
33507
25207
69892
44832
68400
75148
15623
34281
10534
92485
69403
74177
57532
34108
64507
2679
41235
28755
53145
21082
1756
49446
85661
23550
16218
23164
96797
97462
96422
40097
53140
42040
6519
55320
73240
76801
78178
37714
58433
46837
41610
68521
11468
33519
8821
25952
69648
2841
96967
58847
48598
78968
2456
58370
26866
68615
48167
89377
94587
38124
54158
32209
47095
70354
89069
76466
74192
17609
58026
25645
40487
43265
20068
60599
53740
24470
68893
66830
83871
53898
80369
42990
61849
87108
30026
98574
63496
34323
17953
66254
58508
55110
49429
60231
21964
77814
11678
63776
18914
55963
99191
43714
53751
3449
83720
21354
99330
46359
28427
48101
13554
69430
74313
32690
46225
99501
70103
60254
2761
13024
44024
43979
29353
89932
38762
56939
76424
19358
31782
32947
61971
23605
97420
95382
81403
69074
35705
92442
39541
52344
69290
21909
47997
46441
11500
9491
84531
29520
91736
26414
67130
66450
81948
37908
67366
93061
84438
59742
56783
45648
30881
66701
97262
54874
30728
30902
83863
79206
70807
95619
43174
90179
93734
44782
19021
67586
72524
70531
49658
20150
20001
14585
47240
17067
19375
42152
30181
87113
50917
4232
3926
51750
40255
39246
98306
43734
45585
31722
93207
15377
2062
55953
66639
58024
34343
62935
4948
86980
21594
31660
58165
24941
18073
12353
18716
36651
26392
65248
718
93917
33255
22358
73808
48237
92543
16387
61202
24419
31058
60660
75593
32720
6471
30521
77686
13565
22383
66617
69997
37573
41830
19621
79323
82863
63978
84389
70755
30723
92632
75434
45793
41402
79434
94329
94847
42459
64960
36790
17854
80181
96697
55468
18639
20515
84623
4088
38389
26324
7595
2930
88027
50760
13239
38833
80341
52326
3408
77842
25325
40128
21245
84020
99710
8090
6445
17078
50662
35818
10524
71669
8316
83578
93146
69915
13091
54580
20907
21083
74818
56982
31413
57276
7651
57360
35744
99758
94358
38131
37433
27410
93586
46057
18791
10349
71893
70776
23621
41733
79620
84260
29027
49611
58940
65973
73080
58113
38746
77787
14469
67742
15662
27787
47404
38384
75027
30275
5770
66656
14523
33022
99169
15584
53432
65211
92462
32339
21901
89945
61071
13726
40089
43130
78407
45208
71340
27341
94245
88901
29954
78588
88582
36057
92590
48157
70885
95145
76103
31350
47272
52321
23823
25912
3798
40559
36076
55372
12957
15895
60371
83975
34124
40022
79512
13203
65829
36717
73439
97379
57487
20845
53582
94987
97573
45205
15950
28158
41040
46206
43212
97693
70460
53461
91301
81072
71263
46869
99494
70568
4331
4517
49172
96594
31904
12753
86369
82859
78370
56649
33925
59476
76091
57103
86192
7266
11614
11419
147
61377
92501
1916
46385
80288
22931
72943
53581
14787
96051
29738
72080
89550
79271
32582
20475
8427
6132
48908
49283
96120
17220
37093
25461
83958
34470
55155
11162
75747
33093
97866
85535
44422
97953
64215
35797
18181
9928
62021
14852
83439
89412
59809
86934
97130
77229
52903
15737
44811
10345
96050
56094
30109
73903
5926
8739
37072
1737
23164
30578
61490
13920
99552
30976
61501
928
59078
7879
19811
64534
33567
96712
84238
13036
17325
44055
30553
36848
60998
85229
97744
54956
47025
9569
27819
13399
63161
9801
71997
85032
26433
62709
16439
44135
95475
66981
83531
190
25135
72221
51662
81357
59971
47219
89392
35513
68725
69956
50632
21736
34908
17692
66398
52855
87878
13992
24606
1067
61967
77273
67104
79163
60267
6416
81931
47692
45416
24861
78716
37581
45408
54769
88385
74357
74574
94132
8927
75235
24834
69267
32035
86080
44960
80930
75610
97638
45742
40481
88336
7657
68361
15963
81427
15952
30642
88120
41732
23735
45516
27573
24717
2363
86999
19907
96442
58520
49841
96883
34258
25026
19429
64387
94252
60198
25204
79022
88712
36411
11496
73463
75879
59248
73608
7451
62850
1497
67180
24549
63652
5400
65324
20364
97525
32782
87537
77401
82539
94035
35629
35361
75357
22086
76610
58531
18701
13298
45150
15691
12867
75259
55378
75
42345
36042
77119
38254
25891
47474
42206
31405
49051
86375
90923
54067
31
17320
95883
83125
41137
34520
18432
41963
48119
308
27888
82995
12506
19740
49299
45185
64457
68078
49255
79803
45353
42754
84876
20453
12288
52744
84520
79764
58395
54226
74255
74927
9017
1752
24024
48606
83977
43451
12947
78772
91010
98996
57011
27507
60593
49524
8597
35502
41195
30305
39725
95774
53287
12655
55651
4404
63057
62152
10403
90214
1114
21058
64401
76177
39607
39054
402
46684
83703
9129
74022
61941
69813
5308
49552
78725
50404
71129
62854
26876
97034
32435
29062
28820
99226
35062
95891
48407
5172
72059
80889
30393
81147
90224
26999
44107
95539
69350
22396
16600
52260
49296
66514
40413
83931
68229
35634
89039
67284
50626
29180
3841
66379
45078
67192
7373
19950
47394
98675
67734
28075
14074
44001
7385
26091
94003
14050
25133
51427
45812
47931
61889
83467
97500
1650
51657
81647
85036
50615
20773
18492
66298
34716
10504
84118
71824
55607
27195
57127
78273
61517
83706
16824
85838
22026
98671
81002
9827
26145
48878
33560
31055
33826
98703
51928
66669
44708
71281
22165
99118
83933
11350
65868
90496
64556
41266
75754
10567
7864
97034
34973
7297
9418
7384
40959
35784
83353
3210
52577
11315
18910
51041
85035
20635
15618
37456
56914
99519
40013
88133
30673
43839
40707
85456
59782
84755
72943
16422
32374
39904
55297
78638
96548
22494
91973
1126
1370
59578
93440
22551
69269
83391
23226
40106
10071
81443
19118
73717
27258
14107
7436
16631
1854
34542
49026
51764
69268
74837
45019
33548
47274
31862
74148
94844
49474
98014
14667
55571
87257
46944
91469
50178
57980
14077
92385
70982
55229
14266
50449
95177
26962
54091
66398
33885
6135
11564
56887
85255
24513
8370
86708
55898
55848
44186
79021
74653
1127
60009
88990
73890
62531
72060
85525
47464
87651
91973
14950
81411
26461
85340
