4316
34079
14675
67874
43700
47484
21837
85780
36971
14673
34033
83229
37426
14323
32890
27639
17165
26489
232
20969
65157
56254
54303
35959
75792
19312
81537
81824
19164
56309
88865
4830
35455
43461
98835
59625
52570
26657
23709
54152
88875
9786
26931
70341
97101
72891
19692
77842
36129
50635
44932
31005
36281
15126
16498
56794
90091
82377
87973
46795
70703
68054
8772
49337
7545
46722
59265
71637
9016
54800
53430
10549
27715
49650
61701
32357
34743
35060
65927
83434
60110
97240
62095
91912
63514
80286
61495
68000
37143
21080
49669
43028
66144
16360
80351
64695
77736
25682
60093
48771
48034
36301
36140
76168
46276
64959
18248
57336
36489
6491
65232
49617
45244
57429
75612
18790
12334
19735
5019
96614
83190
15687
34714
23806
31101
24758
81846
15657
2761
784
1444
52253
84309
19182
97585
67042
63002
86135
93028
40747
20502
15126
69136
32454
38684
61815
82291
20398
88650
99497
21934
95222
82950
74641
37405
24547
31234
71004
26402
41686
33604
9260
97473
50452
47140
50662
93985
4486
95267
22331
80204
86565
37377
50658
62882
57166
148
33467
54890
60734
76854
18014
38449
30424
14192
48422
8027
57085
64493
4088
51492
6944
46432
86015
73718
43173
41107
87888
43885
91928
95587
796
38683
52731
99440
70066
32413
51031
3166
66498
12798
87597
42095
24198
70238
58905
84246
33022
80603
81899
68357
39065
85264
63874
48472
74466
44936
49042
19700
52737
85943
8952
59241
26164
61141
13543
29084
9006
76792
98054
67641
64633
51682
62096
83053
25108
55410
7062
90414
75056
58218
14801
70978
21285
97464
8935
61680
46617
8657
66542
54453
63131
76930
35858
1051
77892
51277
87668
72086
59145
93172
93142
91762
13857
67572
52527
70480
24148
12641
98493
97398
26931
43348
84740
11818
87258
47268
39427
84713
86298
34043
12270
18910
53865
55868
53545
4080
39308
79391
5117
23028
78994
77546
6194
39492
21967
61447
12123
40479
37535
47656
94327
77577
12896
85519
8759
83311
56526
55927
15709
1243
56861
30139
24792
39999
71496
46502
46043
2721
32528
42667
74958
5450
70057
47534
51026
17270
47933
70396
19753
68738
79507
11056
9816
49031
48177
46975
60466
82572
83706
76081
80846
17037
62911
18353
96555
17075
47595
8422
84647
5352
9451
56564
24992
518
11066
48765
50298
71453
38786
80908
47787
73398
89067
23467
56354
31586
89971
77358
84003
90201
65017
17537
68202
98158
60491
55664
61741
19522
14701
30096
61753
18419
84438
90022
92122
80993
65219
76367
36789
38213
88971
18340
22549
10258
26199
68274
10327
84251
58706
75696
7153
7669
39464
51328
69478
5434
58005
59803
34685
9245
69813
11030
61710
17589
97585
99189
91196
87507
47851
65516
62697
29665
38502
13332
55592
25669
29394
90086
87087
71528
42430
37604
80889
51411
16416
40620
97203
11383
70098
49773
91185
77467
83344
79077
81239
30121
30781
65504
73672
79791
28636
46920
88556
70733
80740
96278
45082
75457
54802
42395
53923
42268
73859
67407
70670
51523
81051
57066
76627
68579
9307
54653
71010
20370
59101
32941
85776
60764
2661
88127
93735
84140
51572
26847
36005
91966
37069
76907
99472
28440
26198
33491
20727
3675
90285
61833
63208
37674
23063
59964
15950
59601
80408
40661
98645
54769
27173
36198
67944
88490
55474
85855
57890
4974
49190
24047
50644
39786
41982
72251
41903
53659
51604
76954
69511
23845
40439
5733
73020
13924
80578
25212
23981
4434
57063
47956
54353
42889
2216
77619
45455
73241
82771
38020
51783
17751
98991
35579
84458
80507
40244
89092
78005
72535
67123
43088
31669
87559
23975
64513
40124
14783
9201
61683
89442
84376
87173
14330
33363
19918
77411
20699
34766
53826
70367
52962
68214
24941
80603
723
61558
11376
25053
15874
45212
24087
51738
20582
97312
37795
36065
32688
33983
69801
20249
43268
37176
89158
39756
29104
54180
51249
31905
8331
38650
8001
95863
16130
22456
73726
28857
90955
93301
98448
23899
50343
33185
25497
57942
17775
10245
11979
55257
32029
80553
28178
6714
494
94836
24492
89677
46357
68409
42211
70533
77038
75737
90096
8394
89817
45252
39351
95318
6417
87916
96985
34517
555
4601
15093
99335
70708
80611
28392
50823
56215
92938
30385
5653
60883
10585
75632
92723
82957
20151
50498
75788
44843
57889
60326
87009
58811
31695
4304
21984
4698
26772
71757
8640
71769
67293
93947
27624
27705
10016
59334
57077
95358
32411
99588
29256
21148
70499
77434
55361
23917
9980
68306
10148
34039
34583
20250
4314
87196
31947
59438
77862
4923
15190
12961
30677
5130
97883
36634
34797
37325
16925
24802
65080
96996
82092
27416
2236
73819
41911
90469
42345
66066
10295
92235
4232
39563
4041
85089
97822
68200
41436
40450
92071
51553
15182
1383
95989
6184
44551
21691
5662
56285
30293
78608
53573
91935
64823
22071
11794
5021
64394
53361
81903
76840
17378
11924
52802
17182
98659
89746
55446
52312
9818
57094
83049
22443
34878
64674
53042
14105
59794
36691
11945
71943
49964
48651
68621
79929
21855
53589
99198
46431
78397
54342
27237
63432
88093
6622
66258
46555
35622
88408
47647
64683
54254
58467
71191
20162
36395
12792
2182
96035
56311
756
68363
43010
70271
88804
31599
3070
64663
96808
99380
40244
68401
3060
50667
35383
13418
93122
2309
74054
35996
45417
5739
79362
28029
2959
43394
40822
60997
2676
82319
96226
66441
93561
41730
14136
71504
31024
70708
26959
22554
10101
48156
67182
34659
7669
64189
12514
35752
87731
53265
17045
50799
78506
27420
20174
16074
14894
60925
68176
86168
79835
56567
99284
88442
23051
14518
53137
78306
19727
23562
33380
13164
59425
65340
18121
58635
51956
2399
63188
26409
86599
96872
42884
81619
81779
13234
60613
97941
78183
77007
56860
67341
11553
67941
53373
72572
36000
60488
89581
66508
88378
79721
30698
61213
58596
72638
60476
51793
49087
1178
25903
59602
79190
73768
84731
25906
21164
40036
95758
82442
10355
18273
90627
96804
47561
73807
87952
37020
47297
77487
17369
70609
59488
29292
63316
43445
24621
13761
8191
75067
28907
12740
24262
95458
53512
45577
13208
34566
67065
14295
60517
23110
92797
78991
42219
78997
97345
5414
27740
41445
74016
68755
25220
33317
29778
96264
69585
7889
9864
13791
84040
93375
14351
68326
49995
80630
1597
89879
98954
27737
70484
16448
92764
84560
93083
19259
11715
21726
67510
94428
1716
575
56769
16613
47077
53859
83597
63432
17447
86168
86376
11302
29476
10344
57396
14037
46852
91544
97378
18347
94397
4885
15399
64022
68630
37776
74378
97761
72893
62652
83026
75738
68681
835
36614
13803
38322
26191
65576
78959
64547
24824
78138
74272
839
20246
69837
80359
79050
59298
10675
22281
7809
73115
47629
50753
25050
16013
82329
89434
7719
67314
92549
69243
8976
18463
35155
56496
88929
29189
39324
45759
2642
68278
42152
38186
74346
36697
76611
65612
13698
77527
56592
87049
77238
8429
34447
91790
19537
86469
99549
23017
46707
48278
80401
23626
85768
14871
98530
51368
8147
18000
90497
4826
14338
74080
48609
61432
81488
63457
27124
29068
79572
4312
15967
14438
4015
32514
80383
42977
11740
48903
44638
29128
49338
32825
21312
13039
623
47907
33793
67564
18027
38659
17046
32483
34861
28311
87502
37182
82640
17577
75140
90950
69529
66152
80875
24188
34178
68662
59568
93011
62808
54324
43224
23743
8150
159
36900
88522
63332
9365
81923
8865
35543
75815
75880
91973
92667
91563
52922
38158
45315
34757
47689
39388
49014
39443
65901
95616
91659
45585
81710
52229
72828
45368
40012
81283
79984
87671
60364
44370
99352
26936
11124
67367
14168
21109
24293
71434
69657
25890
34763
54617
2584
33572
13321
20876
3440
12969
19244
5312
46956
60943
31017
23865
11461
65232
93927
33936
23660
35949
98019
60686
53882
56732
88715
34273
37013
87585
2348
16008
14470
34545
84529
37144
67844
59945
7605
28604
93325
69624
1543
5831
47705
34164
32683
79695
75707
53862
11827
39672
70505
26283
15020
83123
52249
85689
72080
87499
58472
90696
85526
2050
8113
30048
91468
89160
10581
39257
49451
89074
22991
22744
91389
18138
80179
86824
98839
54284
36057
99297
55217
61166
76669
39577
62301
53637
57041
44360
77857
6591
13158
2523
68907
21785
1381
11391
97993
67325
31539
40191
9954
17751
97383
65647
2826
2496
43811
32929
13593
97415
51281
11036
51772
56817
29294
11354
20954
9387
80994
31190
17408
38671
44349
28211
23607
58784
64638
96862
79939
38110
74405
63337
89390
74072
60025
26506
62525
69963
63996
81337
69879
4405
45742
65362
44667
55192
8912
54137
68116
19284
42361
4489
52132
78854
53011
94269
92911
46819
32497
29529
65230
11312
79296
68324
80188
8024
6962
10029
58488
3066
35855
30592
10011
15635
38467
14955
39896
93637
54936
21623
78287
13297
53991
3292
14310
41341
43740
25699
79212
57543
62022
87704
18113
24325
56737
57399
93919
55180
73041
1682
2031
41135
42369
7310
81657
67239
35553
31277
25952
74775
78502
50394
59795
73721
28656
57329
25465
61299
6318
5027
67712
52951
73060
53847
81206
81672
49047
24029
75595
19370
70461
87173
84480
60593
16237
39909
73444
92854
62562
17652
80826
94932
33
51418
53889
26847
7676
33211
13689
65295
12571
51018
90600
90132
55405
10753
51531
48949
57444
47734
7370
41457
11838
76583
35176
62132
75705
55675
27973
30085
65732
95076
16582
91567
23373
446
39381
84614
87209
53216
29546
86262
72252
14570
21706
98631
80049
31968
81530
68925
28455
24717
50642
62130
15600
4675
6393
12200
18788
91617
33242
83909
3752
92662
48825
21028
93910
98583
83273
12752
71271
90114
53485
39537
41717
5819
83959
32016
40319
61390
50532
38882
24203
11009
21970
22549
88386
9756
66645
28906
24701
83068
88041
64398
72891
63409
91677
17634
72497
39503
40972
26452
44692
35210
63119
94928
46006
58644
47188
47419
16061
6860
41207
3723
31950
83274
80330
78659
23685
7169
47445
65458
1751
78357
73028
88552
65800
73773
55189
43285
89758
19500
72098
56010
95639
46497
86398
14690
84331
52855
36417
66325
25765
3204
37322
40161
68800
32641
97428
86262
71961
15770
10231
68239
60688
82316
35300
91697
35077
95007
55973
94549
76337
43575
99433
14868
29789
58541
40155
49400
87489
14205
26988
40683
54707
27979
59278
92437
39485
77979
49130
51875
4936
38803
22155
84947
97944
48290
72373
89333
73000
42852
92332
1887
84
35859
45356
57523
28211
16227
28600
25503
97812
73142
54698
90861
88851
14648
88846
28946
862
63170
6092
30830
82562
52550
63719
40739
93007
60082
63763
91701
12752
27580
26004
44773
43530
3631
44906
97862
89157
1538
65682
56745
43007
90729
378
78817
59341
98254
13875
74036
80132
4864
80420
41458
49423
93662
18884
35536
35041
13281
67790
67946
12529
52759
90199
25627
82143
38991
44389
15522
5622
24195
10831
91079
18505
29469
31179
78304
71823
81328
75223
51440
44382
25915
9774
32047
91232
91634
3599
6989
63119
54880
34423
9145
85938
94849
94165
34451
71396
39913
38861
74855
58461
38651
35102
75533
31815
66854
35049
72696
58961
73971
80730
93317
1018
38793
78401
69421
33648
66938
28321
42596
85922
79157
59792
50563
88845
66998
99861
65765
43408
37050
93710
47390
65179
34701
3198
75943
77727
33266
35609
55779
1152
51162
87494
58322
37121
47132
741
66191
17969
84360
14474
28551
63248
92921
45829
56523
62033
35411
12409
51111
77964
22648
38426
6032
25344
10958
59593
95531
80855
49510
89042
26833
63538
90291
78341
4815
73337
56367
41993
77156
46599
39959
63623
14668
74814
93254
29998
41749
86030
31004
17850
64342
82167
40886
53565
3475
79306
83946
89931
68614
37635
21836
69146
64748
12291
51573
91447
17366
14112
4803
37471
62995
7901
48599
19794
21259
98282
14227
11307
18562
8370
19346
74129
18475
98221
16429
4663
15455
66213
63062
62281
95955
56215
74971
75592
59182
30222
57420
69882
17535
36767
72900
56677
74951
81005
25521
96416
12116
66450
69639
83215
68905
48626
55527
67861
20189
32138
71913
42811
95559
80287
92679
18886
81256
143
25740
16206
27770
48525
8070
56652
41409
75680
58568
8755
71158
48704
26196
72479
4574
47019
86210
3603
94661
54023
64427
69252
45452
76400
73408
53562
24498
90544
86763
50536
99406
71468
4706
68484
58134
35342
97028
53188
64587
46629
45643
55484
16039
17105
27843
5676
78125
47591
72501
44772
84100
32468
63345
30495
61796
17195
19495
15533
33009
17125
63257
95299
18545
33143
18167
52899
16368
83538
57840
50764
11170
96552
2175
83665
10205
27330
68208
46145
79097
55101
40076
49581
95310
10457
86194
38840
18149
57299
65472
67486
55020
59777
43688
70711
26794
97927
22916
43754
85120
68747
57991
21488
16792
70999
14747
28978
96396
70092
21527
18033
72433
348
89648
10450
72997
37209
4423
92216
74508
89925
3888
17812
18231
40158
70549
70024
97079
15613
35701
22075
19439
51244
47612
89581
6675
23323
8769
16291
83567
32254
40048
28935
31723
9908
4798
78432
91761
41400
38895
67964
87634
67276
96876
23140
87256
52196
21792
20379
71210
77224
80504
96089
3254
6256
79397
43218
45884
7864
8541
92373
18472
6357
50026
8923
36164
27100
68243
7818
60646
64101
88075
24277
22234
88468
78118
15130
84905
33493
60568
88551
34529
17032
84252
15683
96291
21040
11515
29647
69162
78272
56595
99598
29512
59300
76304
68970
40695
77186
63488
43234
86312
48155
12248
78545
29078
38904
14318
39150
2231
38711
56127
75897
29797
38721
49357
49235
10540
1321
1725
67864
99665
60564
2863
73613
64709
61992
42683
71170
36030
86430
20010
44784
70126
89603
90545
1050
92021
64491
73957
30661
35037
42450
75739
19110
33096
52532
40111
91177
67265
61987
93022
88123
35149
46874
94994
66204
98357
25587
96796
73779
45935
59622
43242
9155
73355
65663
55981
89303
72340
89650
45284
27363
23935
88726
51960
20838
40640
84248
34123
37217
50455
66046
26925
75177
46083
5563
30616
82441
39406
63476
14429
50631
12963
84235
19437
46310
6854
81766
99399
61740
27851
71754
65839
82476
18329
63125
43332
35002
48242
34908
49098
45811
24045
45259
13485
99489
63427
97578
96708
46500
84928
1115
2033
30821
58259
69872
78153
58958
27939
28331
40727
67883
77839
11817
90605
71797
21799
62619
76297
41923
96054
21354
46591
8855
75275
15310
88776
34572
89085
94370
27887
42197
33699
65833
52835
14233
62011
81880
62030
778
68589
31452
62383
91966
21182
28721
38930
35661
1260
70561
9692
17544
25055
43386
14447
41426
35386
64516
12594
50490
63989
28735
96476
77190
34468
13933
56033
12026
59409
81208
46370
93615
48183
89756
55336
3655
4330
16765
11859
69832
59438
89906
22742
28588
83730
7246
47957
53648
51115
14273
38446
45976
17549
35895
69367
74591
71568
72912
29740
67765
50550
8764
91181
29004
46809
1880
55497
1187
98560
84667
97407
9496
21054
45255
81578
61241
75606
39145
51987
32422
52978
1405
55644
46716
10113
92146
20765
29306
94510
66849
52570
31122
22778
70253
8337
35619
48856
43204
28757
83159
41040
35978
76073
86072
33988
43925
33386
47525
23755
19741
41397
1216
13961
74069
75915
51714
99504
66200
83427
63675
62763
92024
21255
22589
67508
59619
66174
60651
86706
37520
47251
51479
60307
65547
92731
94336
91648
62413
41935
64292
25480
897
50703
72732
76233
17037
81776
71176
76974
46077
40004
94591
33385
126
16137
26961
37938
99028
35570
78165
18689
25156
51915
99627
57702
30737
87864
60498
91266
99183
10093
46005
71285
47739
93511
77633
41970
11468
87866
60490
34729
26258
87140
3255
22653
29549
80398
53273
71474
11848
96692
3111
91537
11961
13062
53540
8990
35194
51966
8975
30691
72351
61801
580
62791
42549
80288
25972
75513
92473
96600
52714
89191
11403
13362
73148
5025
9255
20476
9992
24959
49654
81439
72478
92298
58817
96347
37248
19848
58752
14490
1623
47001
97553
1147
34286
94879
13197
37227
79579
37186
6786
59606
78228
56272
80070
91692
15752
66353
6490
89424
54187
65106
11365
50406
2470
35832
83837
98248
59130
20198
98044
11749
56549
36584
92226
34646
99066
41056
46252
46029
32206
8395
24106
36003
63369
97177
16746
87298
75123
11013
83317
87988
29917
6154
82599
13326
54124
86461
44988
39758
68365
37322
24726
96955
16201
16281
70745
27022
40874
73804
19966
63460
1870
71060
34984
94484
10363
80892
6755
71147
67972
93850
53801
55029
23109
72672
42645
91201
81725
67016
79356
54245
66196
65745
12935
3029
66742
38272
99703
18273
90223
68204
95917
36565
37542
87892
81178
83544
34493
43851
56127
96442
4281
88296
34277
13284
32396
76282
15691
84895
42933
67435
27880
14729
43226
91495
21019
86233
29093
48736
21690
52818
37133
50827
72269
4233
57219
44284
33728
41292
75699
48671
91351
92265
73440
36813
24549
27309
52068
81424
82717
30894
60593
50396
11150
52754
98510
8918
24551
40884
80738
26043
33351
662
56013
66480
51703
49784
23133
52951
47780
10368
88982
5881
80248
61424
98292
66078
49530
94522
21569
73829
94874
70092
30757
59950
55432
30068
33494
93123
17599
30238
28625
72907
77134
43296
75457
17404
24024
12243
35476
43766
67394
70214
50283
52081
43061
43935
52404
2499
39818
19856
15575
76286
62641
65703
26278
54640
48872
22212
81446
22233
17803
81428
93186
55963
18283
92212
75620
41676
60363
6364
30413
10013
29383
49816
22904
84796
54662
99064
8434
86281
37533
30067
7377
11864
16328
14896
19567
3805
63133
67851
38121
52750
43598
44155
31198
97365
25562
2528
12894
86691
72158
60250
79154
94915
73057
43056
32550
66709
38088
53378
46400
85364
36028
98539
15329
72511
63571
36888
29128
12734
89150
33309
54674
47178
54713
64618
98685
12533
63684
94523
20011
87410
80166
40702
69876
18338
36753
87631
92093
26523
13493
77744
15048
34018
80415
47700
42400
84884
13224
71898
80752
41057
72992
62126
284
72131
89028
34752
65556
92244
3472
35940
38214
91952
1647
32429
54787
94408
67329
7235
4626
2936
95662
71154
84718
71566
97835
47713
94631
61045
13420
31016
74058
49879
68608
47173
36122
22813
9780
5581
12863
30749
90632
38710
15251
66264
71628
27108
7357
33097
98346
23471
68024
6931
32430
61229
27031
57308
63586
68837
18527
69565
97909
62541
72596
69883
19975
53246
28450
86428
94962
63395
96050
85590
89336
93009
23235
26489
4457
45044
70826
12136
63819
11361
19293
55306
93544
80042
86373
81366
33341
84475
10032
78876
80944
97583
78971
23086
44448
37110
11090
97294
33177
10271
64537
49560
29109
5729
29214
91884
54529
3198
64811
88522
18032
98102
2465
80141
46060
99743
67301
55939
96910
25125
10759
57528
12595
90615
39956
51863
84892
51941
91464
71861
12450
79199
25901
1285
30474
51066
17607
989
59415
46503
98956
46869
34766
77615
46041
15452
28007
55189
86206
28252
52665
57070
72112
5040
68314
25010
3195
57160
93632
51198
15425
36233
16738
80025
53962
23541
13289
2677
20209
50718
57553
36893
99949
86471
94949
14381
97712
12596
59155
25554
68098
40428
5453
25390
76119
25018
87275
93240
94752
83817
98411
60914
68018
8067
92218
95236
64903
89857
63347
91705
72288
29536
64725
57474
10730
30192
85298
20472
88040
56512
62999
9134
52463
50408
31576
22701
44028
20845
19723
70214
81752
88828
22316
47739
18365
88025
87611
17634
65440
3259
35758
5325
91745
76971
93954
42470
61766
20511
60562
13084
24566
15535
81620
56375
51775
75634
70152
60945
33104
49165
36817
36031
6502
83861
85114
22509
51983
78829
93965
28320
26375
47932
45601
14900
7555
61279
61863
39083
40829
36689
98878
46981
82187
73169
13606
20219
24406
43506
30617
87693
31479
43904
90055
99770
52686
60721
76450
13852
77219
45399
51057
66748
22510
74827
36959
39626
63793
57461
14450
11096
2767
70063
13377
51700
22857
24850
65623
75634
12081
13047
92094
95373
1209
36480
37115
80796
1293
8458
71754
56603
10356
5
29930
22737
39132
55227
83913
54730
26656
79503
553
98564
60893
18624
99769
74032
20192
1968
66637
40733
68552
10158
94284
85155
10234
32023
9160
57946
15022
49941
7670
39202
88548
92510
20703
15638
93132
41751
70389
60790
81838
51125
31471
93756
31820
32712
41373
41306
99812
28563
3515
76053
37712
68898
70638
47599
63777
308
50773
876
37855
27777
68125
37286
90628
50456
69885
33091
33215
71548
83349
90309
77678
78766
30959
28283
7738
51611
83900
78766
66111
95272
54442
54520
96971
49730
14670
18740
31791
24900
77627
42459
95224
10675
26958
78782
50534
40754
46441
35441
56255
21827
70977
2053
99485
67602
50863
37467
70651
46631
51223
18980
91085
67606
59856
71498
68459
95353
26094
30440
23008
69174
21573
38683
95141
61035
95591
28066
37436
25448
4266
18817
85713
76394
29142
89714
90105
51203
61311
89762
76035
83520
46144
55541
95730
97748
53474
40384
65997
76880
26238
85889
80146
78527
37690
42632
2351
63905
79685
78535
18859
450
40079
2663
86986
6787
21340
11613
39015
59884
70772
10699
70080
53808
9600
21375
41060
7174
85602
70739
22382
74035
79575
46660
87479
28738
82641
47073
89250
86235
2287
15582
98340
19044
84901
32424
11383
47544
51780
33825
15707
91454
68651
7012
29820
7005
96320
84069
63420
13584
43204
37875
82891
57062
11282
70039
56508
6089
10709
8324
96283
36415
53803
452
40857
37785
15939
6483
17665
85047
33675
48949
38591
24287
22064
91542
89017
47564
3069
57274
66465
46435
86621
52626
12329
77851
9279
66917
56179
75821
51611
61291
24553
47439
888
61590
8790
54917
79981
94032
1271
65041
80670
54936
73612
28631
76373
33465
93004
10280
60515
307
49593
11560
56604
72007
41766
3954
27029
24429
67303
42855
61684
70817
87029
54297
14770
34049
1325
72766
40901
96863
87506
27152
3456
83616
80279
45844
99928
40654
79649
41924
3613
72217
46241
86760
83060
87858
83550
12470
90705
13265
3625
87105
9272
75575
86197
81865
47109
21266
51252
55215
38472
22699
72412
43106
62840
93009
21025
57258
56762
97641
92595
76092
55039
84208
85178
65251
67660
55707
84268
40271
61273
84239
182
49318
16833
38293
90396
16204
48550
70808
25504
30983
76279
45470
70411
6618
570
62821
24737
54802
25601
74649
72080
58608
95528
739
84367
7785
10049
15150
90343
9128
7285
17681
8352
11046
7842
45892
73717
20429
29274
26898
91778
71666
90407
7248
34745
97051
80857
15466
12550
17558
15455
40631
67292
17787
8052
83944
72228
88652
90784
95146
59963
11315
18111
70578
91888
98053
70696
85902
1273
13173
96227
3815
52604
7783
76737
80430
59629
57554
82367
68449
99479
4493
22417
69300
88089
54030
69259
65150
51377
77837
95592
3096
32486
36309
12467
933
28294
27067
90282
40150
46433
98051
91994
73356
36891
33190
53210
70464
9193
84034
35276
45937
72551
42023
54058
39615
24489
61837
61009
61242
71953
15838
50858
44421
89472
30246
52585
45369
12565
41522
3193
23335
99660
85403
20138
92525
49708
94815
42070
17419
25789
26187
86154
99087
29696
27013
87555
95103
47750
98112
31975
46022
86500
99474
19432
78609
34988
35160
60126
88544
84546
93730
99519
82648
66826
65141
80979
78664
77919
85739
73703
62262
66326
81353
45750
63832
16864
84406
22271
56053
52268
42382
46118
22401
98833
27805
63031
56436
24547
99080
84001
26504
15802
903
35645
87239
39443
86353
34982
93160
11326
82602
67906
40243
62502
42879
96684
36602
77759
84127
64553
24702
74806
89485
81357
2277
58158
18620
95101
46557
61271
7695
21415
87715
29772
2798
85392
2858
19151
25340
25156
44837
88973
80421
41515
8879
78243
34036
91444
82516
26907
97214
99943
27730
5514
9149
91521
64808
62435
91332
90075
77753
31899
70688
60838
61029
55877
60464
96418
49493
35877
91237
40053
35538
80272
30473
11515
27259
15497
46811
73120
93879
27849
62179
79918
1278
14708
76368
82512
48684
91497
7581
2470
64413
69095
53368
21360
98674
80643
19311
3525
84790
67006
55408
52338
14647
13116
33284
14280
46569
73466
97130
63059
1182
93448
25221
15857
23203
82503
73674
7463
25449
93745
33810
10112
17594
79178
20467
86289
70682
65571
835
42486
59850
93589
45705
3473
22421
95857
32257
67527
18411
7124
49642
16514
94998
991
23153
61032
77014
76063
58711
8610
56684
91299
59232
65054
89481
2449
26190
75261
7685
46235
77866
8265
99870
25241
54516
61080
87320
32303
48327
3229
97998
9205
22141
89779
85126
79497
97435
34405
81178
68587
75379
75897
60845
28492
26477
59581
8894
13580
27363
12436
45193
44411
47601
50661
56578
70038
11448
39365
56348
57030
33206
75214
66452
63643
19882
97560
70865
32685
40032
55101
8751
28619
24705
93716
43814
96745
58727
41952
59259
46066
891
59150
71808
1594
98241
84674
17112
11339
74668
55561
89575
49292
65833
19395
26509
49159
22250
81320
67863
30724
77765
3298
40774
17403
76513
25138
51712
70987
92872
2078
98513
71157
98783
54389
68178
14194
63897
92337
5167
4070
23696
70476
58333
63481
88392
77531
88770
50087
85044
90503
79215
38317
44978
658
1590
34683
92350
74158
6701
12783
49765
97103
11268
92393
37006
19838
69054
33689
27759
62635
72778
43708
44388
92378
41179
69496
70454
85731
89856
89072
21908
89308
12049
27835
59127
15753
11026
82571
63925
23449
17042
86370
93218
1020
37784
69970
52247
16029
16537
83022
65127
7949
15815
41464
64870
25079
42681
39309
99328
31839
18767
46202
65350
65634
93050
11835
77008
56725
34628
78101
80498
12646
38779
11450
99647
36647
66981
145
86098
25119
91035
29336
26108
42
12213
45508
77484
8467
55409
58822
27756
42732
14597
95875
39408
1264
17281
25683
23654
35707
24582
67670
4040
39052
38332
49974
68503
9591
16271
66100
6694
15634
2621
62139
97847
43567
36526
78184
400
96546
45377
48336
93438
61146
28323
84880
19227
59513
99655
72915
73693
33789
68495
37098
40448
40806
11700
32622
28134
57101
48867
27118
66045
23348
35410
97972
98618
95690
69139
39577
74049
77909
79500
87750
90621
55189
16666
20417
56869
71706
26776
16216
23847
41151
16234
57850
1901
55236
29007
89312
56463
32039
87091
52280
98989
50842
93589
71512
16256
13045
61415
78303
7122
29959
12759
50518
27947
28428
62656
20463
18435
57886
33158
73833
50995
12554
76416
90858
85731
97805
56016
60809
88260
36047
36022
53064
10252
37470
24429
86891
87338
23202
39928
72198
79428
88929
61646
99948
772
83099
87583
39808
68819
57930
18942
36835
9160
96243
1978
89895
66350
86070
34488
63499
96048
58335
9268
63668
77841
1193
77335
54430
2823
87602
69876
61069
30599
17394
26353
36810
49835
57060
57454
28872
54944
1056
30284
185
91115
55591
31954
17230
72126
15818
16694
4119
8243
80297
77210
69481
46428
42533
43935
93246
91327
38112
70590
42836
31023
28012
72759
37034
95214
18890
2558
5089
84337
10225
74998
34951
38503
25628
2293
85452
95327
72457
53734
39345
99214
32845
55788
70880
18337
47712
79402
10937
85461
70510
5850
28251
11731
52249
29697
23992
61682
27076
5986
47832
7884
87068
26298
47014
1450
63325
30281
37930
17949
85027
29814
84661
99603
16767
17702
63935
77943
43376
49037
76651
75669
17583
35228
50669
84366
26537
19457
17642
47369
78271
9100
80613
62329
14419
92113
33847
58645
16526
35912
16927
29006
5090
11097
88884
74207
85510
67045
83471
16530
66965
86818
44710
63589
63006
11955
67184
37068
29903
53068
91064
47313
84667
18131
27421
34911
92752
33296
98632
94387
74977
2303
25090
8895
66750
64928
70909
62183
76834
23754
95748
80986
39378
79880
84534
27697
94242
12301
57124
79690
63006
11378
13215
82504
89813
13426
44405
78270
71772
14576
2515
2025
12917
71366
59475
52954
15725
21837
27610
83809
23167
84036
91320
55121
16119
26910
40039
6859
77014
86980
20445
69787
41186
97917
56047
40045
22609
59945
16379
73037
17398
57007
35995
64112
39239
58879
36305
56611
3301
44539
44265
78612
44185
87016
18932
85076
14270
19343
27269
89142
97519
2634
31419
74824
93416
64240
24785
39673
63063
14913
23714
37497
41756
8953
69502
57635
90492
65416
80933
44533
266
34978
17160
31740
26238
39863
573
5664
54700
77415
61992
38221
92880
31005
42598
55323
94773
28621
82441
74951
77286
37110
67242
98513
70669
47560
11996
10997
62766
51666
89494
94485
59537
38878
70702
34986
21414
76386
95788
19638
68994
31575
22612
60885
78219
23529
11697
62541
50117
39509
54209
56261
61471
70164
70826
52701
63958
76294
46512
81521
90813
55531
92545
41943
82404
22779
93441
57980
33537
29422
85081
28658
89383
29762
54723
64382
36907
93193
16898
31815
15872
87368
58166
25914
51070
56999
99125
92331
76752
33965
64771
63646
86633
59654
1423
70189
85525
5868
18690
28886
17517
4330
95961
48268
42956
54634
84725
15175
33449
10722
4660
27896
34775
68616
81970
33234
62182
36371
2206
98263
14187
49980
38996
65782
9274
17086
49835
60961
85794
5549
48905
31488
14503
93762
82327
21199
59575
59966
41783
15384
95470
55665
43472
15666
42616
51282
14388
40235
67247
5401
36080
74727
94204
27089
47472
10575
33575
70594
69401
38542
81239
48803
30246
64549
60164
45997
24277
6194
84858
98837
16625
3782
88281
11608
99849
97718
21040
46026
680
54548
74128
9445
40389
11928
59669
23491
449
78487
27412
44446
23108
70570
35548
90539
73711
28017
97596
6519
23023
38100
20149
18265
17748
89907
23516
56889
69738
49889
9576
54661
44334
11055
17539
47916
56803
34503
41723
13804
60098
5003
89484
23710
56415
39643
80572
4902
34273
24990
3211
60314
5226
31810
83975
55800
12839
51723
68253
89295
88688
97313
12461
54459
91487
76133
63023
26495
59467
77051
46181
65598
58189
16905
13816
61734
59198
77340
43966
44920
55422
17216
97022
50205
87327
95862
5164
47301
6000
7762
23241
99542
75161
22413
75777
72934
68920
53837
23155
30545
48146
22450
258
18289
94806
65708
60099
24018
2135
63550
1754
17667
64055
36134
3471
46346
28451
62133
30849
15659
12273
51507
95750
29769
77301
13591
31657
33530
41106
34900
12100
8195
2045
83725
16395
64753
98634
34354
80047
35268
72537
63224
29486
13630
68796
75965
40967
2850
54530
88976
51678
85084
48339
57892
14657
97920
1303
67860
50969
99032
20934
90833
84162
36549
48833
29542
40699
78140
61358
61977
5834
19186
53501
59307
64141
50502
4002
62684
14165
45424
5462
35463
79855
30580
92572
91787
4761
20143
98935
14423
54993
32546
20533
75807
44952
32955
69268
58973
704
12597
99676
25976
17385
50868
62098
20010
43727
27325
19543
95066
10612
56604
67367
85038
66852
34861
17342
592
64170
18300
70090
46072
38274
97912
28018
40499
17705
36221
73361
76181
58660
60281
39836
87734
38538
3245
13029
70431
53841
89781
79327
23217
66590
82028
67789
18902
19539
54099
33225
11206
37613
63031
72574
53047
55447
93322
39481
57878
45124
92620
96744
62836
31975
69040
72056
91669
29492
95128
76157
57205
51758
63725
93886
8360
50327
73679
94343
49680
84995
59442
38160
31731
69339
85634
7858
18642
7120
27734
69946
66889
15418
28629
16177
6105
13538
59168
53544
47066
89755
15285
35264
859
71925
73063
67843
97204
55443
45768
48936
93053
97698
82901
71741
74166
50501
53540
9672
59189
84074
67230
79420
41823
30006
14077
28031
39415
37568
17493
17062
5660
98483
34751
95902
13870
37569
29258
35911
187
92266
55705
65919
42908
12344
91695
3070
49384
66087
43519
87594
82335
48936
67642
7564
28273
87776
605
22124
72608
23875
94162
41208
390
92644
10026
75354
55101
78411
17795
90848
47091
4834
14984
74227
34676
74876
17096
82024
6073
49713
57583
8289
61561
9420
20125
35668
18885
79494
69553
61215
423
56833
59382
56894
1413
99441
42709
28705
1154
89764
33358
57474
39764
32582
1511
38396
52382
67924
19890
243
79146
78011
39077
14802
50003
91130
30610
96938
61707
30991
43599
54607
67598
36103
79650
87481
71524
92374
95825
56485
59576
54687
97248
70686
97017
44786
12452
11294
4303
85738
69585
42524
31771
42320
2604
83832
52655
28862
84747
51796
54349
36933
52909
67220
33766
90608
83274
32585
29965
92569
50395
39536
20920
74329
97004
7458
72258
18302
39834
99379
31419
66523
88009
7054
8259
66018
43111
61924
51594
80048
84710
45740
45685
96796
82016
58691
28495
76950
60516
50071
77883
88957
62355
10674
83905
4470
7186
18601
82997
22101
62683
24596
81875
54852
20394
42100
59220
4041
78379
5438
63671
3663
54096
70853
99803
33001
26629
12971
53167
10963
51229
61937
77597
98994
90629
198
53250
49873
1997
43505
31993
74893
36739
1528
80366
71494
66600
67574
75763
33133
74674
56371
92299
34443
87534
6110
32282
55386
67358
87560
82991
13004
4601
90474
97941
28337
87198
63537
46478
86421
84905
53026
48394
43392
67755
25486
8261
80018
85290
16648
68825
55619
2676
75749
3661
90557
32906
4883
26026
28146
98791
35200
98923
47251
70719
94667
22129
57258
33709
88952
51633
80903
66501
1572
20808
28044
69129
11665
21693
61882
21903
3003
27378
64290
12486
37201
64640
58959
54155
58400
65915
68539
92378
91444
3997
41215
99298
49234
92668
37746
85071
52242
63897
31792
3293
78170
57455
83757
53562
37909
10457
72032
64652
40121
70559
12247
35121
76170
82999
61098
77045
23054
67245
51992
53408
17905
34931
35881
47345
93659
51089
25817
90395
3399
409
77616
71181
84216
27676
55381
99058
22576
91026
87912
61281
25634
20072
25
16281
81595
55038
1242
5256
80868
24349
84321
48092
51963
84655
59880
32505
74869
26011
22806
77900
89190
98114
37214
45495
41455
54848
25664
39499
75226
2668
41272
34662
14854
21165
86931
59353
24634
40858
27829
68653
42433
71552
48187
80445
10742
90992
24447
82518
95739
58347
68343
57072
76809
61551
38704
9938
90011
23033
30290
45559
2713
16824
85961
82495
30841
77765
31237
94345
77606
26930
12497
22611
57496
57110
1204
2251
92751
47738
66809
94287
41085
18154
92087
23279
81226
52858
19412
39352
68113
1048
26873
53418
62140
20655
60104
79353
813
53461
79267
81440
70257
29210
88270
37522
51708
82056
47354
84059
71769
5882
87385
32626
63793
61853
56042
57186
79250
36970
56084
86864
8914
29767
99703
72665
31883
9643
63876
75854
87769
4772
91260
44821
20167
35492
90120
33882
89582
54214
90911
20047
25280
65490
54099
48033
87476
78033
94400
85898
28653
93391
81088
76117
92783
14033
91903
15600
77810
28782
35866
49228
14527
66358
75549
58369
39083
62486
17532
19914
79995
71733
95193
93585
65361
56327
97537
73479
63157
54619
90839
47139
54516
65484
32362
25348
82017
28278
83840
71953
39161
60080
29979
97932
54032
42351
26130
33796
52812
95524
82869
92556
55518
10361
85817
72569
16624
62910
17791
71693
71280
57211
99578
98327
64202
25472
80427
38645
28711
8281
44959
51803
89828
19957
57000
11825
885
84354
58587
47550
33821
82091
94510
85542
80792
4961
73800
62765
40632
60013
27481
67449
86200
88575
50718
23861
550
69135
66232
64031
92188
85427
34614
83843
72381
50948
35345
22601
58598
42367
54024
91777
34083
25283
32119
31590
8803
56313
62362
72737
72280
76375
70062
28510
77731
13129
17371
16575
71265
88682
66933
4097
96422
75721
15776
40100
69867
45870
25751
71821
17793
64205
17799
42766
96780
78300
58994
30800
68769
72978
44850
58171
3917
66982
60193
28347
29290
86089
32641
18227
22431
11399
2112
58291
9319
5197
97732
111
18297
71701
19158
40235
6283
79594
59381
39108
96132
70577
64052
46051
67856
22744
77123
69617
58553
98156
25630
94584
22761
25071
35041
2260
95196
50163
50585
97018
92534
30476
17954
29809
47498
80920
57341
30938
26089
90632
31629
54157
81256
23752
87015
92489
68169
52077
92226
16744
88422
87834
61914
18031
680
74206
83831
52199
5894
85484
67184
18231
23019
73805
19116
89975
90996
28542
52550
41318
55233
90095
85374
90348
89039
29828
20273
22516
20672
4083
18865
40132
19891
994
53576
33673
89691
32847
45685
71599
6543
76453
34339
47029
49183
81168
28153
8157
75493
85184
30781
10069
67755
99997
53167
1308
12300
97075
49993
57337
13934
18161
38450
29235
38123
15525
96337
75947
71150
32882
53236
308
32233
12913
19185
76810
42091
98289
12946
73289
43791
52644
62985
52568
6043
73016
36164
34092
22795
51474
89216
44961
21299
94643
17972
41425
78958
59623
40226
87734
87307
78347
794
80356
41444
12446
87006
11815
24236
42887
40042
36359
80126
37307
11939
51830
67710
86122
83510
26067
60727
2618
8985
35166
21637
43379
26796
23283
67726
30845
80534
86526
11376
68570
91305
12506
97518
98309
97846
80443
55185
68057
4418
54536
49019
79720
78468
82960
42633
97197
73548
79743
90489
49807
82503
40869
18147
97941
33536
77636
72315
99331
50891
99880
90304
2533
97737
53913
77542
87728
55486
70779
72278
67586
22657
73216
55363
69903
32210
29450
93938
64089
68102
58368
36225
86328
6432
72183
39885
46754
30145
45076
20562
22058
83647
26324
58092
80799
39318
98482
97999
35798
67504
51989
48937
3128
48397
70499
85281
85438
65182
35208
1395
99304
85
49019
59176
38873
57051
22302
70832
11231
98996
56036
93069
21279
39728
58423
10101
73943
64048
18935
32168
77860
74449
78568
51679
94291
22443
98574
54206
45601
53750
31219
8412
33907
23221
69756
91743
26222
23400
82038
57150
13315
38249
17376
59939
76546
81486
7308
72794
3093
286
73195
1058
31748
68333
24522
9802
59417
93015
16121
37367
3272
2977
57928
2394
89543
98753
95840
95149
20049
44470
68836
24393
25222
67791
16756
23532
6844
98656
25299
68570
54367
52230
92326
63120
69808
41584
53722
86273
45935
14044
69161
26679
88584
33735
33465
49335
4695
37557
68887
233
55409
86422
23823
39853
74706
26980
48461
39227
94973
76668
72600
7449
75654
50806
66949
20812
78429
43933
2841
51651
98117
6492
32902
52196
79681
80817
19237
6231
99905
54714
73870
144
42883
36038
42329
19126
92234
54419
51353
94215
96992
80246
22141
51870
60288
68951
1105
29948
91541
10626
78
43832
94792
46217
63380
3457
595
98399
5216
75441
52939
40592
2881
92063
54782
40284
15309
8133
74968
44123
58152
81855
41165
34470
65053
15346
93821
61047
57480
53509
91640
54407
16473
23982
83089
92179
19380
12637
47107
74363
35938
42210
86236
15974
61421
33940
92334
77014
48589
48261
50517
4828
42786
44434
82285
17471
43857
25130
63333
1478
24800
50434
30325
69660
33663
63331
99668
71503
49936
68645
68638
55764
95247
84979
67407
15594
11558
48062
42667
28243
72118
65493
69406
31105
18966
76202
50913
77480
61223
69964
75288
90976
3525
91057
62235
62659
3360
85980
11728
3174
11734
81711
83195
26094
90221
50866
72457
4860
70690
76492
70070
22300
27569
64154
95428
42163
95677
36803
12969
37981
88265
79701
83054
16499
72367
11603
52303
60626
47809
15627
62705
52836
30547
45509
10428
96056
12977
11651
70146
11868
37095
75526
48332
22503
73033
59407
26425
19590
67549
49658
62219
69112
91654
23129
38136
80326
97534
49503
32828
70903
25053
75142
85491
21852
91863
20277
51751
35688
60939
70131
64681
8491
2658
47799
92609
40900
62988
92979
25475
25279
32265
65260
98724
56161
97726
57023
40872
16968
56975
8960
69329
39987
14333
69952
16077
20185
72319
23276
57452
60770
99857
77397
49236
67038
9059
31418
1120
68645
74873
18504
73908
81474
25687
59655
84591
428
18276
80686
90066
50861
53009
14287
92608
27140
37807
18580
79331
13766
61952
48056
13445
29362
10162
47835
32723
16103
56960
52350
28103
43079
44161
82194
17696
89228
54784
20316
65217
38910
78679
785
67784
29728
37551
7122
90982
87019
2056
99429
38527
16233
69298
70733
13230
40258
32522
66901
63257
46587
64363
55952
67525
74794
65324
81763
65259
81538
46529
96660
26483
31178
40312
73264
79394
78426
46952
18611
40000
59672
24124
31345
7925
84486
59503
77815
11110
73531
53760
51886
35385
94687
56479
68881
45152
80347
1726
4455
92540
19917
53082
83639
13815
85633
98171
72023
36167
67099
73814
38748
6120
41233
40944
93791
72659
66599
20433
27211
7352
91304
91517
96803
82939
25248
84560
34049
197
87850
42010
78171
50858
5905
44100
15953
44670
4568
97710
64707
6180
40112
33085
67153
31410
69493
13339
70875
52387
54665
69539
10595
67642
95506
98769
60380
23034
11524
40024
716
95099
79334
8739
76806
99872
2251
30040
65900
32815
31227
14996
92481
21301
7780
56728
90073
67109
60942
50596
41150
1389
16747
54592
26822
95514
99130
34323
13093
30761
39107
14931
47554
45509
42869
34889
90206
56888
47677
42273
84577
99797
63536
82802
86064
25928
84471
38427
59430
97243
67077
82422
42739
1055
91781
60657
42402
72577
42152
79066
89554
4999
80759
87852
52828
52788
27119
61803
78885
75147
58660
78425
51221
49408
45241
29992
58367
17526
93155
71395
43587
44533
68514
95205
66386
39191
59883
26090
63015
38540
96969
26672
6849
28636
98566
69453
85969
83474
31468
12022
65357
98707
15911
58408
10561
57895
37411
85681
83487
31679
26556
41185
50073
79851
16897
14644
10148
93161
83789
9015
69969
84201
58962
39546
1436
31503
79624
68157
93724
21005
94526
66494
90132
42661
83922
74614
62548
47064
37190
33753
66384
75701
61190
58016
62506
65224
69349
27165
1184
52944
31073
17824
44795
45560
42502
36269
82992
95973
56328
49955
21127
61668
48279
12467
6296
51416
76518
80750
72991
27549
91227
85809
15984
8279
60223
74876
48411
33922
96251
43627
58809
30162
3818
52502
1587
72544
77697
72893
53109
23447
75363
36493
90670
11644
75360
14642
81654
46437
24413
34326
72743
47764
83460
45830
32548
89103
50562
14737
99006
67160
12031
2872
69444
55214
8369
13694
34634
54865
43071
85935
87830
33168
96336
87202
46092
26394
11312
72446
60936
31652
42236
65592
40074
88420
74353
33409
45665
78357
26225
29375
88311
26824
81583
81771
41298
15720
45307
71769
50391
5990
83353
38159
15620
88970
74067
38906
30929
95742
43236
9981
83184
91713
2201
66488
68029
17084
12278
58190
35852
10455
72505
42447
97882
1431
98216
34082
51806
37313
10721
66992
20637
50564
20463
3531
74412
87539
90997
65645
43749
83947
21916
14315
11579
30234
39926
38343
32293
82703
93522
1446
57153
9159
94441
28307
26286
80185
75991
39740
6387
6616
32227
3199
55043
67095
41159
43771
63820
28523
11243
38495
68238
36641
21294
75849
78137
16721
76589
2612
87308
14964
48631
67024
99574
41898
22037
33749
44037
21263
31454
16921
18083
45962
93484
43658
56988
52318
38879
63512
71186
92398
2393
35515
99631
38295
95856
94998
80400
61550
63503
95847
13108
72402
7662
18327
24342
74199
23050
91727
61866
12679
54000
17966
89879
61598
28361
87619
56409
40231
72428
33630
22676
43807
45789
70767
305
17223
64086
12964
72139
337
73195
83822
13667
34179
18850
53246
92604
33357
25010
83788
67845
74110
21677
97427
47500
63081
17471
68895
1058
84625
65935
14032
72303
21479
97853
26791
1890
30709
84731
13355
98911
25021
60674
69982
80623
35638
86675
76818
88132
92308
4966
71665
1539
25998
69283
52966
89876
67818
22613
5528
19154
31020
98334
68679
31303
73959
59429
43166
85141
25214
43032
18599
5851
54585
32631
87351
17607
27701
98375
56433
53349
21128
69492
88459
72696
68383
82095
41868
86331
80182
76282
52666
8974
16317
2106
78898
90239
19576
6533
99582
49634
56066
24763
7053
48573
86598
15627
27309
17706
51317
67080
7119
86252
73466
50030
5570
46905
56965
73035
65065
90356
75522
8859
39274
9363
29312
43602
1409
15893
18307
69684
15187
74050
13232
78745
64269
59838
64867
74733
60577
28533
49327
74268
89717
41915
43824
66402
24068
9833
83295
3821
99989
87207
36859
71462
25796
83007
5971
36849
43553
72711
14154
62470
29680
68842
31103
48544
91634
55001
5272
53829
16919
13433
10445
32982
82806
62162
91235
88635
46780
97877
48942
36954
47730
10201
95357
25939
9912
55610
47346
89801
6481
45148
73228
86585
73666
64987
409
96752
28181
51332
97778
95245
73738
30283
23734
27290
91378
13461
58958
37650
65679
96806
75883
79391
93241
57685
80305
55504
62592
37344
52640
93024
65152
81141
57495
21744
10334
19358
32428
19249
2971
36967
20921
91964
50398
16712
4985
25578
8764
89614
64055
58556
54424
42652
63842
10463
11557
601
71760
14200
14464
43003
47469
59524
38194
59240
84413
9640
77470
91720
44109
17399
90732
96749
55207
60204
34054
16487
21381
42026
65184
59541
70949
55350
96634
40372
77906
42514
15747
45771
47220
37593
44161
65708
25999
24220
61336
79828
32891
83961
6056
21209
96896
58235
25355
60700
19543
43515
56339
97035
71587
43151
59111
40877
34788
11406
68535
33301
76647
39084
57564
30051
774
43558
3803
59357
76579
65330
60164
45519
68628
53816
3481
1443
46065
37047
92275
33254
89189
16704
62
37742
65653
59821
41767
16263
37604
30235
14876
55756
76292
18217
24449
53951
44812
78595
2554
13677
8212
34963
29737
6896
38002
11091
72215
60057
12601
98801
80854
55052
29450
65566
69826
15937
70645
67716
31505
14557
23407
84549
55086
35466
24786
10903
44576
74134
71238
39044
60259
61554
75530
62951
4934
29175
495
84194
31825
43904
17226
29596
23669
62797
85912
43138
92472
58226
63415
53382
20359
81659
51407
50418
47800
49173
81754
98189
22964
13160
58087
30227
87560
55598
6533
58890
5634
87740
79122
38166
14224
87981
28528
58530
77682
65621
42321
62967
65368
71923
78978
44258
31825
27889
88876
24393
81754
76900
48756
91451
55898
52752
49337
89690
22313
12775
74529
16251
13591
86701
41115
88836
64417
16808
79490
836
97688
65041
55392
43220
1577
15932
23329
84846
9999
3814
50055
31689
60318
8294
12106
41327
3083
33969
93593
46169
47998
45755
57362
39832
13473
53851
43467
66918
91166
83758
12462
9019
16258
96217
77308
26879
49909
39897
65780
79306
7175
79963
51892
41877
80172
55533
90121
16489
29689
37688
40625
84661
82735
49091
4527
74736
20120
59524
82982
34299
37412
29679
11962
86905
95810
86977
8450
54778
19792
829
88213
1309
68881
72018
75822
84931
47002
70912
45118
79981
54807
8063
51926
36069
60820
91180
24759
11733
99105
86748
83581
95170
82813
35990
57355
41712
85857
88535
26187
55364
58143
40098
48398
25558
52526
92870
50187
88772
55561
57253
12957
71356
49146
39676
57861
48754
75274
71106
14322
83179
7028
59914
69485
68138
20921
19622
9526
40513
69390
90007
48930
46528
67254
94463
39408
32785
88903
28257
92342
66197
67655
15227
48826
66958
10753
29516
71639
26536
45358
61880
75154
60637
97892
95453
1517
27160
25020
545
53930
32698
53095
3386
15953
30806
8772
32514
70633
25475
57093
46352
5283
19369
12816
87619
58616
20825
23800
72021
89923
59972
51438
37891
57819
57910
37818
42832
65208
35205
73014
47089
37858
57699
40081
22717
34406
20635
78142
25369
42460
17644
16254
23042
76720
13616
2758
68456
41728
33700
34070
66623
40336
39643
77466
96945
63503
28385
92856
91798
1946
97251
72872
87368
41348
24463
66274
33867
50282
95315
20161
55131
91064
57977
10177
69069
8646
47737
28664
71103
90904
51382
69861
46433
11494
67510
24637
25510
90166
85952
98510
51218
87193
51084
69815
19613
46004
17822
82184
35040
95676
31354
94897
19860
45316
6832
86791
35999
30635
13466
6482
68646
22098
38758
77187
97501
16907
48563
40534
50551
86011
86694
90682
74717
53298
56306
76377
95447
47684
19355
40239
71187
82650
3990
77534
17365
65517
187
38744
76283
82859
81769
30449
10452
54184
76035
60111
53158
70064
24952
23298
77090
17852
75756
96580
17309
28735
65830
93668
14455
20481
29942
8900
30773
68329
30296
31061
95644
79142
41579
45737
95223
42562
70867
88285
38339
5183
74246
27322
96050
40917
34297
20277
27225
68050
94785
11202
98765
43911
96212
68343
78680
7244
43623
68823
95192
15721
77590
20370
14144
75417
58290
82053
68082
66269
1223
1903
23158
3772
77150
68292
40810
10104
19039
69786
13074
29999
73675
20910
79601
47238
60267
96578
73790
14492
86680
33521
1410
6245
39563
15150
56137
46985
28445
3656
69225
33411
56228
21777
2884
87507
65915
78615
22280
23104
97862
70855
3382
16530
91122
25949
14330
60066
25649
8228
87513
84917
98401
82688
18283
82463
40642
80180
22601
87888
1687
38118
59585
37065
67318
35155
26021
45454
55023
36127
52015
80209
3762
75025
2578
81451
70192
33382
40599
51655
13485
41381
97136
98033
49002
92054
3315
6581
2374
9452
46149
81603
67525
20205
66004
1511
76849
65568
25208
61822
70844
88259
2870
22514
28582
3425
20922
2633
16652
46535
35605
44370
65412
7655
30115
36179
97995
12522
56915
8782
51638
66933
14720
54902
24351
34721
33883
97944
60600
17388
40346
96415
58267
40171
32984
45117
49906
72479
51614
75518
83016
66840
183
49150
46037
55513
60745
41014
2449
40683
72205
43362
32177
40857
78580
44372
41331
71572
90130
37432
6078
67453
24092
59567
72417
1551
4759
51172
72367
74301
98463
79123
47664
74708
49629
3921
54031
90039
44765
96104
81289
10080
8071
76599
9047
11466
17455
20092
48015
62901
37718
2269
94632
78537
95230
25476
8121
88261
73218
74117
53613
58481
48570
94989
60199
86176
11265
15202
26596
12903
45516
85846
4929
21621
94064
42017
62101
60051
9645
86059
78470
16412
19635
96713
47340
91517
24518
93870
74178
89744
87023
93171
74591
34222
34223
47598
70221
81195
51675
78367
57211
13938
78243
90435
75917
88281
52961
95138
16788
90487
66546
26957
26967
12310
87601
16131
97018
51003
70979
60103
22328
39723
56806
53010
37613
4711
47802
92103
89301
44386
51235
88363
74010
23189
79659
66043
70961
41014
60888
42122
81467
94503
70096
30781
12358
89048
91123
2160
5904
78461
16403
69312
9730
56792
57423
50987
85143
79815
57428
92800
94152
97947
88852
45346
15278
69545
42639
75363
74788
58130
88837
18438
39953
42562
17609
81403
67844
3943
68201
64121
9932
76209
29770
90255
93309
3475
73433
89149
30471
28148
10880
45086
88241
21749
74102
18951
67838
71677
69546
95000
10981
14032
71337
7191
97677
44126
4666
26116
35876
12997
93092
22985
85419
94961
52068
73445
48281
6807
20602
17167
4265
97199
2055
14289
32982
80526
62027
73083
67671
75460
78031
12594
87882
48985
12466
38245
17716
67486
85851
47932
12871
63397
70999
90642
45422
33141
61975
11087
8122
282
38782
32823
27594
24320
70000
57204
8750
34032
74689
17653
81458
479
38992
36865
4335
12472
43664
30641
36488
49125
86704
32753
6372
31256
12935
84486
94045
63870
52370
94716
33440
1732
76759
73988
12161
897
39944
22273
67306
82208
3548
64189
85212
93997
14258
99948
41012
20552
15515
8484
84516
24485
19187
25672
39992
76969
22344
86002
70286
46658
7527
9053
1651
25578
32537
88770
16366
40858
41376
68793
43905
28363
31108
73741
17908
53907
83028
10707
46648
21449
93219
112
67975
54487
63719
70237
44925
94296
21652
2318
39561
17219
78529
96787
90420
19874
73748
50658
91834
24521
85283
6630
11336
71382
48777
70537
4301
68061
58430
43584
50759
10763
74485
51373
20846
5015
14035
94774
26432
78800
41133
61096
72611
10853
67222
45067
73500
96045
85912
13626
55997
90550
9580
2087
73114
16403
68797
10575
99300
42709
73663
50215
66462
74937
86237
45387
20787
13495
26386
25245
39259
82351
18892
98075
28109
302
59148
65849
30443
27652
69513
47317
15863
85284
37959
15673
78718
78852
84881
93424
74863
40216
90607
45462
72309
1675
49246
40065
99910
7996
37595
64200
87929
5952
49057
82780
60057
71999
69030
25453
950
80421
45402
79905
92967
57613
35750
24207
39898
82907
36526
58862
94286
55472
56553
80747
50169
91010
99202
82489
60548
5682
58774
54362
6890
74393
24310
70994
77164
99880
35496
87996
26119
22083
48838
2862
6710
7412
3502
48415
84746
45377
51488
67793
40339
70595
25401
81729
41151
84697
84788
82558
57043
28205
25619
20880
99634
36933
51725
16741
87868
48662
11598
7622
97465
65094
41457
13186
21227
36928
27443
11475
68911
73197
71057
95903
11183
76641
156
18925
46454
70212
11103
4582
29772
78093
13002
67524
97635
82084
34565
28204
59161
94649
56655
3238
86563
53315
40296
40445
77641
77607
81187
5195
91499
40886
90935
73131
2335
11214
59631
18587
20843
19970
10907
94362
23823
68152
88948
30832
3656
87333
73672
25858
14063
15258
17374
13677
41717
79096
3850
97296
30621
78029
74844
17350
18876
13269
60858
8523
58286
2864
63640
81794
84059
17637
23899
20946
73360
42260
91114
55423
69259
21252
24592
57719
80561
5861
99338
82314
59218
51360
87997
82865
7525
62351
60489
58981
35636
71108
17224
59387
44837
14822
16967
77726
12553
40746
28972
76684
2864
96995
14346
74136
37528
16485
67712
66565
35459
97067
57596
29388
64715
87820
52992
59403
15946
61081
55883
92564
62712
76151
69544
8795
67598
45053
4501
39409
68990
5928
80410
58984
3815
35136
86896
76690
31988
74126
7408
27763
15657
19245
82216
3653
25539
66252
92618
79181
9807
24094
23353
43920
92137
6582
34293
35581
10468
12876
63356
36669
25307
16098
64229
90881
55947
29628
59011
46956
84137
62124
84713
44965
71616
3636
34968
68855
94755
7773
68188
4647
77917
43742
21070
82341
45145
26550
42911
88968
51762
50825
19498
45527
10197
97
48350
48376
60422
77608
7852
82863
22273
32164
21575
16988
93584
39267
25726
82554
17686
65834
21548
20720
55396
66950
75198
36106
47850
85376
83984
37050
82357
20617
90032
91408
7595
80816
77253
78056
53909
31852
23859
38543
1274
17684
31853
74967
4781
91227
93880
16282
30681
41031
56853
51540
8253
37823
52472
31095
6922
30332
48916
21256
64855
73598
14477
9716
44341
78725
99193
78753
49724
25897
24470
52075
1439
23300
9684
70088
33870
51468
8720
43429
57689
87212
90926
10407
20945
43158
41564
96781
33133
84889
31108
16688
42403
13763
53784
75153
31436
67688
40990
58914
46641
21837
44141
7073
79040
1681
22903
82363
17187
1785
77147
33431
63532
56066
37636
86118
49927
78002
82177
58301
18782
36554
1324
78917
61135
24457
98171
72865
48844
47069
3879
20843
30506
36167
13676
74292
65764
26088
97977
12676
89631
6598
13775
46516
82876
9211
46880
6464
32862
66543
28064
22771
44958
46326
42374
15462
13948
83944
3714
35332
41701
17543
62554
61610
21416
26609
92401
53933
372
81253
12986
10487
67350
85735
4063
54138
28444
35120
39729
8747
44243
76668
37293
76943
47216
99315
43544
27218
95887
4569
58137
13175
11401
44067
35828
5917
67416
51859
3713
92415
45073
60591
68273
71366
54066
22536
91458
59402
16346
3525
19198
68806
1475
23973
71710
77508
12755
66470
20231
25530
89007
68180
31924
14058
33082
886
49872
42405
58221
20013
81400
51789
97637
41432
90443
23662
917
60101
51102
15697
24503
64152
11521
47576
7807
86835
62044
78741
57567
58807
88489
68095
13300
38396
58190
80985
9076
35321
7062
31363
20466
58367
12610
71410
97309
79038
92545
1891
82388
93155
72700
62283
6254
66083
54323
85341
63968
22254
86227
88885
5394
43288
19431
78892
71377
99133
89539
34204
36523
25530
18420
89372
14471
87658
7994
6646
72884
84922
3829
99344
42556
3796
31911
655
70903
49128
39572
83255
61479
20010
13799
53496
85653
54861
4552
329
84938
12150
14675
8359
78875
29652
22724
91162
57633
79378
55340
52178
79199
9749
57771
61404
6944
68925
31510
44487
6501
76353
83262
15051
65355
54727
10471
13171
98556
35279
58282
54456
83757
22353
35763
79130
79769
60309
11944
32854
84372
29186
55107
87699
61293
24387
63158
81541
79028
89130
93441
87353
17680
71049
88512
9300
98776
52039
72225
46013
86518
37551
61426
42794
68835
37591
90397
21837
91645
53136
42366
15376
24618
36880
28290
30092
52109
79032
95553
50693
90696
99434
88640
29277
8569
60709
93699
87604
19623
89279
78773
52228
80425
71432
67443
70972
39671
56830
68728
55680
93702
22938
33036
97604
74292
30738
1008
23239
62446
60804
86517
89223
87453
11270
62083
78156
13634
14803
20146
30908
25594
64404
17888
39387
35131
86017
22494
3013
2795
93800
57094
37917
27684
94283
99185
95697
58
98679
63675
74776
44756
83401
77082
90604
15485
24362
57098
54880
62334
55385
69311
40378
17656
14900
13197
82855
80600
28859
7991
49510
99525
57254
24927
77827
79141
67994
75192
50040
84898
94526
56771
7213
46338
47252
92481
20743
35292
17748
38135
85266
7355
27
166
24722
16630
60910
3567
77062
88893
65116
66171
72253
83107
48572
30150
51269
95508
42318
20753
98056
96511
63674
17779
60554
72571
53038
40713
43964
39897
4638
56066
35490
18301
1627
70394
53095
15953
48286
65366
90502
60587
28262
70954
79094
73920
49869
50925
23691
29759
7714
4165
99042
28251
54487
54234
26070
3992
37328
31528
29756
46877
30620
89878
44289
20777
84538
77953
98479
10799
8676
40408
16721
44965
77897
25831
87629
51802
26813
31092
86508
69969
94847
53511
72279
73696
67443
9481
91537
41871
17788
35881
37410
64522
95131
14938
73135
8512
62293
61206
25143
31109
58198
83214
46093
23568
27069
53618
98759
97002
83986
65174
89252
73513
74748
63124
56212
90179
72083
57294
9018
134
21353
52603
35267
73543
66041
98206
77596
60052
25934
17334
4067
94019
96914
41097
91764
56409
23788
97019
50060
39947
94971
87637
39459
33765
34845
6217
20201
44286
68984
49108
64288
55729
19642
94532
32048
99612
20339
41199
91381
68736
49886
45834
77625
91
23389
33848
58874
66118
49193
53776
39940
36078
55730
10463
49718
90718
98892
52337
93562
61284
22513
72925
86409
25321
28877
89258
73244
53772
43520
61040
86686
14633
85343
11055
53638
46068
96814
45826
45079
56191
39351
76709
21826
75582
28919
18016
47093
33911
64653
2146
83068
43932
57524
6251
82983
50685
31371
77477
68644
58464
31799
14459
11318
49675
88572
29041
28756
84435
92132
84936
55319
40954
79661
61940
53321
24992
81989
86481
18071
84945
14259
65597
75871
27793
31165
47105
750
87761
67825
4126
43536
30700
74835
38229
97067
9847
5703
65304
85336
14076
36953
28430
58641
60701
85302
36075
99251
36927
73958
71837
26912
12808
90755
80232
75778
20197
63702
82381
31328
38661
9007
46501
69330
98790
13166
95077
98554
62379
84406
75538
2773
60431
29518
17631
76120
15599
66656
58190
32459
88810
23497
17616
22802
16792
469
19444
33148
31027
1377
84359
2348
50649
92360
36415
80942
83949
41230
45292
12861
73961
42001
98378
37993
53546
76362
49321
88729
3309
79300
93466
79210
87879
79113
73127
19021
35253
21230
11105
60334
83927
30233
80853
18249
41528
8999
75220
5108
13910
65401
86087
4017
54909
62462
34785
97346
54047
9144
33498
24549
56288
8820
98085
84223
1076
80339
74074
60643
67625
15118
4450
72371
85657
44980
96708
62624
49055
88220
34740
15049
64882
74989
26772
77579
61348
96624
57043
60145
18838
89335
90664
88198
83412
84671
2725
26721
18643
21618
73154
24520
80712
7584
52563
5573
42508
57838
6868
88416
31391
93558
1093
25963
95978
13775
85110
76210
7242
35984
5293
13996
30465
25520
27545
90006
3038
89217
12011
35116
15683
1720
4692
25038
18318
20673
59890
93467
76155
79785
71687
85044
89171
18913
62252
81427
78595
49870
58719
1073
80098
17065
77534
41087
34574
98694
90943
61215
56231
4885
84528
72420
66413
15205
76890
25676
79253
53737
10476
48870
30265
45981
37512
38637
62421
85400
52156
32103
13497
83169
90618
12278
11220
15698
34631
77859
75198
43658
45291
30265
92064
50303
23235
22795
45078
56693
70863
73636
44065
24736
42795
59637
26834
23060
5495
69580
36189
70446
35740
28630
54355
94850
78012
46986
11904
54237
64613
75238
34597
78642
38851
48374
14602
89398
90215
14260
22522
67189
42886
36900
60776
64376
52559
52751
74333
41197
77771
50358
22571
82733
40162
77376
28918
78498
98007
13779
87928
58401
7239
12682
80997
57797
66821
53302
55072
86929
89599
19013
87432
71583
59710
61391
12734
70832
48788
37549
1907
16559
43462
94415
68789
46804
34512
85410
17516
75645
87293
42887
35388
69114
79373
56926
1121
11449
20384
61610
5511
22486
46424
44535
58831
94083
57509
96920
57562
71009
81512
44866
62150
45138
52185
5503
38170
76685
77312
11062
17748
48929
1234
83393
95056
73610
8704
80198
17761
62062
51221
64579
78686
69493
86557
43400
44463
93230
22243
30752
74678
1700
61977
54625
68417
4064
98517
95614
55621
11647
89273
50750
4150
29857
13439
50916
25459
10434
41155
91098
12305
20911
1110
14949
15321
97855
72309
54244
7496
10703
50438
30825
29931
67052
71733
96388
46379
83834
92502
65209
39662
57486
17431
25530
56007
6581
3646
65979
20052
81439
73034
7705
62979
21302
11062
44379
44781
72774
27029
12111
99345
80323
19267
83770
64354
12786
84413
72829
47827
34062
10782
8283
31727
30149
51388
65404
28797
22242
57663
17312
38574
60889
81786
20951
61669
75385
25695
98072
96947
79399
71901
34741
88383
59499
22189
23055
78881
18160
93966
89236
72015
81548
12997
9297
89308
14867
28611
43401
51995
40578
82690
50434
18183
60251
8297
99481
22222
37009
38645
63538
38551
10257
91366
69779
26388
23787
97582
41275
81201
99365
23749
24425
95159
18497
25266
14184
22720
27502
59019
18071
80962
31914
78603
73603
29299
25929
17123
12313
32825
9883
8083
38187
76649
98065
2946
22121
41708
55863
93305
25955
60409
78615
39937
3528
18430
23270
38936
11304
77228
80338
91810
88679
98334
37587
24001
66317
7406
84724
82787
98963
12500
4902
90588
73925
90766
81986
66716
17187
22759
4476
457
48485
53733
94390
28355
44875
88304
27746
58856
75949
42942
34856
96727
46736
95231
25040
99564
34691
99201
32663
82800
7473
76824
7638
9615
97826
64459
16087
17285
57769
19620
35725
25696
43452
2782
26717
50254
35656
11679
1103
1927
90280
73914
8649
42345
13955
79914
92833
25194
52932
52962
94059
96732
49729
52170
4066
93807
7880
28668
14231
42940
35936
52714
96811
90547
27210
3608
87478
53816
12651
784
58779
60919
46897
99726
83698
61080
17102
69172
94838
66546
25169
7627
15003
41764
290
89727
23138
16749
33568
58003
46135
47624
25023
34598
90198
14760
63045
50730
40481
23091
4030
94059
73945
8958
44886
52583
95608
82954
38268
10844
49563
22680
20406
39575
83534
96989
53453
76191
32666
35838
10425
37907
76192
63793
1448
69599
124
31375
90369
10124
35269
24546
9031
21389
58086
20951
6866
92951
81084
10194
76486
72323
44185
62659
46103
57549
64672
44078
462
32400
32517
60216
7524
35398
23736
22940
30196
25198
40270
46926
61834
45402
34627
23742
48404
77296
37140
31448
34287
73287
52438
50544
37953
57599
5167
57358
35531
25666
68179
94019
80232
97341
37462
75364
67335
4326
40013
85805
85445
73324
33736
50349
45559
88388
604
77929
41262
88520
97273
65119
56544
10776
13172
59847
75006
74142
68889
51990
70992
27324
71133
19405
93536
24986
73231
96450
26584
42558
80552
38713
74238
82637
55722
35053
4735
25630
21896
10748
70512
70724
93685
97023
73519
59054
51988
57196
29640
45708
82045
5374
65191
25756
93138
24431
88557
36725
63241
37293
34754
78044
29577
69987
36900
19302
5197
67481
35489
75506
78813
42051
63494
97778
50867
