67724
93410
69906
67563
68133
81239
35383
14583
38368
61896
89828
58381
87265
52924
78170
44186
25124
54649
52893
42961
39284
76205
32263
79098
8133
57429
97167
18007
93411
80546
38787
56991
88292
9326
55410
35556
18934
453
6914
76167
29798
8896
48427
79883
83389
92361
14124
46360
93608
59569
75
4720
25953
67605
3718
62006
23014
3080
8149
16110
11958
49801
45420
27221
94102
86104
46124
57100
94620
9332
30824
73291
87377
6503
45217
52243
18802
80843
71058
85503
98330
84760
43930
76096
21333
29804
84773
60931
86439
84837
89806
15873
74922
13222
26877
87079
3442
77985
31707
1081
61453
79157
41116
51926
41316
16604
43923
42329
13659
36873
11862
94613
90527
82528
75076
45771
25433
93653
82722
82203
5818
45780
8187
44175
98829
70839
75107
70302
87300
5372
80871
49237
35178
72370
92359
83687
33346
99849
91717
91556
12984
90021
9907
38397
46498
22184
82322
16424
15320
51270
35546
77863
79851
53634
31460
7236
67160
55396
76331
66140
53815
88408
85900
99648
21221
6658
50902
50521
29919
29637
97147
58621
49201
13361
89915
93995
57812
31245
58441
83847
81179
63894
75239
83625
38558
21474
12644
51353
41440
7083
19447
9698
82771
42528
58542
19544
64241
51945
31221
65465
74117
24555
15065
1437
19956
972
85417
87211
15955
13491
16485
5626
33143
215
35601
32115
30097
77616
47293
77601
52642
96620
17896
68050
19805
11246
38396
95648
10386
70571
26555
66688
39003
18100
48126
68267
66467
87869
39761
99989
56652
33180
1555
69941
73887
43582
68962
42918
62443
89543
12181
69661
13399
51660
23433
10217
12153
91768
15278
41028
16073
58842
29339
68819
66419
9315
53965
50166
64413
94582
36996
61272
80328
63055
30192
75520
60192
9997
14758
98286
31962
2480
7806
62113
45600
86717
43911
65525
62571
89269
17607
41521
99838
12396
69190
27288
89248
17370
9585
67454
33443
35421
98131
30324
78416
18866
6639
44592
67928
61014
11780
45135
42419
13713
78764
17218
57139
91558
98690
92870
30645
87611
57898
65010
55949
61008
25091
27886
17619
47049
21918
1599
91530
52473
47960
77454
69873
14441
36955
1936
24047
8269
51280
14357
61686
98604
36841
60507
41506
81054
7482
84088
39798
17658
24240
43341
70191
95135
85040
63948
6062
87860
39482
70971
97184
88487
92168
45808
22863
4307
20790
79946
6868
29858
64542
19985
51045
42613
59921
45145
57835
1722
269
13120
98030
59274
40837
35023
1988
57886
39087
17599
61555
7493
70816
7031
7084
77814
88920
96851
54964
41025
45951
6439
15071
71037
50420
98636
81633
89728
2134
65768
27906
91335
48618
67586
15552
56250
99440
99669
16844
92796
97198
50229
7409
56311
25071
90178
25491
18981
8888
5506
57606
78182
35538
56992
19590
66741
23883
46966
43143
91080
55260
35475
9308
38968
82127
15329
18394
70132
32091
54374
28735
78064
92695
83503
29420
34148
55866
15953
48489
91830
8332
64937
81806
56508
58054
26518
60492
76528
77832
98517
80721
56721
1133
74922
17102
94586
97722
35626
13834
39542
21791
86525
81130
97140
48892
73499
1138
15449
63362
39019
55748
34397
18959
56115
92900
85425
95806
23465
92909
15528
85546
41991
94743
6572
63523
47523
10991
91014
65435
15546
9634
35498
41370
44100
81465
60747
60693
91998
85766
97531
87083
14731
30653
73785
42169
61727
17732
14329
8818
18525
2997
97728
65597
19641
62779
99424
70254
32099
65836
53340
79678
70793
20731
24483
71500
82902
82712
76646
87488
71416
38902
67958
48518
83892
29422
78896
73416
22283
43649
81313
14632
49143
21817
30751
31393
86738
66050
54722
59518
15310
47301
64970
24497
9378
80509
93442
36056
16441
46492
40800
12367
42343
65428
18906
40816
10255
60961
57684
82575
41388
93964
97039
91496
92975
11978
93472
7125
49073
60521
23973
3355
96962
8070
71208
91649
84805
42319
49308
43476
29332
5378
22398
55855
68279
80383
61865
98779
41329
10438
76456
78949
96841
69667
8510
84028
83843
66209
92127
87578
86508
78349
87260
47211
60253
32359
25497
82049
4715
23810
40748
89660
2542
89466
44952
24654
38748
8133
49490
58254
42768
52975
79961
37967
20336
7386
33947
38145
10753
49995
94400
93310
28352
44831
9422
22992
42740
45198
24329
46104
33050
17724
26623
99533
5909
21266
35536
59747
37941
64986
29653
99334
60809
57683
15280
52593
97421
72993
60646
38194
13497
37006
48688
55832
46103
46532
9596
67141
57233
94382
62361
38362
5781
7844
26632
17856
36523
12458
75704
23210
74194
75183
26074
73712
6713
43838
94104
1759
24764
18238
16475
42977
81073
81736
10009
65235
15001
38989
83054
33042
8656
66263
94003
12078
63471
64474
75019
36544
86629
65409
73497
40605
16273
39060
94906
57892
68203
54658
79185
38858
33364
8562
90728
2312
83263
51592
69457
52609
92673
24725
51735
5645
5010
30576
3039
66235
29044
37592
40345
84794
49460
98866
63949
52251
49226
9290
87054
99269
76449
33763
34542
74541
42308
83764
42270
61994
92306
75960
53709
69199
47647
48629
27511
62476
30687
3226
23567
65848
77476
81644
59002
55131
39041
25198
12649
72042
37757
15019
68397
91331
92381
26786
30212
31839
99376
24287
82053
467
3452
84451
15508
5345
46337
88672
41898
78392
45730
58459
32834
45257
86167
36197
24504
6304
19762
61168
89755
21046
68363
2671
32156
69972
82401
75349
32529
84089
87373
40128
95947
12083
75906
30325
50342
24239
26033
53566
68042
80810
876
39241
14003
35962
93200
69643
14025
51091
66880
77740
69304
43946
61114
31247
38513
35494
3904
80179
70443
51678
13091
96298
79786
5440
9589
90241
26128
79228
77136
83755
45480
81837
98852
77812
73847
84372
77582
83073
93418
63757
73640
51029
10793
19215
36076
10801
3058
76093
28398
57089
94231
54285
31464
95491
81143
29281
98697
99381
21429
91873
52948
58229
22313
47062
66573
33163
20111
63596
89856
90184
47347
66052
30029
63869
99670
19259
97483
53888
62739
29317
35412
21067
31535
99373
43639
51283
3908
37084
88487
78160
16167
36177
81183
95039
15213
6915
48074
86279
20128
76385
44784
34963
50391
44736
64712
37529
66483
34063
90929
26903
32394
66692
81088
38871
33695
76285
57216
45624
27193
22308
96282
71786
21494
12873
56902
51544
27538
27868
11921
91020
41247
93741
73018
62186
9274
89828
93162
77051
27366
41683
316
73151
93533
66023
9986
52177
32722
48876
73943
65299
70948
97264
61189
10516
21865
11620
62899
28427
10312
36171
97214
52072
57057
66894
16579
70394
28013
58802
29293
32814
24976
62005
25525
78899
59182
92172
24374
79236
63828
74790
28304
78128
81245
45839
67561
41931
57334
95293
66289
52005
33633
8302
33753
60604
17109
74614
93290
65716
41679
20275
95926
94758
77243
31528
86741
7240
91750
57084
35720
16605
95012
98714
68016
30483
47718
57336
53453
30699
31295
48753
28231
47306
81590
61737
58607
16532
62997
85801
63839
46768
39507
24769
61910
50838
8639
67091
19248
91557
68216
56284
83592
96223
13244
67992
79184
69685
49886
37683
46430
83866
98722
32121
62578
18560
14834
70355
51335
56394
5833
67389
9625
85615
66424
41136
35352
309
22368
79732
14789
87531
68747
75511
74985
57119
3221
18488
85917
25960
88939
53249
35060
32103
23027
74138
6782
79479
42930
56751
9141
17719
28157
69713
112
7142
69991
56413
14965
23851
95930
15863
82656
35525
13891
4481
72758
42683
84533
5628
92757
21143
91804
37640
48921
56115
81567
66655
82967
34914
4694
48565
27398
7134
65103
94099
84188
96848
17270
81111
42075
74288
45535
33268
36851
32761
17511
16929
27545
23583
2077
45525
96625
2481
10911
40872
30557
60861
88680
68799
41324
59131
34751
68345
20149
66782
9825
49544
65907
43089
88147
93739
23490
99330
4166
24245
45568
66488
15198
67355
47818
10173
36914
17789
14818
89979
44604
60249
50274
65130
85873
64107
3652
11246
95802
23257
99970
67801
55235
20439
26207
49087
34706
88097
48331
95082
1148
24157
74016
99148
98080
75884
45236
84809
20612
96562
47168
28133
14776
49975
50620
55045
89146
37137
42520
75200
91226
45176
14554
37776
72119
33137
20193
46648
25943
16419
66068
42942
95065
1818
48542
39586
18954
95852
69509
43959
68987
37296
55915
81399
49771
54868
89408
5844
12128
66074
75192
18347
23746
98927
50540
8492
45829
59023
88190
59897
17224
99727
83257
8036
32601
27489
52291
99561
90991
20622
18302
25170
99216
88170
26559
68718
42986
20942
15176
91596
28384
50009
50886
45567
74913
18481
67986
54208
56952
23852
82208
14464
34918
29640
81506
52359
57297
77953
99682
48717
25637
14169
7049
47877
21425
71351
18089
77651
6888
89327
12186
31080
24845
26178
87441
87620
64171
20005
18239
35851
15346
15304
59905
92071
74804
64948
91004
97084
90703
34665
56935
92045
93368
48461
15123
51787
77484
57133
40551
21462
29971
55088
7904
50724
22059
38962
67952
18119
4463
72828
90230
42624
82587
50985
60309
124
13050
6147
95202
85876
18626
64384
30928
45768
75060
92615
49047
24719
51083
81427
16627
67251
93169
8365
96746
19588
53539
89447
27263
42813
77733
66599
63844
31626
55974
98357
96873
77420
22125
28414
77069
2045
11166
35365
82639
31917
58693
71609
70813
17390
68496
55229
3181
84699
58129
43253
43109
15087
11462
94146
17915
67799
11959
13143
13268
9173
62057
91982
32322
50823
25768
46560
95527
7416
17270
2689
3627
12558
17039
60954
9470
6123
70775
16969
90455
64820
51821
73824
58528
5140
55650
26830
75310
45874
49985
3487
24582
62850
2372
14631
78131
17110
35191
94041
30234
78581
25762
36464
55232
36711
9798
37324
28014
7031
79304
2104
16884
73694
85237
56257
31551
20397
22182
12615
24367
38917
9597
45107
72556
42113
17145
44422
1250
52287
7076
62734
31612
72451
41138
92232
51178
76484
81139
63222
86628
669
25852
5252
17567
29217
87121
18282
35657
78930
73577
70190
66211
38176
84691
47540
70352
25615
68393
37700
73221
8191
12642
16306
15136
10248
51136
54279
94704
8561
80914
26142
97436
74454
67080
32694
99736
82530
85288
60456
35190
90775
76526
54095
74288
37273
57723
5778
40727
41363
5188
48151
72770
53724
2921
17035
70070
28654
87953
70695
71117
97844
72746
20590
25718
92865
4861
19405
80599
15505
15401
50443
74543
96623
55610
59223
19375
74957
11596
51085
42772
23723
72884
56787
94946
32550
21156
19306
16761
22599
96487
48176
26400
8159
47597
58791
77464
54266
34311
29075
25485
98672
77425
57897
81882
83237
58456
74450
63020
11515
30368
51365
44237
5958
62600
83355
32052
32544
13414
78862
18709
91797
21778
97468
80257
87321
73335
6837
90991
7584
92540
9556
73174
9102
71310
72770
62859
39254
32172
46022
23774
78319
67016
4200
90485
30997
50025
98340
19979
72599
92957
16086
57449
61952
78935
25601
42941
55044
86574
85783
19548
99194
34114
16906
24214
97974
96169
97508
27393
57697
37366
62057
8717
15352
17688
79657
1847
73961
83192
20220
64333
39296
66988
44712
28169
80277
12591
51349
83306
53216
59317
45809
97783
21985
76913
60695
74189
40330
71292
46171
40643
47069
41725
6980
40773
6437
23005
28026
928
26123
66283
40722
73495
265
50124
61642
89412
33100
82543
21864
84107
26979
47055
66370
56931
88037
99042
29667
46259
61163
34915
93640
35453
16906
79137
23437
50289
88114
44319
61174
72207
6743
4142
69448
10760
928
73035
98892
60820
8556
43637
80158
82018
74717
1983
73331
10049
57734
81088
75838
36283
29321
15141
51828
66750
131
75796
12154
53652
97762
91234
63601
38937
19323
99786
28619
44151
8637
24213
67465
41743
31839
95670
78673
95248
75931
64842
87578
47525
90704
49012
46967
37514
53374
73334
94291
34365
14594
17257
9758
15285
20819
8652
24653
94130
76740
65271
22029
28514
53100
19278
61096
72166
44749
3318
86570
44851
35922
49813
93173
28301
23410
21870
43237
86371
53924
72557
14043
65493
24611
47862
11486
48571
59645
82124
46743
66220
7470
30264
55495
56026
86427
70291
70848
21295
74026
1359
72909
67173
35085
22247
81506
38574
54964
3031
16339
9581
79407
85765
82153
45242
9182
92069
72766
20499
63889
16102
66700
89439
87352
77910
41748
54078
83087
22427
36142
79910
38035
30988
20243
67842
34257
21393
9429
50274
29524
44411
37724
10471
77718
99631
68173
23987
7355
22948
30290
28674
57439
43351
83174
4825
2256
80725
87673
26550
72988
63969
67164
79041
64729
89368
40927
7114
86872
64343
25039
1985
63822
58793
57951
2593
14652
82086
82635
4653
16552
83127
53005
61213
40354
44547
82554
36952
77294
8578
85224
75789
42768
18035
32719
11910
79896
51723
89427
53130
87984
71998
63705
6686
843
20090
12171
4296
98173
36724
40365
43789
70218
8829
57157
97113
4622
77374
65296
59976
40867
96674
50177
97440
80805
87328
47694
53917
99071
97691
43716
82990
65966
27077
4946
41348
72907
99937
53080
93506
89536
41052
52009
24378
62097
52398
56582
43791
32084
24654
65938
28089
50431
22381
56481
88589
81279
94039
87983
46478
52759
68656
23453
26556
49620
24266
22400
66215
86466
73810
14369
11938
48123
87920
76686
73298
70161
19394
81981
96327
48738
49890
62354
82809
26894
96252
56226
79478
41662
45266
99702
5209
94933
18135
22432
95303
85629
88152
61844
93582
62934
65748
31520
65105
42229
61799
52629
83668
74174
89570
6161
46592
89668
66687
81541
67840
18200
81234
33540
66515
53645
79520
97630
13600
77964
45427
5919
59294
42847
2809
51277
90857
31648
9384
17086
48528
63799
48636
95407
92403
50742
2961
89988
270
59118
38015
76802
88507
80531
23508
16235
11655
81689
96176
91498
68615
53567
30053
53766
97258
94387
79474
48599
58440
38398
7267
77650
26240
50923
26631
6746
72371
46638
80128
74228
92079
73679
90740
30283
14255
64425
32066
74031
26878
51275
56763
3848
54155
26130
41564
45989
92197
72998
86203
87887
19992
61703
7220
1207
95927
75568
89307
77955
97728
77268
505
11036
89639
43193
29489
91912
51225
7720
67041
22631
68410
93345
72207
25634
31536
19644
92089
45140
91572
97759
39211
96257
15934
5433
32147
73654
40303
89249
36257
39707
59666
33988
21000
3130
2196
63025
86958
74834
53506
9552
9400
42537
43241
1712
76427
76514
66085
65779
31176
57926
88987
55306
58828
55728
63627
60699
9451
80796
73569
71837
43402
73890
54970
79081
34445
18807
56337
12818
98127
14390
6734
47314
97339
1256
87490
84339
15151
87687
31764
98368
84256
48204
54806
6522
88798
56475
79569
89459
32043
34014
61128
65307
61532
50811
81836
69423
93383
24471
2631
29401
86770
80569
34006
97975
5393
23685
90213
74732
49270
40449
35462
45551
66658
38605
52309
90607
58334
62962
3779
48672
32149
62463
48656
19375
46122
95425
49520
26183
28708
93799
39667
4523
98275
95082
34430
28679
63387
75062
88176
88833
20659
77664
39655
18214
64349
34894
41442
10468
54984
55419
54585
76312
29580
60551
89879
61615
32210
30898
87272
43629
61365
97902
34527
16303
83477
10928
83552
98746
34251
29970
10790
38268
90856
10073
99872
4406
2671
55749
75407
84062
26006
80347
23280
72042
4788
68925
47011
88776
15261
71666
76612
80639
73997
21526
14657
14854
59534
24088
56214
62245
82376
6108
26227
94306
80109
82692
86921
6738
53538
36064
60384
75010
61098
56110
19808
95864
97655
63027
6502
59168
35640
94183
82345
67641
12690
70878
76052
17835
70889
68812
38635
53058
14583
56932
37364
3478
90478
60063
99399
85901
32268
24969
75443
3572
65160
35718
11994
81287
70571
34676
72518
74329
67238
32178
39301
39292
39352
11899
9101
8895
29331
53318
26843
74447
45260
37209
59254
94254
91846
41056
5104
1842
20420
86905
47226
94170
55752
90349
36806
57327
72225
84518
27214
68943
47733
48083
31167
18788
65536
37747
43353
58702
92752
21460
96051
7488
69077
48401
50641
19341
63727
66106
87124
13250
36197
94133
73246
10613
56555
64519
36353
72872
68301
49006
2924
56687
94832
31130
99815
2440
55674
69431
35036
56290
89591
15202
47574
43249
557
31277
43554
24261
99066
91320
56814
39105
64342
5953
65772
69424
22924
88596
8500
45726
44531
25002
45110
61292
46924
91502
46987
43568
11583
23285
52627
82216
33327
11191
91292
6351
64409
89920
70610
39212
57236
31466
40914
77399
93355
74305
27098
72133
95563
35125
34781
41736
98463
41892
74385
40191
43755
11550
40110
10203
17332
73083
96576
93325
47662
23492
86036
33643
61689
70374
63976
83708
28408
65199
75393
27297
77736
98456
83049
56647
21682
98797
55252
89048
42236
71375
73546
27930
80545
57976
40650
86954
80289
14805
68099
22137
59877
7221
7003
80742
41945
20877
67961
39295
95546
80678
23310
84975
93160
94936
12052
83378
38735
3680
61346
95859
18558
18385
15906
2961
71884
34206
44997
79640
83418
80184
77363
70699
10845
39366
6091
49851
76747
42853
59986
697
8332
36403
74486
92617
2631
31152
77151
52306
76736
49868
68716
21107
43548
92134
1136
16103
93281
24294
97803
27210
56557
36372
25289
5635
2259
16887
12680
76643
93984
17340
5298
59140
62829
79702
98528
59221
30883
69479
75734
92362
21121
50664
43478
18457
63576
99827
47384
20793
69420
76426
35753
34673
92130
45903
31467
45432
77903
38746
83036
5135
39694
27120
2902
41138
54009
16376
25743
31722
97425
80953
9327
94528
87097
66177
93963
14495
15811
78991
84550
57350
12211
12614
77316
78601
15685
26990
41240
27921
65815
12945
38807
60128
72435
85761
95000
28022
45535
42194
75293
75533
11902
28746
20329
95704
12357
80159
26343
10165
98672
47961
39990
1703
46231
47373
74994
68556
8202
3819
84471
23163
6324
65284
50679
11037
10642
75849
69528
70346
49603
4853
67443
54990
62465
7504
7648
42237
97094
75923
12028
22750
34642
41233
92740
48202
20087
54169
582
6289
65539
74688
41869
14787
53210
87322
27674
71352
86682
34100
49573
67792
10453
139
70247
21736
50006
20222
36318
74205
91875
49311
50269
85201
56826
43096
87723
89139
47366
13715
11878
75008
9981
39109
28757
42016
67512
37947
435
70982
78043
87401
11533
47907
36685
94117
63221
21349
66079
90901
34080
5831
85980
78018
9534
18433
91290
8820
59711
67271
79719
36280
11457
1365
19530
18128
86395
84230
79761
95562
86767
90708
9007
21348
25139
57515
79112
12769
56631
27979
46980
39614
25985
81336
90337
68624
31288
19073
79531
53439
58526
36335
94232
77051
23141
28354
12446
15001
91312
967
40927
69226
79990
38699
75851
6878
78654
77155
76096
20436
27125
22051
74592
64416
54208
66874
67884
36673
80812
48383
85071
38137
74188
16831
40270
11901
70271
98373
50319
55100
34276
17171
6723
21749
6202
27271
21816
67890
82144
92179
97184
25333
71066
1607
35763
79470
83699
77724
92397
83742
46292
15808
55039
2440
66980
56049
50391
88497
1342
16510
26329
15840
59010
97448
18998
59051
17863
56954
64635
96072
79526
69742
59219
95882
70313
17412
11104
55522
36304
31988
13629
88307
22459
13343
6413
59049
42928
78539
40377
61561
93781
66408
96538
66270
93291
7181
87907
82703
48891
25453
38748
41013
68681
88371
71821
31850
40376
22240
95830
51628
6875
98951
15147
15901
11795
83447
89539
57528
83088
20270
18768
89697
26713
53652
24754
20615
57091
25845
94678
41722
50294
25157
2982
65881
23960
86397
82294
27865
70993
26366
9519
22568
31099
41803
20916
13917
58556
62790
64172
71548
66116
63267
2815
59230
46096
32680
54482
27765
8013
68571
23312
18010
65875
58445
30361
16520
49871
31966
97045
90932
18014
9038
12199
59371
4257
12827
20578
69526
16728
36261
99108
24173
46855
99935
44598
7592
47116
10299
54623
97314
51112
44821
49672
3456
34602
6136
2173
68404
94991
57184
60021
8964
9568
33014
6956
31254
90807
40853
21026
27740
24664
5663
97013
10695
22845
27371
2835
91423
65331
88675
76953
14072
17696
30067
28249
90646
45090
17787
94182
39259
35660
76950
22832
59182
47545
93718
85928
61621
91140
84405
52205
59998
61818
27538
34727
20652
89885
28320
19697
37636
27370
54281
66405
31960
56581
17414
90227
33729
58359
51841
31203
86326
15890
13661
23562
89520
57120
79664
276
73409
9663
16031
39935
33652
79220
6668
65955
12940
13779
32427
86221
44300
51469
35205
78031
52169
5797
90442
25759
87436
97465
46476
54786
178
99209
21122
71931
36808
84094
74681
30972
49729
39218
93185
7629
48793
76951
48436
53632
16071
19901
68118
58827
73852
58047
3918
21505
85142
24430
8053
15287
22174
53024
47235
17856
57517
98403
54402
87438
20905
47932
35877
42225
46002
19366
18871
52658
24050
55378
46213
99466
10925
89262
35412
26558
4691
41194
28369
14179
27880
24730
26170
37985
24024
61129
30037
98615
41201
93429
21751
57325
64205
77479
62966
25113
75512
69500
35516
69088
70470
87558
36951
96887
17857
98130
91313
36481
8546
51456
97865
84861
25744
13673
39104
99466
13334
22969
99979
10265
16834
97365
12668
64064
36476
31191
86116
28274
46083
60002
72173
5823
68019
84576
15297
965
19135
59667
38171
12893
41722
94968
85624
464
15599
47399
91552
80160
32352
26020
79588
51282
52419
18319
29040
6392
49839
40146
33409
4375
36856
47212
67278
11203
94523
78764
57295
84928
57667
46172
58913
66812
29571
28919
83544
39434
62574
99331
48726
82671
74413
33631
40461
96894
37545
61204
31810
62410
47175
9007
73901
32221
47313
82359
37001
71934
14710
1304
2250
92793
24636
82743
17030
95858
20110
94466
14509
90617
15836
53129
10066
13061
98541
17536
52080
69948
67865
87651
27016
75559
20386
62719
10532
18571
19738
8031
23808
86495
5769
48441
84910
43991
5076
72521
93702
44462
43595
89548
89373
4797
36042
59809
90663
13272
69412
32028
45063
22716
98127
96389
84178
74352
41797
58204
98424
75246
29938
48257
55444
14921
60009
71601
79315
94181
77490
88785
69778
51163
26800
32502
79179
58019
55989
67398
83361
26283
39330
62370
58497
80446
91002
23654
23873
9786
96886
9966
12938
24711
34297
65644
39631
36781
2881
8957
56272
2590
62380
40135
38162
70282
68426
56068
50840
783
69546
25698
15560
26910
96472
99841
73931
68536
95972
49061
15467
62993
35106
67612
5563
45271
70904
94737
75178
63478
58535
84064
45718
9912
58683
88923
13571
64156
28889
99626
5363
76927
98510
55779
93797
94629
44069
48454
14204
77430
88198
14700
45678
41245
29657
94613
64039
80620
48030
21198
85711
68854
5201
91630
59834
67856
24124
19818
3254
54618
12531
67355
58824
30247
49458
82203
62960
52240
1550
53561
58322
17563
58815
94331
50612
26979
95130
31332
32788
47596
10691
79889
91555
53638
98025
7576
91403
64822
79920
72039
96462
65500
73743
45352
5411
28082
98261
49084
89165
80080
58221
26116
73461
46416
16659
22627
42199
24214
16657
2837
81274
96259
2928
83796
60544
38444
23358
6326
65145
68049
63411
2157
30767
86897
67244
22836
44254
98159
16472
95666
77006
72492
6929
66019
66126
21199
65970
96985
16856
10207
19754
8751
27560
21583
62390
40291
52773
25543
77805
41293
6577
92437
66282
47897
20214
86591
43003
33682
89200
77012
76138
96972
27829
11404
69221
60603
90984
3583
52666
2937
5508
47493
72522
39172
31921
18530
49952
13580
25771
44984
6868
82310
97421
97036
93805
67453
459
4398
79227
60930
45910
58767
48260
69137
57943
16392
96316
71757
42826
53445
42721
52782
6306
56046
16839
27849
13850
5744
9197
13965
41594
78105
60382
72232
8416
60826
1733
37945
38948
80648
66396
27832
69633
8337
53728
43710
12610
24927
83787
43111
80196
42975
92626
75052
3995
81134
99674
45112
4469
31317
42083
56243
29528
4983
28926
47729
2972
50889
48702
29795
29371
20131
87705
83761
51482
45799
85530
2784
99444
38295
54424
80819
12536
67421
73861
23158
331
5956
96069
33542
97653
48118
92692
46726
66768
26500
36723
80927
29277
89734
10245
6923
53355
53121
82398
83675
94544
95696
93844
2077
15042
37162
89952
27113
93878
88756
86882
71461
63141
90201
61745
14531
57360
46589
63392
83224
60307
23237
57918
36870
92787
81566
85746
43515
70224
64979
3970
75505
19452
80927
22728
28305
37247
3953
9014
65304
24173
69755
91149
66367
7730
52819
65732
13158
61275
47716
4215
24125
67086
94381
83030
94264
82165
33337
59260
34275
81717
2294
67021
95975
8922
17632
91261
12939
76855
98746
57311
35272
16685
62535
90045
77676
22660
37363
9932
86160
67983
48795
37667
93157
47200
80719
29517
54097
25167
83317
77288
99218
12160
99037
41545
19851
64423
69470
59118
48527
45328
55203
51754
15288
29432
13942
97405
1956
71539
17471
64699
26875
8188
4077
60045
67956
62322
77748
41471
49039
29081
65084
90225
49210
24944
98173
35513
73608
67674
78324
24910
25204
14864
7043
93377
26529
23151
337
85027
26796
34083
1107
73544
74038
56130
86298
70792
24322
62725
70105
66968
11050
44700
24434
66626
75406
67361
26315
72081
29757
94250
17558
16106
24650
81873
68042
4748
90767
8586
78101
17258
13117
81838
26262
738
58073
82566
48099
25373
17533
93411
47424
51951
28216
85719
88308
79630
86595
63273
41188
85926
76948
64517
11156
43074
75673
72083
6107
14333
67238
51257
23285
19813
78755
24341
91615
17588
55147
74490
95993
84972
74695
56383
31312
12550
59309
21651
73819
89012
62835
26016
89036
61875
76869
66140
46446
39203
10144
90405
74172
79366
68836
77015
60362
59814
57192
57682
96234
85790
72249
32301
89214
52325
73041
21841
47759
70170
47563
30792
82546
4228
30886
12651
19091
39046
6490
52022
53649
87254
35985
18592
32450
30477
84624
93628
44100
80329
12341
14588
53025
53258
29426
57894
28667
54333
74900
90835
66548
53675
26483
2116
61288
51420
76057
58904
45546
48640
43771
69626
22208
55988
35908
96542
68392
44677
67190
79504
57912
8083
83175
90298
36801
82252
40517
81317
39370
189
66708
62372
71683
95735
9732
60710
46615
21449
86239
33468
93648
67614
84738
27145
49890
64045
32768
25882
89653
73326
98314
90288
7633
21906
51087
24573
68622
76777
47058
25450
62886
26845
96374
22546
44829
30993
10074
64292
15280
51899
24862
96042
20920
77476
76659
73250
20972
54522
89332
14300
53717
18161
21231
27634
3695
49924
76932
90113
14593
11720
21401
92287
86804
79803
64791
28185
29722
56473
5271
14338
41764
17972
37895
13586
89398
68870
18049
2378
63364
22173
80066
69803
62997
49245
63162
33134
62825
75941
90345
17059
4290
25735
5438
65844
50633
44479
85401
52041
68489
32613
65783
1448
50882
28605
67094
38531
56133
94710
38689
22229
81496
39343
54910
37709
89805
74473
23510
22618
76312
69422
24468
98222
90694
69011
92885
82018
7295
28240
66705
22176
37340
39897
58267
65807
95097
61602
61788
3289
15038
22954
83630
7975
91369
26920
71087
60092
90114
71095
30273
73088
82812
62389
79837
74334
93640
77690
85542
98082
66007
70345
92001
37037
66792
4259
5450
14135
91505
50872
21370
56413
55643
235
90810
81392
54228
3889
54439
3522
64698
65838
33136
19544
42880
75444
9374
51102
98171
21770
37624
9729
2019
73893
36591
78235
4423
20900
14932
2955
21631
52444
37580
96223
92779
46963
4105
52453
66898
35341
70656
62048
29946
762
58712
66823
46155
20751
84947
71990
18546
50414
82562
66355
45279
97991
32144
44079
39567
41623
47027
86475
36245
74167
51852
86171
69636
15277
96219
8222
73070
30584
32295
55614
5897
10423
95047
47745
62326
26719
33470
44002
75806
83087
24335
89565
34788
52185
72359
53065
7998
98896
98319
97202
9616
1547
9614
74916
94462
1946
92705
36926
85739
38242
51345
3874
45370
84050
99265
39067
99082
24947
3720
98172
27358
57739
81119
87557
70389
56676
53254
55475
51536
18355
89921
37046
37273
63164
33691
3754
27626
12415
71613
67080
85046
44721
35026
83974
6832
95805
57931
54735
93961
36076
49303
26820
37956
54738
7897
21223
67796
6102
89198
81291
41055
23885
77277
83885
47762
70601
97475
35540
49038
59960
58474
32411
28249
16279
55158
52994
91536
27118
4202
64907
10676
12940
42987
67133
77548
15179
73888
92098
81431
45163
76774
67856
24143
64355
94349
70839
13349
69305
76303
33291
97050
89105
26883
95542
53429
77035
5112
15186
71887
27012
21891
74750
16651
49062
83839
75758
55572
72450
12834
80744
76976
687
87357
54102
69119
69273
34226
47269
53919
97912
94155
56529
56948
12943
54914
88657
79187
40482
3028
43132
97290
36591
51657
45456
13028
11640
46916
50383
26141
32036
94104
30405
95395
16897
565
85677
88182
7054
22099
30407
25718
84477
14457
86267
7940
59150
67849
98734
73509
19229
72676
66129
52476
1239
83218
89988
31220
89914
48744
422
16632
91234
66422
98224
51452
71674
52128
52273
5014
23542
93611
13888
3255
16076
34610
22713
78116
19463
60318
82218
26588
11234
85945
45135
49749
99928
50319
66705
60966
18912
44611
44298
28076
89370
43514
32829
17957
67324
98840
29611
7447
52535
13373
36937
94757
67211
50028
65318
75776
31987
32162
92580
84083
76847
67135
29378
63677
2805
4933
98363
36724
95734
19682
41729
80454
40505
64057
48716
96685
47842
5774
24844
26140
45931
76323
70444
21655
46547
57145
96331
59947
32853
36682
7396
64656
6346
73478
30770
68034
76177
722
10741
56212
54663
19067
20902
8027
16864
11728
31418
64592
83200
93127
10050
64854
28765
92751
5142
7240
7505
6498
32999
80237
66803
99161
93037
36833
42042
77067
16749
21211
6623
8571
52359
88083
43045
75583
53891
12241
85354
12433
16676
98741
79858
66064
28650
78453
1443
1220
23794
90187
34825
31795
78869
70010
1458
23742
10222
2595
61719
46667
35274
42875
21021
45158
21638
40411
90090
45333
66117
52068
18052
54540
91770
83365
82637
77664
6838
17145
29041
97707
83881
44008
66756
25809
79270
93827
88447
13060
12788
50060
62910
50580
89793
39108
68545
54005
64598
45479
1704
9460
14107
34640
38196
52359
74605
27495
43849
84655
71657
23124
62334
99683
6236
57147
63397
40113
95546
5701
52996
71507
61302
33642
63168
71226
4096
85131
3946
8680
96659
45565
14214
32709
11927
29735
6125
52528
99935
47954
88206
96486
98211
31857
33472
89606
83126
82299
67223
22778
79648
10869
39777
97471
86501
9685
51733
6500
46766
38316
17419
47975
11935
70249
103
50434
40461
24830
71521
48079
18119
41620
7571
32470
90048
46214
23852
42844
58389
97684
50955
91757
56071
42816
55158
48204
37109
55537
60039
35991
29332
63507
17379
29170
27524
27697
73200
86621
86309
62004
49353
59235
27956
52351
19522
70113
49773
78129
57184
87887
68629
5298
28551
33298
58866
20434
48358
49314
64183
67562
18830
10080
94286
57470
35837
30509
63009
34760
81053
51067
50029
85906
2646
3305
17991
77848
13909
96625
46640
52782
47378
43651
36962
14759
73549
60593
97436
73648
36800
79555
44563
67432
4064
19713
69763
76461
36063
92031
54850
11707
28857
8931
30358
18405
40591
32519
29592
40955
47809
47439
1712
9174
57837
7712
75697
94463
3084
83453
59090
70013
4491
21150
60684
96136
98661
51161
21232
79329
14653
54338
95664
33854
17549
74361
50947
15525
76606
3187
92959
99265
66312
45626
51089
22711
33327
32724
95892
68072
84105
39110
32383
1448
29738
62145
81200
97148
52669
22368
88969
76529
41412
26962
4145
84549
63039
63613
59761
47445
51117
93108
46041
50633
63442
82772
63435
63316
21552
67384
17617
13745
15427
92848
73793
22386
56104
57869
37721
95823
746
62595
3522
1019
38755
41201
1491
75984
52880
88859
23902
86991
98936
44525
47392
44485
88505
16072
11593
2834
7463
31281
3458
6817
24039
17133
55912
9245
9595
12794
91983
27679
4772
75812
5265
16699
4916
16502
53214
72829
51670
79778
97372
87886
63241
28811
70974
20961
90883
42664
3634
49860
58374
26824
86957
76759
99419
75287
77262
65323
64692
97119
59458
82552
91185
28153
80985
7394
46076
56713
27073
85897
83773
87310
89738
80812
71472
84283
11498
21377
63143
81025
65673
35345
47705
96399
87711
86209
57604
55487
22074
73894
96719
39385
87706
39540
61221
24694
20311
88327
69431
17654
28054
75311
39490
57754
52875
40415
50150
16674
53338
30606
84126
42644
82182
21021
32233
41480
44852
37066
98726
82641
9951
80446
32037
86942
71718
42745
70659
80115
35122
40399
65282
45503
81836
51918
92479
34460
46825
2474
20016
10822
29939
13452
73216
26402
77884
56169
85475
24165
13758
93019
2013
39823
17880
55219
58569
1338
77110
30404
7332
47241
87395
91052
42689
47956
12635
46623
74359
10212
40380
24818
45687
53834
39428
32598
506
10042
59996
55581
64304
72705
36348
59001
87187
27823
97178
28693
37561
57352
35836
76203
25382
52739
48287
28501
24255
20480
44129
39206
89196
96620
57519
55096
11241
65473
98793
52985
81978
74880
7867
4140
35832
83758
27617
937
61987
68713
21297
87678
58342
76435
84093
91870
84037
17284
17062
45463
15935
82289
67190
71544
10236
97822
51976
82933
44223
77542
12415
73944
62803
37911
93916
82704
77131
33215
48227
84916
92554
11832
20518
55905
22244
17490
37356
8545
2989
74379
72910
17818
47802
23392
76152
72217
39944
72816
50371
48163
77339
23749
67363
66376
15057
74790
77822
12031
42608
25094
1439
51604
52197
99107
45161
13025
71361
44046
94432
61146
90463
41394
28437
37171
7410
48915
47049
88998
34474
45545
92835
99288
52583
69260
13492
35847
9542
75264
85621
9170
9436
89562
15117
97071
47633
59353
19431
24088
42648
11415
18447
20152
99684
31956
7240
12197
98735
1557
2406
78554
48049
13266
57739
75673
69768
48197
38676
53504
45368
40047
52488
14704
45202
3116
91058
34107
95931
83851
83113
73922
18142
65987
28516
13835
7838
84300
25108
88675
11146
99040
13109
63141
81187
55691
73936
41614
2295
2886
30852
37070
42408
91197
65522
57446
59783
19883
54768
40380
47907
51159
95996
79785
17414
64390
94968
31653
11984
86098
71970
95730
92440
97579
35734
8264
51372
14438
21497
91673
5318
76397
81711
24769
86647
73821
48120
94427
3207
79912
70124
43319
95608
15866
59983
83795
73933
53883
387
94805
41585
89844
83517
91609
92052
16973
50477
74159
94888
36310
98801
18490
96804
60649
12347
67955
90281
73766
42902
69266
60642
46219
45866
21235
78216
40252
86700
59868
59846
53922
98243
39908
61229
40461
40483
20449
14877
14550
74921
1220
59425
38202
68073
23644
86904
14418
89525
41836
6314
69541
73260
77025
4388
24147
86212
30460
42099
19857
41531
21547
71688
28141
80624
63672
90548
75416
53858
81334
51861
86519
13162
17976
30656
98554
74715
3945
33759
95704
83055
72049
36683
27516
37459
66078
15610
95546
3462
55350
2792
12098
27049
98178
51717
70503
24655
72298
48561
80225
5961
77716
171
3533
58300
40290
15149
12070
76629
58125
47451
65119
43169
36673
53604
94856
32805
18110
78152
2772
95727
85608
43267
11631
57971
10815
77387
97535
49060
45983
25714
67972
67244
9515
17446
4927
59260
4854
43113
13091
1723
80659
25205
32860
51616
70965
90253
4117
25766
1473
43003
74837
43304
38954
92890
20659
4963
33725
94158
68010
18949
96680
33539
59636
29428
88913
9366
67778
4044
17993
96428
65103
76484
68403
9607
44088
77257
58482
13376
12216
65502
81322
1038
48456
7085
87900
74939
10741
417
46928
20829
31665
57907
23777
26367
97337
84348
58905
52387
23423
87716
45914
36701
10834
37664
92358
29301
4893
51944
16580
32512
21474
65786
82035
90229
17341
17502
75377
95066
26557
21398
52878
6882
35134
29593
2418
98955
92283
10391
11473
53113
74841
98112
20209
36305
49972
28002
51017
31109
63973
43001
99889
95349
87291
84763
46482
96984
37127
37761
48992
60539
29602
92519
44300
49079
83340
92878
36206
13930
70342
59296
75867
57847
89960
62751
96387
69018
93828
21525
78059
98110
54046
60565
18871
37581
48599
95715
54627
10148
24368
59839
13069
62965
11726
78712
17773
53150
7147
11904
51901
44470
70528
85285
40517
19415
91192
79272
37155
87909
32047
59175
93109
11007
52739
92821
37438
16124
32881
48188
52561
68169
58673
9874
70741
65613
25642
8903
6366
23931
5200
10128
68595
52496
63475
3238
35809
39235
46205
29637
94746
25797
809
81181
18415
46018
18762
92123
65403
13593
18446
85636
92260
32137
83774
72044
12455
78000
86122
51760
72944
23696
63389
48487
62078
73674
6011
54893
79540
40904
96700
76454
67029
56135
73080
15662
48677
99558
70196
69104
11077
75121
32593
22549
93097
59719
97136
11511
89251
80328
23284
23015
86615
73255
28218
49858
5743
60966
33733
91454
79300
28586
86888
46366
55026
29704
75702
20357
58477
23395
91477
99603
40314
12031
81549
54921
50951
20365
90646
87714
84220
2884
75499
65550
84836
10408
4636
16504
99755
9503
94760
3980
94102
34838
61066
77431
89616
54355
35386
49581
75270
35442
98889
83326
25839
65607
24846
9911
38331
77798
95322
964
83029
440
88907
87664
31729
54755
95206
94526
39611
44659
59437
47757
85022
70826
18433
54062
24963
1570
12278
30647
48415
62188
58429
7264
96235
66905
2202
11220
46551
31366
25466
42367
48900
35834
7572
65182
83164
47188
1714
33170
74532
28692
38935
17298
15098
86785
80064
67131
56581
98014
12435
45019
63579
10904
66255
17120
3318
86686
16639
11805
48564
17668
58864
93779
72106
28500
22791
91927
97720
3879
53326
18292
80612
31514
24169
7124
64108
57454
29924
43127
52188
25238
37168
58802
83005
94431
60193
21677
19025
10091
33855
7743
29009
39326
30971
23474
9542
63628
25844
88875
92899
16951
97054
23699
90932
49517
4177
51680
89301
44738
32608
63683
81896
12267
61593
12870
56425
64894
39228
82381
70903
62002
26470
43798
96200
53433
49164
89573
59535
52466
25959
21499
71203
57926
10885
97403
58564
17630
12011
80324
64251
85746
77554
97728
78124
48459
2377
56263
82774
31041
31157
51497
6946
16592
71298
39019
98657
53227
41090
25628
34825
87283
74902
25628
6401
99838
58228
27371
33699
73026
22081
35757
9490
73987
97397
65678
31596
55765
57047
33226
37882
64161
57953
8916
84837
11400
47216
3707
71756
7577
23079
4182
5834
10335
8743
55642
18129
49726
1497
68496
66896
28788
58123
26169
2435
50697
89098
43251
27370
59625
43296
65225
65873
23375
27401
87280
15824
92107
10911
85974
82851
35884
70838
50985
21238
83574
58604
6635
9302
40595
63805
1477
84776
57036
18453
39309
10912
61715
97905
51571
11622
42847
62539
65142
44919
6378
67117
87640
60650
12218
83833
3682
82506
22020
75836
48351
75112
14155
81706
29568
70658
39203
94771
76767
36777
28199
35546
54909
760
38413
3956
41899
96459
25771
30706
70899
65778
75033
55814
86016
92255
6653
68380
44700
98876
54090
91140
93202
45243
31976
64319
20807
80815
51153
14874
32772
52779
95492
58142
65941
92227
29920
94145
51737
65149
95754
11987
91017
88423
75357
52439
12507
89822
70045
57340
41386
69165
64685
38412
99645
55035
15338
13043
24649
8219
92696
31604
85214
58799
79931
35849
11549
13133
78851
38048
40714
33821
54883
19597
58774
29076
75625
94443
19062
8498
48534
25354
40612
48539
80540
52772
74779
88854
61779
22257
46118
67164
5181
4654
42029
46224
88640
62086
49205
74825
65637
72020
18659
40063
49641
61404
16396
54796
69602
73301
43900
934
17761
97518
79754
32267
273
12274
1466
26725
53064
40658
38132
52484
13104
86071
73788
5238
3365
92653
8630
45430
10992
40327
60717
12722
32557
13999
80640
52561
94209
85925
22297
23876
813
54859
1970
67583
34041
25758
8178
63545
42372
15705
29878
95238
61372
60815
43917
73134
96894
27897
54092
34666
1093
44497
61275
72829
55025
15618
49068
10937
38157
96528
68842
375
7894
45837
17316
15485
51812
84514
76448
70707
45848
25468
22610
42521
91447
87936
47834
33829
26427
20955
2016
36150
57501
40522
40762
59659
74291
22405
27186
84511
92325
8714
88950
92791
26485
14269
18739
13549
96041
55949
75349
73868
44352
45710
22358
14836
90936
52415
7686
6314
69809
57065
56854
28127
52823
29954
58975
91426
29330
27862
61201
90924
90974
67132
74531
59624
97116
81244
56297
3116
59151
62987
88483
82630
61628
70230
86808
75466
3005
69625
48010
10477
25435
83352
13837
40854
11127
22284
60888
44239
18200
32309
83612
56194
63629
41304
56035
68543
70746
79931
53105
81777
69446
38718
10709
72282
79417
83588
41560
86052
30758
31541
6235
98136
54826
1368
76979
96049
19248
325
84690
22759
77685
95466
53358
18828
44061
24494
15109
21021
58035
24316
65069
56868
74862
94032
3917
73440
1883
36462
89916
68138
89282
14757
50415
37384
76094
92985
14814
10074
16227
53260
60398
73387
43260
60856
77096
12314
74311
70337
64912
9829
52178
77334
47274
22819
15187
4410
87143
56782
41787
51167
74677
63647
6382
92038
25691
46393
14966
50214
31402
20564
80404
32519
91309
37011
2449
35796
14310
40771
28030
50981
52422
53925
93585
72339
97899
13534
80295
32029
81835
22300
84869
1254
50474
82051
72133
99769
35761
17433
52443
68108
80785
85585
85879
43905
69838
97179
63379
44762
99400
10686
61801
22559
95978
23964
29460
21646
83376
62346
44262
76693
52377
8082
71071
631
29244
41056
54475
13415
69705
39573
61128
20463
21298
78544
64373
41677
51389
97691
46356
76967
54199
37880
99392
46930
53515
88976
93173
84660
27300
94775
59598
9233
57266
18038
58056
47293
58645
890
56635
2584
85572
87973
26439
76664
7546
73302
79309
51741
60587
48883
83216
41513
84432
70065
73877
73894
59016
26337
35125
23285
61894
9347
54599
27930
14623
300
95212
32346
40684
2478
8302
2450
60812
74107
13551
78199
46634
93462
30066
57192
87846
57751
91760
17540
52579
86830
61166
3942
12548
42454
52779
35052
6735
60485
56940
7991
43780
29764
60259
49783
47512
91793
67110
70808
74960
59129
28072
6
543
57500
65999
96610
96353
60818
74283
68565
47625
65122
80977
9578
99287
12498
55884
33615
92376
603
32269
3618
29206
44070
14643
95431
15564
71345
56460
42979
45363
35702
76733
67413
39545
49706
67689
66333
67994
18128
93663
14957
58340
64967
69495
19368
11450
74322
61771
27748
9816
3940
73826
58839
20386
96740
56766
16976
41211
13857
90169
65073
27934
23840
59591
65711
77834
52416
50016
72830
9178
94291
83097
77451
24487
87823
86489
82115
90149
94916
69408
68169
7531
55781
55116
97741
6243
16303
63503
52672
71064
78432
52529
59671
1260
75698
62056
2336
26862
19649
40105
79125
3629
83151
58835
42011
66765
19773
94614
76877
1766
44312
14469
27866
8301
30580
85156
86454
85503
85508
83456
49074
2242
66964
29388
53793
3864
90750
77070
68284
59704
29619
15807
36727
61272
5790
74282
10236
40087
7281
3314
41283
77673
71288
77868
41988
58095
639
40989
74120
84672
82034
339
22814
88022
14949
17639
28084
33997
41580
36505
66605
41762
64183
47847
66955
69118
53863
48174
45725
50268
9128
72956
44141
82006
3840
36186
28056
12696
58149
730
422
57026
81990
43636
61020
74172
8328
44008
32156
50903
31781
34601
39275
5557
13732
82689
3635
4009
86013
82120
23633
13913
69291
88984
89265
37319
65624
70089
13498
9623
83698
94759
54716
14400
7547
91277
84084
28193
4003
77663
49946
43613
29699
64266
32201
3383
26660
23777
62712
162
54630
56098
94568
16660
62510
71532
62964
94165
23923
84025
12969
84061
51658
17282
97393
87009
43802
52773
65421
38747
61337
11472
55385
4739
98926
24827
37652
10530
85092
86121
51219
10679
49764
82543
98258
94143
76852
74207
29637
89907
8564
47255
66731
15568
71283
70301
20711
34704
87100
757
24378
48310
49445
29180
27182
85553
5869
68923
16931
35625
51886
30189
24689
64832
71313
97004
39830
33432
38425
74595
64563
9710
87636
98544
96165
44536
29588
12610
69880
36788
53687
87701
69736
3838
49565
81727
52358
69393
19943
79903
86136
49826
67554
26719
13947
27029
59345
12395
9152
70866
4246
51765
28600
16264
801
52251
55311
81797
53547
72232
53404
90158
94132
38795
13676
4796
71431
93231
15745
39402
59910
65738
74410
59885
1650
25859
62426
68968
20838
74709
95451
41285
44162
36207
73278
96694
42982
61931
32151
15346
75419
84818
93678
67404
29398
32933
55391
1229
95475
62979
50850
93445
17380
43545
90968
86339
31131
16941
4382
73155
80277
74114
18828
97650
89719
69797
77877
79388
49153
29190
18318
53019
47958
85049
3222
79392
99752
63876
19503
875
24400
14207
69874
35045
43711
87214
8694
96131
82292
19713
19216
69756
31203
72781
91746
56545
5021
22972
66553
48748
41324
83768
87913
71848
80545
82866
22146
30928
32799
40959
21211
61166
17878
25954
13504
75348
94106
16732
1940
3842
39468
998
8482
37486
39252
44196
3953
59962
24405
36827
805
36613
99883
95054
92129
91163
26521
59711
31617
57840
21734
26176
13332
64746
64177
35414
56803
7227
29748
37190
29194
8988
99494
51234
34215
80633
48805
24486
44981
49492
35074
1787
19893
34126
93389
77397
50853
63605
9536
62350
81356
52344
68950
13229
14498
96393
14549
10736
95371
52087
27962
20879
95243
72723
48163
46586
78559
12404
67937
69187
20584
66008
98904
18029
76218
47404
10836
84705
25805
12492
35332
19609
69648
66516
68555
77090
57271
25198
18140
52485
21337
54721
71987
33988
46142
31386
54036
88252
11418
68314
63167
13713
7589
88502
91813
38966
20999
87786
81669
38880
73867
67386
79588
96231
17276
73827
57620
40813
60548
4068
23427
27385
24460
34407
51860
98183
20798
52852
80151
58185
11488
51082
58484
27866
69349
98120
59079
62768
2695
61645
10775
14984
21254
42191
20130
35831
62644
62325
38128
89972
97010
4239
99580
22916
94055
38830
48357
11115
83123
53350
48851
39045
8
508
23574
78928
70533
8415
41261
72041
76318
82335
24587
65827
56729
52141
11540
63836
17287
22014
17679
81485
54642
71586
7135
99990
77390
68819
3955
96941
33107
99533
36154
4304
87668
30977
14821
70190
88314
82725
9759
39905
64012
46348
18261
66629
1635
518
76785
22041
61378
12791
32148
27439
91332
92846
76897
71605
49190
42444
81823
59550
21979
32869
93602
74820
76577
10424
2323
47948
66743
23575
65244
56717
73908
85327
45728
35198
74683
79497
16267
18986
9494
88383
40942
39580
21027
25284
64626
2428
97523
21424
36717
772
29450
76419
42476
57809
60075
4358
28612
54126
67072
2841
5012
3327
65877
39787
9460
36516
36656
51145
7842
1775
53982
44946
22382
6724
53911
88093
68819
84838
93358
4259
74461
36036
11867
34433
79214
77864
87769
74698
37702
53056
86955
97542
60925
39107
23506
61078
11057
76178
78000
18463
45446
34758
15628
6805
19980
29447
78916
63695
8599
82017
56339
29850
97114
84401
33217
64615
92010
30838
14587
68038
21234
19324
56342
70116
54998
21965
94178
28995
42820
13450
49853
94307
32565
68433
29626
21210
58599
58588
84593
67669
51886
11709
44311
16965
70806
19867
54695
61719
49577
2312
8133
94428
72848
18456
25980
514
34594
14114
81730
50008
39031
76420
21695
49936
31158
71911
9954
56266
56282
40343
69499
63693
7791
56585
53365
92882
91089
73711
24772
67960
38041
71151
29595
74248
83782
37176
28894
23969
77619
68848
70524
90659
35781
48174
90424
86907
81217
54596
92840
47684
35198
92183
56232
92822
61635
30542
12205
11774
64892
51662
3080
31806
59485
78365
17222
52298
61390
68594
50654
59311
2936
97570
61497
60933
90610
38929
6801
46546
74649
44175
42738
43893
30883
59058
38065
94012
40854
59218
48437
94322
58004
34597
11953
75657
45466
94367
51522
47695
57643
85200
7304
45285
18377
19994
61296
70638
33466
37353
99777
88523
85907
54920
61726
16578
13036
30156
29866
18928
47301
14564
62141
68649
47212
510
49938
24978
8907
32963
73903
57015
59319
16398
28617
82877
84052
87499
57982
34752
25334
73884
99105
95177
50575
10390
31341
68253
12253
14453
54134
19999
49880
67419
86787
33851
21444
23581
94330
19980
32204
8400
89611
549
74374
73300
54789
81938
24527
28382
26145
81351
6921
62665
21211
92906
22772
82116
80282
54022
10201
9413
36844
27328
3290
98572
9024
16822
8670
65700
85753
828
85682
73225
55319
40741
2616
93561
30560
39128
53410
99652
28701
68030
68804
20624
58195
75397
53658
12036
71455
8102
91425
67722
74724
37623
58528
33647
61918
9452
75497
58567
97862
23655
11013
69586
47024
24870
96333
35703
83047
55698
86350
13280
59899
75947
9578
44202
60545
11112
69384
32954
16054
57579
36951
23713
11154
56965
2592
85176
83396
35629
97818
43725
49532
6959
7784
92797
56991
11249
45821
52812
97940
40482
82248
91632
5513
73588
40668
71004
34114
74928
70684
96987
91344
63152
94551
46489
45029
67282
55947
77155
91301
82081
91323
97295
39628
22864
73221
77572
35080
85834
78777
25267
50029
85273
23758
45099
97328
44877
24329
64557
90911
26299
61590
18180
37023
52489
45078
18815
80513
54713
10360
16322
9762
88288
43007
59632
85289
75436
26933
6303
80884
19544
44567
97424
6250
78912
42023
98056
67372
5790
41967
34664
65787
98399
9976
74464
47211
43098
91815
43520
1896
55431
30435
25316
72350
22602
13520
93923
24238
40422
50076
95705
94275
27640
38644
67326
15677
22393
11657
14839
32924
73818
55959
62289
21362
31283
32395
15675
87200
69785
31760
57158
48418
59620
28498
84503
19962
72537
92286
4572
58635
57615
35492
65903
89096
45365
60575
44886
38368
18520
91544
31682
69014
94329
34474
42918
5817
22205
66577
65989
65547
19030
42738
31559
51805
15647
6089
93335
32142
10998
81211
29945
94950
43849
45382
28006
22541
26801
90618
84123
20032
1757
4932
99389
56624
88587
67602
59851
9342
73100
31559
38840
31374
45016
40157
19407
5961
85284
68652
26267
36202
517
86921
28945
49830
69623
75696
11757
99732
38825
61496
66598
40927
10850
92768
94842
90106
20667
91657
36850
74697
69772
90493
62982
84082
61375
4372
83234
15015
46786
51322
23839
8793
6245
54977
30525
60071
60427
96062
14333
29086
2309
53665
63523
46729
30036
60536
19510
96482
87413
57248
51364
97173
38597
91221
30716
88789
93438
37960
25025
89719
218
51808
99249
19347
26890
18862
40100
16812
50348
25950
20149
73961
58402
81728
99049
58033
30980
16651
42631
18449
26005
76776
56637
68885
3618
52631
34420
41445
52919
59901
85681
71357
42689
90925
28730
61236
86374
29247
19083
79640
74921
35083
55480
54932
66754
6197
61611
60428
36063
89333
23649
7058
61838
31730
30186
27222
65762
32972
11544
51467
36790
63198
58271
52350
54258
29302
6127
39585
43146
29622
29988
74119
38735
68864
30371
98994
87826
18522
36091
84328
79207
92745
2092
18475
56871
32766
86398
84955
57810
58902
85254
99626
27535
48308
22054
5446
93377
84673
82672
5023
85912
52534
36531
99369
23551
81639
19594
70423
55352
54413
91767
33662
27345
93146
59269
90071
35979
52901
34462
41852
45128
10916
41476
46304
15427
86229
96809
31464
44755
42478
12778
34320
77408
70269
60507
77649
57543
10218
63294
67562
27877
80653
86762
73934
95647
70741
27232
94894
35863
70072
36615
18934
92692
63533
34512
64230
85603
99260
96325
50503
34367
83863
15137
52692
98060
76334
54011
98185
96186
61566
7986
40684
25461
63060
94984
88680
25302
75436
35270
74355
26985
7495
79483
41244
80802
286
22293
56757
34175
41111
89433
9093
31505
63970
35808
36809
91141
35606
85215
37611
19093
41853
40694
98895
65149
28038
97697
17349
79389
31994
21983
15597
23307
9115
94651
65841
81313
27096
64226
42940
24905
99500
39064
63898
81277
22056
80638
40249
82304
44650
51237
63862
35202
61950
8438
51137
22283
34103
95158
65064
65792
2952
66796
76350
7425
99769
59723
51512
42160
50045
32429
75797
70649
39149
1764
5347
66255
15076
55615
82557
66382
94706
87892
89453
80135
12075
22424
60752
81923
61706
52202
51515
25688
55756
70722
59542
83165
26267
11806
51479
57961
45367
80371
40629
5861
56107
51783
71777
81005
72456
10433
11286
96971
51318
57405
60753
39585
53165
15157
30331
7823
28157
42189
95670
60971
33776
16066
32214
86771
45501
23291
2472
3051
12750
37465
73660
92214
69643
61934
38187
18182
47058
15575
51169
5440
21269
91660
57358
22865
56975
49518
73090
84784
81922
21484
37407
75312
14956
28238
34346
8569
51967
56956
30181
50585
22337
49096
78965
15133
72583
27662
74999
11552
62176
61695
40168
87567
4597
83474
47338
90052
76511
85656
10587
2618
49658
27509
70197
32125
32046
95833
57797
7634
24128
64636
15161
95753
37109
75445
82223
46731
22533
2356
36872
25298
72111
99203
81166
83868
21652
60202
90497
22056
49939
67642
18420
16044
15348
93983
64937
34085
76812
74485
70169
15999
44757
30666
77636
70784
93942
26264
99999
37400
23070
87112
47579
9400
72230
26244
84659
79469
66176
74530
8495
59916
65642
40844
50514
80236
10651
18016
55705
10631
54003
11594
12028
36110
99883
58922
73366
51109
18437
11734
17263
23205
27628
24311
99069
93716
20436
89316
92580
83059
97562
180
47045
83315
21651
57424
23791
49053
86389
11344
83272
48143
17661
72584
33763
23272
8441
43164
16534
75185
77945
8288
96678
43614
65588
16839
2206
36654
52237
93501
5542
33171
48749
19010
34346
49793
69051
4449
69070
82619
27517
37052
77805
6342
82642
89547
55202
21373
39807
12918
66421
24056
63322
58335
30163
69052
5628
3862
22202
35305
35527
99018
33070
80564
14361
30162
68952
60475
47738
89057
182
51368
17729
15177
45857
73526
6076
62473
78005
76798
5532
84869
82087
42432
14909
73920
1693
87303
84463
72797
75931
75236
10965
42672
67501
26320
20492
5604
40182
83906
37440
32068
10517
52812
58814
42777
87043
51721
80495
86053
66972
50158
95705
97399
52306
24643
56005
30774
38841
74642
63641
82392
99830
5017
39682
97008
26776
7831
81484
43542
87851
39578
66132
75106
18265
21923
48686
21865
10029
21711
11413
88909
32668
5080
43049
62719
83008
25298
93509
84475
48648
60737
19838
41913
37655
5614
91985
64095
79704
58970
44875
60299
93266
62686
54763
54945
22610
34895
95681
3049
35775
75891
79
36442
92691
89046
42980
4113
45182
35196
18787
39741
38987
34532
35904
84695
93100
17362
39916
14064
57720
60376
41669
23500
76163
11025
49825
65960
42238
52711
87665
7155
3808
54020
58227
60171
92717
77385
82168
47635
7005
36824
97730
11752
55008
39504
58416
95004
39181
16546
81936
76396
18012
6183
48217
33710
48311
39512
1533
50088
10776
4035
16741
67216
21964
76945
58726
24970
33977
43824
44771
69586
34882
74729
22651
54159
61178
46693
69276
91533
11578
97401
77734
8813
56350
1621
49053
69911
86327
7878
98263
33712
80210
47271
27050
16801
13601
37046
48623
99212
56837
3564
74280
23734
54690
86721
87320
33417
25349
18442
95559
59487
23106
57537
7494
75418
62474
16019
90839
89572
125
85701
8364
95285
34905
29391
53343
80218
10473
22476
99168
74117
55800
82624
77672
27085
37223
52156
5513
42902
47063
83496
51664
11674
81258
4039
1238
23448
11668
43039
6505
57133
34853
37885
84636
46200
91803
95526
55388
38063
14737
85193
93463
72028
85818
49172
40717
62525
50134
9681
8082
38722
76920
26086
43608
55032
88666
36302
53416
10924
12397
98404
42948
55739
49213
62767
384
83500
99448
41352
3579
74754
28431
1955
54221
57147
10696
18043
29164
94304
65111
47074
25928
68895
2799
61006
38196
99216
97378
5142
74916
95622
31857
75126
74970
71122
3160
61530
59678
74685
7418
63166
39848
71638
54459
41511
48360
1883
23526
32505
79120
37183
92911
90826
40993
61402
39815
13341
68404
73963
77077
8480
68037
41466
15923
94974
24422
43519
47926
3567
58236
51737
18263
61861
70525
12304
36168
73694
91830
49150
79580
50049
2248
50425
56844
58808
35907
48722
49659
7199
66437
24113
99352
35483
26589
63382
31060
44367
28401
77479
79076
76688
91604
17442
4274
13007
78714
15472
91196
13245
36960
95441
21897
92064
69861
54785
62253
63615
21898
76127
89817
95055
91095
80016
70303
5688
63292
35401
3661
50240
31505
24288
65743
62001
67334
3172
97680
62018
79977
42973
29812
13099
90740
93842
55281
60513
11306
83913
84588
19805
78674
93977
8055
7281
49815
11552
79026
87454
25772
98775
89399
6183
78160
83019
36441
54429
97737
77322
3099
67923
25267
99566
69818
60106
50346
16060
17090
71770
55150
42767
14610
61567
57995
87420
41646
63538
71554
95984
74568
13000
12336
25836
72605
46260
39926
49738
4200
52851
30763
60664
38503
86752
16386
71237
92063
13983
4612
31903
50748
47966
33441
53695
68882
78445
26298
78258
90204
11210
91090
19012
93900
91495
87284
47426
87816
43179
6449
1225
15559
14109
8727
51374
29958
8694
70396
85400
19213
18550
30878
96346
43944
76515
92992
79371
74347
33401
2831
38218
18598
94355
52157
57357
48881
94716
38263
85545
74465
17475
71670
49040
536
30333
22140
68998
18723
57537
21813
35373
78939
30807
37715
6473
48930
49506
63011
37677
47561
38352
77025
40487
68315
10369
47880
79087
97382
95738
51727
23155
18162
88298
6357
64299
18168
89447
72211
14966
42946
60955
94478
35714
49614
70753
11546
59640
32415
97543
10123
13419
34456
10080
9283
21534
99731
39183
98540
18611
45558
15708
32784
89332
85142
14673
61579
29144
44056
21317
52819
80391
9027
41951
77993
2509
24397
95498
91829
504
62959
38345
72173
76618
1211
91656
3709
33557
98412
95122
54967
16424
13947
6904
72152
37636
65280
81397
72329
1790
93002
15415
30464
72436
18220
3934
45291
4270
64288
97285
91306
872
74746
9349
26136
56899
78634
30493
41952
66024
97322
94877
48294
33270
30548
33125
15104
54527
40223
60260
3741
14604
27780
7850
98586
33932
98751
54765
94484
6355
24658
19876
23663
72140
89739
69141
40436
78174
57169
56663
99518
49230
64593
20996
19752
34598
76640
35695
11181
20708
1224
50892
49924
98405
27267
31600
33937
39155
41384
20592
18393
62988
36218
21242
67209
21697
30082
78971
13148
15050
95549
85298
59374
26390
68946
4412
61287
9106
35717
68360
83538
90460
93384
90352
23376
7447
77554
49947
70832
17071
86118
39085
48970
96580
64125
38891
2524
77393
92675
67323
60245
42692
63739
87585
46025
47799
25153
35247
96186
83802
87980
81066
81967
15400
76832
54482
65838
3943
49010
18177
25938
40337
31098
95919
72631
67337
12092
99932
16348
65369
95710
89627
10004
29700
63752
24573
22274
95600
53298
53967
75695
93980
40136
19598
87850
66269
28217
69341
12620
58528
90831
89538
95825
70765
805
95543
29225
44028
65785
48396
4443
53304
19610
88552
60090
79200
90500
47515
62520
87194
52492
28962
45721
54423
22886
52380
51945
46600
11803
14192
6231
17101
30414
48231
67282
72600
58807
86192
16829
80402
73819
93781
80611
22956
30003
34863
27865
81572
60768
67099
94385
51581
70066
94118
79001
68256
40696
29930
17605
41426
4517
81172
47580
24174
44076
73676
81167
54946
73367
49028
93829
94187
83217
73682
53692
67316
40283
8154
96608
66059
55071
66731
91842
61751
41320
30115
28592
25509
56133
13840
11561
95903
68379
6827
94557
78494
3470
23737
98914
81914
81997
48043
69702
47368
63524
64721
797
63571
73180
51341
18354
80466
69971
28817
21381
10585
40921
572
12614
95004
30802
85630
4870
33743
78797
68013
1808
21590
41451
98887
74024
46189
50207
52568
5033
41466
99496
33882
2071
51218
26664
5492
10941
92753
6012
43195
59543
73065
43158
80905
13752
86783
52637
20448
51949
86686
1619
85218
75240
57260
1860
51459
77989
57559
87541
11078
28842
96270
12647
85984
54575
14892
53445
18232
89119
84484
24259
23260
90867
78559
69890
37554
30361
47540
61996
5195
75303
14525
7409
11548
16178
44835
56270
34085
29644
97233
68961
21077
77965
19787
77447
71937
85916
20011
3365
49517
44021
49801
15481
4374
17700
8649
80702
93607
37869
97590
75318
47360
10217
29400
54551
90716
26225
5445
12290
17309
18966
14955
46583
17186
40444
50590
56279
98707
66831
85669
41879
35649
48659
83264
63138
40600
33470
31069
89922
93264
31618
22416
19541
36447
77632
95525
69914
86645
74675
90251
45939
55783
30415
33950
21753
40502
27193
30018
7192
17188
29862
25493
20180
46606
459
32704
70789
72486
99686
13399
75965
44340
53912
77422
92428
192
7648
79737
85887
74519
23825
97628
75196
1642
82493
4084
86502
53567
48621
51916
38653
75354
2175
40819
3127
34523
83288
86193
24349
57035
5718
15547
77252
30450
20526
86579
36213
48182
97088
10940
83499
11397
16947
60205
62948
98845
3618
91594
46831
34908
17392
43456
61688
91730
31149
85209
88491
21326
48358
13921
96888
72313
32015
85121
43331
94779
817
37125
54285
85440
93586
48869
61549
14422
97152
46205
76434
67063
89205
80142
62957
7756
50943
79001
70478
93217
36163
53499
40183
47948
7543
27439
94721
72118
54536
92866
88669
16780
52636
68291
99284
80526
32580
10785
61327
68285
77469
91833
54385
69612
66901
85854
96695
88516
59060
36077
38524
77706
46256
17895
31223
93452
90137
64876
54080
93809
87526
46768
56989
9396
22363
86958
14584
99953
58615
72084
72151
68305
74308
85725
63022
64336
15434
75514
2332
59003
52888
81991
89772
99023
15098
3348
50303
66188
42613
9658
85248
71609
81500
18677
70070
64256
33033
33258
33815
1885
91974
58838
21962
29811
58120
36977
55249
31344
25169
21382
36425
34734
24853
77016
61650
95530
84457
82718
47056
3110
51971
9613
96258
36270
17971
42331
53848
60415
29798
42735
82595
64877
53586
16100
81998
6828
69047
12966
80933
70963
47888
24633
63159
68627
53707
20669
2413
89008
51439
32518
46945
18228
72893
16773
86098
17629
95932
70614
38992
74229
80775
51609
61521
84635
80295
98959
24974
61638
76552
49638
86370
14680
11219
35132
67151
86915
57425
82036
27940
98975
61877
71359
17543
82760
37813
82210
40632
486
86382
92051
96952
34780
57770
21723
21227
95799
80773
2793
34947
75936
32711
50228
99581
94626
53650
70755
32026
23280
58135
35791
25176
40197
50323
58864
20940
11238
82230
46400
76572
98587
71981
88327
33567
38477
32009
577
83660
35484
30101
74593
19120
1819
71666
51845
17307
35170
34096
47735
51335
36655
30327
84903
85811
74120
20387
93098
8061
49926
71380
54883
96458
20860
82196
11585
74819
9518
98278
49843
39694
7173
3696
7195
41519
97297
18588
36218
86983
19570
43190
58942
8770
82106
85588
94273
79424
53596
66087
35512
87653
34454
57453
31975
26723
25450
5695
83550
68539
77902
93375
76782
93778
90875
89814
44415
38109
71472
66163
62868
70937
77384
31560
97959
15803
19844
93999
97839
63505
54342
54203
88133
4287
315
10904
20184
62937
6383
22939
11031
62301
929
9128
50375
952
53837
28100
25155
74810
4175
56543
84048
3869
63939
86778
13645
30876
29900
80817
69302
63638
56833
85741
32347
53038
67634
9911
73248
90511
31219
46880
33905
627
15862
81071
56658
40318
84284
24480
36412
71536
57359
31650
46392
1861
43428
2517
71391
96053
21128
76535
41239
68445
16961
39312
40634
60460
1605
80623
58942
85544
84658
18708
42057
8116
31751
26009
99501
57955
59088
85427
85572
8443
34403
37623
24736
57109
61935
80458
44387
44637
60504
35126
49834
32466
45074
72636
50047
26602
51134
29605
31022
9092
11657
79578
98556
93779
86520
43436
20068
65599
81568
6056
42870
57932
88263
76584
84797
57730
78270
86598
18274
39784
2929
5558
27434
7193
52369
30480
17317
12716
15559
50406
56151
64157
98535
491
2189
12255
93223
84218
20022
41848
