48920
53721
58004
98038
5720
92318
70738
19584
35137
89597
71021
52124
47888
98965
46419
6918
86175
80211
81958
98463
53473
44448
62570
92793
63883
99924
58282
28014
28877
15568
97929
21845
7744
85182
6133
40748
31280
91086
32578
16979
99268
99255
11304
4993
92629
65038
72382
799
75476
73544
97839
74368
12539
12743
46545
86072
61352
48203
48562
66696
9835
41183
5085
85651
44258
75912
89979
11367
87402
32870
94997
20170
75176
32244
93716
74561
30056
97504
3373
18038
87657
28215
46038
76934
68110
14759
9624
46135
4577
50360
58703
25601
22473
85621
53598
10303
88133
77977
22477
87052
34905
21135
32396
69321
95107
5586
7294
51639
58029
60982
56412
58528
50780
71872
19786
89937
27173
23438
10718
988
53921
46802
51894
87154
69575
39601
86525
16964
54540
26199
19129
3626
2076
73716
41003
67595
97025
22101
64743
71978
45943
24104
14942
1800
47007
28572
81196
24675
7732
79859
46952
34379
43623
98818
5278
60790
62890
27829
22012
52972
9959
4888
17904
79446
17206
34955
99276
96879
83405
47214
62904
53796
89932
84529
83741
9872
82810
36284
15930
12732
39602
29770
24155
51509
9965
21479
63161
99312
29635
66700
14572
33012
89583
43375
92657
78622
7192
54903
32645
22254
56846
37839
51959
69010
99356
97623
77173
18244
75538
33565
63921
32695
40501
40888
21860
49319
50499
95280
46223
45206
77513
67192
44835
38167
48076
25607
84606
62190
55529
30266
73008
70271
38436
89175
27641
13772
86008
870
97529
52488
28458
55296
51630
66217
633
69690
73072
30593
3211
96863
26535
93620
186
72469
48649
12077
45386
33535
13690
66167
31096
96191
34284
36039
80676
68009
39501
69656
13028
32192
20948
14615
29765
26519
19121
95887
94898
9085
49938
37503
61892
251
14272
61721
52447
9643
65390
16654
90529
80207
77166
10116
37708
68820
71745
58332
35775
13486
20003
98966
5167
36058
73184
21431
95362
79862
37235
37849
10429
4962
96628
90880
69055
80596
72929
60031
26178
76595
74158
58619
46891
8914
28481
12374
33391
43402
11112
76890
61828
77379
56785
64914
91337
73347
25640
41980
32776
664
1063
36897
49782
13189
31097
9384
97913
81646
81942
30400
7181
81358
83751
22271
29740
31783
3778
20647
74282
91202
26372
86509
78741
76412
76247
72418
20402
47750
35341
92856
39340
89914
22427
43968
77357
58748
25783
62511
97809
19848
16203
17610
81478
66607
19618
55724
74990
22153
84642
31654
84725
41597
77723
16923
61146
92272
70606
82300
25519
17200
1288
82922
13027
97970
34042
2268
81727
56554
9509
98519
12004
10030
83867
77884
91936
36206
47690
38723
66445
93560
49622
12512
76268
35075
25273
45867
6643
15127
49831
80964
99590
57639
13403
19072
86272
14320
13267
45834
4466
21462
88075
65945
73069
81881
77004
54202
15021
97364
86571
78706
75531
23943
89340
62243
76098
26751
21603
59896
49905
75339
18359
82157
22994
87905
35597
8706
98515
33863
46177
96057
31431
84214
1313
2561
33134
94114
26786
31659
2455
4511
83158
11281
91398
14482
87683
19903
45674
63602
42700
19044
40289
58464
89723
77185
62776
85947
56310
15832
79182
62340
97496
59417
47800
12177
91848
15345
39180
9301
95976
40256
3839
87122
8336
6272
71046
66288
3669
12079
4652
22666
69504
75035
35922
30546
73449
78847
26569
7760
74039
29610
33294
9740
16692
57402
9309
85841
63915
10321
16990
56653
37982
42062
96874
89691
6200
8894
64757
78618
28230
98394
94621
86812
60658
45493
24054
83397
51377
43288
22318
71017
25650
72243
67348
54250
25054
55002
92100
77319
88430
18342
877
49571
44828
26057
62630
76144
88045
99126
86311
87356
23540
40951
49306
15909
94293
42334
91024
91807
35354
38213
70049
7706
12527
54911
91658
11477
50363
98915
94721
2413
55103
15022
52087
43789
31433
27298
8945
3271
41910
19194
72269
6760
84009
63173
12795
34857
7880
742
92423
44556
5557
89168
52666
1524
39986
17927
26444
76440
83293
2303
97520
9759
16313
26479
83574
7340
26758
66272
85376
9469
70775
29776
88794
59881
82226
311
15219
408
28085
61705
76214
97985
3905
63142
47439
80644
23259
61927
94930
60839
36021
91389
13313
92046
83270
43082
44985
73396
93853
82812
92006
96458
83648
68959
84419
73752
71345
13131
29614
6807
9211
15590
41556
53305
13926
27020
93238
77084
43257
18113
16899
58254
26452
62012
3886
72401
19371
40827
89871
70093
89753
89655
19983
89725
93730
61555
34423
98252
79956
2211
7013
18340
20364
72278
41864
24191
88461
26774
56038
10100
31629
85271
90285
41680
58973
70164
92757
4655
11862
61763
36854
5168
6179
28406
46166
13434
37879
62563
89525
72188
15742
40989
4626
24750
63320
42253
55749
96847
43352
20283
85266
44649
74862
98988
58692
82165
71704
48097
90215
2815
72681
8572
90808
66194
52458
84415
4186
37860
79899
33100
37463
63927
56932
5187
25765
63298
38201
67422
81094
77744
41744
24302
81709
54828
58759
2699
94607
33048
84900
66345
97552
50612
83543
51099
81643
66758
72862
21090
43873
91320
85872
37155
65886
13270
5014
77705
15052
14480
76938
18428
53557
89252
27273
41
21829
2764
78235
42727
80512
71696
57506
73094
83843
71988
82256
81976
23839
76013
72951
17699
33847
42639
28655
20375
94912
44046
73758
84424
3857
95888
77276
32267
47917
53042
38025
49607
87321
18748
9954
72785
10065
81267
33593
3909
53431
90490
90082
53150
81925
82747
28158
6583
52084
24049
32598
96450
26489
2568
91144
62267
59637
17492
73789
80826
70581
43692
44995
15920
67725
66804
33343
90418
25720
82193
10083
61030
9528
48235
39464
94842
79106
82744
23963
59336
23545
88780
14686
90538
33061
61851
30036
91693
97816
61392
46566
49320
91962
93451
31757
33753
95555
91515
56372
44726
71011
39222
77318
32279
51688
74401
31597
36827
19937
77478
6765
18168
68330
70166
23150
3748
74227
33807
46159
28374
14932
70331
18528
84577
52719
6198
67209
8125
98150
75484
21936
73418
23236
44579
8560
35385
88692
19306
94678
65740
94796
72192
83414
57582
51994
16085
92137
24650
4012
24120
17741
77588
41600
68758
26651
72770
9958
76250
81812
23521
81648
8116
27460
97992
19725
68863
86112
3479
30701
62494
88130
26723
99560
6500
54003
60628
76707
2580
40316
6122
29176
91082
55097
21318
62248
42724
25737
93154
41480
154
95404
39890
43934
76654
92357
26469
55547
73820
80251
85774
13248
8533
60310
39932
54482
86608
95317
83457
39145
64252
11391
25218
72786
69492
44420
19269
65890
91568
80639
4314
3742
85097
47224
27169
61428
53209
70990
90999
86315
52273
15413
74639
30504
18424
86838
95270
32966
29811
51812
50219
32107
84774
35130
8339
86982
91729
83091
66177
30714
10160
68006
28891
97308
62587
40658
52610
20699
23574
97792
92740
40315
97446
20898
30357
91720
27409
24813
15087
43731
70745
52855
37468
99772
88306
95063
11106
68715
205
46506
369
5510
44136
14630
66758
10504
88592
96301
1848
19487
68978
38681
42468
69809
67757
47189
80175
64986
59325
45173
84639
83744
15092
94783
44907
14033
58946
3491
13081
18798
19279
29978
14780
78032
16392
52125
38791
27186
54264
54676
29343
63184
65774
18066
86513
72329
23927
1426
969
53551
76453
47396
8627
34609
64631
39633
60978
56521
68673
49353
44558
77334
78077
27697
51068
57732
93690
62978
96358
95235
31465
48738
50373
81504
77714
56516
84277
45531
53523
495
12190
948
86297
55502
57350
71758
5864
64508
42986
84138
35880
75225
82505
31156
91744
3499
33176
80544
68478
4033
16980
49470
41937
19992
18747
73809
9033
75952
7781
46921
18851
45251
12453
29141
73846
89781
37292
41135
75769
72581
21201
91156
33716
16728
84205
88668
78231
62561
83232
25860
90545
82692
90802
74761
94657
9146
89045
2006
99705
45275
74465
45365
19397
2398
24893
9915
79052
7619
75084
49951
12103
13309
15310
37452
13509
40793
71061
322
76859
9622
93248
48206
22501
15853
36271
13754
57226
61628
93911
43121
57118
76252
93841
52116
53406
56640
55346
86476
42746
9836
21360
22794
60598
49258
22637
86852
26225
57287
17252
24978
33721
61059
14697
36675
83949
80713
40561
28637
51805
42426
62200
72988
23470
96877
84297
66411
65373
82551
75567
62347
7804
3817
76589
75944
44843
46968
1359
42632
29586
45796
46898
79503
85783
62045
58006
8702
57157
63111
43307
78147
65171
16646
87368
37521
72125
44172
10198
99380
34162
74199
29472
58413
63468
54215
54986
18771
39182
86603
93046
56898
3241
26425
82270
78883
70544
24530
84497
71970
66204
15620
61690
80781
1992
8993
87549
16979
98303
77933
64861
90319
55464
83845
66463
31542
23606
2566
88895
73982
38519
77699
99952
97372
74665
21457
86067
93963
58932
324
96871
90740
94998
47988
92883
73047
43068
30384
53104
8200
20847
11971
13907
52336
37551
2154
67175
3242
76447
78075
35123
82498
58766
64038
39084
41638
23385
80658
87444
51087
81612
37402
67869
7224
686
63599
96569
36569
91093
3859
62257
22908
74004
19674
32654
42740
50315
29275
87090
84508
49902
58436
46136
73256
51056
11423
80169
30750
35852
77224
37285
62073
19748
76916
83920
32354
24628
12428
21598
31566
27721
68151
11966
20063
55986
7909
80705
66387
96348
35507
76591
21525
62935
58521
34269
23196
36993
93256
23977
61
58031
27636
6421
71391
22410
15772
94683
65471
71165
1647
9015
76413
44485
46151
73438
80604
77688
2637
92086
55121
37008
45886
89316
64371
62018
91604
22624
57448
99000
42013
92781
20072
14422
30551
35768
58063
87959
27044
76049
54376
31715
90407
42097
75125
14604
30884
64868
43663
95109
95001
95832
64957
33341
34352
15979
1238
50202
69842
95529
23689
69693
82113
33367
84934
80597
46896
15834
22385
21336
98725
47484
99054
14429
49019
51452
60637
64068
28734
58467
34418
97720
13136
53308
17852
15489
91479
2764
12124
97022
44441
32436
94944
55974
47901
37418
99480
43113
7312
709
22840
43316
72670
54911
95320
57559
30517
6213
5532
27813
39181
22945
35200
79114
32500
69353
96075
1243
57526
30620
76999
23654
98100
83851
88269
28697
51831
84008
27255
58979
8474
41895
41727
41113
14237
62100
39714
65747
64183
57959
95238
78894
19855
96125
29478
23696
1985
64484
7268
62689
52611
70710
421
48039
88350
82286
64853
84841
48260
64724
82493
93449
25722
67712
23157
18405
32660
18743
19077
12759
98184
40267
28558
52800
60581
38776
4142
81725
96665
56582
87786
15239
54154
16724
73379
79471
65222
79953
57481
62003
27340
32470
35561
49607
45268
15550
31666
25547
95694
7968
58219
68371
73795
45080
78681
1591
65643
65977
61761
77428
93443
29903
4396
29563
18573
71950
35726
53379
37088
35340
70888
69847
37645
79554
72939
72961
42969
6752
96994
99507
25896
84870
37745
74022
50915
68566
66391
78614
46094
62572
55825
4596
19210
85825
32070
69737
29892
86019
63713
90673
81331
27137
76034
56827
35951
89218
44802
92744
17603
1426
32745
63228
23150
27
21832
87029
50485
80250
11606
87959
48281
93764
44361
16375
73121
90339
12037
17082
55257
77863
12982
42510
10327
23151
56422
40587
43854
56916
97384
73541
82796
52510
60223
59264
34153
92351
33267
74889
92658
73735
10347
90673
8870
54094
35082
79505
42002
56317
66758
39997
85244
18842
87404
58671
16649
32053
37361
52249
75068
58055
55360
615
34028
40893
38978
80441
8083
17300
93037
73811
25397
40073
22514
13372
77736
13353
61908
97951
18902
42503
76670
81665
40357
53572
35419
97145
70904
45235
74266
1434
38946
55357
69636
43556
8720
45349
56669
23824
51069
78485
63926
84145
98617
3120
47197
19062
72261
77718
51261
35216
40999
29920
31642
21292
82811
68139
10279
43711
56515
35829
51017
98227
16170
48780
63856
91143
42034
71137
79197
69589
22247
47073
24733
30611
98547
1041
75418
95678
19459
53786
10882
44555
86100
47312
99100
96996
55584
80088
86808
74160
54004
62169
12377
24411
31286
77388
58975
42947
36341
74095
78701
17592
3171
38156
25085
86194
21605
32345
27414
23921
90580
7165
21757
75092
6936
90928
98627
16060
12918
37201
86734
6135
69008
36529
18005
21984
84081
32210
47346
93729
86576
51395
96777
41925
71672
70973
92091
84045
65074
46389
2627
33947
81605
80637
74697
12742
83600
21209
36975
20816
56155
178
9997
41712
8718
15350
86480
25623
91176
3064
20391
36896
82854
52979
74869
59078
21368
87050
1246
34322
13574
2353
21250
5790
51003
34577
21372
30788
79682
22431
52275
96356
5817
4976
70827
30597
25301
92035
63158
51720
2957
65606
63517
48502
25718
84275
12346
86390
64126
23143
97769
80776
39589
98333
49112
10391
85589
82523
83548
16083
97239
33906
99626
49437
31849
63264
99372
10009
14368
6044
7988
61582
56745
95050
11193
97698
83501
2431
69227
91752
71032
28268
12168
70603
8067
90305
68919
87417
87900
7718
79902
7691
43743
92860
45731
87462
60065
81139
85143
34730
38079
51100
61784
61985
49686
90990
48726
46968
80646
56773
72877
18038
85136
88840
81981
98096
274
14049
72121
42061
67998
79800
50654
18737
45595
8599
47992
13794
69605
72916
60247
17743
97992
3457
83760
38962
63318
78694
18905
94283
5367
80363
18852
34273
92569
22559
53245
605
90147
85377
46900
4657
29898
61979
99962
73948
15045
24116
8654
6013
25570
57966
94529
70594
90324
75185
44669
82162
85956
80314
43160
2439
81168
13222
68036
67279
17365
7235
86823
32884
9252
19511
11087
42815
72136
1730
34003
71779
49367
93104
64997
18303
8877
55798
81460
21411
52456
87814
81720
92885
92837
99246
72438
95163
75160
50089
34180
29322
21065
86847
19437
1428
61439
75649
17242
58867
93830
95347
69679
20511
63763
63523
80349
85252
18300
44522
16147
76193
60499
53044
47908
84651
88372
88920
65706
68230
39295
22692
52732
33805
58742
42815
30133
26442
28468
30427
22297
77392
55180
75034
57342
49038
17194
88929
55484
12822
89249
27110
80196
45430
7561
66674
47107
37622
59021
11404
11441
53603
28158
71871
18467
54555
73930
27332
60060
2534
57556
37052
57602
97149
44106
58869
96730
64870
14509
82990
25947
52604
56764
65598
53563
33493
2122
83155
64434
76679
58781
2629
3903
39524
45861
75823
16606
7373
45673
35975
9925
15147
61381
5518
79835
33541
4805
97514
21969
53488
9603
60653
61800
60975
23350
17003
7400
90691
12763
29280
24834
2378
78019
8181
92303
16698
64025
50710
36888
31067
79416
5992
14713
10017
22604
20520
5710
95979
45760
31462
65401
77043
79746
47164
35776
64574
7032
72741
44963
23674
96600
26653
15714
2829
94130
39702
61705
16749
63555
59744
46623
89474
91214
25011
20410
73241
76484
21133
66751
90714
41157
80009
96596
36133
67025
49216
18623
96813
45230
14351
54788
10469
73487
97736
40621
64407
66630
4108
57783
69506
17320
85031
68803
97783
98610
3386
84686
36004
91040
80733
18550
83471
73245
65185
33738
86980
5309
46671
84765
42885
63455
32735
68941
77090
37524
43289
51943
63728
68081
59968
81860
15073
85006
61520
50737
57120
66947
5672
69839
94617
55564
16101
70887
41286
90725
88270
62395
20040
61513
72034
71285
27215
37209
62792
93537
98380
75717
44833
90699
61960
66021
48141
44366
77483
3824
93889
83046
54342
1736
1153
74677
13467
38187
70217
71279
73181
54509
90708
73187
53851
57440
39386
43783
39461
52587
52623
68963
12386
72751
10439
77114
1213
98896
2379
5877
89969
90549
55697
12182
76271
76824
91298
59504
97854
42723
69696
76609
57277
90485
83816
37427
53790
83995
212
76837
53518
71703
30850
23298
55461
76351
39714
43463
55291
98112
26603
26394
52146
12543
75731
27408
10515
25368
59143
65727
91811
79995
12754
78262
506
94359
34425
88909
36934
31807
24276
1823
8365
85158
93225
40640
53532
12520
63911
30282
10187
16736
5740
79187
23895
71119
48641
6199
12114
76132
6842
49447
4668
95199
59548
75200
74092
39581
74603
67897
5415
18660
70911
33857
92833
4107
70488
10130
93040
49439
34085
40621
58024
172
71672
5684
19776
16521
32237
49851
79913
56564
45370
63791
90142
82763
81758
51221
2854
88793
75801
75035
57373
36862
25130
26073
99459
57484
32558
12120
54661
28386
3543
67130
43596
60600
14472
74027
59310
17144
56797
80011
47204
26981
33695
6652
84376
58518
32362
79469
38337
7903
71930
96328
28336
73114
99994
61428
54645
46715
83133
19902
38648
51006
45186
41679
89932
18317
64113
3111
93790
38781
45008
25090
86243
53807
22076
57165
69111
69065
65911
3409
18417
37650
88710
48237
55884
19
16289
86115
1925
42567
1075
44915
22515
65124
62990
76257
58115
86351
26247
92271
22144
99097
48767
55125
7715
7152
9431
17134
2106
17719
93701
49950
2545
36832
49511
12270
37391
3073
14126
1995
53254
17845
54661
48288
15414
51705
42193
64319
46253
17475
90720
57510
14579
82787
36449
40764
48648
88249
64807
23379
47375
86231
39805
16537
19117
95872
3819
11878
37870
88176
30938
61452
81517
62777
6280
87321
35317
33390
9994
58214
7234
17887
19230
9519
50820
89489
61332
54914
51776
61784
66350
65507
10287
16416
98688
49061
49045
72
81789
54148
60645
19697
43053
72363
86213
92120
14425
93729
67548
52867
79387
72874
71135
67112
56712
6519
30831
90492
27667
5134
73636
63102
53284
97397
50067
26839
69214
71585
64907
4361
40404
45567
82325
75358
59304
83969
12297
76721
99242
19922
59820
10607
52653
42896
51153
79125
52829
68098
42489
23133
85102
56388
65163
83178
15565
55128
39410
5342
78628
92235
90933
97407
64055
24494
26835
50267
24623
74700
57474
8080
10058
77733
64966
32870
3757
32058
68888
1870
85922
15670
29130
38939
56863
81511
2770
63864
77874
96495
112
26289
32653
38682
30058
62746
12550
55677
76080
58357
88001
15415
17584
96354
15757
6200
70479
16374
20333
99862
57838
64733
33442
98429
83335
43941
18607
4309
4867
41479
93441
18350
62542
84450
95216
26914
78179
64620
56367
69138
19292
37210
78078
43369
1992
7541
54312
21543
22059
97568
3671
96834
9192
56433
3511
4744
21225
61045
63888
82070
34243
10484
92671
87907
66858
98709
29027
12077
17241
83692
13149
18735
36701
10576
47370
91217
59194
85178
35851
64740
26138
50807
94605
27560
30952
92685
57603
2669
21285
25694
64022
89500
11861
8470
91032
76956
27970
4555
37248
24051
57705
85221
82126
75466
37931
53884
20547
83183
83970
86812
50689
16395
70238
78765
84023
37329
48237
81921
94860
25899
56386
7744
69329
82087
68312
29358
68571
59347
67017
41095
89269
7135
44290
67684
80841
80365
83987
88223
15449
12430
99855
58629
91779
26800
6073
71618
30664
13498
19813
11472
40883
60319
95245
75247
29897
38017
4597
37689
5155
72361
14051
1330
84000
76085
28441
43792
76254
68684
61541
85091
69714
81055
39230
33571
85335
80493
7778
22539
25421
41310
69243
88197
39366
22009
79800
37772
47414
44679
97115
82027
7958
89766
15529
19791
29565
22529
83927
61707
75254
42181
52048
38880
8014
25374
36902
29462
46556
60571
71699
37788
3222
65216
33262
29460
27800
78212
92386
74523
36205
90142
1126
76854
5724
96288
69464
36843
59812
24700
88295
80801
42956
75175
92566
72232
13458
46838
75163
80309
40796
49792
174
72236
38210
97059
38633
35368
9747
41532
36226
21763
4401
93677
9154
57360
16374
6645
34614
34176
10311
47773
21857
50346
80199
23927
36320
52884
21149
83829
74451
74559
90543
88156
82048
53819
86115
17889
84337
31226
15718
58981
34368
64956
59852
26177
59713
19890
80796
34115
22796
33695
44979
36889
23115
83689
67398
1043
62092
89674
86174
70917
56265
36048
94513
57903
95566
86549
678
31814
87555
31710
735
17021
71526
35457
16383
56707
13965
7988
64719
91898
44522
19292
88329
32772
40961
19863
93230
10704
76135
90549
28354
25070
47508
58465
93634
83243
53695
59883
12243
87094
89326
20238
42544
30862
11257
57899
8900
14894
82318
77824
35418
48351
31875
66242
15573
85868
78733
99346
83844
65017
25997
56790
49732
54295
41218
83562
72042
65758
17308
47146
16375
20962
46083
59707
27861
24384
36493
4345
43194
39802
64701
68123
36057
54568
60814
29036
17313
93796
87726
3614
307
16553
90005
74492
8560
32790
70333
84447
51848
43200
62750
58835
18836
20724
62832
69336
27621
43530
73715
497
37989
50903
35311
5443
66677
85605
79508
31142
41650
69295
17108
55320
58898
15707
83603
46040
9685
54812
23163
55788
13867
88385
1653
10293
97757
95816
83612
41330
65593
86915
35945
20007
77425
15794
39597
36557
40833
56845
5953
89476
58819
33556
41277
59394
61783
19219
3183
8093
98488
2394
3617
52336
1786
44500
39761
96484
59683
36818
14579
16548
49105
64964
38947
23024
12096
89778
98157
29452
9780
54452
23366
2729
68068
12653
12726
72813
74151
11389
74502
70733
65191
86538
43035
59815
80487
35423
97930
30702
44169
52524
17017
21565
54008
3337
57781
96219
23478
30261
33198
11673
61045
68550
19094
16797
28433
59026
6083
21545
75635
34135
28574
38114
84557
8829
90915
11428
54240
64282
83692
72468
46085
62150
8180
60390
5443
89823
17825
18988
7052
87002
17521
42493
39319
5754
58929
14413
1379
11523
60162
68537
87089
42863
82898
24080
96903
94321
46872
85666
29574
30474
36270
90886
8968
73219
63609
70832
46800
84520
50966
13611
67789
31893
20272
71809
65951
39208
70796
68310
31305
92472
7524
16725
54031
72747
51987
97322
20660
35201
58812
94111
47254
27806
68373
93805
79686
91380
42018
74560
29544
5082
12532
41528
75861
73543
60484
82721
50820
70612
94487
18725
42544
65340
97560
5659
38873
90131
28344
12132
86256
49174
15999
10248
99773
61550
84858
39447
36228
25190
6871
15071
64639
44898
33022
80166
93523
71435
78649
62109
15183
43280
58133
6867
69522
89987
56841
95441
3797
31210
87919
75701
62105
88658
35848
22207
72850
2349
27728
81101
85533
82961
17249
86619
49046
51403
58628
90176
18166
51149
36512
43599
83921
8692
86661
68732
77889
3543
47407
55059
57499
21422
28577
14632
7875
52955
69014
72027
56586
66390
56891
74174
10976
10153
6947
94246
78681
78980
87210
28197
37257
29788
19173
34904
86104
37129
7051
24095
93985
89624
2951
86172
26819
13497
59710
97009
76162
29505
16278
69558
91730
46761
13308
6686
97123
60456
95305
49839
79950
10016
89506
47868
62881
8663
92634
77946
28376
3896
85422
17057
81085
15445
49631
74250
38672
77677
48584
87759
50221
54014
15267
42453
34124
84523
37859
69929
75571
101
46731
62111
69316
90745
65624
95069
99297
80956
82547
41894
2067
13312
34691
59888
30259
96437
85726
31157
97940
26285
43340
66223
47969
91936
73301
13046
89106
47885
20008
86993
41716
11173
29996
43639
29112
53404
74017
32496
5413
58591
18410
65340
48629
89724
48044
50150
32890
53564
86153
28583
12651
85097
46611
42765
54158
50588
97301
79169
67786
30000
86105
45836
42080
32706
1292
4858
15839
80678
77598
34055
57138
93506
40698
67276
49311
48650
30188
32346
47563
97514
51964
94841
16546
46066
70429
25920
48338
83461
15219
13468
77747
76537
50727
76648
38183
84677
14408
38375
99878
41565
28909
69012
6197
17033
44129
90001
52647
91814
13642
21117
22485
6269
12689
51549
64287
19627
77866
16208
28437
16546
85250
8120
85939
65978
64900
20762
51758
63888
41837
13415
58846
27790
52536
2186
60636
91769
28212
11756
42053
65503
82898
96303
28458
69058
74293
9924
79269
12576
70450
7951
2082
27348
40838
47305
8330
48436
40795
27613
51382
33116
67787
82308
31267
72930
92158
34482
42197
70970
23197
36992
87566
88109
54269
64323
95562
48421
43045
13900
81821
62512
21636
61833
51986
99845
3522
76171
40320
74272
95392
39234
26221
67372
57908
642
20867
73633
10088
95004
26350
87786
93139
39829
87827
29215
60497
14452
49093
36474
95308
42915
70969
42054
61119
48403
28316
70716
52355
88962
57305
62937
53120
50330
26569
91249
62830
91269
3902
46429
47636
41818
45186
3147
51444
59506
85446
93072
92852
82650
16327
37422
50209
32197
62668
20728
78641
36708
53960
43630
52246
64077
17844
11968
77363
50346
30042
79594
49072
99308
51491
24048
57586
45274
99303
86854
52035
84086
3202
67819
50040
95709
95646
29227
14495
58653
66802
39912
84955
40609
17883
61550
97963
76766
58925
70276
98868
5190
45892
26362
51986
43424
11705
79140
25475
30036
22058
97497
89534
19029
73048
2020
94319
153
83524
68297
82271
22342
48001
49947
75100
69040
87479
21609
49508
24568
86896
27334
98627
83743
4941
23279
99011
21802
90107
72684
76006
79429
24444
90508
35555
1683
67246
95233
89117
27236
19352
1668
35826
70628
29796
20873
27088
57759
74842
83076
55863
56276
77576
34682
16419
98458
24622
79394
89339
52740
13913
14002
64313
41777
83015
91598
6557
29681
22651
25407
15731
70251
15644
38870
69612
53141
34326
11297
94891
41178
21985
87629
28063
71209
43627
50151
11103
52846
74168
36591
39343
20114
19873
65503
74459
73281
36073
37956
76088
15323
62994
28130
95411
97692
55351
32618
75990
56579
64596
68173
72223
29412
61409
78533
87839
95515
75372
37664
65702
81814
50524
45164
72914
5658
62821
81775
93773
78085
79263
27012
63151
79170
54970
4840
18057
14536
96089
49293
80946
45300
63574
25364
58946
94235
7728
83515
61668
32959
58216
7398
80568
15913
63001
41391
21369
9574
17959
97672
27095
35604
69149
83419
15547
9385
8800
45258
83079
25660
51822
20244
26617
26053
25221
42652
2465
57666
57372
68874
15982
67551
15057
59677
844
43481
69706
49923
2238
67841
37383
20317
27127
44882
52307
86007
83895
67399
82889
72457
26174
30917
19558
64785
73201
35137
62741
24638
66259
22299
79504
19281
24280
28144
84719
98359
78185
99806
18122
77712
96895
17927
44447
13175
96806
24271
13710
2661
16523
58485
21779
17112
64329
93419
27391
75463
97079
9942
94635
3336
78211
55459
648
68006
45511
79477
12511
15192
76910
44382
18886
90955
37043
28301
34269
77003
22919
82340
24487
62229
52703
29216
80922
78563
92803
57824
22365
95070
45637
18222
24697
18071
31220
55297
89658
66953
7920
19572
57330
36829
64704
78326
79521
65046
95601
1140
86298
25405
2818
20558
57732
16147
66989
65429
59444
84774
72066
96786
28423
89020
98539
26467
29840
40569
59309
45939
26959
10887
88653
89202
59652
66969
27549
94437
64346
32529
87177
16871
20455
48777
67056
58224
43589
53686
50412
58586
5012
91479
29390
50805
20919
47257
74179
95047
51880
31924
50420
29050
86313
40273
62839
69754
82060
27688
28753
28614
65217
42266
27825
52940
36546
95097
29638
45544
57180
49622
24767
14598
30215
42053
2666
44145
80891
20179
22926
27764
83387
43603
22358
14868
88529
40646
88301
92574
65386
57513
23378
27319
30378
67729
19006
71812
54123
66318
47730
95972
96318
57543
27772
83828
53691
92866
45291
25962
64972
60186
7384
64517
86084
23673
73207
55931
38294
63643
20073
21188
6999
73235
3198
36655
20892
20685
14186
87613
36120
22938
20913
11196
37133
49077
23445
55080
39277
15803
66939
5174
60599
1844
22252
53368
30734
71132
90816
10258
16076
12313
57351
93603
58696
55098
70031
85145
66935
44703
99811
23657
86404
6319
4554
78087
17849
87422
79616
1822
49239
20122
63928
8043
55154
6071
3186
23361
41621
46627
53829
81250
5372
37172
89158
209
58562
52571
31177
99853
7744
12333
17924
49709
72455
98203
76388
4698
11079
8931
74442
23511
57528
91020
85241
96385
33491
60459
84462
79581
59111
44658
35970
52722
59511
88313
74333
50184
15589
83661
51723
12956
78072
68711
57314
85238
26745
2771
98517
36003
79587
94261
18559
24154
33085
94934
16672
48403
697
27077
45721
93103
37564
63427
43976
76058
22763
89138
17814
3310
47490
66363
7
48540
76594
21230
55445
97350
49958
46900
14228
37709
85612
96802
67257
53764
2587
41079
11390
68176
30660
35751
67005
13709
98427
81073
45995
42882
54146
72084
82414
79180
35899
63994
67286
92359
58004
84457
91460
69659
97575
90468
44034
24899
53790
68457
82720
55249
38473
95864
58188
11194
20227
35846
23320
86025
41201
57697
19297
88435
62274
24010
9152
93964
71460
33718
63440
35233
79889
23539
47422
46693
62425
5048
98521
54617
77445
74565
27767
63112
20400
6237
43453
33426
47215
23031
47513
13612
46186
11741
89553
65138
48341
5274
59997
28049
9135
68945
57640
83634
61174
60380
97598
26484
72887
28225
7805
15243
24185
8390
65228
21652
23216
53848
49317
44461
38574
13801
79773
78850
53861
55871
1127
3960
11341
10185
15400
35956
70808
17585
55782
34885
92787
38735
14745
89870
86468
39901
16370
33820
37258
40448
98349
25785
74585
73977
18848
59275
59073
90184
88369
35579
79380
12876
68431
79488
19417
43295
94024
62367
27611
54955
24314
81952
81911
14872
31573
78500
68481
66919
41755
68062
57835
69085
15515
6754
51425
62745
37413
43203
46249
15763
76342
74631
84305
20223
11110
75263
48641
77805
35138
17009
15086
17356
25103
44756
14406
96080
25099
87929
78954
73113
68640
41126
64366
23250
80435
52703
74460
9416
87153
90583
69988
33360
62183
6449
73424
19651
57967
52664
35753
6331
40333
80781
4002
30475
94780
17651
10546
26338
29653
45289
69187
46919
68087
94730
97074
26116
73783
5534
26807
16137
40060
74186
22028
90982
57648
85333
5939
46484
43349
37871
30904
79411
81431
61627
23034
1217
62122
34216
10173
44194
78169
10200
73292
40168
65793
28005
82176
9975
69922
17948
88656
36529
28125
17568
89246
50075
72911
18533
17950
1366
37383
77351
39048
76075
92534
89701
49805
7384
15663
5296
93342
48945
97197
90195
48850
81922
11845
97582
19477
25405
41483
23571
90603
86654
98556
60124
45445
27956
16097
4107
98778
44549
63669
20457
58391
18759
1935
57403
49937
54344
58362
23510
77010
430
51544
96417
83408
97560
36954
49732
79355
87789
78887
89733
33478
28908
63448
32971
93911
98147
29899
66030
86441
23571
53251
83882
58549
75438
52666
35121
17922
38952
17672
84119
53352
98656
65107
38323
2018
64810
8294
37377
99189
79125
71051
20207
94598
49538
43359
16847
60464
97172
55652
2252
61241
51801
73422
33501
17503
35436
77205
24247
97519
65806
44800
67275
66263
88784
25046
20290
87079
20678
98670
97581
7973
52004
50306
3444
26030
57409
61761
2206
31951
85768
57534
16881
14868
82392
42525
66789
58949
70405
10765
12545
40009
3375
8148
5543
76209
45409
49998
29421
23878
95848
31586
93498
44012
29847
69022
32918
37745
13285
82354
2917
69647
7064
25662
42382
88820
22806
86728
12154
95119
37666
43199
99064
49336
92920
6064
9431
52729
39828
82467
8962
8755
27397
79244
20698
61382
40944
40798
62985
14351
25239
17883
73582
47969
74738
87509
109
8496
64225
68515
98413
27890
32238
49500
34553
81619
67291
92837
30121
88435
50295
71710
89795
14030
44948
47747
60958
5799
93972
309
5195
71499
29154
76053
36592
81387
73690
92093
62623
79704
17125
4603
72631
35202
63887
61169
37899
19988
36167
72764
69355
78743
42585
89616
37544
74981
80530
59790
2880
66511
88875
51140
52004
90301
25377
20041
67445
14795
72775
87915
76717
32223
2402
93166
66408
35223
72628
40509
53150
20311
22486
62628
90518
24631
85241
7058
3221
99268
39431
90003
79282
55623
52809
70808
35326
83266
3532
66384
54695
72515
70064
82917
99363
82519
11652
61842
90478
99062
58228
84229
16042
20245
97895
5964
41840
86926
89517
73019
66016
76579
11207
93883
99271
94528
42
47898
7296
12015
64053
23519
75726
73478
23714
32675
94004
20145
53130
60734
87298
68245
199
70953
43344
19367
71892
11617
40059
77517
10913
11443
7164
55684
71243
19465
27671
62846
77981
42994
7230
3244
16597
90759
43461
52433
1413
52984
58043
47490
7138
10516
76934
26665
25291
29175
80328
8071
9069
12327
63657
17664
78980
22136
34799
79656
25537
25171
46367
57576
83315
83528
41634
33455
38974
97064
45719
91430
47151
49454
53988
59780
57846
37421
24022
67211
24468
10253
88693
47357
87456
34092
35518
46903
96276
7381
24921
87441
90922
89895
38121
81305
48921
13278
89766
16056
3914
9982
61531
50752
83815
12438
58472
29020
38375
91550
87330
37434
63121
71282
50926
17132
4170
16611
85414
13117
99034
78740
41851
34788
87118
38314
7283
11506
91532
4045
28892
10694
62530
39751
54485
27704
70557
1993
4468
27979
86521
97446
86689
26471
71833
17272
71874
86727
34599
36631
91023
23444
99913
79543
11384
45849
6587
89490
26870
73116
58392
14775
1347
23067
67274
41698
48029
93465
42951
80311
21035
9709
4849
55546
25988
52598
80821
84136
25318
30293
83909
51642
53015
56447
60864
44270
30641
38012
5256
66592
92271
8947
1127
94706
95870
74088
37014
12563
47196
30088
1878
11482
3470
1080
54619
31783
51205
74085
36704
16746
61247
73387
11761
80088
40894
99408
13687
23977
66342
32477
11556
58299
75785
92572
97093
90300
69391
30506
79419
95925
6074
40470
76657
44541
26073
6041
44052
99002
13346
80334
76334
93832
84614
28557
57957
51804
60055
65721
4588
88621
22499
14254
70341
8284
67897
13081
36734
94034
59206
95899
93892
92802
99351
94813
18831
24676
92012
84684
40213
8999
16812
81150
71870
52959
44678
24968
51735
82599
20135
21237
65416
87534
26452
10214
2533
45450
18925
55245
26724
31224
30390
53266
94738
3827
80646
64841
86238
23209
39409
59340
91073
88229
62430
30994
77074
15495
42379
26068
68503
22099
71222
71578
94132
11840
61530
42513
25706
46891
86977
78411
36583
22736
37424
97942
28529
41123
13367
63046
47791
96643
24242
21865
1385
65377
75306
46134
49486
9021
73994
24570
77202
10743
74657
99091
28964
37941
19691
66373
72851
42983
60091
6010
45159
71481
66211
31214
7138
19405
18509
66635
34801
74038
77856
55175
75049
23266
45106
77888
18164
99814
54289
30901
75945
51564
40941
82009
8349
89207
95039
29263
29844
3524
78684
90324
75952
90071
9862
93431
12603
84713
33953
83123
35413
40201
94724
61872
22927
14583
34379
92640
65133
21664
58593
83208
83040
10433
85442
27437
24784
37097
60898
10700
19839
23769
58892
43243
21134
12847
81364
76457
17223
10957
56979
67727
37516
5526
18427
5164
58953
22954
22954
92023
47666
48226
45520
26218
54670
14098
93311
89508
53063
32414
13075
54999
23018
49741
52291
63426
60613
24661
41434
14836
95196
90831
40048
73547
79238
62839
53032
62221
25385
98016
22872
25634
87854
7282
1597
9011
75662
45024
99945
79418
92656
63451
16688
52066
73835
41058
75388
43620
26173
72292
60725
77266
77019
57484
67619
74180
58251
67402
21792
90537
64552
73823
63188
98900
48507
30256
23813
25869
30431
97014
83109
39285
24780
5602
96536
35448
57269
43618
80516
12188
25834
21113
18895
28199
99378
18687
80169
41745
50830
81745
33992
19828
63100
30749
53347
56227
72023
39034
30407
21239
9613
97054
94336
48433
43803
33268
20882
89767
42004
2892
21802
29372
86945
34553
72168
73460
14222
73491
52992
8124
7549
75714
89928
43462
48173
67848
11401
68280
61186
52369
40245
55627
2706
90620
15807
85053
79652
77040
73911
58474
13143
12176
71260
26855
70140
20605
8630
81921
39929
3956
14729
52694
62563
40275
94625
65330
73743
73664
16067
85580
72251
7694
99796
56287
46263
59781
444
12774
2451
73622
1483
12845
21852
36169
70297
75231
97298
96412
93982
8515
9034
75825
89334
70937
11358
44847
33878
26291
2889
69850
12920
28026
17639
67281
50552
12110
64976
85933
833
91008
53234
16042
92782
65395
83070
4125
54037
62553
4048
36596
20948
88995
62021
24233
93715
41246
64180
9547
16299
4147
72969
87667
68589
75080
73049
16585
50802
41122
16218
65541
86937
97126
10579
19108
53940
25915
9317
24528
70843
88468
79861
38867
95415
15920
18633
39561
44389
19238
1284
64256
93448
13979
90501
35415
82709
92203
82897
30677
7238
21496
84202
15963
5483
16090
57939
60379
31845
7547
26456
92530
91296
41402
1746
15592
66763
6226
79599
78641
33968
13393
1713
14141
58109
29756
65922
55082
89228
78368
34249
43731
14041
85618
92631
38111
28790
2568
52079
48078
19851
3826
30153
60899
3527
26570
55234
84409
26011
19123
18226
15651
57763
61940
49323
41423
18933
84089
44814
72264
94824
46079
69810
43424
22868
59305
65139
61863
91566
56400
98017
22869
66008
48195
86197
54173
9705
8565
10773
9792
27808
61494
12427
15664
91483
73518
15594
584
38175
89814
88906
37724
54449
92869
12653
30451
16621
67312
92663
11673
10458
81379
18844
34247
47338
76037
67721
10067
31777
93162
57596
60189
11799
68500
37130
157
52541
62040
1618
95583
18338
5579
44796
16243
81430
11054
85037
22336
58503
25035
86212
24889
77948
21346
96599
84734
35081
75606
14561
93647
35013
31263
33420
78188
10202
63692
11226
1461
44946
11091
48565
51987
22283
47872
2045
22379
97383
75596
53610
99513
62481
54598
69639
33510
80861
56076
98330
77276
98031
9915
28929
77021
99029
95946
3206
1081
3532
93763
56426
16962
62511
17048
51544
54625
13763
35639
77567
71251
69201
24052
34456
98052
33358
71277
11368
76228
82459
63750
54506
46852
2548
57350
59257
40931
41602
22012
50616
20305
37034
32903
44012
89676
12113
75275
87201
97463
85730
70869
73910
80888
77443
16068
74817
1562
61791
69240
58999
77202
31949
73591
8569
97397
81328
1857
95585
78175
58631
94851
46621
23995
55297
46580
79326
25005
547
72768
94815
82504
76223
84165
77546
97908
19757
26479
2876
34395
775
85416
52653
62314
23815
19829
78189
10903
48162
12382
8929
10812
45786
81078
98812
34601
76066
89776
56795
25255
27027
32487
63926
87889
36302
76103
897
52589
81423
31480
24470
73976
78009
73476
2626
51994
26375
91061
65171
32496
18233
95854
42712
53463
92938
40409
67299
93327
68322
33720
71611
53525
2470
53347
34137
54278
84348
77486
34228
17954
30893
80357
29708
57013
27325
72478
20075
11591
19121
45505
58757
89250
55740
17979
4113
43238
71377
98348
34818
71139
84818
60779
80582
91514
30078
90161
84990
40521
47445
75893
48608
22622
57342
41754
80640
57991
52981
34492
13471
96257
37768
74282
52989
86898
35617
5419
50535
58660
91161
29519
29387
39186
46583
1876
42147
50358
82116
22913
87885
77348
48111
89355
51144
29046
21514
82586
51872
76245
95920
11359
62102
72142
69540
4081
69027
61277
77321
65359
77245
98805
85453
50636
310
31380
89412
61711
20878
65159
18435
10672
44927
9054
55361
44329
17486
94035
28836
86045
63900
44644
72306
97626
63743
37955
87928
92478
42266
15387
81582
61314
36032
92047
86150
14346
33650
77071
85878
27981
82160
20880
31986
79416
37989
81381
2783
3818
63551
68847
82810
39291
85578
89375
18028
71342
19398
26511
50744
29045
14167
8800
65521
92176
83175
34182
79548
68693
20867
75948
3890
67218
96861
98967
61504
67967
79439
68512
56483
9472
22151
46588
27427
56736
61165
27064
91570
62962
7401
64306
77438
99296
56739
10408
36544
92539
38984
892
37336
73184
28742
41179
57947
32419
44922
70439
20106
27506
44844
29377
77619
53997
58955
45555
80735
53929
81647
6692
42928
53177
17575
14487
43303
6956
20986
72185
29787
63344
9199
89310
70971
52405
33211
88259
85920
82138
12144
77785
44718
60291
59364
42387
26166
76014
15937
88552
42307
96314
39202
69955
67649
1567
87629
6914
27138
9527
8289
31585
9873
69082
9619
40525
45969
27753
84566
26029
97625
353
8286
59663
94914
96467
12621
11917
6662
27213
73290
73113
31017
84714
61872
53369
7645
59580
67516
36939
98013
87357
15884
34792
73107
30738
70389
93725
68793
78942
72077
97348
27714
823
48846
79706
44185
28860
24343
48644
90535
35705
10450
31536
5927
2420
70848
22091
65069
41511
41513
92871
41174
90047
15697
32693
36455
21592
19011
57193
10153
34027
47099
83831
76841
83866
21755
59755
52637
69306
86985
76972
76527
8746
37213
69071
46568
15130
51725
53182
99104
23047
13502
92758
71347
40668
86345
12020
765
91155
97586
17117
4896
43184
42216
40889
11428
23751
77378
65388
35849
23419
38077
748
54077
78427
19164
39625
68875
69780
22644
21331
63254
20624
76589
2354
65133
89956
94286
88379
36399
80762
23622
62039
55976
48357
61944
39143
15348
66125
86816
8234
36603
93326
82497
87335
6787
90340
94696
35161
52884
14598
33132
70770
14091
86647
91715
80407
40236
41875
94589
29390
55321
63263
10177
73922
98522
61924
199
22018
38317
18097
60860
19357
21111
90807
39965
36688
2477
83173
60158
90228
32629
24685
49280
61846
19324
44040
44671
95369
74075
42019
98838
17636
6705
13095
93608
30975
64205
59848
9668
30389
59716
8201
13761
40117
87092
2729
41485
53330
95764
55803
68199
94713
38415
70540
44477
38489
46495
4677
50038
15192
75800
185
1160
83155
74359
56349
77819
17586
74898
75967
89330
17938
71089
76557
37019
32270
68311
45431
18546
3265
73177
6738
72978
1039
47183
69373
84394
44201
29499
54902
87825
9851
1931
86734
96896
67636
54079
55781
67677
43052
92090
69111
12752
10003
91289
5596
32578
19970
87432
97147
27300
30836
37341
25170
63291
33777
89644
51445
58897
38303
43316
57082
60751
67058
44460
38898
221
38963
43518
77924
74629
60395
39104
18534
4730
99055
17673
34360
39097
92065
58771
73496
2140
64469
85663
23176
20971
12177
77868
41731
81308
37812
72505
93
45281
6031
70577
48784
22091
40834
55062
91029
44320
53756
65227
79231
7379
91454
86660
19371
52483
84119
71734
11466
79973
72224
44113
83855
95445
6737
47653
93523
98920
6734
89521
38719
85664
47265
68516
78215
12444
62133
2155
12530
34706
68718
54640
96006
10672
41375
12833
59373
84053
35247
13052
80654
16593
84506
18130
68392
52479
46955
71758
47352
51106
16290
8332
81835
72599
6414
17468
53161
19579
92251
30761
89904
13281
95436
79805
87423
3519
1530
74950
39126
59528
98791
21075
88330
1413
26770
3316
31831
37092
48652
19350
90613
85029
65749
83895
49851
60692
98910
42266
55005
74729
34703
5055
38292
8256
65791
21785
89222
7259
97812
35176
45110
36891
29647
49679
24233
94969
82238
5353
29642
96241
54498
1796
32795
63477
21033
60811
92766
22551
10928
21160
50403
86789
807
62162
69087
41849
92508
6449
34111
58793
84528
9167
26953
21510
27691
30421
44580
91550
33595
33882
40069
39545
52790
97472
82331
92699
96114
3617
32502
62657
86214
29464
55110
16753
80145
20624
95035
86184
38334
61312
58387
81556
25956
90336
20135
16991
15913
1713
55580
19093
74490
13128
30072
80531
63505
37201
56600
17892
53233
36625
18892
18183
70878
90367
67277
16904
82498
73343
45746
48830
33760
29851
35435
3320
58626
22666
15785
53571
17542
85156
44404
64083
47961
40238
86148
74568
12863
38370
70478
83417
6390
18613
52741
4037
59621
45754
68489
96989
78181
26676
20966
55475
93781
41530
65778
37527
58688
5853
95269
44662
36417
62979
34965
79604
99183
15505
84913
57923
86143
87847
34633
61543
85665
94562
8708
89491
69617
33019
19327
12316
79262
32093
31043
88742
63080
62803
18084
37454
89152
57315
67484
74865
25160
55570
59538
26771
61826
40038
77472
99725
38677
73497
10140
47138
73781
71427
98687
69936
9325
24544
28777
7392
74327
93775
5607
42061
20934
6683
41142
40416
23693
130
94556
2721
26939
64983
69757
89743
25149
42393
34934
54747
3982
68210
22825
35308
15646
43304
76563
9232
15221
82404
90185
18806
871
72930
22763
10821
191
12553
62754
35499
67575
83308
76317
93438
54537
80111
17891
638
80788
35137
89801
19604
69609
18821
21064
97874
26636
25123
43436
15251
63240
45693
81108
64850
10482
25754
46077
37926
33698
76995
81776
96798
8721
69873
37272
92652
73172
17820
28575
75914
12365
93906
69863
77890
94769
17336
94523
47265
75400
24741
39361
24616
42494
38856
75007
96626
80059
76245
34308
33223
8484
32175
35295
62356
16536
91257
96301
556
33546
24971
55677
92345
71990
17236
71793
76174
47536
28267
52949
77244
36707
82538
61121
69738
25255
76761
6578
69395
53519
85437
7220
14909
69649
82973
36710
7776
75743
68192
76822
181
99993
84095
92453
5143
53022
47447
9580
29082
10657
98129
59619
62491
75761
78316
92286
28119
25858
49436
87552
3411
64647
33745
75043
44665
20424
826
76750
41193
79252
95566
99136
93642
41850
73802
56756
97887
12785
3618
28263
51899
11588
98509
33117
18650
35442
97661
86033
32465
34947
97833
64426
71550
6258
35204
30593
3679
21991
61419
57664
75135
58791
98541
82009
36753
78500
76147
35710
16152
11429
19161
63632
69602
83754
50314
94068
77143
98666
69793
42159
95840
62200
73514
41643
61000
80097
97193
90774
41982
48889
85577
13381
8274
64286
2943
39750
26304
37785
20653
36555
71928
57038
31128
46232
35148
77891
13208
82351
75287
75076
89025
13742
65569
6152
99424
6842
23021
40885
47233
63334
71788
74752
91300
76728
49485
99588
99458
94817
1662
774
67266
81373
30505
29129
20419
91308
34777
15042
85763
63572
17851
56668
66604
4742
95428
76191
20418
98804
35873
2386
33490
31274
6580
56114
69826
1902
60814
40540
17115
98602
10179
46837
35416
92742
54882
22946
83699
57037
47185
82976
99807
46653
15397
6631
2124
52825
11067
84968
86418
49799
14059
69883
36605
69126
43794
95747
19834
46740
54239
77224
70251
96388
49737
47702
87320
32294
63632
32184
25651
5758
80203
63249
70248
11204
65792
45475
35442
88500
4284
21980
72779
13687
25335
30079
5201
53474
33266
93801
10318
61316
82427
27755
11425
71584
72881
14529
8007
70575
82517
57536
43021
50917
54934
42086
723
698
69970
33154
67001
38347
23363
38345
24491
76614
94761
5161
97764
71359
43299
29527
28265
18996
46809
70312
31786
17654
94407
16912
14408
29294
49186
88267
64556
42778
71414
68002
3206
50573
33355
98432
47820
26578
36234
87870
64637
66510
64751
71410
8172
8563
82728
12865
28989
51553
46251
53080
19719
83006
38489
84816
72362
98603
21862
86983
85331
96761
94141
47501
33772
88516
90994
17982
68134
4428
3707
74306
57046
74725
16919
91582
15734
89193
2232
49747
25548
54891
85929
88776
74663
46845
47418
58164
3046
22206
9734
41802
48857
56821
39680
72584
29947
74864
33353
60426
36785
99055
12845
3619
83966
48056
38594
10331
56720
34283
57224
34630
95739
46127
97427
84571
65846
90132
37583
71510
32890
73013
97757
1080
57181
28032
30585
52557
65827
38923
72362
31230
93162
4762
82780
8610
65307
91438
66753
14594
26278
65302
46169
49077
84422
76442
1034
9299
46357
10262
28877
94762
80743
39095
35568
61905
28298
33609
30630
94568
79312
44939
69168
34561
69443
44716
2668
37941
85083
39199
25638
54081
76549
87228
87015
2661
96472
28139
16291
55107
68660
78785
35314
52288
45808
43901
4520
38470
22793
56156
66847
68568
30670
54535
82596
29682
27129
23697
15522
3469
93694
78687
50230
96192
23919
40556
71204
68819
66684
21257
99437
71784
98764
96536
64693
65327
68213
86419
73295
82235
70587
17260
33333
89249
81133
88302
17356
63739
4655
45043
6722
19068
2056
50585
14305
59110
49227
72815
93750
66304
6905
14995
27781
83999
44064
81190
70058
12143
9092
10150
92115
94683
66290
90408
79286
28022
43029
8040
1854
36781
31599
17938
99018
85372
46440
17062
49099
12500
47415
25166
2168
20158
37212
78103
9059
43847
23539
74555
49280
6657
42187
55120
91228
65751
41790
50367
48924
33073
75845
37511
59038
82366
15755
49404
35984
58036
66524
25912
63242
91091
5322
20694
80355
20667
93886
68627
74437
10617
10310
93149
9530
57367
25397
41487
62316
13376
47781
47411
32211
35251
18716
15712
81519
56228
73967
15810
74813
98817
29772
15881
51562
28398
77527
10456
618
69033
89624
34440
88319
58470
22799
67344
22719
82745
16229
71675
58329
19168
75055
87157
41212
27815
40471
29345
94082
19398
65800
65352
91045
75400
51309
1842
59272
62165
67084
30528
34635
19947
65371
49414
63542
25978
51909
50515
77906
45127
91481
94369
62002
3769
69268
72639
76867
90718
16073
61254
60219
49272
44088
12358
34503
60409
96039
7399
92463
50348
5941
10099
62597
86869
91374
92136
42539
20510
19211
71305
88506
11202
43300
90544
69864
22282
98081
89659
79981
32990
77015
15778
96750
85407
35028
52426
95393
11368
69579
65902
29455
29085
79418
99306
47343
4698
54938
97566
22151
10833
93055
3899
78867
7887
41168
75547
82597
18525
21195
81159
76059
57856
50639
13488
96727
44125
77107
24944
79610
70178
82963
33892
22309
25529
29105
91996
44605
90826
5945
4005
68199
66280
90180
61955
39315
76997
22449
4801
42146
99509
99034
76263
5149
25141
4636
39956
8442
41802
90636
66485
18402
1841
82485
34224
90814
45568
89914
7235
39475
59079
94712
26188
16937
81544
30393
62203
46647
85098
66463
89028
31880
47707
8330
24676
36419
17578
64736
83939
54876
13452
25685
30597
85321
86519
87100
69311
7953
62915
95887
96619
74906
97197
17440
20416
10074
74536
91361
29152
28573
76354
67281
88382
16393
29461
88950
59101
35893
50941
57669
11520
34707
92459
83551
77837
98890
7064
42152
9212
79660
62594
81657
47399
50169
97820
36502
4938
91905
40366
21347
62569
30692
8520
12523
25135
72350
14350
31969
87930
96141
41594
36938
32370
35646
36807
5268
67232
93592
21960
91154
67098
51294
92304
97096
8714
58112
14266
26572
34843
54248
48442
12054
86870
70638
31071
99996
94506
86385
38533
41868
9405
17855
39450
29353
53808
58427
70727
19128
87025
99566
33138
48754
90132
98762
18539
12817
41237
97536
77629
68706
74553
75358
26149
40498
24557
55557
43413
75186
43454
66743
73334
87152
7937
67076
53195
33945
84916
99132
74717
8273
89347
92515
13118
37243
98162
44773
88283
44257
70837
38720
2198
61148
77962
12364
85339
88631
72367
1319
7685
57272
42615
6085
67448
72197
92614
86051
16209
95106
8793
73573
24400
30843
25822
14264
55301
63843
79965
18758
82724
26424
59359
53672
90862
8118
60507
66883
90851
50059
69492
67254
47830
24160
13319
74701
48407
144
93508
41573
78739
78825
95889
47389
99521
82275
67386
70407
56305
40975
77779
41188
37371
10690
91105
54760
26704
3302
89377
45758
88707
61467
95132
42604
43434
50394
25157
48860
33920
42133
63294
98124
94348
12061
99277
59781
51754
69591
200
2552
77539
20077
32165
36876
68479
48692
772
72982
68901
46159
45228
23117
66247
48896
95991
24895
78659
29981
35621
98249
50313
39303
84958
66498
53813
22821
88146
1046
50214
67129
59741
40491
24094
48850
63800
93439
26430
99407
3630
41299
22145
36001
39271
81968
71972
27719
28100
29528
19535
99446
71590
89540
33501
93221
14750
78750
89921
74834
11808
91185
7313
46248
74522
19347
4855
28949
26198
91348
83722
45380
40938
99853
71992
18627
58198
85746
19119
35907
62053
70230
61966
36740
4843
89932
75492
16387
13469
96829
82582
3494
68331
55827
76031
79025
40821
20648
86404
57146
99201
59988
79070
72236
81099
15613
95061
40321
1152
30433
35170
91745
64120
28398
55336
50439
69805
91300
12327
14408
30749
18516
58237
61291
44582
40075
7984
37038
31916
20352
62912
40588
27959
33980
65802
64926
85423
67822
9237
3876
4085
54041
66564
8292
90831
79800
65606
22800
94142
93228
73941
68307
81603
45296
12927
22597
5187
34524
74441
77333
40819
45578
49592
42876
92926
85033
49608
90420
15512
72592
9526
19730
45492
65270
65566
1730
35616
71389
32678
83580
20381
72337
41661
69404
13287
72551
60375
12060
21895
90946
17253
22371
74433
14454
55962
29296
22934
41306
61975
8289
61403
75548
40828
34893
48445
21946
21488
61625
7075
43689
58102
98865
17945
45145
88070
59077
13792
94215
17423
72549
10266
91843
87161
68773
5586
67347
77839
80339
12412
41617
15119
51109
69323
5542
31880
76240
2142
57968
93356
59887
7356
78864
29950
71251
14538
82900
90447
88847
84804
76391
28198
78321
24082
34141
32847
80764
38185
68947
6923
58452
97608
51464
54455
15969
29254
44627
66917
6021
59633
11844
1239
74236
80314
64523
2267
81179
31279
87567
39612
48031
33379
83680
97154
96544
59715
25058
64915
83675
71597
35392
97963
3015
34603
53216
18133
70887
78378
19184
47907
57276
95580
94869
73477
8140
57384
12364
29700
45433
14650
9771
98697
4923
37254
30609
97426
84202
285
11255
14821
34765
34537
61339
83680
83115
75045
12731
16793
22837
66965
33359
25989
79136
35018
67566
87840
36920
45723
72862
61473
48209
30258
16397
38327
39355
82248
66403
80
79190
51360
27816
56867
12099
32263
4943
67562
4372
10286
14985
97615
74130
84928
89984
99834
81661
88243
77592
99685
61889
2819
20615
35390
37119
3934
5725
98627
31968
77404
20487
33747
60260
9932
49813
56509
24375
47091
89636
61977
25045
36724
89929
93388
73575
17139
3941
82949
86305
69064
9247
35017
8029
40573
51653
54844
57403
9
99395
31820
47747
75642
10847
86287
567
93905
72877
65096
58119
79017
61718
27659
90937
47453
73713
27990
76491
93440
89063
33807
14073
51214
52092
78702
50237
42709
97842
40456
22025
34825
35253
23570
48553
76503
55763
12962
20776
77292
93073
54141
44499
77843
53897
76700
95419
90048
67702
42389
59594
95258
74871
98508
95859
36745
70400
32834
24436
87636
34456
46705
67126
79977
47354
15577
2922
87620
64193
56378
51542
96800
68437
75708
19604
7156
41789
60560
94871
70654
31091
18903
40771
8775
66107
22144
94576
50404
65716
32806
60712
5179
10231
3580
32272
60748
3417
19174
77422
92406
26143
91543
56573
75611
69058
28053
42917
87192
48529
84229
41505
87980
99861
77356
93813
1714
95827
51713
86060
12454
33861
68600
32066
46022
48471
16455
89341
43208
33921
23989
97149
41962
3291
43025
26794
8401
72944
12051
40632
41458
64712
85832
2463
29782
75311
9584
32488
89393
57668
47135
42474
34278
32548
70610
57332
70306
8850
40600
96356
91037
59483
17806
34746
21191
73024
83727
77816
16749
18505
6743
64441
24688
21983
89016
43161
67845
42839
9692
78116
57194
40751
14846
78152
36745
88831
8509
19509
60268
17948
78095
12939
55816
4152
29122
22648
68025
70687
25509
30282
64511
98477
31702
26762
47944
32842
76678
78477
37621
29906
54587
96360
23371
75809
33381
29371
18636
78633
36148
6783
94250
91167
99261
57055
6127
75483
98710
78335
83621
10634
13494
52863
90928
75961
91264
15399
13475
99035
87274
10283
79448
99491
49679
34400
15193
51325
82418
37576
46598
31883
2875
95763
41279
43907
93447
70741
75532
22903
50832
25592
42900
91167
87083
16593
44800
67672
84913
32030
6553
70360
78338
88946
8741
89595
76244
40628
86433
4385
10762
37765
96397
82318
80583
94959
23508
71387
65813
63931
70516
86974
99608
48011
4602
53698
74459
92620
10315
40495
73452
48974
92662
45372
22202
4819
52376
93644
5301
15100
69203
33477
72870
41220
25302
439
6287
1776
14290
48387
47484
9492
85717
56549
60792
25645
55644
18926
94714
44599
53927
54906
54528
94266
99053
22080
49857
5057
75044
81082
98215
32561
56284
97754
92581
23201
62970
12802
72152
43898
25501
34720
13054
33062
21365
76598
35952
43529
88826
46485
73335
44966
73882
25131
21980
47621
25572
51854
74615
90089
31134
94176
68661
48580
39172
72739
60735
72145
12126
88086
88222
63166
19737
64374
30302
53950
13948
72699
74386
55964
90885
61019
5806
88539
3625
42094
69271
82382
83860
11309
27468
99415
729
69913
84722
75546
87537
65463
34345
31271
1267
94868
40200
2615
72719
22775
3431
14942
29315
47019
94809
95593
9036
35008
33474
20937
95511
42658
37802
76275
75053
59716
28946
1878
27987
42125
50020
88527
74594
20769
14726
47853
70545
25984
14571
12381
57893
32144
4156
50875
2100
74720
12048
34554
17944
14246
38494
79677
62328
21192
45822
52488
41703
60742
85776
93759
59238
72959
59262
37094
62824
43670
50472
40791
9679
74310
7220
20717
73343
10900
86083
2271
82366
4991
6258
97308
17759
32236
56315
76224
49307
62623
36718
24369
60467
73162
60390
92145
4079
74774
91826
53334
35514
73358
16143
7747
75311
95353
98713
51959
49805
4403
76961
82190
15320
71102
45376
61480
79911
81977
90472
53219
29399
90039
11370
69879
43893
97447
94490
63902
76963
63804
18296
46678
23264
90662
56984
98386
24884
79248
63278
2193
95624
5199
22539
16679
63346
12695
370
16261
71118
64099
60309
59786
82253
82512
61571
13285
76747
34390
58815
3617
77904
16262
53053
23579
49988
6893
55269
56919
68434
90335
26820
54650
70812
13204
40917
98904
74464
87447
61847
3541
89570
26274
57545
3214
96901
22548
88066
5392
94442
62600
87162
49658
16504
44953
72910
84009
40630
6972
41599
92642
26377
72378
4701
34834
41409
53760
79632
7519
87887
85291
50892
30722
62137
7961
93713
51729
59390
37042
88848
17204
21414
47629
94433
87014
3497
23161
28821
71131
96582
53022
17331
28141
98970
97162
9061
71920
30273
64304
98218
12681
81153
48694
82864
68285
28146
90352
11056
76017
34869
69416
34257
74288
83636
4100
6104
83973
16135
46195
23327
5869
43401
98641
88146
33633
14329
14859
64730
63686
94039
91852
14488
98582
19100
91880
79980
68339
53546
80298
51392
6340
23364
41271
53279
41389
88168
6335
69197
87978
97995
19662
93636
93975
11438
66171
72327
43181
72064
19625
54911
15528
88105
83670
85692
4035
16945
95350
10725
56214
51170
11804
60546
21674
21444
55696
83591
77944
77029
32343
32705
24455
1405
69564
585
83148
21030
84951
52341
68939
88061
81457
67033
47284
28795
40808
80347
78728
69246
58528
22891
66408
77647
84995
8415
60800
7306
5741
74836
97522
93772
34223
62386
66418
54403
87963
83759
86074
89031
82239
26253
15982
60417
61368
46818
13042
64420
98358
57336
51781
10575
29353
7258
80600
65449
83072
8398
55805
26800
98024
77711
64593
67936
16550
64621
25773
3
30341
34782
51975
6347
91888
45533
5311
26381
55807
277
32219
41240
16372
37005
99333
85449
11494
36269
93030
85762
93880
47773
26718
19527
90573
3143
78407
62632
87771
62442
99288
9461
63136
21004
4040
40916
72510
50878
86647
69931
38406
22268
825
220
69491
76786
8179
86169
92508
63584
71205
69115
32605
66545
98128
38995
64213
23845
86708
82667
56380
53583
67805
69802
58348
46184
76975
94907
51688
18553
84605
26400
80225
33133
92755
50146
94659
78545
29514
66923
25038
72372
32012
60888
56199
8809
36286
2518
43314
88229
54252
44080
18474
64365
33631
73354
69289
73192
70332
73802
58867
91266
25826
99414
95049
99757
23879
954
76128
72100
36990
75588
49421
82035
24902
89723
30556
82581
51496
37547
82047
37485
25517
35091
68332
4639
43898
46194
17407
11302
93654
31655
88202
89398
5952
67179
49758
55022
26919
54448
60043
33704
64395
13195
59283
33035
93144
88662
69253
20772
84433
6637
4054
15438
86434
60176
63833
87057
73287
2569
82314
37754
18322
40246
56656
18121
24259
91652
75516
53012
67363
41647
43444
64521
81934
64715
68093
82171
36262
80613
756
25237
23917
41006
86094
91166
15351
24933
5767
90364
21900
58107
96819
51976
52414
43926
4780
9208
19042
6675
10027
8905
98202
2890
15460
41283
35238
21432
48998
17214
50060
85935
71017
87234
8561
69696
92410
47792
81137
37918
33145
34372
7748
5183
18645
14520
68305
55016
233
87789
48993
62332
14237
42965
15458
71467
64038
13901
28638
11152
5480
41270
35303
99954
38548
30506
65396
20073
75009
61367
63604
76586
53805
70970
34314
23185
15319
83616
33720
11778
43254
9545
16850
33022
85461
9989
65109
59803
65540
55361
33607
8780
34619
68289
14936
86531
61597
2990
28790
34401
62802
26434
91119
75750
58196
7244
16912
86772
23777
744
60083
58010
51711
55673
1006
98793
66862
38547
27871
53603
18387
16883
14294
74303
85575
41781
46088
58887
71717
47193
13165
8301
68965
87295
88494
34155
35569
90848
17483
95457
66511
25133
37869
25076
69170
81942
21885
32475
40814
40530
40626
69058
79805
22294
87559
66528
87743
94686
69462
96884
32782
46113
29586
42369
24564
15485
43929
77966
37992
66979
36333
14089
62404
27041
39310
8886
30855
99176
77893
11869
99705
37161
22417
38968
18182
32384
18369
36168
67522
96665
10060
81809
21703
46597
96873
97294
26587
40722
65496
57587
99274
24389
54120
32747
99040
58316
51142
86623
3770
10394
79795
18408
88770
33874
73692
66546
68770
24654
73201
34671
36100
2883
64860
37734
37252
67807
34958
77664
44456
96231
8287
602
53087
18708
8333
12138
87689
45637
13439
23395
39492
4924
86070
40461
88016
87824
63480
26283
96570
17798
54238
8268
84706
97280
25679
68662
87655
63266
21056
25264
8567
57021
62240
31682
7558
67180
48569
8909
17719
61490
53735
61328
6468
30932
50923
60199
56349
63938
40992
91129
90008
9031
11445
78812
34627
46771
31843
48343
369
75321
81344
71212
12213
17506
81460
63276
93414
23897
63076
31416
96105
36351
58797
32004
76769
71589
87465
54105
47653
26652
89226
59102
40657
71618
6178
53585
39118
51494
82036
7179
15099
97983
22048
9019
43595
56613
60077
17284
74952
83372
77872
57929
96295
35769
65562
61838
64960
58162
78511
16477
12981
72615
44682
28218
83937
9232
67244
52505
35532
5152
95385
65270
97959
31913
5554
40188
14571
32440
93052
22886
12585
47217
6825
45710
16326
30313
89740
84843
71270
49443
1429
87947
47408
11055
53224
97882
52860
15573
96827
21223
62209
11187
38253
65664
37115
94997
52178
61396
95555
48108
38081
91141
2627
46455
31806
9560
41727
78388
89421
47538
1762
51833
31345
82424
71915
3757
45775
93024
52311
76806
67876
84737
24872
65151
86098
4599
48978
44987
53101
64845
68457
41720
5223
59414
70079
85507
25177
30347
41513
23908
12630
13041
5369
16630
40624
95725
1027
98707
60496
5665
92719
99151
20276
2107
62823
46898
39767
81514
69077
39648
13911
25093
81855
48629
48846
72142
27965
59614
2253
95705
2882
5292
10500
28510
91641
7734
22080
52653
889
32389
93909
56419
13529
59521
76595
98216
23756
13107
88788
74845
1310
63041
47460
82491
11176
57392
32636
84163
13152
42804
99709
26183
12924
36920
1996
17033
29628
16639
1686
3763
15973
26671
37369
85158
66383
11208
30748
80599
72646
20387
35551
23703
48669
21232
60498
67522
3168
6345
49236
96054
72911
91747
76784
95949
62629
51326
78223
5053
97528
64531
66764
98006
8003
23815
95693
26839
73591
88100
93185
16037
25337
23891
95827
46401
57028
3059
30912
18104
83040
75606
39351
55338
84244
1743
65266
21269
18840
54680
49255
87482
9775
77380
73269
22152
65595
84161
25816
37697
29579
19497
92499
45270
52458
43797
6831
95624
54996
41283
40711
58949
59978
91420
81284
32310
88889
4253
77348
98154
15233
49733
50056
13221
35520
37648
14615
11768
67197
68833
23698
92411
73770
34035
32649
32952
2898
75260
91689
78209
12118
97248
4797
83449
72092
70859
48427
66430
84079
91704
94339
59435
93153
22171
63854
57922
56405
14814
26892
56220
16848
50365
90250
54360
89334
9741
5051
28947
2067
45230
58971
40669
26752
76896
26469
58411
74934
15795
16894
47040
68012
91497
77548
7888
82548
4481
8657
49266
5460
52932
24259
41438
37713
62185
81863
19734
70694
41219
7763
41193
60023
52471
51692
51421
57984
97170
9269
56250
86035
98112
27425
47734
34903
15720
15710
50826
46728
43552
58987
76456
21631
43892
10211
78239
97088
33903
84395
44236
45928
14935
90311
81750
46131
48033
27243
72736
10376
23037
52778
15040
