85013
82372
5349
12790
74262
76245
4213
61203
84391
45587
60765
27204
79541
91489
97139
71468
30572
20368
41457
26585
64865
31455
15197
33488
19140
78051
73724
4515
82280
52196
53354
7687
41297
79253
3225
96413
30450
27292
34194
43077
72886
86269
5254
46159
68469
12365
74859
14750
35400
50812
62964
84089
82982
68498
99129
66748
34548
43362
33749
60141
17267
19457
68988
84868
42481
86668
17178
2916
89924
98968
75143
5070
92586
12028
85039
7615
70291
83178
36430
6724
49949
49868
71120
63883
31544
7434
54758
68327
66801
16065
30100
59776
87919
61570
91605
96844
88202
86470
19410
97508
4615
77322
42855
77013
65372
10724
48384
76659
69812
66301
16575
83963
44887
21926
22834
57721
11859
6401
80138
43205
7779
8128
16585
94601
33585
32926
89322
95614
69920
99570
8840
52670
38359
21195
63459
50722
10133
80682
43402
52293
46402
64081
21657
43006
33068
51109
70334
67642
59344
6418
68908
80532
82415
62636
16535
38941
94560
5371
70097
53676
73882
17376
25143
92935
97470
84349
17170
57656
27927
29929
27309
85597
21733
55110
35002
7588
15650
91029
45331
4490
11358
4982
45471
54996
47052
26769
86872
69519
35790
6660
35966
20550
26894
43513
91123
76305
29671
30334
69398
80749
64202
78708
14254
86055
59162
51443
28762
17388
52932
73366
81307
13437
31018
73317
71156
34156
8316
49849
1790
41493
63186
38411
42055
70826
8607
39926
23648
30926
27914
68928
67065
69074
90357
33725
93004
70419
28468
40949
17616
25808
91027
64620
80687
86441
48808
48986
35073
79531
19057
49933
7389
81401
19351
29195
16714
12624
76272
9787
70093
27677
95663
73736
51149
73912
74930
29976
39235
33632
52942
30991
86777
62782
15092
75899
92650
44691
50344
27557
24690
78984
79138
61243
14770
95893
24278
28117
30927
12361
25243
69791
54754
28035
78429
59686
70357
70997
42241
93884
362
4622
34986
30397
73006
31213
11929
16631
10516
60651
34129
97402
45126
3025
21092
12820
33082
3568
64653
29258
75030
70189
20323
30100
88767
78680
20917
92104
71536
87672
81501
61190
32202
35897
81579
43064
23641
73646
36375
3168
90432
30031
87205
32242
13631
84882
51137
35867
49879
10433
9789
96352
16898
28035
44754
7387
37576
48059
45685
72308
49315
74002
60825
48498
81715
72343
24853
23521
17146
56943
86494
3055
88756
64813
84725
19148
51068
96831
16462
1534
37478
9669
43708
86654
23743
55004
50445
85220
39632
32361
29752
11634
76884
61736
60546
3697
92304
36901
85092
64985
6468
94615
49949
93148
87641
28192
44261
19888
46518
80385
20800
79060
91472
94092
65829
45390
91857
49505
63767
2139
20017
96025
96868
68576
64316
98694
1865
7521
97726
52476
13659
88257
5069
75220
69407
74403
920
23295
68988
17560
320
56635
29224
65221
83068
23485
13028
85963
51456
28167
40903
32373
58249
31158
70910
17547
98231
18880
60569
16340
38640
59883
63693
50790
5806
37201
87574
42675
62122
50991
23181
19985
62667
83271
52040
57707
98796
89792
61483
54456
8203
80395
85468
95637
84330
9890
71985
16965
97446
6075
9896
86887
40570
84037
49860
54427
55633
79881
71978
83640
34803
15274
57707
71379
17211
56248
72357
47175
42700
96490
31933
96388
62919
2821
10391
10246
88319
54308
9838
81746
66244
3937
93970
49471
20995
9030
11949
94821
13003
57722
79151
35058
50511
83180
28334
37598
78864
46165
2957
42845
35345
95830
18508
53253
9214
19036
66989
9467
98905
22640
69706
62201
14733
50466
34556
81389
32410
91637
14393
88292
4471
75497
31530
16698
19728
24236
84046
25019
3561
32147
31477
57304
5906
12864
99199
85535
20982
44414
49344
70033
21542
88774
21262
10308
44023
46093
73292
36322
51399
53446
32648
93236
92529
29312
23022
39347
13122
94741
3719
65779
42580
15178
30852
71920
7560
14838
379
8846
12869
30231
82335
59051
46812
54057
44023
70894
41695
52965
95681
32253
29360
17051
29394
62302
13839
79058
87582
88871
68989
7613
84661
95624
51740
17581
4958
26660
32358
9710
39578
2480
79646
69386
78842
22455
33125
55086
75624
8695
54124
23028
56606
77313
85733
44014
17354
93914
18837
64836
57170
24983
32828
26788
3507
85212
55647
72259
23612
32861
57093
65500
14402
57088
63690
20716
14251
55687
68206
37090
59914
43898
74915
78575
33512
98960
90468
83172
52642
20193
31210
94361
11097
14161
64958
82835
35188
19535
8070
81676
32122
66928
88665
66316
82098
59081
13525
60238
82311
96505
36523
98804
32937
67466
36878
90849
35178
93968
16207
65057
85740
18740
1141
52949
62116
52976
97757
25022
44658
36946
20699
75099
96925
57420
25714
57859
11959
42252
28641
86664
44021
15697
28305
74023
12264
92700
68482
80341
39672
47102
30164
44186
32426
62935
51509
45522
50449
73596
46284
67521
62629
55047
33221
87262
82552
79703
41383
94302
92525
92264
80700
99677
97533
90015
9900
50837
12339
98623
73694
35269
77159
88620
2602
43895
48327
74466
60264
21527
87438
56909
97033
70975
18871
421
29860
61177
9622
65559
12835
73264
55709
39013
52550
52977
56741
48852
38236
32797
42639
77208
14193
68482
91727
15805
93510
98896
69796
42375
1587
24406
75129
6792
87761
76829
75469
76819
2717
9171
11868
92766
47611
64545
71319
94710
51736
51654
44520
53020
42105
88491
74700
86619
82997
33343
32663
79487
58556
14878
39256
96068
5455
61140
57239
13971
27356
95014
21034
37310
62051
95428
11972
5425
53168
53237
18871
68459
72878
59510
33043
94509
96409
75148
12778
67080
51101
78939
25628
17535
65182
41389
87457
79115
12725
54806
68367
46897
83487
24531
91394
11799
4
3875
9086
60722
8537
62441
7549
32293
32909
16581
64252
81055
65599
63084
22361
78404
24342
12804
59627
33441
77667
30908
19167
24441
75742
15379
66237
49034
2642
72287
7943
72070
93628
38676
13299
22412
47168
27304
68622
58356
62148
39598
17954
79231
3690
44255
35469
17639
91923
54864
59147
73785
47018
7546
89102
78733
74242
83696
26099
42358
45461
23709
16176
687
76175
18378
2529
27763
95548
44047
54573
45612
90620
76528
54654
33839
57353
46736
29068
30502
38164
69312
49744
65064
68032
50651
1774
70862
49811
1032
13550
65110
28666
44587
95336
46683
56630
44523
40146
34095
86482
81366
61222
78380
71304
85985
97814
72976
12730
38885
35013
24163
55610
64952
53411
99522
63273
65802
96194
45994
11781
99974
31929
85445
49488
90067
92648
43344
61278
60063
53739
22709
74998
22922
84216
97075
19784
88952
63196
38580
68844
80246
60674
66184
84029
69025
89442
28741
20328
61370
93625
53734
83160
37570
13602
61541
33924
12515
7392
49260
18009
26221
84263
7713
33303
26512
36728
44668
54700
96229
45897
36200
95202
23931
68307
27927
99032
45154
97385
23183
17484
56133
39197
56794
3836
4885
66198
32170
88144
18094
82801
25865
56735
33518
49105
42674
26268
69166
4816
89471
89685
52165
14438
42752
98729
27941
22838
77786
58328
92687
8146
84552
35649
21771
31636
51698
20359
56812
36044
50398
40969
85575
97906
88981
89031
78146
36220
15908
41947
14579
66815
16347
94020
69894
68216
79538
56169
13372
86669
42013
57924
13942
65747
50592
47536
88058
92072
96481
69475
36508
87458
65085
41912
10787
66073
42582
47473
73383
80860
76415
24437
47271
62365
36123
49444
33188
97845
78396
23106
60840
87140
18961
27598
50017
15109
2633
26699
80128
38895
80155
64491
90213
19005
87802
7518
85776
67629
76339
43287
48506
97088
12474
17700
35685
55642
81804
6549
25599
68450
12491
4722
63902
19104
40984
55023
79412
321
95493
34705
16306
30956
5021
77056
87422
28691
33452
24831
35560
41643
63307
38998
97887
7463
16272
46161
72153
75687
56266
54371
81098
99382
366
63282
74090
62250
70943
87897
74273
1573
92259
21564
20058
50991
68651
90929
12159
54256
92192
4539
58003
49747
36739
77967
86462
2247
32127
46784
18359
96320
65138
56131
74562
93472
84954
71400
55734
75603
86539
55719
73219
83881
62134
39109
92213
7454
8660
75034
57537
72279
30235
81783
15356
80813
80781
60974
38692
98342
77164
19145
85367
97535
82665
67248
55657
62697
49509
74672
54972
35314
59635
62519
39047
48843
39665
23479
68711
2122
75078
69866
20497
10538
67826
9606
42048
49475
9828
38899
65529
72898
20229
8692
50246
55453
97579
87932
44586
73388
4917
84923
86658
18876
59227
92624
53790
14621
20814
65268
27311
82997
45210
41297
3810
56234
1541
30051
96220
3375
34502
56134
97544
53011
4249
88419
65233
72385
34537
29914
84422
54068
7079
177
49936
99275
80589
84417
88290
33784
74757
30223
6618
4299
78764
61256
67738
89990
20399
92882
45250
91405
69656
41398
70741
80175
54946
59969
44946
81074
55044
55955
1302
93274
10311
18956
66245
90515
18245
80562
40094
8593
9578
5198
47747
16155
40753
41249
36835
28036
86249
92055
56623
44945
97226
58383
64494
32803
58941
4996
54138
7201
55008
72052
56143
31500
77056
55537
87048
92935
78308
30634
16242
71590
88839
35998
14337
6185
35342
97190
79674
60143
70759
86441
92835
36456
77374
51230
51296
9020
70388
24453
69273
24124
75154
4954
39004
74835
33378
98895
97728
97686
57763
58656
25758
82497
73638
21565
66786
30693
73394
35352
37506
44068
11471
34672
41838
75720
14035
784
3133
16700
78612
29883
31868
34260
82256
99294
9957
48352
86100
83184
91580
57416
35618
47307
50881
24677
17826
43796
95521
89930
10045
65234
30857
33578
96096
38562
13135
85678
13090
15066
41913
83374
87579
11357
6780
15434
39882
92632
59631
86093
24609
54591
45125
74391
21080
23535
5819
22876
75327
57681
95842
5642
91130
99039
13226
11782
28103
99079
61819
5240
17008
25504
42159
2999
21165
71423
6710
19544
83284
40504
24795
72681
28860
248
93268
82047
99986
52369
91921
74042
33502
83338
83757
25661
95591
70244
62516
3557
36494
65963
15803
97166
66290
66668
93703
17854
13949
7706
68622
42783
58295
39486
19140
32320
44129
34536
74665
96060
41222
38749
44068
14082
20659
74038
50059
34920
67472
58515
83366
21378
50704
59155
31378
71631
56934
43107
44068
57981
54607
95782
6824
40863
10915
61596
17498
2996
74322
80468
75065
48737
72175
98156
82866
91622
85390
94219
27564
19886
10684
43112
60665
97773
15623
86634
23980
82163
88842
95650
58750
66796
20533
53428
44462
33421
3323
19547
69674
95270
70040
98404
72416
31543
41694
11297
34107
61285
74895
34945
1106
96471
26479
64605
80485
940
11927
3617
85144
22630
12997
45795
45758
78721
66505
94390
35981
25999
17964
96027
53397
28911
71524
36892
70717
88168
34704
11800
61781
30308
75544
22376
21756
80441
2097
37006
13991
73915
15767
93608
44467
31852
73872
65254
74759
91600
41190
2762
86467
1545
85681
97249
56556
9419
61366
56642
99018
51072
61630
41497
90686
71081
66939
36368
3455
7208
39232
9914
73837
97600
31275
19143
87908
52127
71884
96683
98318
29513
37684
4516
60887
14527
60717
14611
88981
3167
8785
27990
94675
34340
92827
85767
80911
40988
89519
14922
63222
91535
3398
90071
54921
84596
90512
74042
29397
99585
62419
1584
14249
87413
36601
13011
66648
66788
98518
6289
6555
73926
46106
27496
87177
69122
49064
23509
21442
38202
28165
35142
47148
33411
8913
38036
1305
92673
69730
34078
52400
48844
30272
38213
84824
88277
94612
20629
10921
63380
19101
63662
44409
39560
2405
10564
84639
46277
16183
49475
44815
87042
69728
14554
38577
98889
66388
38226
2744
57705
34695
60564
41287
39429
59059
30776
154
79220
23629
27793
67957
83923
7060
10243
3328
81895
83752
54590
91859
64999
59943
20016
82909
37844
34420
51481
80951
73523
60950
80114
32572
9799
13384
55101
72332
76763
1359
12475
38615
82427
63779
81339
16913
28894
71952
24907
67317
60202
7367
1155
60533
59942
50333
42561
32604
24202
52233
13963
57344
35737
82290
36929
37848
15696
42536
87577
68123
73550
78935
95895
63826
44211
84316
27730
22946
1073
48681
62507
59704
71040
12277
23347
61789
49187
71604
62367
55825
11770
47131
10549
44531
34048
1058
22319
46343
38877
90102
96887
87683
9
56674
4212
26235
21431
85499
77037
42966
65377
88412
45058
12252
33028
98534
35881
71559
55933
63447
8301
22943
18581
41941
5867
25745
65841
32189
45042
3416
58868
46606
19548
71312
72128
11077
36423
51889
10159
57693
1730
55820
93258
38760
64552
52463
29305
35477
92386
83473
58694
88335
1324
91980
92248
67150
77496
18996
98901
68042
65384
32137
2539
93043
8581
36256
72624
7561
29219
12727
45989
14110
99132
93098
79404
79079
216
42994
71661
42865
92863
71548
61581
49623
40982
18435
31938
45973
93236
2481
79164
57422
2513
36066
99480
52645
80533
35710
90173
4392
69300
75900
18644
7084
17416
69534
29332
14998
14939
36193
25710
96569
51083
65959
80561
40103
79865
63706
74501
96951
14462
36151
26231
91422
56101
42446
68951
69265
30879
60698
78211
57991
16270
6849
39905
88062
62151
62750
23048
32001
23645
68999
3686
89431
20919
21194
51281
97454
14651
72102
46178
7999
48200
25202
58885
51039
86117
26033
70777
3799
17591
38139
53420
1476
95643
1315
81430
15259
61949
74596
9571
39347
48169
10149
41554
40427
81128
27203
63951
10484
97926
89563
95004
5778
68243
35143
14613
63975
79576
57453
63960
16992
5413
59563
86190
49364
42325
52388
49956
41429
64
51768
81621
83382
88343
81986
37222
25097
12393
96699
19038
76290
52907
86564
46567
38925
6546
2160
6743
59137
29235
95638
67768
47125
50964
62520
1029
50174
64072
12384
49883
44784
98549
52325
72185
91023
58511
73954
1556
56396
59073
30890
75417
51044
422
8893
44855
62067
33620
73683
5668
36
21825
32578
12986
5386
67394
75220
58834
71280
36916
72483
81690
11284
7327
43712
58422
53074
25589
90531
88598
81250
68618
58700
56852
19239
101
78601
1828
19866
14756
5143
44379
83173
3710
18780
3856
78147
17570
22802
90217
53827
66462
13053
58157
96060
74338
83522
50641
40672
49149
43953
65436
88438
34008
14314
97643
50764
58047
22801
19512
31113
56541
71150
9317
46149
10979
58483
91975
13141
9680
8494
82035
73267
76607
48540
95861
78934
61141
89485
89761
58653
15945
46249
862
3942
26884
29002
32590
68955
23066
47700
14075
33309
21019
1130
62253
15995
3934
14391
78124
7092
44666
86362
1245
63786
776
50345
32927
14627
44715
29756
41345
61545
80439
60814
53241
93958
51566
58208
68430
1689
5508
66834
12574
90256
48855
83678
43536
7156
21772
50402
31350
40887
62475
40251
665
61283
8497
76847
22474
55152
78692
36460
45468
64571
54257
47536
53181
14870
89573
98142
85092
303
36323
6213
53181
8992
94542
18845
14035
64599
32798
15814
64159
13791
48524
85308
45000
52448
67417
86212
44623
36783
16940
75200
91704
87641
32496
84370
91199
72341
2306
74267
45524
54162
59705
37920
66276
56349
46701
23628
67218
15510
95112
84757
2549
63276
43462
59804
74828
51356
83895
81412
78882
80507
97105
97833
17043
43845
11143
69421
65733
33951
71224
96991
24603
39447
88911
24426
30926
7594
20938
35311
10682
65353
71949
45038
3860
47615
10043
47940
46032
18176
6331
87209
94972
62481
1370
24471
70992
3542
17464
54384
30409
17353
27505
74877
58924
17323
97320
63938
53777
12781
2274
54845
54300
28145
91022
10391
90643
3836
8358
87082
3721
39296
23877
20882
53289
41221
60515
90552
94975
45769
76903
24409
57009
49228
75992
9638
97990
57950
99847
64836
5666
75124
81540
8993
22988
27362
15625
91607
56259
43013
41143
76373
71906
42368
30672
98117
48884
80642
2936
84965
22703
37903
92106
32527
44123
4521
15050
42245
20285
95336
26350
73178
40226
31034
54038
90552
30761
30718
81357
14333
25917
91186
92737
32288
16855
5186
37316
56151
34563
13501
54982
79962
91360
77888
30722
1144
82725
73315
31891
41868
4732
17220
26212
57793
6528
8813
85527
50386
43917
95600
75128
5505
66714
68882
44569
74693
70250
66790
58792
77398
41413
16790
69198
11755
1981
2211
52730
52539
28244
50620
36694
80970
99354
65796
63466
45879
31980
82793
75949
86365
34432
29430
2937
77859
12809
68675
51803
10146
40256
89513
77565
44401
30111
18851
30392
10125
55519
10144
58752
43634
50476
81349
3666
85316
72815
91706
20993
64128
99934
67194
20495
84620
98336
57721
52253
91096
69523
19523
64159
37767
81944
14336
31967
15041
98357
38857
93372
91171
69422
79940
63182
40411
12457
6477
59568
40291
98500
53707
33488
35199
9424
50916
73995
18952
84157
18213
72274
1573
83004
75430
78549
13821
45408
72253
5683
61276
67611
64430
60287
98526
29593
12730
5685
90355
33442
34629
9841
92338
78565
28173
18460
6204
44019
60620
17166
53062
1480
25393
8867
27376
59041
20375
13231
2389
15348
1335
628
26710
49673
1063
57443
14153
50181
118
81912
62660
21655
3991
35045
61102
94817
58173
77978
6321
78100
25245
38779
78289
27280
82596
22650
21409
11953
34074
43646
16224
66507
83138
5005
39549
15144
89221
60118
53571
90631
59773
30203
62344
98981
63239
24345
97608
31214
32883
92359
71043
10157
55676
69384
41107
65406
28857
35577
14424
49283
68161
92336
85811
28017
22137
32998
14449
15312
71398
95093
58015
73502
74848
23446
59364
84455
15252
34149
57983
25581
9721
39815
61991
94755
54820
6457
48186
50067
43534
45499
88538
2959
86334
95134
5170
91293
11634
92966
70357
37190
93111
75495
84635
20369
78102
31744
65558
52273
42255
25539
33730
24248
16049
39991
62225
11517
63821
53656
57805
66391
59144
47921
73113
8070
21022
4641
89871
33381
37582
48162
74483
68363
42449
17047
13552
5743
58272
6849
56604
75309
7908
59026
23843
33675
86997
57301
79973
35940
92380
15053
55992
9327
10877
88786
8269
32275
42176
81515
21048
11711
4593
51539
45159
11341
37815
52229
79145
35819
18629
84066
90706
55839
69452
12929
15254
39469
72616
76701
69001
62177
79863
88576
63752
1405
76498
75998
41916
69102
88166
5245
24986
51845
65578
58090
5891
17978
98898
46045
32862
81392
34406
28613
14018
25431
89259
41350
18383
5803
99059
10594
37361
27044
3607
15517
73308
51230
75059
71854
31115
7140
67698
49056
13335
82190
28436
33746
98314
58753
9961
57324
64603
78391
25494
20182
73108
39781
75206
29749
18177
63267
53347
12562
63418
39354
89020
34851
2409
50888
58718
20874
43262
75231
41331
76672
54484
10190
99772
78658
94247
76417
54970
64953
1718
40520
89131
57263
53536
25889
80741
4559
82633
73197
91492
82481
45946
4385
54826
43362
39750
66933
97365
96276
6029
52224
18437
11377
4318
65373
48689
89499
25233
68708
4584
10189
65098
78840
92019
36619
44754
75833
95948
20808
9045
23093
84530
69442
40433
68105
94127
33961
82491
48123
35272
75219
72003
60598
93152
98968
30112
66524
20630
57135
94964
39305
63328
35704
30372
20288
99090
27781
46929
53204
46722
75888
27276
53628
94515
13664
23277
97950
27810
42521
16487
21759
94944
67480
82729
88716
78888
20534
9397
13138
28373
13408
26250
3935
94646
36041
74043
39080
86908
79478
8801
37709
34634
7617
95757
93771
19295
47433
17130
80427
21896
85617
28206
73665
19682
42561
7619
26127
25997
58054
25798
20031
9058
10006
6067
20561
76299
12741
16381
64037
46102
38485
24409
24435
65062
35801
79937
96304
65237
2973
959
15266
33158
76696
88079
21623
9216
54546
22325
35466
61141
85207
32879
75784
27970
24708
41704
9788
3153
18281
72541
66462
23578
79467
71051
88621
14427
14751
41056
89355
52970
8083
67635
85947
99264
64257
46282
80926
14981
61937
27863
43373
59170
32004
63873
24624
18449
14458
73273
71090
41562
57250
74299
76165
63125
73972
95975
55472
55104
70109
65450
65583
21520
4303
59925
72276
98374
88014
79375
79597
92148
49752
81478
9108
42296
63936
65329
26045
37406
8263
78517
30065
4040
11576
26195
52874
37911
52127
10260
11247
5094
85388
39417
46025
90057
90224
92250
34519
37658
13812
2341
44512
94068
34589
66213
20484
56158
30612
39091
50227
79429
77171
77473
6336
31740
47719
6164
10146
34644
78898
53897
67368
38373
32478
96844
45029
44871
84543
2353
35672
89933
44781
82652
32113
88607
29253
79354
53868
83802
26261
52717
39390
17198
37841
54127
54508
68108
12831
145
49845
67628
96216
45449
22794
87865
33785
43921
76918
92163
61362
56501
49129
34597
74936
18563
23528
47187
34061
61110
83316
31217
72899
70368
16920
25496
79524
91293
5
49294
98267
74609
62544
5685
44369
70857
57934
31746
63538
83243
52467
72897
56682
35801
5440
98975
47398
86713
32999
46485
42294
36968
95635
96390
29155
33471
64126
91877
18638
70361
91932
33505
79627
40605
8792
1101
47282
3999
31871
3772
39850
4288
78715
46418
84931
41212
50022
56961
73198
82591
52434
75279
41074
3143
9716
64303
38368
79134
16979
11818
33147
40032
34161
82798
65011
65956
59613
19394
37681
25654
13672
31254
96062
21310
87446
28689
44225
27590
49525
75872
76732
6336
99198
2485
43219
5384
7259
28737
53519
75079
90011
94620
3801
57482
65775
13984
99989
47972
18580
81214
28515
61359
8964
57240
92600
34980
55051
6315
21275
99102
41913
31696
96850
13606
38962
54473
458
37168
25901
48400
14210
15569
36821
44374
9345
66084
27131
5079
19732
3199
1622
99799
73047
22500
75636
3818
57809
56748
65853
26439
7807
54053
18289
16200
39834
44034
2197
78484
25881
99872
43499
24365
3535
1953
33745
63569
66760
68478
38367
42627
56378
81914
5052
55860
60574
90560
83436
68795
8746
22084
91902
35176
94242
51811
88977
15494
4777
35933
80715
73661
55719
69619
38896
31791
85126
20386
63496
11728
30618
35823
95272
69596
63698
37050
51822
74045
25734
78793
52286
3521
66927
26238
44161
30100
92336
35110
69950
29272
7757
44447
34190
78290
64754
2800
40926
64408
18740
27437
47421
74558
4344
48016
20942
41917
96445
63548
47000
65679
3671
93841
52035
83807
59091
16551
14171
49681
18351
77156
75548
47970
47366
99052
63943
76044
46104
23726
56856
81867
93080
58452
80381
46124
14114
22771
3103
40677
22346
69934
50459
87361
24630
19347
5698
54961
37578
82928
62067
44219
54522
54231
35635
92598
35649
50791
82263
42194
91737
2625
41515
18200
52008
17677
80936
21688
40092
50074
82878
56920
95725
1497
78616
67353
38563
18054
91726
96153
94858
73626
9556
96963
50183
90124
13176
61567
29571
5336
71004
99015
18855
41168
93676
21437
89454
3041
50487
47904
19138
74971
51716
90601
75189
23520
54330
42292
71679
41413
73489
92965
98017
52081
47467
85732
8829
92046
64062
85747
55780
76276
31750
50753
83899
58024
71567
52350
26743
33742
16177
38122
59589
5339
2986
61309
62709
39698
45986
87071
81132
53588
87721
71822
78459
66988
49009
44873
12054
38090
98094
48258
26477
88872
80025
49696
86684
38817
51879
41821
5457
5168
40054
71845
56556
11121
54508
9438
90250
7735
37785
4331
73975
95155
66722
78292
34245
68602
59903
23773
31987
60446
997
53159
42803
67489
18761
93181
36406
36487
36037
50197
52518
88133
89728
64573
281
92738
38911
58015
94734
22240
80140
97287
97521
79557
31844
42266
37871
27687
47248
74983
72273
12425
54169
90839
94841
95204
32194
73415
80601
55844
88934
10959
17582
26082
15029
11354
78780
95110
21883
21660
73403
33718
3446
39979
47001
51704
71496
24505
69300
16085
34539
50987
46056
10871
68511
4232
29699
65393
51759
39593
55016
12991
37237
24615
73147
74559
91727
31355
51059
57551
80699
2499
59233
45472
39450
92812
82989
21239
29860
93610
72579
63751
29473
23985
99838
96476
12463
72281
92625
35773
13323
28695
25415
69652
93872
21652
57289
34047
45727
58974
13953
5748
29513
4194
43165
21362
77116
86464
80349
68495
11509
99270
43635
15920
60643
26109
48542
81627
83435
55728
443
79265
96185
94661
764
97504
8104
46166
67260
28297
87856
97674
43255
48111
45959
50380
34180
79520
41867
12403
61716
88528
60053
92135
91157
79065
97345
52439
72315
38099
67800
51003
15220
84492
61270
47605
14700
24550
25744
7922
86711
16949
83504
8886
69869
40227
30945
31829
16405
73433
24844
65195
5099
93798
43716
49784
16188
34388
88574
31649
42361
93033
82712
24568
32765
4280
30152
15015
70501
54378
82885
61791
42652
77723
14890
17549
76449
34271
46803
60734
8826
61043
75221
63443
24610
8580
65793
74567
70449
56636
30511
89946
84893
89640
28508
80118
86605
51095
82873
768
51290
66662
46026
21271
69138
2679
48783
97601
22550
11475
85769
41441
46735
15174
84866
69819
28127
97040
82718
88390
38547
57370
84173
83488
36340
73898
46139
76826
55965
62361
81316
128
82785
38468
90835
62180
33117
64426
34099
92997
23819
16419
87067
67760
47570
48312
87310
92646
2182
15746
53649
55789
85290
91958
56580
74461
14251
67609
65810
24032
39382
8372
74807
94239
82705
11857
32774
38175
52750
12314
18597
68169
75208
79965
13603
8641
3800
57581
29352
89011
17671
25567
5171
28131
78794
99282
81614
16998
16721
16449
5485
73438
37543
25226
4474
10133
16313
65024
18124
93932
74556
25220
28888
2783
64088
24842
78627
99636
67260
46185
44153
82859
19978
40418
74651
35535
39942
95798
27873
48408
92105
65279
8506
11060
55842
49218
77592
39835
61780
95203
4119
93167
85003
74993
40549
71850
66940
87263
52386
70464
89835
50749
73376
58433
49177
62491
87889
74934
41144
14691
35210
31557
71319
85263
43800
98411
40244
37949
30272
74318
34381
35560
30141
51033
12471
80889
78062
40819
26743
19534
39334
86476
9680
88976
89362
33151
72384
94778
4557
36621
3160
98232
87706
99870
80516
81695
86889
31876
37750
91504
36690
60216
44480
64463
21197
7760
52710
73074
24752
55951
33438
56614
30453
66070
66995
54957
36864
91237
69629
37135
89697
46095
51057
58851
3077
33077
30699
67840
56428
9566
31152
73660
75887
91651
96215
72849
39224
9945
86936
6222
82247
48604
9858
9726
56158
73676
52467
80628
96001
19657
98077
58331
75220
19197
95149
37916
17432
93294
28219
19678
47448
26125
67664
59691
83764
81899
31260
8964
54687
66398
44473
68906
93880
37317
54972
31204
21723
79771
67130
66855
98087
61332
86529
98517
61363
46506
11113
37872
82072
54330
90628
64565
1667
20912
88355
8422
28738
32728
98548
12808
19820
31920
18169
18494
87539
15665
23788
80713
27333
89209
11049
46761
66631
51384
79218
74410
11237
58952
44445
86199
5637
14010
23232
19757
2282
95962
3769
17793
45188
99856
56147
68557
14367
65258
10017
71392
23407
18845
42633
13499
80258
18897
62675
18892
95928
31608
80750
38027
35195
32654
92639
22393
50425
66378
54749
96505
15774
70867
27834
49758
47190
41619
61921
33425
9346
83651
18916
73257
75483
37462
47499
90529
32148
67941
5360
89622
97471
53532
38813
4760
93591
33369
39219
19832
74969
9140
3073
58264
74794
44876
24759
65381
49778
34285
40633
41143
53282
87120
78452
53205
38272
72710
2914
94552
88018
18591
30125
30572
15873
10145
49955
42858
55079
36443
12859
24991
1111
40829
15831
2978
36102
97728
16644
34380
67510
68327
48395
55859
78674
82947
30124
89499
46344
50878
39499
79266
17287
9096
98985
78121
7197
30777
83766
87572
71288
69022
28596
67044
77910
96359
30060
96180
36848
18999
48097
15775
8594
41128
87169
77415
46704
75916
47088
96624
77905
50423
27428
37536
55923
57906
75306
59503
24422
31575
83995
42278
65090
19022
98127
59916
25747
82723
96014
97770
16444
334
14283
30385
46064
69172
94202
35687
60510
79104
79107
6522
32889
28574
80355
43550
92935
74824
38479
25389
54184
93845
63135
59706
91625
97409
13105
62307
75871
39672
43313
19991
93333
76329
92190
31227
36405
27878
66988
69204
1097
94568
90233
75351
81741
47762
71273
83348
95863
7331
26104
31939
24668
88484
65563
81503
25035
80372
60963
45527
29263
45429
97756
1949
50583
22654
76329
50393
57828
33787
25292
64635
91440
19537
46411
54394
34421
8163
30078
30482
78851
87607
82873
79509
94709
92606
74742
52416
16
28216
88410
36849
75624
67146
93415
83567
51169
89413
73295
76878
51743
62994
60616
50841
50490
29590
13867
79619
20072
67590
35490
68445
42696
85737
31216
62470
59831
72420
57930
29244
90891
8666
83453
60817
19168
46409
74750
85200
30072
88105
93042
5778
59110
91855
30546
81542
43868
95144
54171
14750
17093
29729
35013
41677
72583
67687
65395
40011
64062
96537
31447
74200
27545
22085
34686
79336
67785
12584
18320
41897
6827
84055
86588
24713
10486
69156
90254
65473
46522
2319
50769
17411
16109
70416
44385
977
36064
44306
61695
16500
36148
77113
15747
9692
59645
14603
87672
96474
12844
42704
90192
83693
72380
69091
84953
78242
49838
33435
79273
93090
51131
2884
1624
52790
85717
53813
82316
81689
86373
91996
40757
77524
72002
11020
42312
56169
55131
35151
71785
9145
46907
11380
57039
37814
17730
36361
18092
62861
72041
49154
16369
90630
13572
1875
30280
44046
93134
98017
74507
5664
66906
6387
57815
87617
16121
98510
50628
87471
92754
61529
75394
49839
48099
29155
42500
55012
69622
67725
80890
52477
11467
68300
75564
57542
65566
36171
35050
8969
6243
63019
14138
43241
37446
86188
19162
96137
63366
3618
13368
36768
25318
30182
45944
90911
52313
20442
36717
3079
77395
76416
49741
26769
79665
3180
31064
38139
78353
37644
44297
50088
35361
52422
67902
31480
36989
63467
92777
39561
42606
14337
69046
96348
62663
41274
6580
1776
2383
14822
45883
70720
29852
89475
95379
67755
71341
57322
68968
49696
90214
32426
46622
95711
41834
80740
43087
89991
30099
59445
65968
71691
52651
13172
57372
20357
83777
6708
59633
90386
95656
95112
84438
74732
50053
99204
63634
29917
25844
31587
62938
7234
55521
40721
63351
99610
48763
67837
51861
10600
15257
93784
34757
85935
67739
13892
98911
88418
3671
8811
58578
88102
63634
4453
11335
15270
95709
51901
17704
92605
96910
69767
52780
60536
52833
7926
7678
65570
91170
4975
64910
21476
74859
68002
36475
96064
38544
79763
70982
62307
80339
40139
71161
92830
84988
97929
19355
11255
42099
60384
50602
18119
1428
60095
27037
31676
8367
96032
95610
22615
45452
93370
22562
80553
84744
35525
99847
47257
43685
6635
31527
65796
73879
93121
83673
95472
59282
35472
53271
58601
60134
35256
94426
16180
73733
51724
81437
62621
20742
52059
67320
97912
67990
19235
45636
74433
88147
48889
61123
45852
43237
10822
78193
62555
890
18586
22009
8923
61980
73906
49370
99755
62436
19298
97268
3796
58663
9233
88092
7344
19260
76133
53072
50277
44500
68855
48210
26098
76749
2698
95702
71432
89358
96605
32229
42661
11486
43269
69154
93408
23890
54295
53922
82811
16298
11813
5810
778
97159
11700
88034
27613
77676
67472
40936
15619
75335
59830
43772
67919
67140
53326
64198
49080
44868
43145
77935
29216
17753
24995
82529
47414
30922
24325
94324
65840
17710
84402
95782
30951
52376
56117
4835
11874
26814
81011
4868
76027
36603
80789
95071
99361
31465
85828
83975
18775
76177
76427
35925
8700
82669
29989
21590
88771
1538
40310
5644
71467
43996
43908
63962
25299
52689
29561
12476
20651
14556
71376
6779
8905
5639
94132
99729
41061
36702
92648
83214
43282
90474
81309
74067
11112
89826
88572
25672
1748
86711
8804
1093
25576
99323
37181
76532
20688
94492
4726
89972
87850
39370
50814
74411
2872
77174
72203
54448
57808
96615
69678
10650
19243
56328
44800
418
97034
40085
28703
79937
67437
39492
16481
93221
15652
74205
70971
44982
33562
25532
24973
57435
35693
36679
91156
67929
33956
6816
91797
74489
23110
97367
71666
43514
76869
95386
12620
38737
14858
43060
48964
16966
38
4527
53058
37482
86135
22962
19754
47603
68594
37310
46988
54098
2935
21650
90658
26008
72559
62497
1406
47095
75518
7660
23267
98405
89179
67861
92041
29821
69689
90916
56350
16443
1030
77580
50616
34761
60764
18045
21367
94314
45345
69074
14116
27872
40382
27560
76002
48314
94284
75593
57650
20922
15937
7325
61904
24628
91094
83381
69052
57008
8361
69767
15531
96671
87580
27306
85226
42884
92798
45132
24417
41051
19145
82896
83001
55667
11082
66987
59761
38077
56592
48237
98866
59941
48714
87259
85252
39242
95148
82282
94516
93467
34136
28345
9390
49999
18639
70767
29236
28204
67168
82786
13969
61316
91518
90774
92550
62096
74180
18124
39446
96039
55496
83926
21183
7602
68841
79269
43108
9715
50403
94800
44439
72913
36357
61799
30239
94033
9985
22527
91821
37177
63207
24646
68484
67513
90745
68102
21669
99244
24554
71976
73247
66505
97132
94505
30289
44647
70852
28789
84261
67068
44626
14896
23540
91957
80143
67866
99720
59212
59478
70354
92045
65538
13131
89478
24973
9602
14163
97108
96140
31355
2875
22558
97727
6978
35345
72206
41957
70605
13814
70086
14562
37052
88097
308
53583
83928
80875
83735
42636
87109
97021
75623
82915
56374
8252
83830
89999
96839
69471
25523
32991
81622
74027
11054
18731
62815
7765
44459
8427
48763
83234
60244
64100
85257
61171
46246
57839
89828
37034
79021
20476
23624
92138
81412
68958
58598
78178
28399
9206
94609
13950
95869
53686
70282
54709
23831
79483
29950
66587
79371
2382
7888
79583
63416
40109
27566
23409
29655
90684
60639
23212
42934
61853
31397
46347
34995
99129
26161
68972
98725
73333
66266
72835
15688
60999
17460
72960
3100
81638
88620
60863
82444
57182
47732
34509
30278
81196
51184
70905
28559
50558
73786
60677
90666
20027
36083
44416
21085
80631
43432
80687
79274
40478
74715
71085
44324
44193
85887
82734
35642
45080
45824
10198
88689
82371
74922
5686
59009
55988
54384
70196
50356
81021
92490
38217
22096
19539
30930
67281
56756
20492
32221
98081
19175
84515
12178
36542
31211
60842
42730
84529
1738
41027
14175
728
59721
95214
4583
60824
82547
94961
30157
62285
58768
80958
58462
43851
48039
50949
60838
60140
13446
64177
96100
55327
25196
72741
69247
74353
18458
18797
60754
85141
35895
22524
14280
59422
41365
84775
72730
54971
52127
97942
15246
25159
75897
93889
35637
10753
10156
36967
80652
66662
50671
67086
12108
18786
13700
74783
24276
19901
71698
26183
56231
22401
80636
31710
26141
50296
25999
68434
38172
36657
67979
27850
57846
24816
73435
75912
69894
7173
35840
35082
73324
48159
82645
23737
16147
58793
19992
16372
8022
28023
71862
14834
50092
14834
91077
48521
93122
53362
74409
92986
64367
22254
62974
10759
67174
5790
87268
47109
95287
94578
94718
75551
62305
17261
65710
41888
89622
83421
65570
75440
96212
53413
67517
70072
11084
45340
88855
4815
27703
21321
14664
42603
25175
21924
44056
50126
21178
15828
24985
62045
37642
94899
79862
20734
71206
16859
10927
50822
83341
69361
32454
51207
23120
89969
64708
16313
26577
49243
82971
39828
37515
32919
65075
34545
71683
50136
81917
88137
28244
77169
37802
65316
81926
26943
2931
88527
10647
68917
30510
62890
43264
4397
93452
56292
68899
20236
99300
14899
36715
20515
90369
43179
20814
68112
34908
3112
2653
76823
39797
38289
39815
72985
28270
71376
7876
56634
7589
89172
84196
3025
95370
62812
50950
86729
28510
49114
92900
47469
32621
68757
78778
39670
49267
45618
95266
93118
55182
19352
55443
61576
60990
70468
1359
34928
94082
82110
67624
503
49646
22181
12393
75326
16451
91929
49153
83438
95249
62027
27979
86655
17339
45375
47994
23207
35632
80524
54134
15147
77243
37549
34877
53948
88063
70686
23159
28800
16442
42159
99149
80940
38747
71250
50508
13858
81568
11261
56916
79342
28788
48467
11774
38126
46087
48127
54064
51990
79112
47542
28196
86203
89776
4023
12043
86800
96377
27379
50771
89119
65769
25048
48116
26660
32852
16376
62193
64920
893
30536
45825
83555
36179
83599
30271
1142
78583
62647
21551
68889
25447
38689
11881
37447
69997
96934
32232
22305
32381
20357
88006
66059
16107
67258
67654
97012
5554
29281
59085
61572
6543
92246
81134
76245
81186
54384
55282
41362
14840
56508
6848
12898
51612
49370
14447
18694
51623
36161
45579
54639
72158
29795
1520
90411
83293
31468
32115
99348
77679
9655
47484
90234
60128
51013
26009
73221
51737
82820
36378
4968
46491
47266
39264
40218
94978
5184
54328
28041
26095
45719
43699
12000
65084
321
96725
19166
5838
62311
75507
33677
74637
60744
67614
12027
7277
35381
4078
78389
624
20439
7506
28640
20613
50799
71533
37506
32386
83352
50439
84224
74095
34549
79366
42690
84488
65521
64994
36711
77353
44528
81577
27138
8290
81444
75929
66268
11018
30102
76114
18832
58154
88527
67881
59761
43811
56049
81020
51371
21975
7879
1631
64096
70182
23093
4464
68162
29027
643
12111
11931
92984
83611
88056
71792
25743
19906
50659
37298
22872
81122
56888
60401
72256
8058
22820
25386
75048
75072
22101
14433
86005
70197
18277
30122
44619
19396
91994
81273
89305
347
30687
20051
14684
87555
46782
70242
93310
95019
16430
93456
22583
55206
3038
84143
82381
87565
55641
70305
56128
16147
57235
11731
40959
32717
56057
63718
4181
20663
80504
67619
88669
12276
80630
14292
13464
59615
63086
36946
6266
57051
15809
55267
15003
83047
28002
65009
31241
38199
76319
1314
42372
67035
38590
8459
25906
85405
90489
1708
73566
35568
49983
56767
75136
14103
43375
57298
4230
33682
23196
32006
20764
79240
27989
41752
98848
6053
58184
79620
41509
71651
34758
16727
74129
40176
12291
29072
24120
30334
75459
98466
67141
35627
35155
99000
53356
65299
70201
51789
17844
46280
36636
98274
55198
610
6726
18086
32295
5756
32034
1383
83640
82575
39659
33454
29409
35593
46956
89365
57676
28962
25418
51416
67108
73588
583
13319
69368
74253
34538
11123
16122
81327
47781
51304
86226
97235
15021
41663
7957
53406
70261
76258
21721
35727
36090
21578
25920
9844
11285
20047
33850
35922
59382
97866
94818
86902
22036
16057
12036
31239
55464
62960
58279
15260
96570
53869
49815
52671
63303
58609
59866
49982
80107
66257
23076
88208
42773
32415
92926
64598
97774
20074
64086
14452
20184
24517
2837
52970
3792
33424
34806
91633
56729
75853
79115
84482
29160
51483
77073
76893
66524
32447
54453
45706
44921
78598
30206
75129
61125
15510
77458
74020
43113
12381
18423
22366
83377
49636
33932
46003
37029
30391
68622
71096
3386
59431
90684
9082
18897
8344
43598
45556
32798
45427
81032
41990
5557
62903
27903
99523
59438
84603
7527
27467
85409
15415
67356
10999
56090
57952
23494
37582
34912
15345
89077
96795
61528
85204
36752
89490
48184
87321
19055
79924
7588
29090
7204
78006
99840
32826
32043
39356
58659
83559
46390
98244
78659
84107
24035
71895
12711
28448
44786
94162
90902
68915
37768
42376
90886
98567
58136
13724
10858
41511
53627
92202
24320
38400
46447
55514
815
42340
20209
66610
6795
37251
25552
687
21596
8998
40361
52660
63015
47002
20601
59628
73458
86244
49817
2840
93475
70764
97544
78818
11848
87410
68532
58646
13538
10765
72551
193
78622
40393
25098
3848
45401
23788
49300
41250
33519
10166
11023
52317
2501
35168
11799
88501
3211
15226
4177
53891
80765
35623
86981
14596
85054
4792
96549
52828
30283
25828
30541
63173
5188
70605
24083
37778
5607
91653
170
92634
7173
51818
6245
98214
51652
92459
45699
79325
29555
91096
63738
32547
61247
89799
5225
64267
73962
12900
88525
47426
61888
39074
4339
67591
91947
69711
62807
98054
49205
58378
90001
26948
48925
62806
97890
15587
46299
12469
90910
63016
17668
25303
38914
82413
35002
87445
63822
70828
8218
37382
82983
58567
51251
36851
87862
57828
35512
73566
80033
89957
80341
87348
95741
33541
25519
72656
34661
95144
94279
96809
66927
36673
22641
84310
12338
27119
47908
37452
68767
30979
87956
56122
38803
92739
2668
14356
50420
94030
4037
99319
61759
89977
36218
77538
89125
53587
31344
3230
69894
97579
227
97824
74983
47305
14768
42948
6566
74198
43692
2024
16971
66319
52638
83750
43984
70377
25379
20130
94200
47992
19215
34366
79192
63267
61738
68349
59796
44182
87940
73295
4676
10252
88098
18614
95449
89000
18432
73692
66949
86912
58660
10986
81542
35271
79374
89675
39707
21032
4837
77082
8104
71564
51559
1691
42637
76175
7690
82567
5530
80055
22073
60000
51713
7947
68041
97245
52571
269
2718
98566
4901
7957
5528
78799
92690
36263
56050
61553
81247
70435
12476
27224
5254
1752
55703
93556
43780
1156
26848
53271
35724
95041
8585
61410
46298
7381
41862
44097
37260
5125
99623
94461
88276
93367
16155
79357
15157
12460
92960
26229
3009
18390
53469
66164
65923
37395
40098
13942
13429
52004
52033
58992
22949
62939
878
27583
84984
2532
97839
53525
72446
34403
98379
18376
12692
7259
42768
27743
98737
48598
26497
50928
80202
79812
41533
73907
91912
88879
25950
32716
98275
58835
77567
19062
52133
54705
4874
23139
38748
3052
85627
93796
32481
40256
77079
30493
12314
3185
73997
13415
79923
90950
78111
75349
2717
47444
5436
72136
24231
42263
50192
75700
76185
36548
75817
22671
81627
89337
39252
56176
84275
81659
68077
77165
15283
88267
31294
26690
29056
67011
64293
19950
25391
11088
92961
4148
35086
80217
29766
93750
87272
65235
7935
4209
89226
49451
21191
17972
20618
64042
5504
13653
89292
57978
94753
81713
32851
26714
84791
47374
34466
18807
41268
80890
19899
88815
36139
14514
92072
73262
24940
13450
70520
86918
52902
80872
2960
65916
3595
16068
35596
60687
79781
31566
55965
76813
79521
79784
37135
15774
38595
77724
22806
54711
52994
72039
47661
60588
24516
48136
80687
34911
17290
10401
39465
90879
59047
72734
55735
64615
43905
92820
15781
29603
76328
19767
53700
75557
9718
44347
35635
18767
40994
75862
90707
77552
13242
39153
88806
96513
73555
96640
55097
78790
66220
58883
1320
86780
24404
9608
98432
8012
69888
33948
25792
61408
53504
95833
84855
77331
99024
17960
21209
92720
41665
40637
10951
31837
93294
18592
99650
28217
46888
91255
96847
64333
4355
97117
27624
71652
28146
77367
47640
74774
17329
64397
10162
88970
67658
77768
57179
64659
57391
51521
63720
59594
13425
44301
74505
99105
48747
80374
81320
83981
92125
25915
82178
72265
21763
82166
73942
15914
32862
85882
36505
28227
94672
58821
27835
52229
51270
39040
28046
2955
56877
63995
73256
50372
9483
77443
44182
84737
44738
38278
63923
9067
38956
95771
47417
43269
27180
84965
57836
7360
75109
97784
73607
60485
68008
38166
72801
42641
18431
82151
42431
28121
27509
47886
65401
3769
9666
66953
41313
20755
63534
68423
88938
57366
81087
95843
84097
46837
16586
55081
2389
86323
20254
17343
82604
8764
22358
2738
13664
35809
25258
22741
20118
11179
21667
10623
61911
84091
64075
76114
70153
31074
58619
71587
37706
92734
82327
68348
11088
70359
78110
75383
55472
4921
81789
12019
54718
21034
99096
79797
61513
33595
4131
1385
62988
37005
29716
35212
49105
1610
14393
53188
75797
26421
91451
88507
61893
25949
42129
92162
11046
76545
7014
99770
53950
24849
6326
69932
18975
83063
89885
97076
84962
61561
57506
13901
96053
54043
20989
95875
79746
78527
30271
54890
26304
12173
50358
90556
25450
16685
29089
86476
79874
85562
3948
58829
97216
62062
88275
60903
13621
5876
54758
68714
97891
38699
14002
36322
24694
6292
44855
23872
20197
59759
78921
39458
94543
74776
78272
87308
71483
76606
44401
66684
33802
84192
63231
87357
93939
78525
18278
20183
92816
66680
3493
43427
53598
89920
6313
76671
82577
52428
75237
21294
70252
90784
53119
42881
30686
40156
1089
166
10062
11830
62408
72445
5311
32064
45568
16927
702
99911
10668
53432
3
35335
7312
63894
30292
99070
70839
25188
15619
87382
61441
50712
82180
39924
91783
43334
79537
92600
70432
6612
42665
65148
37101
57583
33509
64915
72109
10918
92084
67137
28174
57549
36534
39447
30557
96165
17741
62829
40250
48659
41368
13687
73167
32610
16799
68437
5500
1667
14330
71844
62676
71394
18720
80585
26162
69696
82391
68319
49636
83343
72870
35655
13462
96067
47429
8320
5720
19756
52216
72813
32839
75875
40844
66744
6647
22261
1910
5319
52878
82221
73741
42187
30743
4455
31990
7144
78275
96308
85709
91052
11188
3684
96250
72527
63243
94575
28860
77898
52380
84235
3717
30842
72967
73378
10612
13022
18563
65642
66260
33324
28530
6031
69663
44738
37928
54275
59444
35759
36323
46618
26085
47099
52129
86928
7027
28324
7553
69950
32223
2360
454
6100
10406
1269
63830
27556
18792
47383
66045
87041
94619
55752
68880
53762
4393
11690
26788
61879
38263
59227
99941
60010
93385
89153
78074
72749
38191
60390
16242
44532
92846
30174
11571
37941
4854
64154
96105
57001
65548
14799
15192
18074
95388
5706
22600
48015
80513
46810
26139
78622
41215
23122
14319
89110
41599
59073
81350
46951
47051
68572
21165
28632
75246
69622
10022
83637
18606
35703
7482
99255
95013
14100
6
36757
85125
43174
78931
55762
82419
88198
95334
16976
53331
71254
44085
62327
90519
66351
68976
39366
61230
13176
55608
3719
71141
51713
85722
9117
76483
55505
20885
21446
47732
36059
62396
61916
56909
35813
8775
46212
43230
40400
82613
64532
43046
95728
23315
89346
11243
70459
71010
81562
19543
13616
44179
61042
49304
36554
57663
57421
85808
76405
6656
15839
62611
77293
87236
16004
80509
75843
33394
1905
20091
75840
51021
64683
68938
97853
80991
32961
36734
84406
42933
7656
77616
61561
86923
11715
44709
22644
70997
16362
16728
26146
66967
91442
57652
35260
28022
77125
86874
83194
33040
35131
90596
67482
69372
88750
84062
97631
79372
71022
96056
33118
88115
37022
96978
86363
40255
47305
91130
96450
8574
34933
70573
76380
52333
62152
62412
59566
58462
55080
98582
34127
85169
83919
65312
28970
7638
27892
47738
25125
99440
78194
63131
71850
96902
45172
42098
21655
69304
59588
40050
96091
88440
11049
6069
98656
36547
69970
36986
3124
23632
65042
82116
91822
83663
80009
89700
31093
18986
35611
85566
24200
27631
46137
44318
44042
91715
39999
47616
11841
98865
14968
77039
99091
26484
18306
96492
28433
72690
83259
9475
22486
8432
93739
18981
62022
69031
23578
58103
52400
39074
41722
10550
28126
34710
65353
41165
68743
40082
8707
70373
90120
27561
45518
49363
63321
87173
61769
25526
40192
54451
86136
63377
16044
99892
17377
36729
71690
3650
47271
87572
52814
46284
4941
36683
84198
97727
76173
45699
69399
7457
43424
45100
3788
62580
96790
69493
76829
60208
53720
6793
4587
75215
50438
2413
40502
1272
90921
86725
39446
22453
85533
26278
39558
44050
238
89192
27940
95086
86256
61556
30373
70393
55550
62275
68286
36529
86132
86577
13169
70046
80750
18480
75772
85663
88797
67173
7696
86243
36814
35035
931
16365
91328
12972
2644
33460
23126
74659
31739
24468
42954
89591
97156
9528
45721
97817
3768
54653
52945
62037
34264
24078
79954
18121
74845
94576
76929
57251
97268
36423
44374
11327
88280
81941
12141
12280
20631
6393
11356
23967
85079
27969
18852
89912
80905
36322
64655
40137
18940
56811
46031
14315
68595
37122
14062
43261
71212
38759
38163
30894
44621
59189
94134
10158
69539
34908
5416
42011
99278
53315
89384
13500
18947
63213
80910
95924
46787
14627
48161
14134
44113
17500
14072
4556
73164
72124
55951
60410
17839
73534
57595
88455
59753
11218
78071
430
8231
43402
31001
99329
95987
64667
20185
64705
84250
29475
55330
19693
44869
49666
21973
21571
38103
55851
91151
60244
47175
18225
59638
17049
81491
17483
77732
10971
49960
61889
25366
89380
36092
3601
58236
29870
49128
79150
80848
21870
70344
17572
10289
9629
26822
49214
4777
92256
3001
8176
8557
98711
19168
50638
87179
61094
52004
11178
71208
14308
67725
679
99811
51979
54286
28935
72351
84543
58557
65419
51234
51772
57317
76611
17211
70899
85531
50493
41101
92858
75127
25876
50326
12682
64182
34430
18078
6520
36604
423
24702
40654
77056
95256
81976
42521
86915
98738
20113
32131
47854
79138
803
50017
50206
13157
58829
3668
57751
43201
96474
28102
13189
26395
43454
20836
11652
61852
76812
87729
91053
51102
28299
90188
37205
3756
93024
88716
11127
52372
55046
61453
92484
56412
83570
46214
98159
61193
97299
16222
31784
15945
83787
78517
66425
96723
69736
58514
10730
67019
63835
99859
72147
44554
51322
38481
72620
97702
87627
70464
49420
45688
88156
99469
3072
69965
29390
75374
1184
47675
19522
21295
55070
8827
89314
74755
5560
62888
73966
58774
52045
53774
45756
61575
51161
68549
76358
14202
5218
98930
10091
18887
45062
74199
4106
64126
59465
56716
71452
94020
40323
4764
69709
26898
98297
91497
31885
94836
89858
20442
3636
12550
97786
11300
81629
1171
42207
33995
5302
36199
13178
88101
84820
13446
2142
7002
64893
52052
30106
91919
27061
74999
14253
15198
71141
67639
31373
75034
69789
84009
27687
37976
66043
74159
95954
44955
79254
31382
54819
16491
82079
32077
92370
84710
90115
47656
36728
24028
70170
52460
39876
12652
77052
83390
55088
20210
43051
15080
63202
62694
47403
22080
57369
7295
90088
70686
82057
82750
78659
71438
78329
22241
15026
17438
95534
75156
91553
74013
98551
51761
81109
27979
73024
82281
24778
73033
80301
9664
65689
90306
2905
4146
71864
58037
53653
5681
61514
49308
47855
10449
80149
61050
59334
73834
31296
47322
22959
4473
93724
74756
9199
65925
37366
94992
20239
87582
78803
27968
80128
13752
52366
76855
98110
83871
72747
69106
23093
29390
76453
97846
21055
31700
79800
64183
38568
99004
14214
79368
4552
64348
31986
10392
67631
51143
71131
24580
65253
41820
91130
69885
27061
12357
11229
74356
30005
96531
86337
6067
20214
66025
18151
6870
31726
66073
6289
19290
9741
13517
44826
30124
9698
33647
46159
96428
50129
72895
41629
47535
57890
86797
78855
50156
43282
76933
79809
41652
55915
4685
11241
57267
60845
13417
16510
60500
90906
18328
65197
81435
52713
86835
35539
56014
90437
39320
75334
34694
9405
46086
71486
18612
29611
28779
27455
45881
84790
18439
18073
72669
5109
35662
50295
81590
98054
9909
54652
63193
27794
67743
9160
42883
35693
20427
69528
82745
56668
43184
82952
93191
11909
40849
7713
72657
16509
6689
32639
10926
97851
14541
4958
81670
3755
14144
72533
60930
53989
79837
80167
66272
30962
16524
47648
1362
45695
43746
41129
99001
35924
25155
16325
12055
32926
25762
41398
47558
7685
31699
69437
88958
46498
11467
47331
51885
16626
71532
2667
76200
58144
99782
14773
30898
20538
41907
26927
2991
13577
40812
60188
85458
3840
87804
79125
14571
55094
3623
42661
82444
28951
15951
4493
12738
83246
28153
32935
6086
47676
13184
50736
49590
55108
49371
41464
95565
65134
50204
53559
1337
79525
84425
98317
73537
40986
94057
80686
59464
20454
94166
59913
56760
20018
48004
25434
26576
32982
54813
13727
82015
7810
43125
11394
3435
41250
70536
59597
60936
87486
44834
51747
53187
74431
63659
29496
20996
85324
36162
81188
71784
82531
86885
85836
78915
55636
21034
10675
56984
65865
80108
37111
32764
3449
96210
87761
42395
81995
2536
16556
4211
35403
66933
22891
65955
72184
67041
37080
2100
31932
30141
16731
5879
1093
64458
13387
60499
65397
90195
35445
39801
67308
15012
57426
55036
35117
46017
12110
2090
9172
51435
23663
79902
73164
19151
43251
53847
57399
53884
71158
28273
63139
53302
93214
84703
95947
70965
90200
52238
87009
13956
53120
76830
65781
62748
17069
14018
20045
60556
94158
34578
10588
42863
14691
29684
58921
33654
57135
25067
29252
60977
98547
99636
25576
26268
55007
23430
67771
41143
11996
17381
78373
10728
12763
13449
31043
73357
78530
66470
84807
63807
31460
17727
17209
89869
27673
81878
14512
46155
45263
97320
81009
13452
97721
64501
5091
32809
539
62782
88323
88454
72755
72592
15841
66403
56589
82577
21588
7995
68094
41251
50125
52280
55349
35195
99934
15730
8390
8507
46529
87518
69615
44942
46993
83413
16213
479
20918
10318
68494
32278
67061
66585
86998
89365
32913
42799
7209
80829
82263
8289
14376
7849
92814
22688
17230
48698
48041
39617
93510
40061
37112
20037
31139
56533
41373
2215
20782
75673
74363
93861
74745
96981
2449
94684
15467
10064
86458
31819
89364
16475
5363
70036
86861
1501
38248
13512
11338
6572
73933
67558
69121
56660
67887
84005
48616
47567
35224
14270
3980
89753
84668
90284
90772
43804
57239
28621
67692
18834
62827
32933
22306
97311
21918
72837
13106
33718
23231
55760
13403
67131
59955
32572
21659
24380
50079
30832
42847
95485
11337
56282
56109
69144
90277
16645
77547
31799
12340
90927
35801
20335
77564
14712
74275
99664
73822
55974
37177
26922
48663
60988
2234
58721
70814
58885
73179
29206
98785
12084
88381
44533
18366
34760
28298
4570
55597
42080
15825
31207
46222
28045
5581
92062
86529
41560
73044
69347
4811
2058
46327
6268
66336
62835
64447
12923
34041
96433
23105
86347
25028
48221
15190
95891
67309
76533
11631
33016
41416
30607
96577
59385
95550
38910
31830
15400
96384
72064
9497
69123
21855
30507
54874
19486
27034
17373
26906
27296
78054
99555
71644
71178
5673
13625
51622
59949
51636
1374
42723
35446
64621
25213
85243
79644
93856
87203
87242
89546
66739
77439
98664
45991
18936
5708
65640
53905
361
59219
88251
24284
28749
86920
95460
71295
64192
19704
96233
18544
59519
44618
54639
76629
30681
67486
65221
6749
70929
8899
96390
69281
72231
54531
28218
1096
1916
43906
93923
87071
44737
57995
12140
25543
45741
29786
68737
9566
23749
38764
83122
77581
67918
28777
28686
94877
94300
19444
21177
62054
54203
3669
34632
37921
14585
90251
37512
20653
49441
77415
45326
20232
14720
51774
93177
97296
51704
25872
38755
55858
8640
16907
17942
91914
98822
9222
18449
71740
27631
43325
99826
80689
68836
87840
78439
51250
8108
32593
70445
27308
82285
72260
27396
21063
77590
98989
91
23061
36162
91080
72417
52657
65968
72035
95451
13658
62932
69400
70914
39937
91429
67698
88362
5369
38859
57852
87212
20164
34384
47996
38497
78485
54006
87304
17723
29352
15389
71504
61135
10667
66739
85138
16317
25040
26270
31832
81567
84035
90594
3232
47769
23950
16278
32221
16425
99125
98557
67714
94042
39924
48742
81212
92728
11566
36479
4816
77177
99131
39164
1450
68653
50884
71368
3709
13764
72664
61924
99113
89342
32308
13344
80255
50981
85781
40628
62691
80423
99140
37316
57293
80371
19725
74622
95072
51320
32642
25146
9424
46089
70398
10500
20775
22708
45395
36624
15377
14495
49186
48026
22378
27002
54600
24515
94090
10182
70553
92414
70557
86924
52225
61211
18445
52450
97118
25103
21890
88359
93666
95174
92064
50212
35669
83655
99255
83449
14190
8681
17625
87353
75776
81758
81750
27290
25999
94997
87738
97055
5248
93028
18299
51689
70725
72487
3286
50491
42309
45591
40272
9321
57699
58687
49555
6297
82420
89024
24463
95229
62388
63001
89578
90319
14609
27723
59412
63984
53610
8653
98598
89402
37096
79052
53473
69551
68500
17464
70861
94227
1774
25204
33917
81677
26205
54899
77144
24367
99694
72383
25078
50801
31151
45668
76106
84746
30640
67467
28372
8465
7744
28852
33994
57283
52371
78934
87828
60697
60564
56066
12679
23535
76905
33937
50436
52754
12130
5509
70811
87913
23139
62405
50936
43662
5003
15050
27920
60708
8095
80208
83334
81827
35662
68573
87565
76211
72499
28414
91370
88257
42425
81892
67726
78215
37022
38452
43125
81194
37732
84417
37968
29984
555
3395
54724
20803
94276
65698
39542
7711
35763
89846
90721
28735
41624
2251
70909
14008
14285
97732
71621
72971
2690
6468
59200
91514
31215
83738
91839
41763
56274
93856
10889
25320
20236
93913
23810
55040
89606
91231
20260
41816
87255
26558
11655
21014
73094
74156
54259
71897
58773
47132
52318
18047
93244
59624
47579
93384
42281
82055
30595
58460
70904
67527
70119
30891
32234
39018
87994
41947
1671
15541
51680
61736
26056
68672
4958
63695
81897
33724
1830
43480
8636
1936
9307
96332
87267
77086
66112
50204
34366
92060
26076
23477
91204
18793
17467
98970
58412
92347
68542
60366
39450
37106
5670
36770
11263
97162
68272
23292
26962
51980
84249
25773
42848
85632
30184
70145
73999
49019
47436
19271
41059
71968
56285
69928
10436
11168
16552
27481
72786
78960
41937
41016
90346
25826
70015
98602
23214
92749
71670
68421
45190
48105
74640
82564
25910
20385
71696
16622
85399
27006
8117
11962
35705
93401
85954
76277
28776
16990
46188
36190
54623
53650
97509
75788
98523
49503
2915
76311
74193
26925
49237
66545
56368
97820
32895
84178
72955
29328
24971
68328
87773
58375
43162
31804
88672
15038
19714
62334
55262
56555
36662
8529
53388
26293
62789
99989
89094
21198
82946
49280
50881
40494
95598
6733
7690
18756
83418
42614
27513
95168
9379
37115
71377
61958
2424
69969
21292
50358
71082
13138
9810
54370
43127
86337
78765
2577
53700
62282
88026
46121
36952
98669
36312
96787
94755
8968
29103
47642
75927
97246
66750
53721
11449
84977
24130
25662
51259
38710
35830
69375
92321
12775
35101
19999
17265
48228
16133
63356
88697
71169
87669
8358
33229
99693
3930
16279
17843
87615
7427
2713
25993
95795
10895
52269
71731
47404
68009
13873
3089
53559
19272
46456
86397
65711
29791
70035
62644
63041
98699
29194
25381
69749
74097
55305
13949
61012
29183
95793
2961
6849
93636
83167
3044
9336
78835
2623
69454
56699
88132
48318
77446
64464
60740
54076
37211
6456
20613
75858
46187
99853
4488
40675
45204
96142
66345
15207
25346
49932
31329
76588
20288
53649
91619
94435
47537
22606
90193
92541
53705
55948
33
79263
14900
59661
22938
1786
12141
9890
25163
88090
43423
31810
46224
37360
98085
58198
42255
52452
13920
53118
23890
2704
80498
75968
37452
37705
10496
65784
63124
8928
4205
26938
8097
51400
22567
49504
54286
14543
93414
77727
58916
87640
28901
56572
69641
5584
24971
16900
51289
73995
13577
98570
56133
66358
37642
97627
6205
22771
48422
20568
16688
14270
56804
91359
69175
60694
29046
26138
40120
59827
52275
10077
77703
87550
14335
37155
58715
90756
4450
41930
46139
5226
41778
30701
99101
10448
59867
62251
20255
72979
14241
56917
25455
23155
81411
5837
3388
15077
4358
76616
96869
23958
51847
47872
83917
62120
37464
24632
86258
20590
58371
18557
15683
53202
2966
7686
41748
55093
18676
48923
45682
60511
29279
27277
60700
73506
98202
5511
36067
79617
66498
86084
88740
62184
72347
77884
35444
6858
18116
87094
15450
46172
2116
8554
34515
50333
40277
57704
84342
37129
85229
22075
59149
9716
58201
33930
84884
65410
21731
78258
28643
21818
80560
51891
97478
69350
35997
23193
41677
35601
84780
56048
75884
78239
57738
53496
87540
47603
3579
77776
33883
15818
43596
30761
15997
19390
41765
16825
14688
57061
89793
29125
24186
85614
19623
11006
58289
77371
23597
64940
33055
33904
60656
58678
95890
24894
20898
20468
99872
4434
45268
86813
90609
95802
75770
1882
23053
51567
64290
37384
41724
54450
15825
78567
74487
28901
87366
49672
8548
58464
51958
81546
15382
879
12486
11593
84280
47505
15578
8917
52200
55084
28018
20149
5903
19314
37580
83002
17816
50939
75689
37292
18366
21841
42103
77915
87936
55297
16082
87521
61804
29660
42470
9518
77079
61147
4964
1011
42478
8466
19557
5362
67335
21259
91011
92529
29760
87142
55001
79319
59351
75035
87323
90637
68982
26390
37021
82710
96479
37916
37091
37161
93492
97613
77586
55395
85351
24917
62734
25372
14452
9082
2083
95637
85361
91903
28579
34120
32863
28130
96354
90322
92306
81825
95431
55612
78475
32013
49596
78582
93577
65090
9869
6231
49985
25441
34814
97274
1354
87087
44104
93668
42079
48479
77526
38806
8938
15473
87634
454
53827
59623
23685
59536
67256
74245
20620
39281
69127
20827
39464
31010
37945
38247
21033
96580
36603
96940
37800
93610
40974
74636
61931
10092
96420
952
40891
21760
14191
93041
9383
82466
3015
65920
88158
71778
44871
32601
50159
37248
23039
22544
87340
80903
43371
70658
893
66632
23930
44543
78356
58934
7664
45498
89738
49112
37664
90426
59157
719
91260
56626
73600
95225
23708
41614
92588
56000
47615
26542
69230
88635
74880
83022
10198
79895
93295
6524
28984
18994
62325
71936
97525
49256
76900
55730
70049
57456
12323
78674
60382
83531
91015
49280
31407
7441
91229
36496
84390
36899
71831
83609
50788
50448
541
95875
3068
48484
47379
2411
83847
16477
18771
28470
77042
28530
91096
59427
49070
72426
50235
56572
52627
54553
85650
66058
75921
20117
54344
58333
93081
65183
33295
16983
67276
27756
92505
44364
74566
69704
81914
12989
75815
79681
75844
37809
50251
69135
52700
17466
92807
40267
84662
3694
36414
76787
97706
54031
10755
46459
17363
16865
2345
96180
42650
9662
92221
86628
18832
22151
31963
3861
8509
10520
85617
62453
33208
8994
82551
84639
72790
95141
78827
2852
30998
74493
60862
32891
5844
13806
52930
10931
78764
51352
80900
99292
70477
85327
18783
47028
87795
26594
85840
80334
74237
63742
23326
81906
91574
95319
50293
44327
71845
43064
12237
24732
34264
13865
29728
90896
84041
52308
54163
17938
74566
60394
56886
83060
43554
86963
1940
8663
98802
49559
44078
8240
85352
22514
24098
52250
27108
40846
15657
8497
37936
90971
63617
17956
80440
43229
89610
25826
83402
69516
11402
15094
23362
99306
25587
20043
89054
76733
50879
24833
12992
19903
56970
19521
80326
61461
1247
30059
75589
82375
47633
5420
49599
33133
64555
59159
36591
60097
6857
78010
98626
52578
37687
86657
30653
56012
22578
4491
97288
53984
2488
30035
74944
31244
28255
54527
73665
72616
8821
8133
77809
10482
44686
15653
72588
19710
57149
38511
85780
8429
24356
61959
29063
72001
40196
49952
15769
3488
36786
83215
12103
26523
17778
36838
46417
50565
14053
3430
3006
74563
49431
15135
43038
66750
94759
94157
12846
17607
57820
54845
52806
77547
18019
63658
83517
34685
51270
11216
396
58045
48322
44026
15267
974
81354
14713
95906
12024
60723
99644
12732
51288
42150
88245
38679
50934
91623
77032
70442
9658
54778
2574
70136
81433
42696
68219
20945
57076
26433
81599
55864
21958
55401
22912
74477
43883
4487
99470
86653
71919
70885
77360
15744
65231
75152
86023
1255
51368
36658
90971
89124
76933
24158
59445
10212
77575
64875
12681
50505
88846
53001
1244
9303
52988
7003
54327
33527
33325
53768
84427
16359
40164
51546
56444
35376
96725
4576
6799
87064
16036
2340
91323
76812
41702
53596
78789
47103
20934
25748
70304
65015
76246
6480
70721
44547
95816
60352
91924
49489
75932
15161
10762
11665
83187
72364
11647
41411
62761
73970
94650
97771
54545
12451
77691
62347
46463
85816
89449
60247
41318
98145
77598
8221
21583
86138
69101
5402
47445
56614
2158
98707
59980
6096
97211
61943
51239
20980
4474
35521
93910
22160
53529
65449
56278
62598
95150
50770
69833
47143
85305
26973
97892
22218
26662
3002
55709
62609
61949
1829
76247
52869
82965
175
18205
53750
52813
94230
20358
589
31264
25243
59433
96232
70647
95944
73478
52489
42525
15084
39072
62377
59204
77849
81381
25159
56871
65881
60974
23568
87916
53751
8269
97478
40606
41195
18649
46960
43685
