76994
7266
69326
87352
68540
89872
36873
78199
41205
25189
91047
77194
61168
72130
21049
4642
65920
87409
3338
1906
57698
15463
41700
41912
9277
66753
7206
60962
66560
51123
91738
2953
72644
88044
33126
40006
85420
31092
64194
66736
98187
28068
83879
27625
3930
719
96374
31435
75844
6245
88132
5804
66509
66588
23483
56569
25839
45126
22663
28821
2186
24983
64126
99541
48750
86788
98745
99596
94372
35686
90379
65331
93083
91032
45548
75251
5585
24634
54784
56935
67741
4441
79807
10339
56985
73668
86744
91573
23365
64878
18878
93977
82866
29786
48038
28889
97342
10530
75325
38953
32654
11110
44633
47693
38016
1551
4916
8645
98910
56875
53843
60541
44795
93494
86644
65586
13908
87314
50450
4218
95718
71610
62416
73514
51500
87095
64022
11576
78040
53375
4802
71543
2399
23909
42618
63301
91621
58770
73155
15150
35775
44033
16322
6480
26937
93415
23609
38193
79620
7009
91950
28647
72203
78234
20440
20279
63870
57047
73571
83345
3544
90756
44307
48779
32643
61986
79448
77200
2114
49374
23196
60540
8196
75999
38591
88645
78959
50634
73773
4888
82358
24509
75165
51169
30591
86925
7979
90105
97236
11349
39402
95395
1539
59238
73614
75827
23509
95542
63428
7040
90900
50571
75909
97529
2890
49760
69732
40933
78248
9534
16134
61981
7494
59572
53481
67183
33360
2036
44184
61056
84332
87603
17080
19650
51581
17054
62489
92599
1628
89394
71543
62548
23993
6689
80962
35817
68715
51948
38369
63107
97007
96954
55392
98134
15128
45053
59162
15232
37222
60124
32237
913
40022
68935
50466
29000
48272
17269
55721
39123
75626
89507
67834
55281
72130
32435
32697
37763
16018
44611
60305
37201
68584
746
55997
3480
40441
3226
86644
63543
57770
37487
87195
49705
30659
99808
43977
1895
43605
53721
27465
2323
69841
49404
4327
21963
61868
1028
46796
23294
51766
64985
66892
83175
4609
9380
98165
13986
68626
7342
49505
11978
68117
33262
88889
34619
27388
56029
4155
88855
89997
49096
75021
24737
26842
97325
65688
65655
36869
28636
18490
9533
4243
96880
29541
98970
18174
79497
51335
87689
60889
59537
52830
72644
90150
26993
23893
49676
80957
41664
40746
53628
93209
49931
14775
45707
48630
74887
92020
76130
98898
1663
63541
17238
47330
16594
6128
9498
42767
9425
47753
95692
75257
72370
66429
54937
23726
6364
32888
68835
69724
68641
35361
61655
57584
48511
77370
9220
53104
38473
49649
33233
45132
79814
81772
40675
37436
32162
86572
28353
23579
14555
77827
9486
26108
13596
64356
72727
34807
40067
66221
80234
48379
53656
45967
24954
96967
25360
20046
11560
38663
51966
63802
67089
12233
60321
70937
39715
10385
14155
20967
19808
69182
36402
46763
78786
79823
9107
92592
90173
2186
98376
56321
84263
64175
71060
18790
19034
8673
22514
49257
98493
44655
21691
86974
98520
47274
20410
1347
97374
75921
65152
82861
6948
25940
16311
18129
11509
25022
41229
57342
7994
47966
16126
41250
46515
72228
4545
70731
39126
59445
94615
86951
12685
13100
20231
16797
91556
27061
76020
88238
2780
85731
2810
38753
63273
15024
97581
59313
64212
56790
53769
28420
75879
82235
6870
60004
12602
93148
55322
91258
34532
51472
88921
74066
33450
52949
54278
24384
16112
53786
85397
27745
53432
37548
79487
19418
24428
77613
67144
34087
49855
32946
56102
27924
41751
63341
97095
75575
69191
50923
66048
16507
14334
95810
39241
99406
65596
32516
9817
98862
68390
93307
52543
78246
83837
90985
97542
34159
89154
17314
88206
21227
14019
46023
25096
74778
22957
80841
82033
20667
76561
23726
66035
22978
53570
73124
90554
36945
78395
64454
48550
35710
72786
66076
25742
75011
69413
27614
90604
46106
94811
14263
27835
71634
24260
51978
7851
29511
95244
30624
61932
51071
10983
56267
29572
52849
39856
61503
20056
39987
37959
77294
44825
59197
79327
36256
28867
70009
55764
4471
90485
42567
35009
35247
91335
30451
51293
84073
22991
21958
65640
41589
63597
61252
23780
94127
60976
13145
63050
45588
70642
14638
61801
54398
72601
75776
92995
59043
87868
75150
95050
4544
1771
52438
14251
23450
86640
85299
2507
58949
1809
82733
69361
11774
54835
22867
40805
84572
61335
93092
2764
26051
37048
53688
83122
2027
82401
60547
16327
68471
90295
47186
41183
3689
87587
83205
18440
63494
90790
89444
17560
5423
57311
46093
90495
25930
60324
10380
8937
98597
12259
35486
4153
26956
59540
94112
81843
60811
63109
50020
14873
51065
98252
68128
29234
89142
29488
54072
65696
10558
30331
73545
42019
44037
64075
65758
66358
76286
6161
67383
20520
6911
40762
13369
80081
58071
18333
62174
90273
4736
15627
47323
7949
18332
2119
77252
85450
85924
39958
21991
15096
60769
44724
21217
88051
62959
64112
34771
26314
93498
89515
35449
77363
55903
15209
45379
47130
65421
7400
32191
84323
35514
79014
12176
14411
40317
8118
90262
77363
59374
17602
7256
28195
59776
50744
40344
35714
48890
68074
59510
29046
72502
16715
29466
21715
84795
81581
86292
9103
96718
95090
94120
39381
6010
34249
13476
40980
10566
13327
38935
76335
68211
7050
43627
40436
39801
16144
29199
43949
60257
58576
66118
28549
25022
91871
76036
4270
75186
70247
88913
12730
26269
42674
1919
36761
75913
71898
23832
67703
66070
47105
27003
23609
44363
30773
51812
66089
90983
13104
99652
84163
16895
55167
85287
3688
56851
87169
87208
98549
1121
96806
35971
40681
79321
35791
54185
40784
93279
70539
64537
90740
31141
91550
79624
42999
41636
48951
55928
34205
2623
3708
4383
25642
99810
71697
6378
95461
57086
5915
77165
72118
15152
60388
60071
15789
80653
19625
67060
15046
76758
98418
20998
78539
32019
36248
25926
70768
28495
42353
76492
27660
99862
46860
46709
97977
19247
94576
29070
89689
41861
77553
10842
50311
35379
99297
94368
75747
35650
4353
65864
71502
43049
39586
36836
1857
79166
80136
92635
2177
4784
85770
83844
33866
34663
80735
89326
46105
30118
30168
91429
63664
33241
56171
12274
71559
21471
64836
17750
90392
17499
9043
52485
61095
58840
64853
58671
27520
52266
68895
47787
56322
39239
8400
32319
29988
88804
46986
79823
2077
18544
403
44735
18423
18956
4605
58108
56820
76939
97315
13850
53366
76742
34012
25000
57047
47819
7009
58821
45280
14192
97515
49380
27853
60652
14900
4617
25879
12877
3728
62542
25874
1020
40019
32918
75862
71133
98729
90886
99848
75566
39320
43674
75312
16796
23210
59652
86008
20099
8726
84794
6791
75200
13248
24687
45484
71876
44810
39131
30957
29665
38446
21738
83777
94214
21856
97743
6689
76942
38508
38393
86451
75863
90852
35550
72747
23415
27767
77451
11618
96011
72124
92698
23304
81369
41025
94244
22455
19957
98350
5599
42468
13596
55843
57242
83016
65563
95464
25593
99920
5486
47868
52028
92428
9822
22453
5302
14804
54810
33062
40875
31973
96783
5239
80290
93356
42448
47607
96230
2267
21755
7883
45255
25038
30524
75319
24239
85921
64127
51981
18188
15865
99872
2408
16413
63451
92506
45188
92271
4610
57793
97869
12307
77781
34384
45272
23225
46788
71359
73396
3604
7810
38533
93253
17461
89945
55685
46586
93602
53257
77695
81170
83152
41320
35812
25131
83662
29962
20359
57275
73153
47463
89420
18907
14680
51712
86978
923
50999
54260
64606
62405
18598
97245
45987
70198
47092
15468
65784
54527
71242
54810
3038
84273
88139
2359
95646
44191
82835
63427
57384
58249
83660
52495
40931
98879
78676
31283
38111
17514
26861
73835
24994
76176
38141
56899
83661
41738
37060
12977
20974
54034
86437
9915
30883
10960
7440
78395
37230
12387
25407
71173
81734
87712
81228
89136
96156
70052
84394
17820
41933
46204
41044
43156
65747
17275
33863
19695
63131
77458
36797
54153
48861
86455
43493
4384
77177
57293
84346
35723
25374
93310
90019
40431
10790
9756
34016
9406
84945
90194
18828
88734
20053
68561
47904
96333
34488
5496
43715
87223
80895
15546
8000
3806
12246
10846
87639
68177
16993
63582
150
95716
13669
22983
66779
51086
43778
36092
77024
73741
63949
80587
78020
5386
2901
95026
1522
74208
6720
9032
40014
42662
68216
81000
65003
81612
31836
68202
6540
18361
86716
78369
20229
29547
95245
22441
28893
36515
6928
95442
82397
34221
99373
88186
7904
91689
28478
82164
43157
82061
87912
1165
92884
72988
19977
99317
5849
13839
15158
11542
74967
3700
41818
62623
4760
87136
87611
76254
2079
97581
10721
37676
53342
95450
75421
78
36687
77633
61445
68856
68166
17778
73509
94254
74267
93725
11483
38236
28638
26646
10013
87785
46810
28704
14421
80242
933
78156
93747
7942
2403
57809
66010
64626
77645
90484
53040
84463
83868
60042
81452
82250
99617
79146
58825
85885
28385
63118
20931
42185
93883
31272
18756
47339
51077
96262
54839
71869
36269
43853
23991
59195
87020
48005
1821
72583
23187
67603
66394
48866
32031
47330
82705
95676
60263
46244
15953
83235
7986
93167
8266
84069
75808
41157
85739
20363
85790
80323
90461
82499
45618
9353
61579
79394
82168
69894
56843
53020
26580
17133
26797
79218
17151
66093
71258
69791
41542
98179
12035
78093
56301
49025
52789
83425
8396
81214
79333
22168
5668
85812
14131
80492
78818
19879
24772
64472
13451
28528
18457
10620
11702
75177
66526
51815
78766
57184
24991
63917
3145
99129
91270
7245
13383
84328
6053
34161
33025
91583
79360
52161
82183
93849
86134
56615
96647
54205
18009
7481
76196
59889
17910
77402
91355
39456
88443
70153
97630
54477
74328
44441
21672
51409
78275
63615
41089
52638
18814
67732
29837
63891
66751
54506
41058
46565
42779
54093
85326
12257
56559
99438
25660
81365
88348
39957
12614
97395
65791
67965
22092
8311
78095
72002
39910
70971
92860
55205
74802
4858
15004
43929
9293
45038
20835
61583
99588
83450
41495
95650
32457
11232
93658
53666
54544
54583
50091
71391
24849
76107
73381
824
13744
1888
96128
80803
59429
40659
45891
19610
87292
49042
42826
50066
62599
45882
88444
66346
7252
63781
49304
57272
89463
89330
45969
3617
69895
26940
84343
73219
71548
71623
8519
26407
43562
3976
75857
56754
64002
95837
73270
94407
92794
79414
19123
90253
23138
32344
6782
72294
71085
46878
48791
57510
76915
87312
78280
16779
53333
39810
21898
26107
80186
62656
4386
21418
56803
16986
67416
39259
8703
26319
16430
21383
45645
37903
3643
50481
87144
88243
32698
86090
80197
39897
35820
5643
31649
6024
45162
7541
28341
97567
29502
62491
81468
3468
97297
40881
91520
81533
73003
93046
85667
66274
95753
51471
1176
61934
64906
17110
37278
88622
52945
21136
80628
76686
12670
13513
28462
26343
68259
43088
98405
67912
75789
30195
14380
87199
41524
62175
53529
36845
83201
75249
54166
36517
53778
28848
28378
71030
61706
90781
91375
50854
19019
51633
51190
21703
71600
43676
97250
46869
49161
17762
98967
4653
43264
54650
1017
86856
84607
50412
92492
68666
39168
3817
82613
42848
77246
47703
83575
4572
1254
97924
91224
50656
26339
57318
36551
95029
43256
55446
24915
96568
21476
13042
40112
25259
58534
91854
54310
11042
39165
9904
42218
75019
85004
27632
35698
15490
73641
63739
7953
88265
97968
29780
3177
28183
75127
61059
35110
93675
84568
35955
24108
77503
53386
57969
21029
79467
34454
20482
61772
41708
69153
96078
55424
93562
60100
40306
7368
40553
83510
22010
36825
74397
97264
25761
99716
4038
12508
86139
29064
45586
26344
70270
67439
95419
35369
81201
57759
14197
67965
8542
783
35132
46889
18697
60685
73110
35578
29270
42126
37565
65947
77815
6956
93415
79783
43926
92233
620
47185
76611
56618
10778
2275
30729
512
9980
13133
54363
43505
32505
9492
42960
37245
86798
54605
57333
84151
18114
99468
68324
19752
46207
38018
73633
58206
78796
22353
94147
34153
77823
99203
93104
22734
37126
98653
76850
43058
92714
39615
82448
44930
92580
85714
32526
21311
76022
40869
35242
27400
52525
9076
35812
96302
52629
67920
7801
15183
10401
18614
14834
64809
76712
77128
94851
30454
54064
86440
20725
71072
40333
34127
18829
56970
22359
42315
70595
53553
36193
2788
63894
35296
5045
26010
53627
21556
48740
53880
33148
41433
57727
43086
41768
1609
13843
17664
25819
58454
1023
25575
63197
67893
33237
93508
83392
44798
97898
74780
61940
30293
22686
51111
57168
17348
53772
14041
30711
67570
94556
19109
97395
18859
20791
54010
38144
47207
75754
5887
64859
40980
23915
6027
8856
48098
13460
73734
89903
50326
24069
37394
37983
73660
74935
95858
44561
39134
48145
94690
7107
78650
31955
22314
27179
58779
45779
2677
29921
76869
30775
15939
61589
35616
3518
34662
22818
62089
21418
58662
21865
78494
81422
1710
32292
17226
3555
85461
29
88470
52585
30706
97300
45662
89512
82372
56516
67778
85911
94155
20764
41767
95141
61155
62606
33090
80110
2625
91827
17178
58077
98604
39653
82980
82634
31976
98767
45778
18786
4081
88364
69698
37173
42071
36825
6820
64927
18731
3680
11132
58480
33120
49833
27194
91042
90550
62981
52935
98594
63584
70760
44780
7903
18954
33900
72278
35558
8642
24187
8952
30942
1417
59243
65200
36516
72586
29508
80778
569
46843
89348
60584
70240
6696
93004
2536
657
75669
61832
31303
10278
83522
25416
36811
28129
28449
58577
48762
48681
78228
83249
12297
60956
49450
15390
81467
47206
13026
80570
85965
35148
23357
79521
55033
74751
52209
22270
85990
54353
38143
81691
2090
40506
96742
74833
32218
58454
66488
44554
5504
16150
27451
48047
82565
49140
85438
28625
4928
72080
72063
91049
25338
98336
15509
47537
89932
59094
3472
2297
81293
96819
51332
54079
67258
9141
80723
49903
1394
43013
23734
4492
78278
23807
67325
82609
11120
52660
70140
82675
97303
4406
99754
48036
59085
62856
71751
77041
57124
90176
93807
14368
24822
47655
56996
50857
55521
91354
20306
45295
66766
93440
22705
55197
40809
19552
10094
48571
44703
62518
47358
63413
72799
83800
54412
58789
33745
66133
7527
29755
71902
10434
24337
43690
34562
30496
47630
23146
58299
18641
29077
22804
13365
54256
49587
37630
61971
51165
88876
43118
28209
22290
83051
40333
22595
21133
85452
45141
73172
47888
40352
7120
67360
1063
92864
90206
56770
96788
17150
37385
71675
13192
92842
31658
35677
8880
62587
10182
21150
49474
6431
42140
3156
49209
8275
11382
81454
30723
48163
61266
26810
50151
3447
46933
56291
73433
76086
3239
395
14685
6731
62427
44263
18633
49855
62910
74250
62780
84537
96433
98533
25884
65922
49056
71152
16413
93414
8156
38695
50076
76693
14801
9271
46040
29385
85090
56800
59145
41185
19577
64378
31168
45607
27377
10803
56720
50893
42546
25843
61513
83355
29260
26323
99172
61540
3160
41686
12572
33540
77903
15456
18261
15356
42027
72399
24672
63040
56774
32265
84819
13373
14831
33901
5976
26713
63256
59343
91791
26526
86368
95699
23025
95258
90464
11585
15602
12458
84139
41961
72445
61186
33103
30524
73616
59038
80223
51265
87420
38660
41290
55777
39342
70154
60760
98100
27310
35125
54813
80596
77111
62207
49915
16225
77894
53769
86666
72117
37171
4836
24735
67269
35166
74779
85698
45852
78347
54446
11085
97453
28334
17209
46858
74891
36839
13469
33726
83562
77029
4108
59315
66402
44506
23538
10180
76226
20828
10284
12135
21841
77658
71306
79576
45155
56593
47310
42015
12272
81597
70925
28966
49815
2305
54937
87239
28520
20076
33278
94369
85748
84646
98863
64091
25548
15289
44643
14103
44592
60545
13377
70950
16914
90364
91576
61870
7065
27639
35266
33141
18076
6028
41609
49919
86693
62619
41617
12291
78072
68102
21603
13282
80446
36619
13143
21915
25304
66851
70745
10236
96509
10496
47688
46516
90470
63429
68220
93594
5270
82004
96911
53349
82803
84694
59111
69601
72684
55554
75103
31633
14767
15749
68599
95872
88968
38794
38068
82283
79277
71065
43809
22905
59160
84216
55112
49446
38000
88647
80161
25983
44191
31353
83955
33059
65782
87803
8777
14032
49483
93638
93838
4588
48999
22020
92843
36661
93317
86112
6205
18595
89136
55430
20675
23622
41502
13615
35564
80057
24225
78531
79259
94466
45977
27846
52386
96235
12872
14857
59881
83274
17964
28790
52825
68316
73540
97016
31713
15915
14864
45076
98652
72830
4573
82689
84119
84928
43327
75892
58773
51590
54312
89620
17283
43226
76542
42661
25711
86748
51773
20425
62271
49391
37986
83061
10506
89171
94250
47163
71565
85854
25520
56082
10888
89116
8176
5608
26320
66715
95490
27560
97822
59490
90340
76113
57111
95221
74508
76906
61317
74659
81093
59473
65895
46548
62513
52298
96994
13314
61363
2401
47641
77666
90333
80279
45423
74243
28275
20310
32147
18343
2229
61784
96081
90082
81421
93122
92313
82521
67140
28264
11812
61044
35330
31797
77955
3681
78671
30557
95125
76693
39120
19089
82769
65157
58848
70900
26356
25791
65577
9395
36715
97465
1844
53825
60454
74351
81295
66424
42032
82120
73917
91383
21981
18445
50610
71576
63390
81679
6374
13457
27932
72741
16652
84419
97475
7876
52377
51514
44476
34595
75246
55849
741
74870
92768
20734
86853
69996
79576
38367
95466
48181
58117
53790
55900
76291
82729
69257
2226
5168
18482
50968
54005
91991
91828
95287
88365
74929
98445
64950
45238
62175
69769
33900
20538
99079
83633
35982
7729
21459
77599
32268
1549
79126
95085
43074
76296
98866
39960
21066
11521
68735
61581
80893
82020
78522
29953
90926
64692
33374
59891
45312
52815
78384
73158
55955
67182
43013
89545
84457
89611
75381
8993
20602
31164
6364
69499
25659
33677
8407
36087
13581
61406
11659
43628
80790
97953
31023
10765
46278
86462
52661
40136
69312
23268
24837
79620
88893
17108
23765
66625
75452
84854
68376
57040
7032
19402
13513
6340
4598
86125
92366
12928
15479
19159
90677
33554
83076
38712
96219
40140
61679
86797
76
12181
58446
31067
38170
33614
53177
35277
60485
84111
66455
20248
64803
52660
87093
84723
35940
37462
24464
12430
75346
31776
23538
46831
45213
5961
26075
85278
95599
74948
50677
91337
90685
97660
11812
63090
29920
58099
44386
56514
64212
96489
17380
46017
56829
38887
70278
82149
82640
54249
76813
5395
90378
69904
42225
48333
7728
76992
84438
75748
99644
77520
13504
69938
37687
87829
43882
35335
1731
2063
14328
5533
12185
55475
98043
20020
87950
46844
64998
68782
10649
73472
27954
46405
66833
51860
10496
799
32596
36792
7317
72153
41525
65107
83570
38696
32113
62022
35729
85933
35617
71972
94017
73253
26716
65256
20352
22064
24917
88778
54258
34334
75927
63181
97205
47446
58861
16714
75549
47246
66303
89562
55343
32597
39211
58599
23565
55298
65788
89207
65777
70689
53303
73485
81094
40579
39119
5211
15776
64228
46623
95284
55703
72136
72354
94075
31514
40545
84044
14648
84728
27531
79308
41688
68029
84954
80372
40413
26726
51150
60947
54343
1057
37558
61288
61279
24742
95451
74809
75360
95431
93608
35559
54325
58189
39513
42239
97275
11991
6789
57000
78854
87851
93493
1332
43960
16334
4143
24504
11826
27947
6372
19098
68845
59627
87558
76609
41991
51872
83012
39049
78511
1322
65625
68245
52121
87744
72309
85837
91842
51887
65095
49992
56245
73108
70991
72493
2793
47308
48511
85709
18432
73144
89549
45357
37977
42105
50628
65
4564
40480
78040
71245
76462
16088
19629
16957
92276
24435
20656
73704
95701
14788
75409
46826
68746
37132
37727
93757
26590
96779
8741
61991
70360
11791
48375
20858
97818
1475
68372
47436
70473
22507
15465
95592
31473
16863
49518
58167
95211
31895
50430
10845
26850
19233
58798
72005
16229
85946
12412
80669
15021
64246
12770
38773
5776
33784
75264
26969
47465
23702
51152
78258
26166
85691
86340
76914
34728
44650
81382
49812
8970
27281
24181
78066
77346
50020
87408
32904
21351
17517
60352
68414
98163
63704
53199
11642
45587
17331
16622
37854
27958
80329
59056
29056
80448
92413
67207
26576
23897
77676
16730
33901
40805
65239
20647
72751
75536
26556
79311
99577
10451
2389
79456
849
95620
44131
18001
36849
9343
32913
32758
72564
18614
33010
81988
78720
37742
38638
99510
27311
14086
81339
82456
85183
25892
78523
44015
48269
27753
72584
77467
9670
87271
73063
40553
94902
32540
7308
60318
45499
74093
76596
46200
25819
18971
92839
73584
85375
22125
9369
75333
87673
49711
12951
21674
69706
79101
23029
37876
10307
11041
31717
59175
10842
20520
51285
68235
69108
87920
70605
98163
43794
39144
95784
10695
25961
39517
70839
48072
25917
31589
34742
60772
45407
47097
61226
80523
52180
30567
79945
64056
47319
62343
22625
44822
25918
84816
4580
38209
190
7967
23680
97135
86345
28293
80745
47177
11596
97572
61240
39076
33566
77971
51375
40215
48969
4872
42623
10858
10724
73566
20006
47035
68483
44175
60872
14552
82324
285
48465
71367
36141
68276
83937
59093
6583
96377
82008
82577
14251
77153
15274
48513
39207
97318
56778
91607
78713
22984
67450
24281
36079
5698
63144
53079
81510
5228
23365
17583
96490
99072
13307
86284
44321
99186
30886
1924
66660
69745
45634
84782
3729
82686
22791
17221
38147
57420
96357
37052
59038
45526
60481
90420
94469
81718
58083
20161
69952
47466
21742
15453
18781
63644
75028
76937
4616
38913
27315
30885
63158
42818
92620
38785
92710
54565
75766
1246
54644
13438
51724
2494
2611
94268
56032
29487
2789
93131
39533
90476
10118
62207
12556
23606
12675
6453
27061
3518
9739
77604
57283
17580
36971
53736
9932
44483
78684
65138
48187
12657
40749
43434
45828
5595
90604
13667
27221
19696
83569
59459
17400
35346
58161
83759
51258
81263
56328
779
55194
18488
66506
6318
67983
73364
35730
52902
49681
30127
88473
44113
33986
15304
58769
43218
73366
78778
6718
12512
76393
45923
6783
52666
42507
22432
67751
36437
7001
76998
93320
28939
17159
68469
93390
40545
85950
42655
80245
33312
75840
92436
95070
2168
7041
62471
8641
7344
1000
4996
43401
45245
24348
13268
53983
72723
42020
18776
62509
32177
33790
444
1969
25163
97134
13104
67853
51981
88478
94150
38779
58837
40601
86981
64566
62316
59222
56259
83051
75913
96252
9742
99364
82285
48681
30487
16851
45455
23300
78178
12226
15107
92602
77085
53219
91045
50174
12422
27184
82182
29786
78979
13120
89950
85921
8817
53429
27629
32985
56211
50621
40246
71227
42228
34012
35426
4785
71618
35392
55138
24760
80912
51288
77471
27670
38989
23912
96386
59707
10050
52656
14238
5966
55390
16955
78732
40318
33735
89886
65165
24865
72496
33478
49676
91129
78306
68505
5431
92593
87762
64390
72269
73523
45527
30782
89139
56905
73165
64828
72568
96880
78966
96526
98686
75518
87120
19327
28469
92364
84038
77527
56934
81792
26345
53988
34314
26999
73554
43328
26932
20136
76228
29235
1107
80178
3557
97378
54546
56053
52756
86766
15595
27361
72241
78507
89482
12702
84840
40678
98087
75972
56874
42852
64980
52024
40461
34818
34304
12127
83090
43209
35986
91564
25315
95323
40686
32498
77829
15729
16198
14004
28876
6833
84955
40412
92443
94855
67690
45641
31077
98154
82307
37591
6309
2030
82279
1295
8968
76105
41629
23
32304
35890
74709
59273
94692
77680
5009
31839
64093
15146
418
28542
62569
32436
35523
41997
104
93724
2877
37514
3792
52733
16054
15002
30917
60313
43401
36487
46105
46526
16157
32263
12707
49957
18317
61908
85191
88017
18082
73322
6832
88533
27903
89477
6510
26084
74159
49411
46410
1871
93346
79910
4502
31153
45898
38779
71274
84440
62741
82014
75494
42272
62704
80507
22556
22669
90811
49351
43318
54720
77749
13888
9517
24576
20332
43958
15436
23849
50381
59474
33863
49453
88559
45278
73592
94699
84544
90969
71957
73646
68096
22247
3562
99576
25176
32626
71274
33840
23886
25007
80655
86389
51611
80510
15294
6692
56258
94423
95914
17949
60570
75356
16452
27954
99024
75457
28222
33242
25428
62441
52865
14217
37359
47997
77207
34319
98132
15851
11340
27087
81669
83086
83177
35536
52116
50266
71998
21033
40328
85135
99339
70460
88251
4547
46411
7687
2727
71448
45475
32273
70028
53818
40051
84501
62224
68924
40444
79231
16392
73987
42339
7053
92960
26112
52162
99337
94135
21338
32638
75343
73659
59284
34834
20282
70758
665
89443
52088
34421
39204
17363
41626
49937
40842
10846
97868
17738
10482
93475
17956
3660
404
56366
10317
34026
60575
78653
40371
88027
32976
30249
10525
82370
92386
30524
32486
65682
98311
54665
33105
22638
15479
11384
96914
74418
27600
85180
12409
38150
1403
45483
73532
79393
15060
29803
55503
41608
74740
28783
65078
57367
56465
3595
86887
79902
24218
75372
64956
28144
89036
33914
59619
11925
93475
49139
63261
87797
20806
7705
34109
81897
2541
18229
12324
22999
45746
62765
48073
72821
96700
44000
66658
95480
74627
1985
85795
14553
9728
36853
17070
88900
13333
96821
57472
95313
56613
93992
42114
57287
75787
8991
65210
70323
31100
65714
83255
81339
90237
98448
58103
27540
24573
92450
1410
51405
19119
58101
65893
37201
38051
6583
2410
98795
59040
61388
63578
41327
45533
54834
26182
78841
43221
8968
88636
66215
93865
85508
8747
13411
56559
88732
58173
58572
85418
74007
80274
71080
90567
35122
31531
78836
66585
32730
19546
42640
82019
49642
47557
76876
52321
33974
34874
90608
70849
55789
32960
39044
78157
19074
78310
80067
16921
38620
55885
5808
40342
29042
78365
2205
96853
23529
67483
71687
98158
85621
88296
62484
59125
61875
68177
3340
43349
93369
98821
20137
21587
81399
33470
45434
37167
80404
92670
17394
40426
20715
97255
12341
61442
84193
20139
60779
86935
48191
15683
72302
68914
89154
75546
46329
81372
24698
78397
93213
35930
5380
15073
58637
79486
20951
72862
25669
76707
44625
12647
96299
24260
29063
6117
41811
79612
86297
17980
54119
97943
89944
17862
59592
96768
61761
26996
41481
84163
63037
37065
13271
7736
66384
35728
57660
72362
37789
36023
58970
43440
1837
61260
4080
82253
31235
6444
53941
85183
66959
14124
53229
53020
17711
77454
50149
58599
27550
53994
26857
32191
84583
26030
76440
72950
25560
25220
89227
67766
23970
92437
84439
84446
11289
78175
31455
56461
42868
13627
36656
80980
19153
54566
62521
76974
16834
83941
74520
19134
42386
92433
5617
7747
79189
60595
77700
31441
56820
35577
32553
95571
27709
99881
75721
29701
50158
40575
45928
48704
63993
3625
21892
93851
76947
67411
37067
32171
91100
42534
35000
79927
70086
80875
71902
64211
52127
18050
83895
79179
698
66459
76462
59207
31302
31725
44322
98357
69717
4929
65035
50705
28080
44364
88787
94488
38094
66160
42759
48573
74431
56187
84325
59154
25519
31339
29098
85426
51867
93024
87883
86107
39699
23946
61241
43208
11372
56504
11218
80382
75149
41207
94563
89871
8391
54997
43007
6508
54704
21949
93410
95235
92682
17877
57633
25631
43598
9669
35162
11040
30661
65963
98714
31908
1357
88797
89232
20299
64317
64628
72785
81254
85315
92054
48139
93519
48075
72545
41141
92136
95721
18300
25777
80046
99964
61711
71977
74037
90192
34642
27384
95003
79874
21283
95432
56214
8210
59738
99890
50846
99839
93381
28765
27133
44179
77132
75477
4503
15127
74524
27702
37246
35237
91051
81161
73268
39692
61600
44589
28112
16527
67612
73728
28633
80167
75866
94726
17632
26545
37160
25881
21492
38443
66855
78076
53403
65350
57070
62533
10888
67079
66386
89175
56283
74251
28086
1773
20664
25613
78301
5270
18390
42733
32278
7330
47444
58338
73435
18700
75541
56405
15905
82673
22841
32881
63472
31791
7640
75898
5803
96122
3346
35187
63836
78448
88254
19578
1919
64750
49
4149
85844
59173
26725
53204
18801
27650
88165
74530
24637
32854
12939
44909
47718
76525
64341
7367
80211
93167
65097
1445
84804
69144
8982
16051
46351
61594
29542
24683
28063
69953
39031
34137
20639
13843
91994
69452
79709
88039
3823
9901
15099
78766
98073
53361
42334
42475
34432
22503
27758
85054
41735
21872
89295
11667
18150
90311
91410
18773
66619
33958
35964
65720
77486
15651
81390
86686
61525
4831
49820
60893
66270
8707
50507
6203
80207
96580
6993
96614
16707
24862
51242
49037
70256
76822
18639
75812
13430
62338
20622
99847
38422
59484
95089
21441
46387
17371
59251
21866
37990
49552
82308
5987
42357
84782
88998
96712
74143
72978
64716
16227
87639
43496
44437
93532
23167
43214
42753
58505
87486
52428
13077
89669
96463
39171
7156
67458
46791
71040
91331
55149
49010
6333
9644
32855
82880
2738
80156
96495
12067
53396
11246
81620
74743
4134
70356
71004
99342
32271
93793
68600
27068
29783
56381
6224
29768
55072
40666
58244
43552
69456
18670
39106
84250
3849
26682
41329
78670
74072
50689
39612
89415
44245
26651
32145
43327
4951
90572
12970
44605
35026
22177
39370
91974
92553
65963
48538
2657
12277
42487
15866
7100
45065
19194
99788
43947
28056
73763
2930
2186
49358
95369
11977
42974
45997
86662
47001
80138
9545
85911
47785
45240
25579
25339
6470
77997
45446
79268
52763
48147
77118
3068
3266
82314
84497
61679
83390
82536
78763
28937
64874
35057
49104
96654
92036
63217
6773
96548
64376
91296
7037
19405
34050
67829
84847
634
76439
95401
2203
65884
7944
82762
22628
8710
20432
51409
15550
55456
34935
77603
86501
26709
36971
98633
29325
46839
86071
81734
27601
51225
37932
61067
11435
81565
48826
25568
51615
92126
19556
30652
11752
59177
19225
46826
67957
18740
98409
52600
9207
67027
19952
75500
33983
95675
93777
88254
81079
14626
33910
43822
52956
64613
87218
91104
40678
8765
78608
49682
19676
43434
4371
26276
10656
61289
73624
64777
88920
79208
99771
93266
95533
19128
21305
83894
73907
72565
74530
40335
99519
51700
56484
81717
83436
53663
51656
37129
43192
32160
18829
19000
3356
81013
64522
17585
90161
75791
22641
66609
94623
34330
78626
47356
90940
62967
47054
11625
81221
69135
73393
99351
93935
62503
10095
18188
36016
28596
7359
2351
63802
62723
28649
29194
1955
32004
56870
82693
97019
43723
56462
92664
98707
45536
92831
65966
55461
47404
11107
91292
86118
60098
26176
84500
41776
26209
93626
40123
46388
91510
39117
36939
20268
77795
48226
63788
59002
62966
69518
97904
18054
61329
86723
13394
55264
15270
942
28343
43103
76088
9454
6435
35775
25548
86922
41316
63854
27557
76704
52750
13811
55304
34747
6369
57792
82656
38830
45306
45156
1400
79414
64413
81321
18722
14516
70955
67939
11519
80321
83638
53793
12355
62090
70221
93374
36357
24040
31167
93801
50177
89251
13322
32744
42938
60291
53156
11745
67700
35253
17745
58204
43165
84527
26040
7183
67663
35732
82485
9212
6044
10632
7995
58651
91702
948
58022
68451
89047
74996
44544
95701
70003
4022
80921
11084
86041
16774
17870
64125
1519
89684
46549
11827
44263
43023
93119
44509
35559
82281
84454
41291
68173
42514
95429
40440
47180
48846
71257
42218
85150
6442
48328
47409
66688
58011
43221
11580
56063
97974
67291
46313
20743
70869
37653
84935
85237
77052
91078
79334
76225
23733
9958
41979
65135
10581
33118
29284
829
8029
77947
59751
66135
23091
55348
62388
4742
52956
98873
2746
21228
84607
28888
40222
19737
83598
40860
97546
59635
7329
18279
10916
54838
57476
91954
28976
29594
39749
38788
34010
47785
69010
57897
26512
14257
92380
53510
29036
88182
12363
92806
55600
27588
850
82321
25123
40293
98457
28995
67633
82214
40298
77509
61651
31469
97364
87926
33297
78262
2625
39328
39088
15082
9726
81435
57197
33720
56251
45354
25299
87275
25755
51140
1972
93259
98218
54594
43069
85605
19057
43440
58210
49746
90860
61489
19101
66800
62128
52913
39746
38409
39586
21222
84132
316
82860
63041
77532
94285
46512
28275
71359
62378
84628
75493
17157
74611
46329
64993
82146
74036
44888
80876
83070
61952
74369
62907
50815
64868
2392
22245
81886
50257
55573
56347
62261
21338
58377
87601
53699
92183
37631
249
84433
94518
49534
85368
16059
82950
61382
25175
56571
87766
11523
55406
10288
41761
70082
30179
21606
99268
91687
55852
66604
84737
15074
23452
52023
50921
82679
25336
34109
64587
95681
57070
45289
52566
21869
45589
17114
6247
25132
35586
98493
80062
30586
11651
89177
51289
97615
77631
57706
2450
29503
10349
4381
57486
10533
46699
94632
68917
90029
955
42051
9730
47992
625
93512
11007
7427
12561
77066
91044
53399
67337
25721
31051
98064
16320
29017
22238
55635
94388
88353
95696
64022
51923
48535
72828
86738
4789
9694
95338
90302
73916
40606
95785
28425
45437
90456
27540
87514
14051
48375
18797
51764
58391
28716
54313
50831
98396
51179
73497
22932
91689
69886
63950
5750
39089
38852
91663
25140
58246
26393
54882
83282
68898
42562
61737
4336
37844
24643
71627
2417
65023
16978
70236
29585
34694
8497
49365
2774
28132
57900
64579
78580
92175
83373
25448
31987
95034
13931
92897
64834
63309
33868
95100
13853
94033
93116
88295
89354
20448
98736
44216
76738
43123
73372
43058
3938
20344
90765
88885
92873
19114
91900
89004
23540
11589
6984
54553
6829
35723
16137
49107
6207
72941
5214
83289
57837
56850
4050
91107
97887
5019
45828
64474
49033
38680
64217
11224
42982
74971
51588
38246
95210
56647
61656
72488
61219
67850
49391
98754
53932
95444
77652
44547
37463
96240
54923
77417
77513
16755
71760
11318
65334
42067
51300
47040
41629
16428
48950
40574
54397
61809
11483
98027
47981
14542
78832
65545
33641
95877
61208
2013
85090
74686
636
71340
43210
23141
31022
19904
13101
53579
90475
17923
48053
21303
11731
17671
11441
94410
89919
90925
84930
17667
53287
82391
84133
19653
90644
84763
88657
98601
51178
18045
72056
64353
25808
6491
73788
40185
60699
81613
49990
81161
48704
65595
7330
23301
44387
75127
29810
97724
45040
47087
34131
42644
45019
55921
13865
79734
59314
34853
77400
32154
63307
5185
42223
74719
89887
30186
65124
89312
21010
77274
38083
26272
99996
11387
94616
72871
58510
43688
64552
81886
86523
26970
26454
23292
19004
65470
48352
48355
73112
35863
63224
63695
62409
58530
89573
64256
26172
144
25634
58066
84679
4171
90052
43903
91473
88387
81476
16913
61961
77385
73330
82623
80096
62982
35910
33996
60543
82590
21842
44728
13318
88668
52306
54769
67958
16837
88559
40325
4996
82275
20645
28283
31853
26314
36713
87129
35456
25542
33591
41173
59178
14172
19183
13554
96493
90219
41422
65069
71345
40314
14074
42527
97481
3968
54578
80755
3289
39154
58378
56752
7176
44981
99606
15647
61405
82186
46022
32175
73857
23371
90856
85291
61746
28528
97633
57098
14221
93132
11431
58682
51150
81665
90408
6589
55690
81228
64792
73761
52254
18754
45271
80560
31191
12473
21852
41440
49322
36899
21980
73854
26749
58955
3529
54504
94263
19333
82985
75199
45626
79252
11157
38396
54737
57959
10519
55497
50897
61325
30907
86976
59742
37237
31352
80274
27893
76617
24060
50129
26961
15106
66113
45718
99677
58046
63577
90853
47740
3082
60334
17101
47821
66194
97650
34380
16784
68005
54984
94740
82227
44773
34002
62160
98666
69366
73787
42231
44281
19448
47774
98834
50050
34976
75536
15804
63664
92184
61355
36751
67392
18661
76296
37536
70988
84862
66042
18514
27968
45862
96078
58345
75663
87426
58841
91516
7543
76356
42117
52249
39270
89793
61551
90313
22373
56634
37333
14430
21946
10048
39905
48301
62918
62852
4379
50676
33480
48213
94856
23212
59541
53678
45935
57007
13109
76432
79234
2946
20423
83622
31636
38230
50307
82453
44335
24107
73754
66661
2052
45856
99839
21415
4132
13086
84684
61862
69832
62145
65591
35129
16043
66518
22306
29750
6748
85660
97005
95254
9801
38571
82363
11718
37695
16603
76349
3625
54035
19650
80621
18886
52217
40172
89320
93565
9877
90812
61975
67682
17412
24973
85089
81674
43964
46214
26533
53136
84705
3137
69013
25727
51437
14926
42378
42651
38531
48004
77929
7754
17138
16020
69562
79721
9094
98611
55864
12463
63259
33331
45515
20505
12149
87500
48706
53783
86782
5219
87138
92063
86264
78024
23644
31460
37740
12378
8463
14894
66980
87364
48041
88067
76989
33110
23284
62748
23749
29357
12610
66018
5182
14917
17085
79138
5410
59694
76621
35879
49072
85783
25780
58108
82093
72745
62118
82390
89083
56556
44706
30927
64271
32912
78471
95749
75633
38205
50898
18906
11996
87214
69523
92942
86775
33102
4511
28944
63131
60268
40548
48551
21881
34204
40837
58645
63318
86
58758
19691
87049
56859
13647
48350
33623
44059
70114
11368
7425
68817
55619
87007
80575
46872
694
36258
80250
32945
65308
43103
77863
73163
65736
84727
29224
88831
25500
13346
40134
85906
43939
68086
92599
32459
47859
20805
96659
11057
49847
64757
4136
8097
26796
28549
93253
68179
87591
63889
61926
28870
10796
5965
30138
75096
18744
28660
45056
70065
60146
25670
8297
46791
98656
61801
79962
58949
64233
78913
91507
69908
10849
69851
25825
13747
97428
98722
90383
71269
45148
553
49384
56675
32132
5704
95583
80621
67858
39052
32267
46552
81558
84302
70177
60849
83280
6657
19317
97724
25613
12787
79745
33932
96025
9824
60261
75450
28673
53903
41920
58382
7599
29201
47167
65369
55965
53430
24587
32191
77802
88113
68734
18046
2242
57938
22308
36318
27890
78260
89149
67965
86127
81214
41779
21868
87630
79647
62246
55280
79666
56029
56501
69340
6506
60955
1781
77873
85551
86755
57716
80442
31869
9946
84118
16370
49784
58657
80375
43643
46484
70478
7431
28126
28646
48239
82053
70582
87682
46808
39949
69541
84294
62747
86001
54535
95854
48340
6881
88725
40591
55159
31914
91510
62595
25779
81547
8889
43748
77098
14822
64780
96485
11311
96881
11067
67227
928
57832
94386
79285
54318
85347
40744
94445
71203
66561
10783
11162
19360
15432
23011
62288
93328
42185
87056
29222
90408
78515
44403
46004
73121
54401
93113
99987
11548
24055
15696
27492
80392
4772
16530
17830
35358
89495
49943
16264
2895
53753
49985
96905
78509
77617
16889
76118
25264
39774
73461
64038
44431
3038
81211
21486
69011
66638
54347
89753
62073
56742
24318
3850
12633
21646
70194
64361
18709
92047
43845
66794
74744
49643
88633
32569
57170
55559
58598
48849
47912
87791
98978
36017
93883
34307
46266
21347
70176
22825
930
60478
16702
42556
60333
36803
20577
76182
28411
44217
57680
63882
19283
1265
35939
23064
28366
81675
36946
86915
84728
24912
2183
42295
70811
44027
1299
70490
93252
98672
72140
77130
41024
19455
49829
19666
90678
24656
43899
7234
89829
56740
80091
11720
91407
2531
70568
83235
19430
68590
21531
27365
73488
87777
81990
72916
85173
74626
10860
78766
34036
66978
95669
20329
23674
89510
22535
50459
33341
41386
19500
7512
94746
8772
6360
25250
10423
13013
4484
60719
30091
88617
74883
8196
90359
27072
70887
65002
87286
87581
11298
23638
43892
34958
90066
19196
41635
61775
37318
71761
94673
39481
72880
33359
1762
42469
84296
51732
38515
62492
32188
89299
65818
28585
42651
75220
52279
81598
91997
84958
13861
16557
73582
54984
71493
72045
1767
28283
41385
695
19158
7644
89705
63165
69456
43761
36300
56004
87376
17203
63001
916
41810
90331
66038
84678
88303
61770
52940
27737
9340
96969
11775
43585
59122
5625
54478
92336
32441
51669
44739
72550
88887
35671
12437
93576
85771
87230
69120
45026
54898
37062
63863
35282
94397
35987
37507
30187
40623
22340
99579
76643
10363
14268
90831
3225
61069
9899
3308
32508
40618
84906
70110
28573
94066
45326
86472
20084
78145
17562
35762
59815
14689
9059
43786
7515
62880
53329
59928
56711
17160
87663
9907
57844
49918
10089
58739
552
9964
25355
37394
23245
5120
27955
46019
95954
15058
83831
11091
16125
99254
77873
54235
12889
7900
85153
21856
22279
61894
15973
85719
35344
61891
50121
66183
43487
15499
92225
94718
59411
89549
39334
85264
95907
89057
75863
46939
25406
69916
68484
98832
89161
30967
97934
383
88143
7348
92776
64544
63933
58285
21977
6379
36238
15860
72488
12213
17045
88207
40100
34973
57599
11328
49681
70532
14120
53503
10784
17586
54650
73804
82662
29288
52536
74530
38850
28584
93488
91507
58589
7166
62575
1069
24841
37576
41510
99414
55336
18609
5289
44477
23924
4698
2712
1295
63932
61418
32232
34882
1351
68234
48125
29701
1151
31379
90345
20550
9394
96844
96929
5436
99757
42519
15981
99086
63413
59429
27088
55575
1322
16952
12913
63439
37001
41596
60385
3635
46875
58620
66724
15918
90290
95918
39792
55712
92515
78328
70330
18360
8127
30031
18761
45376
41951
92199
7901
9191
18180
72525
44814
21164
8973
21747
12131
15672
91714
7154
24287
28488
34510
80772
47042
95442
25631
40162
71903
19107
44750
29128
68112
32196
28631
3070
39644
1935
22030
25493
12122
97853
77426
80246
30174
9726
87489
27613
20550
87495
63667
15323
91245
66874
37645
2502
75394
54132
89713
90892
44285
4130
53641
76615
69162
61046
67374
82330
4072
75260
94881
35602
77462
94559
17928
36141
70277
41003
81535
14105
83369
75099
79627
92994
53179
47008
47890
99452
5356
54005
2751
33464
86531
77372
80525
62425
72113
88257
93969
12409
37694
74320
69261
88574
52851
27063
43394
23698
4023
37799
87902
82403
93749
91175
82110
23073
21015
74097
84666
54062
52083
89269
36888
67078
96371
38112
90586
95235
17193
53048
32711
70574
55916
19765
93861
86439
20785
18484
21770
54856
71392
85852
4227
80073
26404
7811
80940
87912
25855
33501
97941
19454
73531
84424
57836
21356
43329
61580
10020
20021
72026
73042
76019
92917
62953
80751
96990
29095
12233
54718
30774
59312
4223
43513
19346
90964
44733
78559
89113
31135
37863
59086
40076
49671
42819
76403
35703
40695
38702
70155
30282
54631
17769
20744
94677
73483
23551
81506
65419
82485
66247
49482
12295
99809
2332
79352
89768
25033
27895
7605
56213
82749
91212
14446
76408
32901
34998
55801
93006
6976
47988
86000
46677
58515
36913
87020
99922
15211
49312
86574
57130
16902
98480
68647
46473
29492
52288
59757
79595
32791
50675
29859
78468
71552
34065
81069
27506
64934
35904
24971
32327
53765
61383
66075
9842
69892
51681
49805
27163
71483
80251
4937
30216
8259
60726
4323
47910
85650
98051
45693
19328
16024
22036
70731
72379
33099
99347
23056
51630
43231
3337
18278
97787
94290
30622
39069
16312
98254
56260
50693
2391
91441
94825
53140
56650
7890
5318
56400
38606
24963
26628
15211
9006
10151
25848
45708
41938
96138
10491
26480
55054
28239
30408
36524
70050
68738
37339
94533
77589
93989
37856
35307
5306
9140
46493
8005
45387
65993
5465
21451
33865
2132
5547
41722
86088
34423
69037
13337
54738
78731
54155
36795
55568
11619
68737
79559
60080
7932
36504
90683
79330
11669
62650
17149
40825
16980
40305
85316
53183
14228
80027
44710
85325
28030
32977
74586
81129
21332
27298
91498
82793
49050
97803
74277
22274
68699
61002
18043
11744
7629
27358
55969
81358
57057
38580
62946
78278
42614
60691
24403
26637
83526
85698
69082
37351
88698
60439
76765
26079
89940
47461
94649
85377
95052
73596
71052
13177
94448
37321
42365
29512
25437
37680
86863
46739
6841
91147
49816
63311
21834
56167
22813
59911
15498
74464
87306
42826
53864
47512
30240
22276
45670
10174
57199
12162
48517
76153
3785
38057
75191
95729
14613
17204
25313
95681
58461
78534
52169
87389
7700
58421
54572
33262
60294
4587
33429
75864
30073
74957
31796
57971
49854
22479
69196
53928
10741
27616
96147
15649
42985
97197
7624
39576
97808
84984
48634
74714
26455
87769
95588
13492
71010
72897
9031
81297
3269
88354
62692
53056
42691
7625
87324
70304
4908
5067
74610
25332
76890
54838
64675
30380
59533
44401
80556
9111
4953
65457
9120
36822
97420
53464
58905
1709
16648
47343
33482
61685
50255
84509
39500
99083
52684
88522
98915
62484
5189
86483
59353
60646
33737
70767
61044
15337
14477
91299
33286
99908
36004
45122
40413
56816
72527
30894
15818
45247
19017
28914
52310
26172
93855
59092
76459
31544
40386
51217
44133
25105
3823
33356
81966
63044
97037
20213
28323
17789
47837
59000
89756
72344
16345
11239
5198
87082
66866
39407
35217
55682
62456
31021
36591
15852
71767
73704
17457
87891
26643
91902
80981
63144
82165
1715
39270
54603
89457
52190
4194
62341
63445
32326
59163
2391
93883
2922
87340
15515
45300
57151
11673
85069
14344
10380
60119
14614
4073
96573
38510
7215
65846
28946
74674
45137
19203
11077
76439
80198
42077
85485
2299
75166
83245
70529
90687
95843
1122
35998
11654
28498
74617
81154
22621
54109
73176
86963
42586
34344
62337
16936
67685
25119
79707
92267
34438
97942
30955
53750
26499
91167
95181
49025
3316
10408
58423
98599
2038
89150
23573
9779
19226
32480
46884
19964
47229
68725
43117
59657
64399
22960
90975
5840
74524
5958
51380
77152
52719
45601
70269
8085
98898
69389
3384
3838
29654
44897
54557
86233
87113
77773
94535
77687
35650
82052
92487
44440
6227
76597
20893
45982
84812
75802
68741
9543
13083
43773
35414
81906
69773
96333
9754
94659
8697
21679
12979
79334
28402
11459
48055
11900
56359
62727
39679
86326
79098
93081
20694
88508
60672
41048
69672
24128
88038
42
85482
84272
15419
28214
75581
38113
91033
49372
61684
61981
28041
4943
73865
59178
9942
66980
29515
93372
286
29650
38074
32958
72842
53544
64220
90306
12769
61242
52915
10501
37926
16208
92171
89804
78514
96093
92570
28430
93436
63267
93925
50522
82735
76157
7529
73023
87696
19316
22695
88415
98350
55590
19793
67983
33880
95185
9307
82824
65744
83774
28350
20235
64109
89218
87305
92608
97231
71182
86923
97283
11247
41261
56144
37493
48530
61096
3126
65072
36144
80187
38001
54022
76822
50315
35828
81192
29390
90840
27159
89820
62835
57037
41983
72737
45080
14940
51177
56695
42969
76600
52749
36923
9079
6947
73533
95173
78562
99748
37345
58762
92683
30129
23145
31891
1453
96616
84152
30619
40496
22644
18434
48817
11562
97153
23475
95283
86855
14025
15095
24579
68766
6656
23564
34518
62642
54069
22160
71108
90922
35434
88414
28446
84945
219
22340
38979
71223
72250
22055
9815
52174
87700
49869
79011
37052
32765
66849
74942
21118
64228
97762
78403
14604
27067
19157
63891
31111
80265
34900
17191
33998
71335
783
32293
94059
20645
26859
21536
64638
73919
2729
35685
96853
12016
89443
37893
36661
90436
23329
24462
82337
63819
87316
97981
30127
98454
59159
6516
83954
45817
59368
33621
8551
49104
75987
1097
49040
61720
80896
7281
24332
99892
73510
83436
77944
77515
55232
82847
46795
54639
6698
7043
99948
25297
13860
53066
52390
76471
37714
11306
16455
9667
66775
15885
85464
13785
15680
39183
25554
10790
89370
51672
96604
50004
1755
87717
53093
62506
22264
20422
75896
32593
71212
57624
340
78465
60729
78150
65571
78047
23692
62470
9731
35675
25164
43520
10919
35407
62158
9416
34787
68042
70703
11004
65097
17565
54461
27749
17207
34738
46335
13645
66842
69937
36482
45413
49976
95899
55948
57034
5567
98051
17710
56781
92511
72707
55942
55990
94974
36283
75597
24100
53748
25271
52808
40728
50838
99875
8999
26346
89624
31478
1670
75356
9269
29990
13677
67723
23260
2857
4965
82264
58301
15351
51509
34791
87721
74472
69586
36622
99067
41700
21536
89478
35783
1585
41024
50987
49097
57252
39781
50766
10189
16555
92538
19524
30656
60682
60114
35025
26032
61267
84307
17169
86144
68694
11634
6962
65151
25186
10360
26517
24465
10719
40652
47720
6875
17720
18874
58745
8443
88396
4551
17805
38470
66067
11867
71940
97931
37564
8105
34718
17568
94372
64785
73552
58851
13965
32302
96896
81768
91226
29018
51738
25908
28091
74116
39313
11015
10135
10809
50089
58715
30420
51161
47056
5529
20664
45183
24667
63915
55072
28408
11100
33843
44916
84091
59303
19815
65747
77184
27139
87298
79666
58425
70796
92228
48038
91343
90909
45428
84264
46698
66149
82828
52067
89941
83435
87640
58805
4663
58062
51280
97463
33494
68908
25899
65095
29115
41891
11508
59118
28245
56085
90106
75362
44125
97552
37581
94335
26926
18668
29874
40585
73182
22427
3618
76709
69729
42542
98211
61699
52894
66177
32444
23229
14755
21320
5068
67232
88536
20357
85538
53662
83534
14895
55751
82494
70173
94342
31626
12162
92491
52794
72049
97104
8552
61790
19128
49483
68323
4280
45300
48361
26412
65235
53462
94771
44185
61198
70833
60098
45984
9642
74817
53881
11165
34742
41938
73028
37636
18247
40596
27280
91208
49588
41057
22517
70926
33905
24309
53714
18684
69868
72974
54372
91857
7109
54921
5726
15809
42956
21195
12740
94678
15336
96525
7930
27354
56857
8238
70454
21409
42034
80273
41383
52277
12679
99545
91731
89602
29187
65093
89611
10948
1341
33588
38642
32536
47096
60839
65171
53711
72522
70249
14754
43488
47281
96961
45130
91569
12546
96172
63620
31131
58851
48531
8410
27764
29549
14801
25339
7009
44799
78208
98044
59601
15612
27350
76545
15547
82011
36932
22624
8558
72495
71361
36880
80732
17375
40272
46387
87122
75568
42483
69729
42792
323
92061
47155
50044
81600
84366
77090
10347
52012
7343
38908
37027
25607
63340
78937
38865
85816
7560
97995
99142
5948
47376
77162
33567
37084
83911
86138
11010
41463
39362
75757
49919
62045
6683
26320
18274
43629
71277
43974
72549
85800
9381
2534
91028
93646
43745
74492
76840
5623
4414
77084
78487
8394
53609
46211
82065
51888
17024
48018
90825
55772
50770
71231
53867
38484
25867
12691
27325
80873
66624
23303
66359
23196
76487
69453
54544
28936
24670
20854
84132
11265
87960
56792
17047
16114
37335
63727
4142
91887
32414
36392
35121
7168
13688
54305
77286
86478
77018
89294
27036
86445
81296
19864
55272
16409
71041
51648
30314
34706
96434
64429
14065
20819
92494
2806
32343
44336
55407
51912
45669
155
87150
40508
51960
88385
97204
66377
88072
81762
31735
68126
91366
28046
84604
60688
87437
60022
88696
64548
87101
19385
3830
25223
89566
76076
81588
84690
609
48198
20365
84686
785
14923
49847
12121
73510
83463
83945
96507
90679
91656
76515
94757
54950
67176
35362
62584
20508
45332
17643
1517
35701
81567
91232
32878
42338
49617
7334
53827
86517
11376
64403
7788
79862
37641
31864
87251
41994
46587
59591
7043
25070
60054
31031
50982
52396
59483
71064
21992
66011
95923
65091
34029
11058
99650
54679
54669
82451
37470
56890
37101
3792
82687
23469
16643
31648
93864
38232
39913
15289
81643
43286
21570
74361
96467
16258
11178
50532
20639
55551
11851
20854
23180
22848
34291
11342
92576
10644
20571
77319
77988
26452
75896
20639
6888
1706
24942
113
30163
60090
88129
34158
85501
78821
15197
55688
29646
30002
32667
45272
44231
82585
31085
22111
77022
2813
66247
91668
50597
60670
24026
50034
14663
13906
49910
31327
77483
48185
38525
21255
33809
85559
52288
55208
30434
83253
70346
44820
83675
58731
42829
93065
21638
70548
39698
16919
93512
24779
82310
7063
59030
3029
87251
84196
51688
22345
47589
87058
2864
80951
52421
44670
29530
55237
11145
44361
23227
35265
72598
92177
83830
50275
37770
54609
78447
67757
6394
31408
14871
17229
61239
11264
19914
85169
91966
87428
83784
79316
56236
10512
21518
15507
50667
69397
44459
99985
40175
74662
77311
97147
40446
47878
87606
45248
21030
55283
28299
68290
79184
90397
89271
83133
87119
24402
65350
15567
81817
25044
31258
35712
17455
47327
49359
78191
5550
48935
50537
20126
50240
14358
41209
48305
49418
26691
58525
18933
86505
41629
95603
55462
44796
29104
82493
56148
96636
32315
91030
41200
42714
47366
73692
77079
46204
60360
14098
54272
47315
75567
18883
59377
90483
54174
79842
95068
30924
303
91576
3415
57421
44047
26069
80482
1239
57114
70540
53410
48201
62199
17650
10669
31384
52594
47743
55800
75663
10871
38153
82314
12866
99251
26072
71799
1023
52835
45082
60980
76709
46775
61409
75338
88994
23005
13453
82437
66649
27389
70741
66630
96630
53455
3598
96176
66589
56239
16021
57441
90655
85519
97924
27844
17042
65659
31421
12675
76354
32969
37662
4747
22688
99966
57043
59507
67386
58590
8835
56871
49801
23677
75100
37088
17407
79776
5725
46108
72053
22739
30339
64381
96154
32056
70622
74817
24798
78983
11532
24974
10392
62996
65622
98444
11628
92557
80287
90396
36598
80926
23488
82014
82170
98647
91054
44160
7999
15954
58538
75964
52540
53206
61947
64760
16937
19746
66425
45388
94522
88141
87371
23259
6930
58268
34566
31908
22964
63182
95352
23812
11820
47700
79713
18981
65886
98894
57427
78241
48513
63634
59988
28250
20395
36531
41593
57815
10112
29307
26596
89680
67619
27122
61417
18718
97941
43528
48121
86925
80053
61747
55636
14728
71792
76318
75433
75184
87192
78819
51326
48713
44236
99282
4419
94540
73762
49218
93371
47547
85025
59530
5483
64745
91805
79784
73120
60141
77925
4438
14811
54607
40331
82214
50772
98819
16320
95486
61893
99089
85826
52968
23840
95089
26199
57305
95629
39425
45693
77944
15453
37714
11334
42721
47327
78519
7261
76776
86367
35471
26803
32295
29803
73479
85204
33050
30906
4006
46179
94152
84243
55664
23106
73271
36464
68024
89303
20697
69975
92601
73997
14723
68010
93330
49667
70835
8409
84033
68685
80130
83448
38740
74039
26829
97570
39636
72
56851
62507
74813
12666
89285
85493
16846
13487
10818
30614
70354
36347
39139
36207
5097
52568
47347
58741
41224
44325
6605
78402
87534
4335
44013
48986
97573
20802
85074
92802
61095
88303
82512
8005
55729
19796
95345
70411
15456
38887
19098
96825
98117
96158
61901
67080
11023
71072
52712
12920
53852
66723
79491
18969
60896
82392
8662
8733
14198
25768
82275
53265
66264
50106
3406
50294
58454
79078
26677
22193
71978
98331
50991
57470
5696
52072
3402
27386
71670
69780
81904
42531
50408
44352
61679
90941
10524
207
23523
23789
83683
26738
3810
45856
85663
26704
36759
69902
53152
38780
67112
63069
47261
70756
78527
59907
81302
90194
88300
30639
90912
68159
69917
21883
33134
5210
62168
81250
28574
25683
52904
8397
89162
17674
44851
74141
92121
93788
70073
64832
31490
27697
56995
32386
73353
73273
73255
43207
81884
76651
84253
33017
29299
39451
74594
30340
94994
88269
51052
35591
80807
80661
6205
9137
99414
81917
97184
15667
56137
97309
95447
3165
39694
45336
5734
68867
16753
91854
16873
64403
61772
63865
79965
96622
363
91833
95550
37533
94479
68751
57370
93121
12726
39231
33514
47883
81263
94745
54264
78817
23835
71812
7419
58641
82159
98247
23891
15068
88514
73078
38411
80287
70398
91800
7582
10068
65821
76143
38606
18443
62578
51811
14328
99484
11609
30869
35105
30949
69110
55430
49811
32078
57803
58906
93017
46805
32809
21544
40217
45980
34099
82756
61887
67247
36564
49852
49815
16525
11271
88598
11545
66406
42555
89761
7197
82180
68102
91408
1690
66056
45954
2502
7233
85219
27732
84547
80265
45569
6164
749
7053
4626
8370
89438
86946
87998
36036
34321
38868
86940
85038
52530
8879
16031
68519
84385
50202
81846
28034
46731
87777
62709
3119
39754
37789
12328
38120
13932
89534
23944
10673
90528
21637
42984
27040
9607
78124
7628
62101
67375
77256
19184
20103
3302
23992
40551
78629
73817
20856
88973
16826
49285
51441
81746
17802
15156
97330
53749
50877
77316
25812
56514
42969
33616
56950
61113
5368
29538
98033
54918
86861
72308
42085
46818
48895
16021
34821
50222
89962
13922
998
18115
59032
47915
8804
99556
45072
76229
7481
26909
48848
90453
13128
62164
87949
75792
38551
73099
48336
18116
53897
59414
22545
81048
93578
26294
68843
63532
57507
30654
94407
63007
32427
32615
13184
9739
96282
26738
55057
26909
46274
81344
21487
74596
31023
69555
96738
40380
89855
37116
21801
82193
91642
63027
49469
49717
20531
64921
14974
10248
33346
4108
23237
30332
53890
5751
99628
12150
18988
99101
16491
19271
71432
4300
16904
81290
4450
17420
25370
77585
57817
80962
65598
77244
73328
60010
10322
58731
6395
58878
92487
9046
71998
44898
12981
4348
67395
51226
31493
12429
27102
88257
12460
96938
664
46728
16642
45929
13740
78872
19859
65532
66542
82583
82751
11228
36898
7145
31582
45616
39700
28697
5
20445
92468
68602
44007
75333
57012
7300
24370
6625
9701
48648
74272
1864
6643
5477
91002
93878
37282
56128
61270
48205
11413
12369
14392
14303
8408
78735
56359
49701
52522
66726
50762
45834
51626
32998
47428
20323
44202
59926
76874
14617
66293
45596
36413
55888
7141
2933
26960
85294
15719
92471
77955
25349
94129
93731
67439
36143
68044
96719
62536
37041
16855
41460
76846
93338
16973
64596
32673
16322
74016
15225
84306
82003
48853
12199
27223
55376
54564
72473
16821
44644
30954
58899
85467
96598
71792
91564
67309
51320
74019
6482
31349
95952
1832
40510
49614
58404
54070
34067
14669
43682
96889
75948
83694
47646
65860
97177
53201
44085
6184
25265
69553
18817
5112
58656
9678
6983
47369
67409
86083
8268
55672
59648
67626
14741
21963
90326
35416
7404
35247
75859
67832
14860
16708
78395
54130
54974
66437
90216
70674
16858
5
7398
38251
769
13020
50503
89013
85692
58373
70097
55979
15540
58809
23861
96972
74215
23528
25541
52879
57042
83448
8829
77185
86062
31179
57400
27581
2073
34425
69935
33980
92048
73570
35827
75380
28
37546
19335
31084
46302
68454
39739
23669
60679
6634
69909
24229
10670
23710
66080
31034
25495
50814
60746
83741
45475
58993
59601
96908
16051
49926
98182
12510
92052
93646
86546
11411
52048
3140
78779
66115
61369
23487
55301
95291
71803
9688
26247
92457
58127
16297
13152
46206
75178
29735
21651
9071
5384
92552
51722
12038
33726
97556
66212
40429
72426
12605
42508
12049
98562
73067
48206
30551
72186
46892
26567
65143
4248
21556
10206
92335
93516
84875
85560
41101
51220
81924
85339
23174
42746
47715
56763
58358
93989
34503
55604
41867
93488
40476
7869
80420
34120
56257
66459
26172
83473
4964
77488
31511
67677
86936
43015
91510
74594
7243
40109
5258
25365
68184
31491
88072
80209
96498
32000
61936
64937
11375
75497
59641
51785
81606
58622
77487
22250
52982
11431
57964
37573
50038
9477
64573
9759
65414
55347
99427
90945
43626
89292
84548
66180
47120
59622
13702
15425
56159
5690
21613
74677
5594
97992
43167
68626
36245
67510
38954
33517
47017
29502
67070
20696
61157
246
28938
98995
35540
27265
74080
78359
27743
91925
54029
76688
72618
40613
14952
91757
19332
96891
41790
70455
94866
17911
21731
12009
91777
93940
92012
25559
86161
10352
13213
34237
44459
84011
82217
98596
33099
85207
96086
91232
12151
18681
79212
62525
20105
77259
50777
32471
61877
55358
3205
31337
38502
82851
11717
19363
14746
21858
32515
20881
48278
56430
66335
83647
39167
16222
80886
15852
38676
27657
60475
43764
53913
15026
95324
37786
42884
42658
64050
95681
68905
90104
64744
58931
84648
86429
3803
49777
11249
12147
36956
52793
1004
77946
75950
6123
53787
93742
86792
41219
29353
34778
50785
44940
82774
96990
15997
1636
97027
21929
18088
37393
76586
6210
34404
54905
50680
10572
57027
16197
74592
9636
85080
89756
38496
81265
29891
56213
14782
33822
87837
33042
47003
30933
99636
62094
49944
54677
83013
63819
1295
62163
77050
38809
7102
99771
90609
82577
92437
91742
29212
69125
88283
59139
96113
25393
40597
38483
41102
58937
717
11371
38962
17517
67894
75280
21494
15027
49018
94540
7179
98947
62221
91605
56614
84568
40454
91826
89026
23390
10123
2967
90099
29548
78187
71128
55770
97792
20510
65075
75545
5540
32494
93372
13957
32836
87386
38820
11058
90593
38182
15557
14122
65549
25667
71235
27677
23390
85049
26885
34098
33410
23673
51686
84169
63715
65927
6236
25832
68337
66254
47413
64709
13855
7517
71142
40333
49789
99177
16228
195
13428
64524
37850
15954
33391
72620
9592
71603
15256
7332
98012
24675
9082
45524
19551
22472
27711
26103
46183
76452
28566
52835
26540
93081
9011
16622
93345
97798
284
72447
42880
84980
86957
41651
16098
56205
46959
79865
97985
7305
72842
18951
21286
35095
75012
85781
4210
19520
73461
21143
64336
81391
89656
80147
49377
70602
10362
51420
38202
12223
65090
8593
35603
21497
34883
25715
97718
38251
85898
19304
46699
85324
49863
45453
86262
52349
59623
16601
60245
92576
11261
94920
10775
15070
6933
66267
50250
82208
95511
27571
20355
96711
22848
65094
36089
629
42209
1174
16853
28650
13420
93402
99759
51926
28350
68381
57831
14287
98242
35752
8577
34275
58293
50920
55644
9397
18765
68631
2231
62307
47915
28016
64615
43511
41184
90880
14653
86211
38666
89060
81554
45538
558
71770
67306
95810
52515
57090
25286
72655
84831
1298
81255
54350
55271
63556
63389
2572
91200
85100
48211
83120
34234
10986
71622
70517
19407
77978
78945
96164
3843
52984
21962
64336
76469
31580
86481
29205
26641
71862
37446
28516
27414
17833
31987
15342
19567
18412
40467
94891
21728
97179
42323
5017
36784
63230
61944
34560
99746
70444
15494
54980
5055
87737
39065
72175
92795
99533
47625
3955
4485
99076
58028
69620
95969
95505
54803
98701
25822
77193
75321
72579
87227
2908
91684
26164
97716
3664
5327
231
29779
52951
17430
58348
52375
10844
13927
98170
38589
45417
76190
3783
34092
94116
79313
6406
97896
86272
43384
9398
73192
72621
92334
48413
46528
87842
13955
7393
99668
38441
90596
54932
83784
75956
53261
47062
81452
89171
12059
68037
41508
37975
96121
5360
96933
52902
78756
31937
14598
19907
92143
17359
63914
42748
79226
54454
29947
56533
84787
31337
27251
36158
3882
93220
78072
97587
10577
2319
32594
13014
43258
74688
23666
48353
46980
83144
71979
71053
44004
8949
80651
73298
26227
80210
6930
61942
11989
55625
12679
16200
68425
46577
46207
5777
21925
74600
54857
85239
13557
22529
9381
94916
33046
10681
70708
32915
14259
98320
3961
88179
26294
79574
35683
4694
42265
81500
61377
51142
49352
11494
24475
43683
40601
47075
82621
37229
40060
11616
24133
44487
36250
52237
15257
50135
73769
14874
47277
53645
23080
87474
8682
73968
59218
15910
69676
37880
93794
28194
91361
54167
29462
81475
62854
4505
24093
94061
94979
11820
49233
24929
49600
78435
23472
37583
70777
41713
92294
5543
29605
71628
69660
78006
19414
80895
361
76669
94260
52547
32257
35241
21636
17241
33862
185
94490
44599
59340
58607
60083
95658
60777
85063
1865
72642
41648
96138
34031
62917
93943
21210
87242
84002
33999
68530
71605
49847
50229
79968
90485
13663
1917
90306
90357
96266
87018
51906
81735
86305
51368
646
58587
19239
97515
86198
22857
71041
61729
11413
32360
29353
63181
30980
9387
73754
20499
97982
237
85980
76862
28923
81935
3427
27754
39446
29993
92445
14336
53587
92745
70082
18345
18442
7074
89413
52304
52864
69541
63859
53619
25529
87960
44197
13137
174
86942
3245
20864
85597
16929
54086
12582
71086
62226
52321
84230
41397
63180
65820
22248
66811
71769
55187
45085
22686
65983
43146
75230
24083
35798
52064
91371
86660
76866
96284
94444
1414
