31792
24210
60036
91224
42060
5419
79372
9131
98021
90479
81648
96238
27895
88275
75252
74882
21910
18655
3005
3713
83382
25506
38948
51632
59874
93897
54517
11991
87506
25325
69995
24146
64213
77579
83436
21499
43445
37642
2165
79636
99521
61257
84739
72088
90863
35440
12781
98330
77982
81011
45848
8910
98497
47020
19344
45539
88650
20485
1764
34832
51291
33325
81345
63472
99116
34403
63490
208
30912
39059
51301
8070
30868
18079
1563
14610
32265
10553
16777
12525
89533
87242
18423
95160
25640
15530
15718
24220
8068
56397
2812
41791
51001
50511
66654
97459
28059
79956
17779
31329
99330
59747
6930
48303
75725
19784
63708
27409
64663
94083
60988
47625
36920
34427
4478
19828
41901
18665
73551
90011
68345
28334
50670
78826
97176
63546
82126
1835
63126
66781
98424
8223
89970
13033
19034
15378
31064
29196
92374
12782
47034
88810
72546
91835
26233
75299
54216
55794
11124
83445
62613
69856
20383
9171
4045
81138
38277
42212
80666
34612
60059
61978
93060
31769
80254
44693
45458
60153
65109
80706
36987
98113
7161
52194
46199
59231
18315
2634
49423
31019
92295
99391
16646
87056
13365
15869
59473
18725
46507
64327
45206
66485
63204
95906
25892
90555
69238
83800
53691
1473
680
97065
49576
77996
11052
3487
13528
25480
86614
58507
29258
28972
85434
97712
20297
86517
41217
90420
96830
11173
66798
38281
43372
44562
46891
5031
16330
87613
14970
74571
67515
45381
79070
9942
26169
88876
48520
52532
17810
27589
40137
46467
5329
42364
50122
4000
5296
16240
7673
61214
96168
91490
31376
77029
63831
5750
87544
24358
50219
21569
15103
13966
92918
43565
1296
13834
35019
85101
48437
88115
11457
72100
735
53422
18337
77132
38615
39355
30871
41206
46918
52927
1277
82759
22019
33239
36519
29395
98731
89833
55184
99218
6986
47691
80531
11634
32332
80259
77543
6453
8096
69075
21169
80068
67179
82550
78643
8919
2826
17762
303
1659
16144
17956
62149
28369
66801
50543
16140
43129
77395
90567
66623
71268
99211
56544
95503
9556
50341
28367
13496
74967
48411
73845
91022
60065
89489
35687
73159
62312
71588
3142
20124
95061
44606
61817
58308
79515
45496
29177
11168
67592
65894
43679
58261
94111
18937
20069
21101
31928
7674
46604
74108
82982
84615
88389
3096
83258
24382
38464
60483
64098
58800
21572
33998
86221
94726
33848
19691
4677
61528
18641
53538
71795
37948
22717
29818
61108
78995
70072
27427
69272
45616
29834
51800
84301
53719
79442
91161
34018
76206
51171
79338
35016
12082
58493
64631
89047
15032
25592
10385
62327
19605
59033
75727
62512
95555
96067
73557
501
36178
62678
66714
64530
57668
54134
21897
22695
24057
76390
26326
56115
6058
65833
28823
30999
16624
69372
14123
9302
68883
94536
3179
28982
32195
76397
75237
93699
11000
5642
44883
87760
31071
24545
98108
33943
70930
18747
22963
17137
77893
99940
51041
14464
83125
92193
31361
94420
78757
70040
15040
71549
3622
62933
46754
21089
85242
19969
51831
56245
83890
25575
77618
68868
11277
78951
54271
76196
43284
89545
33402
97815
49145
73073
76024
56395
8831
68784
38842
29607
58115
71575
43005
1067
95122
44799
62659
14800
23092
29993
50944
2437
66406
82237
47287
90835
9592
10458
67275
68450
58221
64961
24529
22306
77372
56159
68680
94028
14953
47239
61200
8582
62210
23494
37008
10744
50304
34247
61056
30676
50863
30317
905
33761
43799
53305
67972
48297
43657
65602
38675
14876
81372
69022
33556
86345
83243
51776
95670
60307
62001
39254
83817
87473
14326
25310
88537
58006
9719
72319
46838
84046
98284
19621
45994
98366
5651
5724
85857
44839
85258
91541
61486
64
7736
56312
99398
20561
54865
38405
9692
58954
72834
43358
66095
85768
4435
65485
26691
38938
15092
77470
65264
86036
15272
42462
73045
5988
71289
11382
54472
71547
14902
40874
11973
94663
46106
91008
48500
59470
68439
89042
90655
31984
94187
26257
4025
25749
38531
65061
19013
38663
44267
48533
78994
37526
16990
8480
86852
33384
40358
29099
9863
54371
47382
79153
24998
34553
36296
58292
40102
66159
96392
21725
47653
59478
84999
46357
29456
60683
13844
37763
79733
88738
73418
71586
56216
74217
21814
97573
1125
7534
56445
84818
32235
68949
96190
33052
30610
82959
95149
80123
5026
44995
89612
97261
37398
63056
20700
32147
36683
81903
86667
52869
58735
46535
90763
70536
73100
33573
55054
22105
34477
57100
9664
2572
31380
99483
24923
12453
85141
8864
78037
91744
67728
71907
90285
1878
9338
73082
66460
40596
43660
69838
74113
20202
85269
12809
13070
9816
50772
43389
91152
57034
52365
87850
15479
37733
53809
34772
2733
99862
25757
109
14622
10746
96622
48798
59483
10351
9911
46057
80388
94957
11730
21944
19701
40049
45631
2123
35645
47738
56221
5344
18803
48535
9468
21257
37530
13153
14043
80720
84109
89672
26031
48531
3465
73125
63808
34171
61674
87405
12524
32358
83948
49695
40087
51928
34307
76371
38701
53964
27418
65418
25362
44692
57294
90066
77138
11856
11649
10086
48182
53861
67900
91877
15916
62295
72785
98456
67056
15493
92479
92619
99758
75288
15341
81969
84854
27242
83055
78004
96828
32561
77981
50135
86996
2114
93927
5018
66673
94401
45034
10822
18767
85619
84878
31744
76829
79479
98858
54132
9056
69037
59392
5463
66587
84592
78645
2467
57972
63953
12013
6717
60113
46984
87783
58946
60231
28832
95556
41025
99885
49629
64343
72914
46218
59899
51960
44716
30621
74128
22619
43238
15506
20194
81807
78474
22459
30921
3645
96346
15077
84755
35509
8853
96534
618
91676
68790
81817
43868
38532
12213
4253
65419
38108
21776
28582
24890
56343
76798
87985
34882
75776
43230
61788
24354
37210
33304
18432
28633
31206
69130
97122
23072
8638
94030
50438
36607
18372
53137
56468
66886
99975
73117
19084
49805
3099
86575
36547
84860
20123
76776
1529
5359
84696
9528
90105
40543
33622
57475
79651
81676
39798
90558
41723
11298
33196
32666
48095
43082
92869
33900
91295
53069
31330
73040
74247
18269
25173
99687
41509
18061
51747
92228
97319
58141
45425
25028
97942
7348
75489
96182
965
2147
62207
52599
53010
40800
96460
26578
41456
26351
53463
51682
9682
61304
86190
53910
30730
51488
354
83555
21333
17978
77038
71963
5630
97505
22819
5465
99911
43409
36171
79886
92399
5995
25720
30130
56066
95087
77477
58852
53103
58254
67803
44189
9223
16488
66786
86642
37322
76224
95411
2344
62031
54972
88630
92203
92260
18638
96466
39319
12051
1357
97088
43191
38857
96792
10377
86627
60023
51306
60798
28784
15653
74378
47655
74319
8456
57617
9315
31526
71134
55190
35375
98343
18420
39114
28661
66896
23077
82310
59507
27745
98902
90780
10631
96539
96922
31226
19160
48225
74939
31271
38140
84677
31245
76332
82275
99274
4101
57857
88944
68764
27273
84632
97884
64116
30962
2939
31887
98184
49884
10624
4033
12988
3968
15213
91708
58375
81005
12715
33775
32533
42457
81311
5944
92138
69515
57636
4620
86292
73335
58132
72287
59295
19160
45106
3611
99761
59057
23941
65261
96599
21983
95685
11174
38041
490
70557
21656
41170
56008
53835
3569
62124
11599
21473
77085
64677
96521
14680
56955
88155
24113
45912
45952
91989
4832
93788
83640
90129
10041
53635
77553
6063
96450
86253
7552
91766
85631
13754
47802
21443
21921
54068
32596
89761
61517
75803
44827
75368
71784
7501
76517
46106
45479
94973
87066
31529
24845
97748
32377
27519
50471
42304
10851
47923
16907
40097
26964
89997
11471
48193
20438
93293
14688
8837
92732
22552
68426
89368
12810
27789
40803
15458
31873
31657
1942
38760
77202
87873
12408
3570
96307
22411
60494
42082
33740
8112
69486
23606
66562
66023
85355
72647
8549
43397
48181
65585
86621
52042
40885
62587
18652
72975
89484
56751
18486
54683
37531
32318
45078
44022
48532
39206
74086
25381
27224
89953
24605
14829
39010
51546
55658
14243
47181
82148
29921
2511
2979
33910
72649
72667
76012
16386
43891
31017
8795
96628
83876
82732
99725
74472
99645
58818
23411
16476
91995
53164
50624
71587
90781
85022
96362
98621
78785
41842
60163
94874
33049
10865
14259
99599
71317
62453
67802
53000
6830
50616
85031
95255
66806
67592
55493
96857
42832
11858
15742
17890
52136
44094
19831
24426
65954
9706
43602
53737
36196
97534
79672
82076
53355
10305
6756
70296
98731
51904
71015
38299
60094
87351
41920
83383
9706
94832
79550
8387
13177
63611
63497
53171
42249
8779
50026
61781
1403
87766
68255
54244
8624
82242
90558
43293
57084
94434
16762
70385
44659
94263
37804
29340
36004
64011
95571
29586
36957
93766
76075
37272
26077
47137
7386
73615
19787
80131
12067
8708
91331
27369
90140
26851
86561
87381
12409
45881
76973
36862
31333
56383
65568
86661
62141
42975
63660
19329
26896
83813
36009
95142
3958
17420
15498
83741
11744
84824
75515
65262
47403
43294
25178
33417
12728
33805
2424
78300
41816
74401
37769
54591
48558
68042
70491
54566
54595
36160
44685
42088
62586
36144
21634
96158
35852
45053
51198
98231
39543
15604
5752
97567
96521
58286
46189
18921
56930
37833
94200
50637
48988
67414
19532
83556
66058
44155
44977
89351
60134
55886
98839
49556
94831
17179
36534
20909
57453
61837
30035
12468
85560
18230
66909
78664
63667
76161
14658
31235
76552
26859
36743
63600
9562
7188
44474
10540
22452
60549
41969
521
12880
50632
63371
659
88473
7582
78831
61790
11873
2000
21987
89821
39006
87880
26267
96751
51027
5889
7541
39615
93398
39469
89063
91243
11858
53698
51485
12131
48042
53334
20585
8866
47490
47942
33123
41642
48777
8742
51839
44868
11505
1065
29161
89253
13702
95286
47517
30146
38804
24676
60256
86458
27259
41828
36941
14748
94684
41866
658
72421
63009
11230
31611
14307
17630
80878
30981
15903
39507
44532
70884
68213
24339
47499
88181
94214
42988
51065
51757
10279
56230
71477
10833
50296
35709
45406
42985
46333
48874
12991
61058
55813
20460
14543
74632
32556
60147
69024
89531
44892
98610
22858
70827
94682
55671
88369
92374
74516
79743
85441
68215
46595
25306
43360
65015
38472
2610
81401
12210
3954
34265
11618
89395
94342
38493
71299
41152
89337
3301
43493
98058
37313
87889
79448
44562
12368
57098
6084
57048
10228
10271
57830
45805
68273
86515
73093
77410
471
97506
92451
87702
20743
91361
75637
97886
32078
3631
45888
32422
12296
70546
94217
557
27905
29691
11267
3439
86707
37184
79443
97208
14586
29356
98525
75600
88386
60507
51508
98139
3682
98525
93229
96849
83244
75271
40853
42063
89607
59534
95024
80878
58779
89566
15941
13826
99704
57922
79715
66077
71276
69563
63263
9149
21654
71006
52853
61298
85114
54368
20662
34040
67106
56480
89449
48970
32094
79873
5321
66482
90814
28089
73122
46370
42719
59898
52622
70302
65859
51215
26894
71158
42888
23852
4619
40344
49083
31635
48564
98307
85409
15120
78561
13192
58675
48101
37668
51904
48960
9419
63625
79662
61453
13544
20081
48963
15953
59441
41178
61295
51225
13962
23504
54281
28424
32989
11979
4575
37919
93600
77317
29590
78231
48190
30050
20081
36214
44183
12723
48227
13132
19707
68119
60685
7347
86713
94797
40085
25892
46905
74419
91657
4433
63533
46008
97919
7586
46480
98327
91684
8408
93159
95355
70681
4205
83842
64144
83075
48344
23945
46613
66
48187
52302
13057
56088
8866
59580
23421
43854
17419
79132
36882
69760
63049
94184
72503
35658
72696
16975
98230
48920
44726
8984
51644
22118
97770
78850
97404
77636
12798
21686
19256
14000
91239
48856
65550
35097
84863
60906
79504
51694
7199
97880
29259
29000
19784
63752
88507
1867
51687
6886
86624
26761
40651
7144
2152
45891
70871
30492
40576
14970
69930
86896
43744
10940
34086
57691
97068
82676
67854
15040
99451
39956
50921
5026
73508
55623
55362
50382
60673
28383
13245
49061
73652
26030
15287
76055
44723
71060
22541
49127
34200
53250
53073
7740
27894
20431
23713
78927
79093
19679
69163
41352
8388
36711
54487
37286
18902
58404
95609
51140
59944
27113
48143
46331
68106
50143
70422
14926
91986
66983
35348
39753
26822
63841
40277
1932
39130
14891
10852
25240
38137
66678
8356
89653
2896
86780
44626
93195
14882
19046
47577
14927
35840
49580
7370
53964
30406
69974
32850
81719
76896
10190
86468
82675
673
54402
34530
10078
23467
54294
32839
57568
74011
31123
80148
14458
39394
90954
27924
96374
21219
85952
55773
70678
79616
11923
86534
47972
9666
75405
71101
46638
86440
27912
19903
27904
82468
92870
86245
14614
65623
19011
28369
83799
18464
77116
19750
85111
67155
5595
85020
4319
25730
7717
1310
48252
31348
67107
7654
64478
2168
71155
75419
32795
65384
25817
21268
91548
78757
64951
43558
83523
27309
79006
23963
85266
11625
13418
39078
52795
23848
63615
42628
10938
79777
35731
17700
45285
70701
60968
28419
62471
74168
64390
59866
26823
93061
60559
67534
63679
39332
51814
32311
79833
34135
41509
35784
18513
61223
75817
28072
99169
30723
88815
52302
76239
70438
17847
75795
88083
74004
95980
52573
17143
39884
95526
20393
18869
64429
93626
26143
90908
84592
8327
96866
72077
50987
48167
78759
89228
19524
58101
10305
33464
81426
47111
19514
89122
11615
95640
25809
99022
73567
2368
90522
98028
21749
16647
97088
63969
52928
19326
47824
22794
20125
38322
87526
35582
66950
68016
31767
48540
10643
9837
78876
29829
16927
90579
44
28269
2860
94296
24884
90746
99942
87474
91094
61518
8412
6756
93382
66888
76330
27590
1648
17142
3225
68716
87594
66060
89353
43722
3946
73793
51578
96458
14388
30234
9209
2236
82833
99669
3440
61401
83390
97493
47107
83482
75438
9303
35560
28697
59364
28509
33066
47492
11665
36319
94550
78084
4028
8105
17096
71180
77387
5208
76426
15406
26748
17814
22436
778
32041
69546
84339
15712
971
20123
80842
58483
77594
22603
30229
33105
96959
84200
39734
33616
14297
3568
60689
35380
10791
288
37948
58226
60614
23382
76792
97817
88605
32667
91608
31244
13338
45426
86297
48902
47796
91681
90601
60198
6405
82885
51895
79308
64888
20119
52664
77687
37327
46872
69242
73883
80220
25365
15465
84371
80700
25437
22330
20622
84507
16185
71659
61302
96538
95257
24941
45306
44860
27500
87840
41416
23432
54186
11705
62137
78243
70592
81482
21551
19785
45294
35500
22052
58457
73395
95830
26712
63034
5591
81213
62764
28205
28126
77778
51724
30515
60036
56938
40462
14378
2470
16177
78421
8314
95809
75217
55902
10631
71978
17625
19451
83928
3368
26698
92365
25795
7169
18083
73168
12915
73920
71903
78993
35982
40655
97848
88329
59917
3942
31727
52753
83414
28797
95237
90796
32904
59598
70513
67573
56136
98861
67351
78503
161
82853
59786
15010
85026
86069
92331
55344
6980
18813
60383
18186
17736
2256
35817
35746
29334
44799
96369
82803
6128
78723
27270
22978
81671
31426
56096
70441
95120
96969
1040
23089
64095
60488
58634
52117
56609
67596
24404
93925
35572
6313
16739
19248
3553
22494
96422
3619
97921
49824
62449
63306
59555
43861
20501
10665
60346
18950
20210
55428
963
78066
58926
63652
63094
11073
85512
23437
49355
35086
65281
48702
45497
19219
81563
7120
5238
79548
49221
99924
59964
84232
44190
6421
10143
31779
53685
36594
48271
85881
28806
72330
2967
48460
92447
70830
44072
29309
38073
78532
54776
14344
28421
37655
71622
97646
5861
73404
38909
27283
8493
77514
9952
65493
24593
16205
11712
50859
67274
5396
3361
17061
83092
69132
6516
90541
67653
56819
99494
66741
82872
54976
56096
42456
39853
67916
25410
56643
98088
89104
91518
14990
48151
81693
24889
98306
9085
61630
76541
36859
49252
94342
84133
34426
49669
79516
91395
50823
41045
31821
20743
71822
56363
8494
7744
81091
6350
65215
84883
95051
3476
36464
1363
45889
41400
61496
66721
40158
84107
94089
33747
39557
68983
95788
16247
66051
17039
55690
77151
64249
5176
8185
61985
97388
46455
57440
43057
52030
14997
31253
68262
43925
92990
55396
20469
20621
26124
82093
45751
79625
55758
8409
3453
18736
14851
72887
30379
36933
64808
91665
65323
14377
63521
43635
28811
99607
95240
37527
18802
93726
97327
89696
27575
13166
28325
61449
34642
51382
99961
14031
40776
79422
25702
64287
71372
13542
8612
72878
92063
39021
84222
37199
61077
83468
30826
7934
46959
80167
50658
99436
16591
39899
90509
97933
35507
85818
84519
98625
80373
74338
73612
31677
44008
40382
82118
46401
18390
50117
69706
44342
79044
95412
64355
28897
66632
1195
81557
11352
70326
81276
47530
89904
12551
63981
65369
47343
51758
84757
8152
83047
1505
30641
51942
79874
51817
7300
82596
91745
47621
12291
33493
42215
25770
6616
86919
79531
3686
51060
49765
68002
69112
92387
90354
38879
58827
61473
94440
77135
68509
90559
83960
92609
77359
57635
75145
15718
61047
32884
54154
60765
26997
85084
79342
65783
96641
33639
96597
19636
10818
79249
35482
99546
31377
57999
79451
26216
8950
79803
8998
79843
27487
74857
57275
42081
99501
87874
47247
99313
21076
50711
31726
74258
19483
1684
59304
95239
14657
8020
67959
41768
26057
77249
10150
56434
86801
19304
37759
43356
44867
33610
24703
20175
97256
80973
60598
46368
18329
61946
56062
86660
82806
64543
63838
37574
90818
37196
42515
98224
58325
72094
77026
1011
68303
23136
92534
67921
77811
33564
94141
25973
17666
77571
55784
6680
86740
73182
31456
21744
52217
51048
17357
80241
93074
21753
48621
50070
93262
88518
79745
27255
19223
20302
86899
66785
66794
1569
87896
10803
56314
60589
69034
59071
97776
88582
79253
54655
72449
18857
15038
94320
82935
79576
41568
95002
13117
50412
40824
94212
28557
81886
25813
96832
55253
22627
40937
58261
73976
9075
59866
67566
9774
7646
80287
27957
63781
45081
17756
92302
51243
22864
72026
68629
66265
3697
47246
34587
7359
70742
54159
99926
59504
89173
22343
5094
88213
56271
58482
71851
6898
62885
8067
58777
66351
82547
49374
87276
71361
51503
97837
5419
4956
92764
1068
37414
70504
18546
9076
73879
23623
25616
81469
21678
22879
7585
48412
47305
71437
88099
67955
62225
3079
41430
68152
59731
47956
16594
31631
99673
59148
69877
51636
94091
77725
23171
68741
14265
24156
44610
1384
83878
25356
43706
98046
45870
63034
29424
83019
63009
16046
24173
44865
40914
70796
74070
47158
95094
28659
95632
23375
30251
74680
36585
26292
3534
86966
86061
75031
73015
25819
4166
60592
45415
72735
30819
65480
97206
70339
48068
22619
69703
8892
6412
36377
42338
16891
29300
12591
55498
39053
14207
86674
94543
73470
39630
77578
10031
43944
15313
61050
54894
41327
61542
62151
30223
98968
57913
42876
33180
9152
35596
98137
38609
14599
72463
66166
24270
44525
73975
14678
76502
70222
75229
5222
81633
45611
10682
11093
19112
37940
12092
28662
25066
64405
75036
77937
36896
32482
85469
46607
8103
55148
12846
90592
43896
21624
73869
83849
46750
76906
76865
16226
77718
10627
25496
43871
31503
60926
84466
85090
59477
76912
31521
21039
57888
10767
28475
74462
30285
59619
49502
47370
36907
77959
98883
10361
10340
33577
18363
48258
65257
31064
76038
28353
11528
22022
90285
77523
96823
16662
7484
73475
90570
29987
73099
24645
75864
15525
36225
64794
92192
49501
59749
48037
32379
11496
57795
21701
46727
58860
43517
73414
36678
49714
58216
3055
9101
90354
47297
81497
97079
81784
21032
12248
58157
63146
73226
97086
31761
43528
44332
42785
40988
54494
86371
88577
83469
42942
71242
31201
59603
56252
41223
85416
38716
99209
92094
87005
47132
52856
98550
5179
42295
42329
46423
97333
73625
70201
88240
77708
44789
227
36088
85444
44294
90889
28630
92118
1622
72273
56858
68288
33247
66295
46615
82222
99998
34953
18761
93286
50409
89061
80136
18272
9430
138
15645
75245
68928
55290
85986
28757
2104
88175
42070
22791
55146
55417
41069
19240
36879
56500
91204
29898
11424
89430
38873
59670
17034
6821
53964
67892
66903
96066
52844
79505
33215
98785
97169
86520
27084
94757
64597
12665
61239
11247
9950
40490
67753
6946
28056
67126
23282
83148
95591
72626
59218
64589
53568
51199
87676
32844
66845
12799
80252
12880
46446
49635
12518
16805
67443
44849
61998
73199
95522
46183
33673
48696
20666
87773
25482
57394
39954
649
70443
33545
74563
83233
21224
31032
81553
80781
4739
64152
53391
95960
2833
66241
30820
30320
31843
4977
21937
65288
35539
19947
17917
8528
75164
69128
5398
65161
62560
45810
85036
92681
71962
14642
31539
52115
2666
27920
93433
66003
12621
20454
39282
3406
24830
85410
9986
63800
74094
27902
66480
23063
99846
12819
8225
4948
12849
33196
36710
57758
10100
20085
62841
24757
99641
80200
22668
83975
85655
48370
54846
9739
15757
51605
47018
7364
31074
81506
83777
66007
83776
95112
12473
7663
56916
32657
42318
43470
4940
42004
75420
9635
78207
97441
7455
26408
43339
43765
10555
80174
87441
76834
73612
72277
55117
70357
36593
46277
56137
90528
93384
39862
92376
92713
26224
48591
82916
99046
38218
73909
77585
28388
23427
75094
80654
39869
85853
18288
47103
2710
57
77902
22425
20921
14932
14664
63511
40727
95377
81047
73678
85561
83070
91842
51177
93511
68985
91234
50519
85759
5596
66603
99765
44418
77667
20791
42605
61707
78220
58209
5935
54781
94133
28756
68139
81634
57034
79655
84042
85125
5152
51805
11173
40330
55314
14809
26752
93679
45064
38399
69676
56148
26123
13967
62021
18898
21528
20181
5053
9615
41833
3187
41775
99456
14330
87105
28064
18187
98811
79175
5295
96205
97741
43205
90793
6869
20897
97056
60587
17763
1556
79383
63511
48313
96745
43428
53331
59918
73458
69819
71574
13032
50552
39075
78723
22916
27993
43412
11769
1991
6456
99685
87023
61016
56771
10895
97977
71318
43722
79554
7353
19493
76253
51915
14640
2502
26382
38454
14867
53710
19156
40156
38430
61654
2846
36009
81823
97413
50163
35909
18526
27321
35661
34504
4912
80752
21385
1216
7692
35481
17928
59747
42825
3149
88936
36832
5918
80566
95226
42087
43638
39039
23334
28375
35509
16866
68003
26092
81744
67597
71814
69237
49249
11573
38528
9734
84066
53299
66026
75209
74321
89192
83061
93883
32983
32636
50094
50755
33000
2149
8258
52216
25800
93840
89168
79915
58738
96621
89264
89369
36341
44336
43112
42269
28235
90561
27562
62928
46619
6203
7704
97301
1237
67890
47567
69879
83726
12562
71387
70656
91385
95672
26739
43839
91102
6808
8489
59498
1447
21085
79583
3131
42289
14486
92090
3781
28054
83851
69014
17304
91927
63838
10811
55737
29168
37753
50270
44571
11901
59964
99595
1735
73067
21233
803
73934
44564
57916
61245
45646
79104
36562
36799
58612
67277
86268
85215
46606
72180
93436
90504
65582
6770
26400
70261
48287
43692
92379
94825
3399
41185
80112
95845
63502
71904
39445
99544
42308
51516
3703
95758
78163
10118
12118
15042
18238
8370
1757
92269
17384
48061
1442
13324
13894
84994
58382
1506
51387
65555
53331
92089
75528
60557
38290
40214
87583
25453
65933
92274
89485
91255
55990
99853
9530
66061
77975
78848
3390
81079
6060
42869
90279
54749
6217
78952
55473
683
82302
71611
90975
82207
3417
56494
95339
94755
23911
48871
46801
87200
63967
51430
50012
35129
62640
70780
20728
38227
90311
76773
47975
41560
3668
36360
67944
1193
90099
49170
22719
75549
46963
73410
62237
73822
12310
43518
2772
17776
57177
49458
38414
27547
14188
30828
46454
52671
13439
16441
2734
91909
91479
98915
3482
923
57300
33760
39017
60848
36746
51842
61089
68088
73306
53895
4717
81284
53589
85929
85141
35750
76965
87007
78820
41352
66793
26395
43350
77276
75403
32034
14649
53878
99131
78566
4276
51218
92013
22088
21140
40777
68675
28952
61955
65627
59898
25285
77909
51590
42675
47161
23849
88960
69438
51644
33819
60197
49868
94574
15019
39323
32834
38107
84128
76005
67036
84643
48035
53599
74872
76268
27544
13198
64750
63919
56750
48560
57391
74051
21047
11698
65102
20309
85709
25246
82274
65370
91621
64630
18287
70299
15196
4925
87029
53463
56455
18373
12965
71861
30704
23950
59902
76751
73590
66300
64739
16920
66539
53454
81880
8383
92678
41234
10237
80553
49513
47938
93975
48912
47495
10092
50664
61489
5214
53163
83062
13061
11233
48703
69700
5511
4911
61584
55571
34633
65212
40239
59092
29504
93053
15844
4428
67880
61666
60215
48850
99361
78308
51251
6831
30930
32133
8073
31894
81097
82929
51151
53452
71780
20851
7765
98526
18783
70553
14349
36460
54345
29230
75092
18913
41191
72580
86336
3167
90923
58739
67986
39940
62031
16369
43126
28633
6259
48274
10460
88542
3178
11838
5510
13950
93258
15513
54466
55863
12137
72889
13504
58352
23186
26990
61628
51266
60903
62876
49535
72081
87995
49432
70760
66309
90370
84420
71791
76002
45874
25842
86556
4183
16000
72310
57674
62585
85666
6469
21782
39855
10457
68069
33550
69415
21261
22293
46346
7939
55431
10303
35538
47227
793
61820
41379
99013
68050
44841
33498
56931
34528
17105
95656
28702
60122
34223
13159
43399
96874
39893
37403
37390
43851
46229
97390
37273
67819
28832
50607
62045
80777
45249
73003
37414
61454
30876
1135
54112
66800
44686
56085
52898
89386
94198
67138
65869
72937
83689
60502
25009
82012
39090
69497
29358
81229
22275
12961
96169
74056
28255
69838
15753
51208
46923
37678
6692
85314
20342
71842
84051
92989
85919
34575
28921
82228
24565
3447
65503
38779
28710
40803
97751
43137
46694
3585
3897
2489
90683
25818
68239
91948
32854
45348
86651
49497
6863
20075
77663
51821
33833
37114
82243
77342
42304
71238
99304
18366
90719
65771
52395
89556
97388
2036
20558
68338
50189
50326
54617
21350
49855
15337
93434
48939
54983
39976
80098
92165
77333
56171
90802
19148
76353
13125
41645
90162
71764
31110
73988
11423
6368
13976
43675
61098
32729
91662
40054
41405
61742
55759
33328
80544
83354
82268
61271
57501
68509
15861
72073
23605
68710
9812
47351
9472
18012
62015
9051
38991
24258
33746
11710
63178
25141
58886
89001
79161
25220
20423
90712
97190
41463
96174
22753
26283
55807
61165
53059
89185
96637
503
30885
59446
4372
24187
85094
4598
72882
98599
47771
96427
8533
30913
9565
74340
81999
1479
58493
37186
15499
38520
84229
71503
22673
31146
99799
89209
17573
59438
97818
47698
38071
57145
46689
38759
4525
99799
98750
73572
59939
79131
87779
51342
83424
1221
66643
13560
61520
56676
17460
86970
41861
54322
41693
10425
85243
68612
72336
24244
18622
27032
81658
64189
14892
23728
39199
92531
46437
28904
44081
97832
32065
51918
88410
65460
89136
20871
69486
74521
82508
56979
36761
91598
71913
26822
29082
9063
45636
39618
44923
13246
82417
73776
61138
34906
50646
8973
22276
52013
16299
53107
61960
12889
90594
86694
10723
449
64217
51983
45574
14727
5099
82979
83921
33911
39695
48300
14019
74678
99480
79020
15885
9216
4406
56414
99764
60005
76704
18510
50927
7255
26213
8770
7532
41877
47952
56865
76825
29605
52746
52662
93891
17996
83935
38071
51945
44073
60983
53661
65021
95961
74700
3079
64506
70787
1822
61931
84037
96106
82202
47908
27307
609
5778
34632
91213
17277
13304
76941
86845
16302
27046
60738
23066
22717
57663
50056
11941
8402
35397
14914
5408
68530
58080
36926
94031
25503
80932
51134
86101
29143
7618
1299
84772
36502
6535
53527
78713
44829
63972
22257
81961
77164
68667
65085
77715
8876
16703
95048
6167
14199
37798
77898
64152
7999
24066
58872
49702
56169
29352
63507
21524
55759
15869
14068
21135
28138
88407
73684
7353
88613
97517
48804
87164
83941
92161
96376
27260
57923
43629
55728
26636
67497
12389
84802
84600
76519
52396
50031
30858
60304
76043
1884
43983
89402
68706
30806
34246
99550
34052
85974
40162
15368
69903
25224
34892
76941
93328
16516
68073
17693
5058
89391
96062
54848
36448
70991
71301
58721
44934
26569
22321
69012
8911
42484
90301
22148
88479
11354
7399
93858
4593
38825
23355
32292
76204
72624
42946
12544
39167
73818
79026
19249
82237
25240
40422
44724
10470
98092
92526
66461
97889
13566
21154
30598
73192
58334
87097
64926
96066
64350
54313
53647
18373
19200
48940
20832
71196
92266
40163
17770
95594
21653
84773
22906
27958
11253
19300
9257
58734
28753
88703
2413
91724
10816
67490
44578
52641
49672
6032
63657
69047
56876
48354
61288
91544
5313
28769
26803
63726
95425
21690
1119
89509
75959
38723
18000
62148
51083
25346
87701
41017
31475
10029
4429
13505
54524
98566
21313
17892
22866
60101
14592
51973
95564
3126
61161
66875
53432
51039
4086
88993
77848
87349
69698
27068
75405
70485
75773
79533
84360
72366
45299
21133
36504
32310
18404
48184
89544
59730
83506
99631
47105
82445
89758
58301
91457
78011
36982
50323
41245
46235
67290
3943
62211
39295
48964
61206
83996
71270
34426
3434
83161
75560
12052
43301
20248
60057
58643
22626
46412
31725
23572
17449
13503
10875
22408
84997
12310
6075
63421
63095
58253
28962
21496
85052
80817
92876
83498
87040
41393
23969
91676
67391
81204
93158
54100
15607
89171
91095
82199
12542
84066
56244
8148
3904
62124
88891
21859
93810
56439
841
60989
64914
49571
54272
50229
23817
39204
25518
99497
17632
72371
37151
18785
45404
81849
52858
25388
38920
33379
9506
85771
32074
7809
17781
25000
73902
99625
15466
65959
25517
9868
40356
82309
34070
24062
72344
63912
63636
21673
56809
22973
68267
74807
56697
557
16743
80737
46183
77177
21739
83192
52377
73796
37116
7922
38976
89537
17835
98287
91854
42671
12027
47875
26335
52378
96761
35988
57234
84124
53627
77947
46450
24974
61569
98610
60132
85821
32008
35454
1165
65776
12820
55416
58177
14361
67369
63837
685
1752
94694
24209
20967
42677
93895
13451
41635
13173
69194
56627
81698
31973
4394
67661
52496
39374
20835
49092
54579
25543
34459
33146
7210
97083
32342
5630
84452
86325
29444
93448
31614
93182
50320
94338
48512
23064
74578
94854
84775
32555
96453
522
76384
49896
4398
25478
20469
82013
95493
49436
92998
7706
6809
33825
58197
41426
26828
91498
7880
2460
16156
31633
59933
65883
16209
22444
54099
51724
11828
22622
67716
96715
13731
10943
8806
63281
32470
78654
32722
74868
31098
55103
70198
97409
73320
33318
84428
96505
28706
50972
55350
50871
85627
14035
43988
4993
96634
5905
91879
94008
63561
25779
88177
82687
69295
99484
22750
15604
47198
58971
60376
31404
48335
74386
6847
11272
5968
49021
71932
44526
8925
72181
64604
36969
90490
93485
32520
56865
76648
71024
57512
12511
4512
89499
10478
56907
21069
38560
58112
15309
38805
36305
54288
27915
40403
41881
61332
14836
29350
75324
55051
95453
86118
63129
88723
66007
35745
69341
85284
38496
15433
92764
53483
38936
54258
10476
8967
76854
21120
11389
14461
51068
53148
68657
18315
71618
50783
20153
36165
92325
54907
69860
19405
41965
27440
92042
63538
60052
24751
31386
60675
51153
36371
2217
51014
21091
4083
11446
18600
54617
63165
6128
98298
14490
86004
74261
81288
16952
59671
46475
9870
45465
61377
89262
89110
49788
59174
37655
71224
53468
70467
75798
60626
58187
23145
87372
38562
33955
94916
79603
70209
9907
84575
62627
35746
69114
99927
81675
83845
53167
61982
95296
80019
51651
88306
75069
53652
65111
7111
25604
89827
37936
31658
40328
72146
19177
36197
53831
89810
34709
32488
29866
55601
39320
26620
45659
61424
19398
98631
19267
36416
84290
16565
91754
65659
34429
54996
9026
85574
54391
76971
83161
19711
74220
16591
66248
66757
62606
95668
36898
8461
53139
40742
46356
19282
6712
67315
25675
70158
22585
4369
29158
8280
21123
16269
20312
64492
77700
19239
91637
92407
49117
97633
49453
68073
72922
54459
2528
64951
29290
51116
21956
32168
52061
71689
10081
6973
64738
84447
27696
20787
95695
68710
65301
59281
15579
30672
68724
42389
85407
25087
88106
50026
39712
98486
93152
93803
71360
42515
18974
27194
49218
44436
94704
77442
67268
4710
20803
84833
70692
56677
80729
64135
9249
64727
13931
4315
95321
57439
35302
86485
41580
47946
65930
90120
80248
86739
19743
26350
78148
39558
88147
20007
48318
78533
14472
75540
40914
81914
62696
27581
75367
77252
50986
67243
19151
62586
54557
81589
67154
67293
76914
81639
58498
55536
93077
34844
2253
54072
18203
32728
28909
88371
6019
53097
27865
58643
10987
21367
34725
67072
39810
21783
63611
41022
58539
96505
75889
28977
4833
10314
346
79556
67567
38691
48683
83575
5702
57156
13399
62981
37883
75892
97563
95189
40280
78265
82141
59918
62981
27392
8259
13236
11565
97117
4744
84720
29265
52800
79504
26300
20413
47117
23937
47533
41056
71735
48852
49737
33195
50225
9070
12009
89259
69637
39477
48552
33942
69682
10571
92259
8995
14400
76197
70503
19664
84936
58365
473
53825
10322
56741
59240
48645
73747
35760
85881
27056
76664
79962
25267
2662
55380
37752
75537
40959
90852
2491
84168
56126
73150
14543
88750
1567
25904
21802
73523
98074
1361
66153
60276
86064
78237
82460
23520
99987
79778
62982
76999
71200
88257
56248
70257
99423
56242
38864
73027
31808
78388
91984
32769
64069
6719
95611
41555
79280
69813
93396
62169
41399
96087
70465
33654
73270
30206
87920
52777
36171
93853
40871
83863
21320
45543
19448
40023
90358
50507
8351
8518
92508
60232
282
4243
26882
25362
25330
45256
26238
61966
9227
97718
60356
87684
1646
99076
13988
19235
47863
41382
36426
76147
51429
3598
87517
84955
76540
97576
1594
62550
12515
58004
83778
806
45289
91326
17188
61821
33154
24165
22963
60621
84600
95718
22281
67109
45098
57832
19726
31371
35228
94274
68871
26190
70643
63644
2055
71262
26073
47399
55886
35640
34221
99316
65274
1870
96477
86298
82408
1645
2518
89261
14628
33771
42602
95085
70210
29730
65706
71204
83695
22399
41742
84613
84701
110
36520
99648
46392
61720
85579
8732
49710
99984
48667
76100
78623
41400
59099
9036
76165
4554
98846
18936
9169
93634
91997
48522
45847
50177
22982
81415
87583
65401
64676
75055
43680
83680
53481
58591
42271
59655
86840
10740
95601
88156
29650
770
31633
94309
56781
12764
17900
37217
33776
81594
97708
99318
95003
9225
57712
62797
72278
80198
83147
69746
69866
39451
39495
72632
43732
73878
27501
65417
81033
39769
70637
47454
99243
3008
66874
2375
29209
63005
29872
3423
24266
32431
60429
82185
35956
59605
41905
94922
4591
43846
45601
82817
2059
55228
64665
6860
63273
45067
39049
35043
72130
54013
32231
42850
71878
66689
13131
17473
94729
86801
95760
66362
66134
94387
85168
2724
13160
71343
42128
32436
91515
98380
42391
3424
29518
1765
3831
91874
74623
77013
55348
80680
22545
43005
82591
88256
55437
44115
58663
83882
22435
86917
6712
14102
48164
97105
18172
52749
69130
45980
55961
29151
92596
43241
33758
61418
95038
7579
16287
61872
46062
45847
40151
36321
65980
86321
22053
42635
19999
40143
64955
17940
2079
67471
27066
27606
21741
24865
43861
58497
11275
69502
5212
57472
95162
4083
36276
37591
16623
59595
59448
60550
75121
67824
43616
42033
87789
33481
91297
79257
24193
43144
10968
40553
70278
72187
52209
91594
87647
63843
73272
8888
94212
89080
5731
19172
93277
68782
76709
40574
94272
88306
35234
91819
56439
31640
16466
36870
60100
30087
97109
87057
69244
70480
59394
97235
11848
29046
67930
86843
77566
18157
75196
51718
40159
45992
12423
99011
97814
3817
75729
58488
98991
57822
26192
92346
95969
98186
97665
88390
5484
73500
12364
85277
91212
17802
9473
7910
25442
72314
14449
95953
94992
40187
97424
93741
98492
14977
29724
87881
7480
50725
20205
56077
75626
27470
80428
91788
41218
97356
74487
36257
38619
37286
23401
19954
9739
8949
37625
37666
97603
60098
69926
90494
19069
38406
60352
9755
78227
91031
27452
78589
22637
22543
11694
20180
73553
22628
16589
15931
40972
5182
94783
31782
54734
94477
84102
13699
92352
79705
38063
63248
50976
13052
68147
84910
94686
24024
27490
39973
97501
82236
2242
53981
12618
7479
83422
58265
35268
90698
36036
98545
45132
36766
2463
87458
69806
55057
88382
22879
89381
69737
56942
57982
93214
49847
5565
56374
51471
45803
42470
68013
24655
38516
87994
49228
47594
82532
46348
72964
13323
46077
67315
15887
85987
33505
26363
67166
94095
22146
21896
29977
1060
41725
95601
40614
86937
28642
76636
63714
64960
56778
76919
38484
76534
30009
86448
40608
92440
11796
10699
33249
64357
70372
40831
91247
59776
84079
93526
51470
29772
45644
14062
28555
16241
37633
30736
37851
13077
11216
58991
19541
45019
27178
74585
32383
74070
89900
68522
74936
96913
46144
48466
91100
73724
55896
3219
31963
51571
24133
68094
73257
31026
97085
61094
53653
32316
23254
60169
24050
30464
40036
12808
16612
2131
1412
55871
73964
2131
57750
57463
58768
35674
18797
57204
86057
92354
76636
96298
29629
51323
55695
43688
59949
70909
31674
13227
76419
624
25898
16873
4690
34109
15902
64960
76103
76522
61674
35773
62702
2738
37462
38412
68670
28133
93172
7068
35726
23758
44229
73904
9454
10015
84731
31014
13696
13824
213
75041
86611
49127
30048
56603
89053
71691
46371
6374
79069
71261
45211
31948
78611
2644
32450
9064
63704
26094
92366
83383
66828
70077
74766
16787
12390
62458
70310
7147
89903
94328
36023
4550
20300
52741
73274
86600
18346
5253
94533
31359
51670
85105
5396
15216
88104
52990
73241
55989
96409
89484
39765
3716
30989
57124
61585
4971
12247
29826
42038
60311
18856
92292
42940
1655
53098
30382
54203
10433
80695
42106
82115
40460
32854
78816
11751
85923
64372
72632
10371
60574
50868
31663
28274
93478
54888
58018
27751
25191
4531
77331
92662
16407
27860
45469
63313
33492
96148
56291
26833
41866
78299
38275
14532
96399
55128
49829
31677
82623
73695
11830
36366
53192
33795
47755
41019
10831
68397
79633
37323
78004
87241
25114
42631
29307
35045
9844
17418
55843
88668
96359
93700
81164
68592
20435
83399
28635
1890
83280
89162
79814
18512
31686
89146
33423
1695
77531
48827
10616
75453
91837
73809
53346
69985
59682
71789
99672
14276
37111
49030
55719
32989
26426
63290
67446
23635
3167
97496
87185
93984
84944
855
75084
56988
17800
41175
45435
53710
66113
72699
98943
35378
65833
31359
46175
13284
34555
61789
49223
86459
14438
8629
5325
66152
65660
70388
70612
93371
76241
73808
12108
11031
13537
77271
63752
3075
75037
21632
87390
23449
73456
10476
19645
28858
61789
34052
6160
94559
60111
98116
10250
2634
84811
8661
78623
99002
86363
1784
92470
16613
80394
41334
13464
69440
44148
15392
427
19314
49115
29267
93601
43336
53841
87524
12422
68051
82248
81776
42156
14297
24994
96889
17815
52709
51859
29216
72375
90876
87319
10660
93003
56493
38788
9561
39506
60153
74983
76682
99150
32785
73347
13785
76292
80108
6838
49357
46150
60798
67921
45397
69664
67350
81656
3247
14854
31247
22599
6580
23375
84072
72570
77651
25304
91742
69835
80353
68533
448
75757
93782
16573
35380
64149
51677
2555
30741
11234
87296
90582
50412
82301
36210
25510
4571
57988
69893
21034
84817
26352
32089
46467
61775
97479
42767
2879
38837
77781
1298
48728
15042
34375
33313
50362
41385
19677
81690
28091
6883
79526
35971
42491
14787
69690
6234
1512
13250
7608
50598
93580
6377
70429
87768
50704
69662
98991
23416
96523
46977
38824
87632
90761
67035
66258
15586
80631
85233
77789
95578
94180
25978
98808
2669
96031
13074
93947
4027
2891
63990
85915
13607
69988
8947
98113
90617
51205
43750
72638
36386
18523
24223
63974
50155
87376
76635
2170
82843
25055
51240
14608
25932
56971
13138
12382
98539
97193
5681
644
6651
66511
35709
1812
54735
23581
29107
10554
74487
38969
13701
44415
92378
51862
58441
56944
27650
56112
41790
90210
28044
25878
93171
79586
45981
42206
32541
14837
31959
42528
30926
3753
96815
90854
98203
16669
15662
35053
20646
36689
33644
8428
22907
35080
23248
92382
87794
23211
69413
67247
62681
61010
29577
77863
20154
63745
58943
87084
85917
21985
99625
25103
86762
915
32029
2190
76584
70563
82955
54279
27542
21913
54694
89038
14194
42650
88145
43273
42427
45819
85484
42650
61659
73761
66176
33414
35672
26350
97433
53172
12088
21355
31348
39626
67116
96693
44970
26434
55041
52986
77746
73290
84496
86489
37739
38106
13014
5840
21650
93707
36569
10769
86320
95587
14629
19182
94218
6224
47280
12550
561
86787
46531
25519
4956
52820
41499
58922
67680
32209
47279
69549
95831
85673
52026
33356
69867
54934
19768
1552
29150
86152
92557
23829
21396
48286
43594
69580
45965
79913
90657
86027
7937
46959
27774
76196
37480
64089
72065
69073
45685
79815
55096
24145
87847
63935
72943
55998
21328
28934
69675
25273
66956
15168
85207
28472
27444
84139
28725
59601
28349
3482
23519
65840
31965
49945
49430
23132
39058
27335
44341
82850
65646
18750
83399
45656
6845
51234
94848
81691
83180
82463
83785
65634
20564
51268
895
76704
53839
9181
47234
14612
17151
67711
62492
74670
99577
33382
8035
81712
39373
57341
86160
84584
25849
63189
60765
72986
52799
61858
5488
6044
35714
23407
40356
48358
27112
50769
40509
6758
3717
27717
79172
57291
72853
59598
54356
67476
61321
52309
52579
73411
45867
75698
64187
43287
14160
58945
96411
13613
95257
79935
93254
46803
58971
82398
19825
68420
59339
10631
68602
68109
49108
73542
47772
79463
45714
43613
47508
23748
68971
72218
23031
41752
52140
10370
84518
93768
92096
21248
45710
79180
51872
37812
7627
54686
36492
77257
3600
56218
2195
22553
8874
52341
77359
84308
41746
89255
37642
45726
19666
2158
74162
93139
25136
39126
42279
88139
94623
9085
13611
40106
75489
80782
52048
36617
29491
9864
32479
34844
37935
26988
43400
12689
64072
97378
22385
19116
89115
55112
3736
31862
890
9309
65434
37646
52235
28157
44755
43996
3606
44313
36538
67252
31080
79894
65255
13850
78496
2506
99056
29510
48404
50110
12112
45630
58556
79865
51319
6851
37719
26548
16585
5785
95755
36262
3869
25533
34062
7277
23884
15108
2532
34910
9173
44546
87515
69542
95978
96132
81519
45024
6972
55477
82249
81208
25240
78031
76195
50759
47673
2606
89704
34227
18046
62645
79576
77968
94530
77670
40556
66652
11160
2070
6423
95142
63697
39668
23451
35384
93787
32504
39833
5607
35533
18435
28392
37772
93420
26791
5090
78339
60423
68349
88071
23942
2261
38527
92502
47355
22420
46343
88982
15548
89850
44229
74171
27977
23196
43138
82868
28502
58144
34429
3004
87923
47657
61072
78498
13503
83065
12854
82581
48889
72593
14378
39298
48199
54818
26814
61506
75930
1908
95173
75945
68353
39585
42698
95999
82453
32665
99817
39736
35730
43915
48388
14315
34540
53911
99647
69167
10071
38461
30731
28796
90496
41248
48725
63262
48792
32574
63269
49858
63714
21603
11407
43372
24969
75083
19266
86412
48533
5854
51507
13272
21852
55799
45852
6853
20678
92635
87812
71048
39055
95198
24731
82837
99387
3725
29375
39127
40943
60258
47397
92247
12993
28612
27905
95542
79424
58850
62052
49506
51223
5747
94614
27070
94223
69359
77947
77074
4622
36869
84927
14564
93514
26907
60477
35033
3558
95441
28533
45661
28626
54541
97093
29276
37859
33649
73480
41018
64903
75317
69441
58698
57095
75001
20126
31483
33797
70795
71450
91755
97993
82492
57082
52917
46896
47676
62670
93390
55380
3453
81417
21403
29235
64315
27844
35154
25118
18962
1227
62318
49019
37952
49402
25878
53243
18603
9816
86008
20443
83880
42222
73809
99634
21300
86318
63456
95905
45285
65647
50252
27735
59044
44998
43529
96413
48714
85930
32414
8137
6707
29736
12401
67891
60016
64521
28838
32905
67471
61651
3952
79285
71226
16292
74301
78710
68338
15876
12924
3670
19870
93205
71165
88369
18834
40138
41130
21355
93528
9327
78865
7216
11612
35942
87862
16910
88213
85460
40555
51889
69109
17184
49905
49557
86400
2380
93514
20396
47302
19497
56838
64352
3885
88316
15247
20622
47824
76326
81612
38462
74480
36589
65614
17423
91635
18177
33756
86714
18166
11710
44452
91142
51449
79798
71965
72154
20164
88635
26355
2387
51593
28360
80914
4340
45686
80068
8583
18259
31584
82473
35368
44084
50042
35445
66211
71311
31435
79648
29480
12631
40811
24244
59921
70984
54201
46286
44003
54455
20062
78799
94670
14554
76066
42860
31700
1156
59269
13473
27589
52327
43945
69461
25621
31228
10514
88460
27393
3189
3900
72555
49301
28901
81081
26395
50407
20301
33052
16674
76277
96208
21022
49573
88503
49997
30579
7523
77417
97594
33870
44814
81116
64991
66462
53546
68669
66707
84203
23487
52669
89641
35635
79508
38147
25838
61393
57837
81165
29526
32916
28455
17046
53382
92352
18142
7699
41136
50041
33246
92141
67449
41094
71321
57650
38711
54490
4515
41803
46659
47488
25810
84040
55894
73453
29441
54455
60248
34531
80284
6736
65548
4920
40951
30056
66127
28438
69327
82565
74639
97971
69846
71847
9063
76274
81007
11139
58199
52272
41664
71182
11720
44244
10479
31530
39663
76875
87934
88695
12439
53117
14647
56532
83559
14996
88409
84910
33279
63058
64968
26303
3019
29582
54297
27625
85432
48186
50357
34371
46480
33690
34513
5037
10995
77926
4193
17407
82551
56910
10998
70685
64384
37815
14404
24695
95167
49990
55314
68424
17221
37354
31118
107
42029
5619
33356
11763
49269
90043
70151
41325
14020
96465
85653
99368
17077
85004
93124
25700
8636
84242
13236
48658
99664
30769
41751
96226
70344
16972
55548
20038
43315
27508
87437
12986
65301
72158
29908
59449
95023
86670
72494
42351
22177
51429
80616
16325
41084
42204
74619
28293
64595
49308
27474
85178
13971
82486
3900
97984
40085
72415
80625
41095
47629
22929
99876
92468
30336
85945
11447
54784
41437
60904
43776
69698
59550
36177
83229
7209
80307
68449
95626
46236
24734
12625
63308
87775
84088
21999
48571
96442
54559
81162
61040
97610
23899
55685
29958
15974
4870
67546
84681
42685
2203
20468
71714
26467
36398
91058
80777
965
60810
69875
72935
59162
85251
93023
74640
10978
34879
62279
83921
23442
57975
54430
30866
39997
78772
71045
61972
48869
96989
75923
38450
77006
57708
73436
74816
74739
69167
1118
80071
92778
40894
96643
31399
84950
85631
19807
95765
62072
62614
32011
65845
9741
42862
52726
27729
52668
37106
84407
81486
66626
704
35874
82955
61117
23242
76260
78277
80829
31461
25626
10932
36624
93812
22201
31738
44390
87493
55901
95542
20762
79029
81743
33988
26865
40606
2522
58278
38211
76185
10868
55117
33584
32365
43889
51483
43353
52566
54943
62189
12137
49670
95824
7390
99796
96178
91696
46615
23788
59142
34625
21128
73401
17808
86013
84400
56345
42549
2468
10343
92434
34413
28688
24594
60622
31128
11769
49744
48750
72590
34897
61015
3498
70357
55619
51568
43940
84924
97731
47659
73469
90874
28386
65992
73972
64047
15832
26184
60143
78718
1200
89392
62985
22017
87875
4326
13584
97145
568
86605
15564
8392
84304
20634
69715
29242
86547
27386
61581
12527
72819
32938
71461
95501
90824
51353
37078
70886
77055
14402
88943
40927
75437
78329
47408
49770
91546
12954
18196
6055
96076
99876
84933
791
22325
30645
76172
63362
48325
60312
46413
51998
63899
8806
28888
6344
7053
57220
81629
22583
96416
88093
2300
29855
58020
25113
35566
86441
17728
7245
16711
99101
83235
90735
80647
2718
25805
99127
77333
82663
90980
45202
25275
75253
32914
802
62308
16615
77888
77378
66362
33362
64476
38740
6262
14903
61075
23195
79846
58032
11715
37812
89231
74722
21916
62430
16687
54946
44298
40073
9998
1955
80272
69643
36352
61152
68562
72494
687
79776
37979
39304
74483
66759
2643
4467
42242
35288
31053
71416
99410
44337
66284
3730
61616
10171
37342
40496
3375
97087
36487
5520
26403
78369
72832
81896
43169
16399
46533
77914
88095
60213
54062
8680
86746
96310
59011
66948
91542
63871
59124
77382
3336
13187
83371
5644
44395
3962
43004
45904
84904
62330
94420
54539
59113
33411
12347
61842
58889
50199
68723
87239
10864
92257
60583
62490
8103
47206
61765
23885
27504
1836
96012
62983
45410
86318
93099
84815
27399
40592
11506
91497
54880
53298
95531
69170
17205
30468
49260
10450
29912
3294
88272
5014
78661
64038
8008
77753
77383
44761
16269
90800
22991
42663
84469
13732
29249
93828
13353
86198
50971
35397
73072
73421
38768
27306
95582
89258
63973
99818
52736
14605
19974
45277
4213
84691
90463
7583
40529
28621
71003
28418
49772
54761
16490
69463
27795
33788
13433
34887
89080
21818
47796
35909
38260
5933
82278
78737
12252
21308
33662
81459
32611
34210
77991
46967
93879
83663
31395
44942
40998
72034
31533
41564
66179
80374
31187
49670
24937
81213
50220
17332
67395
8983
24625
56937
25650
94248
42680
83598
965
89540
24829
6964
96713
82612
24732
63140
23661
92302
39135
22801
42799
51461
60334
91600
89715
37209
76865
88022
73319
41721
51427
77974
88283
98634
12242
47509
49869
2454
47834
94525
52119
1420
80352
21871
34461
46739
12659
24651
16984
30967
48801
67264
48295
83418
59627
14994
2071
22481
65558
14267
25726
32798
65459
37737
97775
59364
23320
31303
2948
67290
96474
2371
97358
86756
25085
85177
94470
34551
29862
4074
77107
48996
65420
90343
61230
22235
9998
34472
66319
93973
65845
36765
54066
1403
37781
72906
92318
43689
82681
43813
2658
55673
42817
40810
92421
62766
24588
74728
21869
86811
17123
53606
36491
58189
9118
79716
84006
9048
87708
58091
45882
85449
99385
49803
97169
62510
94331
43922
99418
53831
89860
47933
46142
42564
56893
30288
16978
75128
10873
42547
20295
3803
89018
12696
42359
65803
10075
16034
29713
30432
5005
73198
76247
66047
20202
15321
39297
17467
68878
84092
51267
96313
49528
63104
87366
79865
45658
47961
80550
71771
10955
66892
19196
32584
75456
37391
44334
91738
26093
42452
77019
30643
68164
90056
919
49410
70128
77214
33147
59433
74896
89068
43188
13838
14316
56795
88624
13184
85665
58193
72115
48588
93573
38772
37977
91961
64539
41587
79681
16792
16615
7904
80558
26412
53476
83546
65779
71570
6856
21453
21148
10808
46115
8899
40984
38485
2785
94431
14554
40204
21267
89640
16320
72723
62732
94986
27214
80330
25129
98975
93592
79558
41493
72257
14885
91575
51169
48732
47212
11608
63462
18925
65688
45871
47389
71429
84384
79600
87134
92565
8774
69836
2343
74711
995
9765
56558
95518
45321
66283
68190
60912
36499
62261
21313
67973
86136
25656
56372
74329
3870
89512
2902
40218
41172
5281
9945
76650
8754
93676
85544
12581
40170
70688
31828
39031
521
69677
40028
12833
19010
19027
2414
42752
75121
24597
4397
62901
67780
34315
88204
6339
56977
98665
22571
46928
56552
90985
57729
19710
44804
25337
27832
22291
49233
71273
65185
78108
81359
1917
31415
76795
44525
98494
85771
52151
65952
44594
93090
32479
88818
23941
57166
37550
40510
55415
92914
80130
42611
77156
99837
1668
87536
69093
22029
16182
46561
84709
49532
37364
92184
12924
2243
25152
71698
24051
52851
77102
11883
22322
93898
48140
10467
9386
86299
9199
52400
2637
30095
66165
12087
68037
61859
2398
35832
86085
16556
88933
99062
6215
92485
89669
79075
61500
40441
80624
16240
42674
16016
33395
39589
26602
60615
98653
87599
75476
99421
54183
35953
26274
24062
47078
42509
63528
71984
97442
57421
8940
23308
22886
66013
44518
49148
24606
76595
40278
11368
33151
4765
48311
94719
61709
68387
58395
60121
9497
68189
22514
75384
81992
2215
50553
86680
18252
27129
16539
24436
97469
64459
60069
86441
14867
11801
61705
24068
62824
62839
93660
90529
45279
38783
66684
76459
68011
81691
51224
60942
3610
78847
79468
14578
89385
9746
62455
67906
63166
36458
44222
16037
30493
27643
81773
53145
40751
29725
75232
85776
84116
36560
1644
13055
15292
96640
5635
36759
74889
49367
49622
34393
96332
85275
25211
86490
65187
3002
78306
48127
34270
61059
74885
37215
65115
82821
44115
46301
95180
58562
12477
34285
1804
77356
92618
45414
454
46915
78045
79324
20340
47832
97110
45960
69470
90998
82601
37937
70188
81873
32608
83468
37536
11650
15273
6422
13526
26640
57030
43670
16740
72164
67306
3878
82756
78327
13933
28710
5225
17926
92612
54012
67487
86532
79148
66247
81540
13697
72692
97820
36074
24528
73985
44067
55432
40319
5253
72954
62105
3359
81870
55702
5475
35137
77233
25937
83168
22120
25522
39348
7346
35674
50555
36161
78726
57215
14616
36423
29843
28860
3937
88650
6759
47024
86226
91246
75675
84068
53526
22180
12852
93778
44424
78636
86142
69859
60152
35794
92466
50265
49928
89312
33204
14080
33178
68176
56567
72386
5075
37
61587
81536
8457
39317
62621
27341
45510
70569
74171
38025
84443
4382
35501
18846
34927
49832
25277
73422
6053
97243
87656
3152
78495
11286
13074
10793
15479
43112
82112
16456
35645
20764
16687
7818
9460
50911
73147
86034
74285
94927
82250
5770
96965
97976
508
49434
67904
46331
33688
94446
19882
57505
92985
1001
33934
75660
89285
92756
83716
81997
12801
86664
58975
42857
32671
70532
76546
24367
98778
14087
40490
52004
25274
62335
29187
61855
31326
96286
23579
24189
69215
6328
76149
84752
11940
49818
56295
65203
17157
8141
86785
68310
78997
5507
30769
51121
97526
43855
68961
84511
40428
58794
28869
20778
59470
57700
29784
29331
87388
50563
88192
1291
66631
43213
55018
10720
63183
85445
80264
17383
14280
33788
55265
60664
15545
64755
81336
88836
96616
10097
4261
46260
32796
35955
54409
70731
37014
26462
57620
75922
32300
75443
79641
16492
8236
72101
62823
9586
81460
39838
67925
99677
61736
21577
93196
36019
85435
37485
57518
28615
22950
23753
92555
56841
88344
35466
94138
45275
85205
14931
72383
27473
5022
40944
49016
83455
22166
74699
75994
94985
62252
92950
87447
45937
94818
54128
90923
20735
23828
9886
87452
33300
77882
15579
97078
72565
52952
23870
28764
67060
38603
59859
30984
91378
61084
66196
55728
95066
66148
11956
81177
65321
6760
32966
33659
19385
60379
89289
82225
98701
62530
97272
6690
68309
95267
9351
94838
58615
53014
84204
7469
6379
98334
27045
6977
91395
83747
59751
65552
63044
37704
62994
91471
3456
96261
84458
82523
71438
75433
28291
8501
64055
52161
78059
80925
36516
82648
77144
97707
46962
79118
48275
69249
89153
24942
25962
10803
8112
82182
28917
37176
40903
73186
4828
15041
53780
29172
27163
94399
97301
42560
21087
54471
33260
97973
23861
53334
74487
41550
61883
55456
96370
39322
67228
14130
50049
13779
56857
66682
68300
94626
38038
15450
28487
49672
56500
63403
20645
67404
28059
50986
25220
89946
78340
16576
59391
20109
68809
50137
92089
12560
39574
15282
4180
41681
48159
46000
3568
94814
88684
77204
60893
91785
87559
531
37989
87907
63298
95432
32787
93289
18234
9711
86880
41273
13975
9444
17079
31577
18994
8905
79710
93397
67729
41143
52742
89382
22963
62349
12054
3667
86631
62405
70650
79529
54765
22584
31554
82685
61115
69827
13076
12009
74089
67045
45687
27661
36488
96370
49477
98865
90463
28714
42681
11807
13332
55460
65635
12988
57220
77676
94859
397
19224
38969
3389
23481
76937
47517
56510
7172
71728
95704
71843
21106
85295
25694
14141
71542
66120
92455
61886
71092
6639
92124
40092
80986
50257
25845
53101
59024
4192
94001
8233
25254
98813
14115
44608
63043
96456
85045
50907
3381
28788
86194
73718
87068
65000
84665
86804
55696
46100
15701
73508
74136
96611
84411
4865
18570
50597
5232
69407
72443
20065
59481
38388
28363
8558
74627
58981
88537
34199
54892
62611
4887
15789
22317
70466
37202
77668
59110
25787
20710
38348
41283
75304
61499
97071
83992
18670
55612
64598
32789
74542
23502
96482
89560
93920
57016
27118
67548
85540
398
3967
11329
37075
44545
17513
68762
67393
17815
32226
36135
69065
86365
45864
10616
69086
26396
7077
4879
81274
49426
48246
93847
48366
48556
21722
37567
45729
87359
12108
71229
18689
37635
86916
98918
39241
35027
70102
32689
69964
10234
50753
26131
60794
38199
11812
87756
96632
12367
71119
94790
64234
3331
88035
28798
29315
11266
74352
87202
74082
84901
12730
98787
54179
35988
46934
15265
81418
73613
57881
40525
53150
97334
44246
2059
90666
8911
72370
81158
31325
28882
5987
64557
43498
96036
11152
59989
10609
9273
42269
24050
28961
86370
72452
547
83712
79781
50803
2402
99366
15120
62523
80763
2832
72013
4969
54594
14649
60663
57502
10063
548
33766
27145
6981
72046
63605
7342
67848
25454
93885
98653
36880
82611
31959
41768
21988
74427
15829
26267
25549
89047
40419
95352
38148
88935
9804
48421
90940
5155
52688
43201
83621
96175
1806
33824
15179
60082
62219
41523
55204
38941
33608
81595
42717
58497
90157
42478
96006
43402
22405
26439
41725
82744
49764
84527
41136
47780
63626
58557
32593
13464
11727
26689
16647
93807
62744
86129
88571
31602
53253
87084
31307
94506
2057
51510
75258
22744
1942
24918
95249
73901
88449
99762
88897
89904
85595
26045
58415
23508
51737
74462
96773
96844
95905
68724
62498
56556
64512
99430
7341
73344
41935
98677
52681
29056
64338
76852
57878
83408
31742
81203
19622
33527
80115
70443
55693
56599
52998
67748
71736
68597
8707
55273
65979
78006
55339
10065
14136
83727
28410
85870
97824
68742
73933
83157
95294
60914
85907
44326
68857
72179
17983
95574
31424
89921
56414
63062
5718
37749
53013
28258
88566
27578
71731
2867
91273
22338
78142
67287
95352
21857
3056
16393
70503
29415
88919
94291
20872
75840
47339
38429
59294
41254
81976
38131
28414
96815
49124
76080
72929
28999
95054
68493
65804
22481
83217
32248
6203
92318
40358
60184
28327
68959
31873
87994
91996
27143
51167
12400
91380
97174
80694
70155
78578
10532
41818
9150
63848
31435
34760
91539
91556
92089
76610
90507
21541
66412
77672
92035
93170
89841
60424
6371
53033
94686
5801
46858
81973
69732
51564
37268
68413
13334
65147
78556
53793
49197
30639
68977
51875
99419
12995
23566
69786
11917
23811
74249
28592
62964
96905
31744
53429
43666
55707
20338
81346
5129
78095
33823
35752
13728
99078
26909
97085
3184
43677
89818
67950
64644
4710
32124
44224
72034
46180
46172
50956
947
12905
13676
6007
25175
4222
20766
88686
387
5130
57026
64964
99299
53949
24741
40521
77555
84767
13560
43399
10346
46815
95727
70798
83841
35948
17603
32129
85797
94120
81299
9559
59327
76268
79582
61967
21241
3451
48737
97381
34151
5346
5463
21416
20848
51259
41865
81738
34852
12270
82762
75120
60370
96620
98614
4910
40152
48368
21298
40496
79118
77846
30662
7571
99568
32687
49668
66253
40752
71341
27692
94601
99989
31182
29414
75379
14268
69647
93764
33370
23968
26673
44232
97790
63088
40697
80358
5529
47135
17496
14941
36530
65194
5553
77508
30302
93665
64613
26318
51633
55770
21447
86588
69864
62694
60939
74411
35150
26906
98142
39232
79798
40409
57050
49409
45775
77154
6585
75695
41790
1708
85884
39623
99929
89150
12969
61181
66087
1878
37623
52931
97881
9142
12274
65777
46057
17423
98365
63448
80044
13595
90662
33972
83128
57445
67415
22748
57236
11522
42645
2546
93962
35537
1382
73825
94249
51383
92715
9473
29879
30421
48696
78361
56630
88889
4718
83304
2539
52320
89022
63979
15679
68259
60472
26169
870
4767
22339
63647
1696
26038
12523
21326
44514
66889
43573
94425
12356
42011
2535
39448
78053
70316
62820
83581
71812
92892
34994
79527
49711
51822
54372
87442
13441
459
21731
12362
43119
1548
66848
19312
85873
87061
26281
47230
61981
78735
38966
21199
58545
79011
18630
21359
22544
43648
8405
4444
66777
98388
86668
57969
36272
91892
54409
12525
96845
56708
54119
43091
10806
38412
93698
71452
2819
84247
57932
81621
36077
45953
5265
21929
90443
93233
85666
68286
26355
26405
45057
56850
43746
47995
36651
84307
22023
76498
67369
32431
95685
23442
94006
34567
93568
85898
44950
23998
15638
29159
3018
20577
26589
15644
64067
83677
89190
44559
87777
44429
53445
46755
51712
85610
87143
40276
97259
99569
38751
71151
83444
96844
23373
79207
8167
84720
22323
94309
68252
33093
74825
63645
28771
99494
18066
42676
6999
3340
93236
38401
24755
75513
91259
40451
45478
91278
12219
84614
91776
42397
51873
99788
39424
89226
45683
53879
21412
38825
24588
35333
60022
92339
45126
38622
48037
46241
45559
26043
16539
47738
7648
71649
80580
95085
61299
39985
68766
8477
42679
6594
9474
76948
63277
72764
94722
40526
26410
69015
85197
3381
55192
34133
24537
14435
87791
54075
86341
30277
61347
8864
29756
11407
94713
33931
49420
89731
63605
80898
94661
90485
55836
24242
67670
35840
72203
80460
66531
89351
47244
2918
34933
99256
9570
11562
97213
25801
50014
11738
85497
15805
52555
96459
47273
96102
18785
15764
37378
20492
61813
2695
79174
27626
11399
18907
40153
26966
33191
32702
44798
28674
48343
45918
97733
2217
29566
69019
57295
19138
71718
33695
49259
21134
45324
69070
90365
35638
68292
65166
97879
738
52381
25396
2557
60480
10011
17963
95431
35537
66271
89776
55138
25485
62623
32701
27379
86569
30272
46307
26300
29939
34670
73350
30837
78038
46485
76820
73473
5493
30301
42004
95129
85433
40977
73806
45402
39592
45992
65520
72194
14831
28073
25874
16432
4107
36634
49734
7038
3378
46625
39728
42672
63939
85600
89941
2040
7532
31066
58625
51592
52088
51024
25576
53200
21993
4245
24191
31216
76250
69720
90707
7886
63888
23648
47590
67759
38672
98524
52012
20102
78700
99565
47692
27688
49540
37874
63396
18406
26395
41289
41625
54193
58452
41562
33972
99658
68445
96908
30471
50339
54271
82684
17626
38765
24299
65244
55017
79006
53516
78969
90432
76999
40596
21083
30913
50590
86347
99176
41658
42160
13237
6654
8935
47778
5645
88318
74412
57501
7257
23063
83717
69278
50766
53462
56472
84571
99300
53587
47831
78714
20138
94459
77911
31795
18727
91358
68312
25470
6833
11558
79710
33287
79894
48823
82315
59881
151
62104
90736
37631
64622
88153
28894
22167
82758
3027
82518
89058
92622
96159
3626
32361
79729
87835
37976
71582
69362
16027
17489
70240
95005
42284
7045
62471
49873
13548
82483
71662
77584
61403
17946
97884
38466
85467
82592
33992
20013
82364
23878
13835
99530
9623
77274
24630
12405
111
5672
41688
52194
30349
45094
2216
5946
1992
26072
89223
39607
87400
67410
31492
45870
59803
87153
14586
31600
32733
7325
15863
9830
37034
92972
49535
46206
91216
59435
70025
3861
68249
59636
42302
31584
29083
5661
16065
70000
43546
76626
7627
3016
16062
15810
18133
33229
59600
20653
40936
89391
8893
2675
97284
77552
85890
76098
57583
19873
3810
59474
99004
33926
63187
75417
53918
14349
53328
54915
41268
79086
64182
28851
67778
98882
26112
44808
66997
350
58877
675
34059
6792
53955
56648
49011
31935
16478
29062
82202
76743
68632
96774
50649
9254
