2321
81722
97789
11238
12553
1048
94316
43849
78964
96466
17882
37663
78769
45064
18666
85818
56909
47142
22905
61855
38560
42575
47415
39711
19538
12617
8532
20224
5548
89860
11498
98431
34283
95820
27151
49252
43038
42388
5124
94166
79083
61997
81945
20119
94124
49853
55618
20071
53125
71247
75627
72535
58494
5903
35854
73422
96453
63318
24074
55555
47899
82673
99514
6827
75396
30780
52901
45834
41214
96102
23341
75943
87314
3290
44174
82952
3045
23197
64345
68460
6718
40873
47369
32993
20560
5314
50485
51443
35828
3114
28459
37873
73686
41220
30988
4617
44463
11646
94770
72517
81412
46751
21852
68467
6286
33473
86253
82751
22228
73165
73868
10730
14630
53282
8635
59879
84340
76126
46308
83946
77489
28333
65755
68445
9326
10566
68349
81723
57739
31035
2759
47064
2693
59353
59896
11865
84382
98231
67526
81947
97272
53622
15485
34476
19468
15687
84040
98507
48859
36453
22778
66325
29547
16521
66015
19319
71921
12322
6014
99763
22325
4902
51979
11206
75523
66023
70708
95001
4740
12924
67557
36835
88803
55027
71033
52641
59746
43675
52993
9211
10817
57077
52844
38556
42582
52817
64555
91019
71326
3223
13616
16745
73895
31887
81114
93687
41346
18204
11748
43773
54243
34917
29523
60563
53426
47107
10763
16933
62391
11281
8319
99449
59970
17948
35190
187
30629
19073
7173
38384
95737
91539
15234
45803
48129
76766
16428
34731
84648
56876
41000
98084
72133
71348
67578
48242
71072
67037
93889
92457
87950
64290
50928
91833
89613
79570
21059
51787
48578
6067
4261
16319
68354
97095
36087
10838
89535
37772
52319
12720
30887
80464
57590
52476
34898
66072
79602
82937
13150
79415
76612
53587
23275
31230
29824
85135
18041
73242
43800
99051
13270
59016
78845
77320
33599
12974
48316
57065
34560
97883
18272
21183
90713
54509
58570
70126
83478
48084
78102
19284
39910
57815
16282
10763
49288
87207
63558
54462
49320
20859
54703
9503
85496
56891
31155
23847
95011
1500
31396
92883
21041
51835
66270
94820
38447
11093
67164
70587
7679
46819
72505
34301
12091
33014
43684
43742
74403
7300
41575
58601
89704
69516
83845
71273
39479
34890
66274
15981
919
68125
12188
36647
75898
24557
85823
64099
55328
15032
6816
17489
86062
53435
7728
67984
74258
7234
47358
71072
91167
68087
94240
90759
18782
76247
23627
61334
24630
71063
57883
14843
89511
46258
52617
26419
62826
65199
46896
91652
67285
12163
97237
22390
28976
5162
28700
11989
36284
27678
19471
75031
45589
95037
36572
31197
7216
68260
4855
77866
38795
32324
57748
50714
58838
58273
94050
29043
36592
89680
88769
68826
20616
17097
33283
97550
42527
20004
36016
71504
64643
71262
52185
73529
52498
820
11623
96721
16162
47105
2245
12714
47627
74476
41911
91560
67761
26491
49837
1514
78123
88760
22018
53605
75302
44290
2138
9548
44606
64638
61302
36999
23337
30883
52706
7926
5657
60599
6841
40571
16971
26204
41954
1020
75228
29981
54127
68096
26072
16041
74932
21981
76804
32250
78786
20287
5255
43383
84620
65608
50210
69549
50993
10007
14172
41594
69688
62270
34643
11716
89527
29714
2999
93993
92124
83492
58487
23445
4392
74534
73274
1459
80796
49600
26798
44122
46115
37426
88650
14043
93150
9087
84358
56847
5642
36997
14524
39078
1709
42486
27348
23380
62777
69212
43323
20306
57505
80825
15916
57123
43263
98162
58611
91487
73036
43822
71182
59810
85825
16509
9634
88097
90231
47946
23487
57324
12149
63728
46069
11742
43989
24559
8404
13657
52259
48730
64062
75263
63632
78351
92741
32021
60948
83004
74151
87919
51698
6117
25600
71530
71649
5605
84060
89753
43916
43616
78760
97975
159
75992
47796
30458
86401
71419
99431
84285
63416
90922
823
74976
72438
12091
7017
79354
43448
29638
88087
36146
55493
70782
97917
37617
6877
61568
62892
99524
73270
74116
97613
4141
33568
65572
38225
99417
7758
89168
10604
93740
9132
41975
88246
92940
7897
65867
88215
31182
48203
17147
75867
97412
38346
12661
64403
1412
18848
97158
1331
7507
92283
8105
42176
83857
57127
92344
32358
37521
22360
13673
93916
15732
56058
93316
3797
23265
42459
44383
15278
87
47805
17391
52321
32772
10592
10657
98009
27426
53541
82616
30257
71215
67992
21706
54752
50378
97864
12937
93024
85570
45830
133
43119
10948
13135
10539
74695
98257
74003
15102
14399
90509
86541
35119
2722
96222
84023
6630
25551
54329
64172
93849
41966
99290
14790
84684
44000
46752
89445
12596
12967
44435
20080
45578
18670
40093
60053
16512
23673
32516
4980
62829
44477
46586
95496
66879
14188
75665
42515
28924
95433
6534
42427
15078
38871
12462
28299
31947
35442
78947
15792
41027
5344
92303
56536
96797
41847
78316
93436
30998
88515
70199
46070
52098
79008
91335
75244
66103
7296
24043
95113
60026
56318
48750
90049
49661
93803
83630
30210
86333
69785
67159
66055
46571
86174
89343
11445
32655
88158
45843
28832
60828
42423
61562
93759
93611
4598
34320
39303
62079
51314
56034
97061
3124
88631
25155
77730
18825
47919
25740
66737
60464
54538
18133
55888
88408
83990
33290
98941
51449
45828
64536
24258
14857
70313
62342
14841
58619
27142
35751
4937
89768
41933
79955
62068
11224
69242
49978
43840
68080
35663
58606
52070
41382
60547
25722
68479
71790
68311
30858
60645
18068
13988
98316
10122
50897
43048
7675
52682
51611
48860
45023
71905
22729
99591
35124
50685
28774
68340
59491
72039
61395
7443
30768
92769
19035
66511
63538
96319
95724
4083
25626
62252
49318
76485
65910
18527
4811
52219
28960
15820
63792
22177
30928
99439
82648
71909
97594
79659
63004
57394
13741
88263
7371
22148
64988
75797
27420
13790
10312
89554
36257
1594
49164
83218
57394
23737
8670
42410
38766
21474
15154
22354
8380
76998
46793
56489
16275
96440
38440
32494
91269
32196
90901
98310
71941
6683
54506
31417
96264
20382
62160
37511
56563
32053
9148
68665
74864
45615
97786
96491
50428
18208
73393
9501
67664
32789
19201
25633
84512
2824
35863
48453
25913
34928
3560
388
88713
17895
68068
93387
27813
79019
61379
56771
47986
23558
63711
14508
86736
57431
10844
86786
62117
95470
43269
74595
62067
71084
89111
16110
25446
12996
70198
99665
15936
2314
55593
68177
62962
591
2730
99155
91319
14923
84340
91407
47697
64705
21281
58520
88023
78071
81355
61270
92046
98415
38560
18613
59631
89946
52246
25469
66062
54405
37720
90448
58440
34654
29473
97269
20769
72179
26413
95588
72215
27455
33070
70511
37092
63007
32130
57050
64321
61178
56797
49988
82087
36148
73749
70752
10881
79404
61492
68983
18399
42953
44997
72172
75721
68253
36509
98708
38825
45355
98213
92539
93827
54771
72756
20636
6728
84609
85374
73249
14063
67554
31792
76778
21282
74847
11390
86358
49401
55233
49993
83678
51041
19282
71475
91742
35695
61609
66122
30785
15938
83798
79028
86832
37656
67178
20777
34847
96779
5409
31539
78345
54311
93861
10746
53833
91347
53472
4482
55852
23694
62439
19759
27460
58198
54274
47627
1714
41785
75997
12224
71467
35383
78172
96901
90977
54562
34758
55561
54418
10640
99143
32493
92381
47981
17797
73076
79219
11835
12499
4662
98771
4283
68564
91861
22253
61402
81273
31882
76212
87061
73293
6748
21079
27335
72599
85899
86134
38238
14674
64819
33574
74
35300
92316
59688
35451
55706
8430
49960
62523
51561
51265
44927
12061
50159
43192
18684
94914
29381
33112
58582
49724
27950
43650
95031
14789
73770
18470
83702
47368
84727
29859
72776
16291
12332
28484
23815
13722
17509
89734
33327
69738
9148
98567
75228
69643
564
59328
47291
15961
94132
27889
36080
27091
19812
42447
49345
83313
48064
14519
66840
79396
39001
16930
5644
63602
23496
57043
98761
93743
8920
97537
73414
34504
45679
90338
50752
11193
87062
89320
12625
93922
86954
65830
78646
1201
26424
17871
74072
77009
17556
50533
28977
80984
35278
76788
39113
33378
28276
66670
89940
22988
99976
2976
45493
53342
19659
76021
4376
47481
82692
65019
15446
36063
16435
51872
42644
26874
41252
19252
39956
6467
85616
83062
93483
38082
80181
14637
6545
9185
26875
87000
90028
15186
64686
88952
3313
7551
92817
7358
49211
45083
99345
12995
94603
40496
38263
32972
59020
32129
63013
17802
78849
94152
38410
63601
11462
13906
95099
86229
82160
28617
44184
60055
84537
90090
32909
9307
31081
86345
26463
73649
22931
30980
24801
71056
97176
33813
57811
49997
35630
83573
7852
27275
79665
74392
69284
29499
4334
55856
39663
47409
17180
97062
15790
61332
51947
12489
10632
27502
55947
71280
83567
65819
7747
22407
26902
14253
50965
99841
89329
84018
2540
53364
21213
87042
11881
78195
67017
55284
42848
74541
12499
25607
26672
29498
22441
67655
32839
38853
35955
65260
65396
86016
13366
94060
31607
18931
9857
56882
63264
70628
8538
96315
74146
22918
8464
75359
97807
7120
52287
66977
40055
54886
26924
29109
3309
28033
56682
62404
95000
34622
36877
36883
48861
42137
91072
42962
94500
81523
4571
36182
48333
16938
85221
59882
44026
59034
20738
42094
66153
94659
4356
90792
70762
31051
88866
22403
62284
22705
36252
50090
85517
30810
837
49824
45531
71299
28675
48400
85702
80158
65106
93444
62897
13292
96107
62389
74976
28149
36947
91917
22249
27852
94582
70821
72890
33926
54969
52611
15628
40727
12473
73833
86414
11825
77292
61966
18290
78847
57117
9895
5099
34730
80610
36871
94704
54194
82915
1519
81311
4107
89380
35545
74673
30680
73019
86888
69915
39263
29436
67646
26023
24765
89769
59728
98139
83727
83768
77950
93546
61912
19745
79281
84212
60735
10112
77226
29513
91267
24227
28154
49658
19859
52705
35562
60646
69786
11111
69832
80804
61670
47204
37528
6556
53618
91973
47166
22646
56114
74764
829
37440
74502
22498
51384
20758
64038
46278
97731
13185
65345
33781
74632
87002
31218
33556
51804
65292
32447
1132
45577
62471
94765
53682
55823
12027
60513
60550
89206
35465
53910
59439
45949
99758
316
37280
70355
72333
42441
59304
41511
22200
42228
48279
62968
59939
59407
28409
83430
10019
27131
21482
21734
3237
20529
76027
67206
58856
98145
76122
25502
73989
13646
92631
50267
26656
2454
71235
62832
3648
58121
91899
13467
95450
94399
7572
15858
82692
85916
68362
94362
55542
28953
42329
41047
80913
53182
36619
11500
14712
93078
15210
10210
49543
84879
73692
56743
36156
28174
90634
72855
89774
91208
54813
15884
83370
50160
21543
78809
17362
70528
61255
98444
75510
26296
87737
4317
97982
1723
80618
77850
91751
40931
28843
74097
47884
25745
32996
12319
57495
59110
90373
48745
97400
45518
66918
94584
48806
19616
27885
38160
48380
46775
19489
64110
97372
31778
13577
37803
26034
54668
37006
62409
75169
68806
31126
47008
98615
55014
35948
15083
29521
81875
55130
9094
91496
54075
92996
52002
62085
62763
25484
27617
35199
25666
42307
29598
2291
86787
24910
59529
54694
62947
4655
30967
23100
67129
818
44063
35187
34225
63033
31733
74726
80460
72496
15623
75300
71413
63518
31220
77958
81045
6224
23900
78024
56131
59922
91539
80740
19353
2083
65166
33933
95814
29994
70070
87590
9993
20156
8295
99748
53162
29045
14301
12743
14891
79383
69929
3567
25669
66326
92891
58720
40303
23241
47875
78301
78124
88004
68246
35852
7977
18530
46841
31487
65057
65486
70856
22373
36583
58912
6552
78219
32457
32443
54620
53390
98426
78847
2802
66783
40112
21672
54558
33709
36258
80270
85349
4139
12712
75097
8186
94631
94434
31231
46865
50590
69555
80930
38661
52536
60190
44651
25820
54780
79891
98309
53780
66514
38041
91042
74353
79965
27911
55711
58016
97600
7626
85995
10975
28070
66646
22556
76054
47600
10837
10529
48544
15791
79372
12817
46442
55178
95720
76339
85300
84527
43861
41500
22753
79855
26602
36173
17756
48529
58182
34600
57957
44528
987
47612
72795
21962
21754
26081
97456
6965
87983
11800
83731
5991
63716
22463
79093
59434
54749
9303
48295
2433
2136
14322
34234
13538
74601
95889
8947
57113
19722
58694
1186
50452
58165
94403
91313
33801
73742
20765
11016
51589
93539
66583
59972
71360
68825
3841
69721
79222
24087
94971
13258
91935
25094
8902
23545
47639
63081
37798
66341
39300
6326
558
40703
10313
53614
47359
51345
88085
44690
40657
94239
96481
43322
98445
81221
77693
35969
24245
15248
56917
15724
92012
96468
59808
52682
13342
35538
92315
82248
98185
95470
34873
40374
31882
98510
51645
78843
99772
19996
16533
87439
1271
38394
95041
31798
73817
12491
7865
41348
21046
93963
13269
76997
24305
50491
5331
19563
63430
20272
89016
92501
95557
38114
29840
79158
88875
37487
3927
27019
78755
94634
25972
38245
39771
82327
96332
32431
43398
19148
54956
75820
87570
92243
68108
97536
55642
71638
53472
16015
36769
55639
86708
4527
85140
6906
10556
86590
8059
70698
87589
42487
19567
87115
54025
52187
93992
17380
49344
79625
93143
55469
36781
89655
8035
59104
85415
74532
68947
99946
98657
96531
29168
90582
97468
92903
70737
31237
86796
66167
92516
47883
91571
92040
77512
62244
69927
47105
58605
40663
12288
359
26003
38695
16886
22709
45029
84583
1804
69802
36690
50488
91258
10578
69370
96368
44294
19068
58716
91038
23796
71278
64981
20413
53031
59546
27124
76559
43346
52046
21998
17563
17990
32246
46786
33162
35479
6725
69876
65194
80156
13676
31287
95171
66068
88701
58372
75591
79479
84356
59277
61609
73296
14682
7023
28161
23420
12714
81702
88664
91988
44655
49193
20789
59549
29558
89050
98222
77043
90688
51101
66245
34301
35379
99937
54841
57169
71541
37713
88046
24436
57703
27630
71337
76686
1427
65292
472
44528
67721
32124
67290
86861
48365
51645
96075
11192
55492
28131
232
18052
15003
49828
16077
42359
91633
19125
55122
14912
6250
52553
48338
38467
62333
56130
68168
54383
49421
15675
43740
95820
64597
88937
25163
87436
4462
16971
47010
29613
42425
78781
41631
59504
48385
48358
91933
8405
33506
27935
45489
11426
68583
8433
62014
83338
14919
47080
162
5642
62466
93835
67858
26176
5252
11657
44678
12538
68759
82451
63583
15682
98003
93027
85240
78557
42351
23916
51899
65134
93962
26622
10419
9333
46416
59012
23961
64288
11689
15326
78631
94458
14030
57015
94348
339
15286
93407
62743
40913
20717
93233
13500
33626
50701
1136
10988
82254
13285
96791
20226
21755
83741
55683
50552
25098
72079
16153
1771
59583
10951
38098
86532
20941
33774
5545
94453
57932
24801
29607
31537
19898
87487
31898
14595
98372
18987
60513
35783
15885
86287
33495
46629
91652
13139
40401
22649
587
72797
42618
3992
68299
68063
49456
78235
49532
52462
50053
23272
96385
63093
339
29607
14662
68025
5658
57781
10261
7403
13173
45670
62207
84064
12424
90385
86817
60963
36617
77861
74205
58340
51006
18499
61181
21646
1434
90722
26238
90833
49324
31757
52617
61768
49002
71912
92335
38146
42382
12924
32918
65093
23818
15979
24200
91666
77636
64929
15231
11106
71535
18519
84261
60483
36971
91090
80384
86735
59298
98106
93550
1015
70163
67316
565
95622
11283
64275
59065
8941
4549
97878
74070
9374
35300
39965
98397
59328
72062
29761
27102
16838
12778
38041
49643
15409
86917
76624
63445
12196
54914
93536
882
80439
62260
67883
22386
84008
68016
27002
37219
45801
91401
49201
6420
38555
39921
68423
34669
6715
69084
73809
75549
80047
17200
17071
15666
43794
17967
12045
78933
66106
7795
56172
1433
268
5027
42918
44882
97734
59067
46707
42237
21836
81486
72379
92519
17430
22320
22378
18222
37570
23976
49734
95165
13638
62289
93454
46547
73539
27613
75437
49255
3463
88666
55025
3527
99136
11244
21123
10790
33007
56216
19260
6674
23253
97184
24433
14364
35671
11793
95293
92091
45240
5850
91185
70704
3342
38378
22876
12642
85999
38877
87657
35836
66285
95823
68182
75136
70027
60060
83029
62925
95366
19504
54256
8814
85474
58624
42921
12332
6119
45107
24869
18250
41536
42392
12901
5435
87438
61558
45801
15510
77175
37481
2675
22280
85774
77830
81538
29417
49384
2859
61312
5256
47497
84510
68694
11286
19696
26009
98159
99383
6528
79691
22355
99478
18902
74998
65036
94508
46661
68337
62551
27615
4306
85867
29202
83588
92514
40998
60322
87037
76708
56370
62865
70645
95501
71084
40673
32397
65045
36996
42330
40734
8689
72816
96262
64461
65330
14669
23868
26464
77934
28604
35089
52754
33701
40221
5326
82399
5562
67753
92089
87793
42569
81628
91855
71562
74312
81304
49710
11572
12110
94847
95220
22401
15835
13170
29621
97314
21727
33801
93133
75747
11944
84747
20941
39375
62583
86485
4748
8319
46051
30909
96828
89353
20732
252
83245
68606
76564
99597
56056
23006
6151
44174
39979
45552
86233
79767
50955
89777
20849
73828
55296
22620
26619
99074
41624
20264
14021
11836
80439
5532
96144
40997
79
52480
74810
47285
16614
12476
63638
35424
27118
69777
98864
97883
87384
8686
64691
12968
89360
72245
15119
30827
98418
23255
3173
22076
11302
18376
9800
68874
54532
95455
24129
69612
35174
88855
28943
53642
22234
23715
13447
71801
27722
45566
86359
32934
42369
9600
81203
57086
97443
54444
59909
66714
67571
93760
94597
90486
96157
68939
99550
8218
48949
82432
13422
89923
25152
98669
96286
55164
64146
92553
13930
23568
49367
93444
3051
2468
52974
87693
16810
59267
14794
45840
17622
39551
7230
21237
29265
84626
87349
42926
40848
87507
57809
67801
97971
26977
48807
57664
9281
84323
43536
46088
53548
4183
75638
3911
70866
35901
29386
98750
34548
54682
89975
29013
48321
15639
75583
24593
8341
44896
11768
74173
14357
18236
24560
88727
63900
45688
80622
44967
47107
17625
90636
7434
12716
69231
3410
7980
41847
84890
3916
11985
49345
33354
80699
90892
38583
27054
72807
65152
5723
12384
58344
66685
48399
16509
49518
39368
15142
95654
94489
1477
40745
34445
88244
76614
82622
88895
62907
7406
40848
88117
63548
24325
76650
75686
13672
98765
89455
49802
76318
10185
84368
38396
73727
60121
57626
58585
6360
61565
23758
479
21118
24098
70944
11759
23220
97071
9613
40291
27003
54867
8813
26826
4037
76741
51969
71354
21153
6944
85018
26775
90417
11317
37657
5570
55968
14626
83018
65266
24915
98397
16371
89069
71978
67499
96790
99910
28578
38779
98625
3131
4671
91636
73318
29253
16762
66822
42939
3719
33410
25309
97522
41832
56981
62771
44170
60686
51922
46501
97866
46618
58269
22994
2987
56521
12843
31522
30352
36378
47876
8389
86818
68683
12159
17967
93719
82902
80101
31794
11252
91129
46785
36983
15306
81270
93325
62063
23230
87739
79608
65366
60661
6357
6634
55980
24246
90219
13923
5219
5637
28675
46282
48507
69584
67660
65587
24276
12820
77419
1004
47999
42053
33464
69021
88996
83487
54977
6228
68010
63684
53711
71359
78035
82476
75325
88149
89744
70734
8059
34525
95940
63960
99302
96719
87502
28077
64881
38737
92153
10346
59566
780
41980
80263
15592
67645
31147
525
45166
9904
3304
51687
83977
24053
31401
16025
27718
91175
57414
80446
72965
12799
90690
6020
12205
39598
81935
6033
11862
86017
59004
29131
59644
9658
54794
80800
3533
74959
69844
7591
13862
18006
57443
29556
45019
26274
78769
80301
25209
98571
95228
76111
56724
23440
67004
70961
22639
64017
32212
88741
83100
74828
5055
64284
79814
20368
30900
84625
28734
16989
6250
95577
32377
32654
31309
48042
71137
66235
46281
85237
52679
32108
71901
25186
98955
90765
89818
69241
61066
18073
87795
48361
70487
67699
90320
61142
56098
98288
26621
35293
28525
93021
23207
36523
59756
86681
66034
56469
45987
56140
40176
30060
34066
19851
13577
43679
49895
59456
37225
53547
56130
36869
40905
93739
92206
31207
51982
14158
69409
84054
97022
9405
23029
59978
86291
82515
72493
52096
85516
54559
72382
44369
53520
61287
86945
96586
49302
83557
55878
67594
33812
21267
62439
57633
94209
19066
79601
69294
19895
57669
16143
70689
49241
53
23525
28606
48323
10987
66601
17316
25999
86325
4962
54272
22696
53842
68484
3896
86410
40868
9641
85671
72220
90408
63695
84759
38672
67448
77111
60465
76288
6164
981
53531
83557
1904
49662
19340
23280
91052
52208
44333
11877
89971
96527
39868
24980
14956
45980
57701
38284
17479
91223
93093
37421
78858
79564
11357
16275
72408
13979
45542
69759
46531
14437
5735
80137
96198
23049
49279
63871
85722
90609
50252
87817
92657
35087
80783
142
65782
21571
42618
38662
2547
22992
94809
78789
54287
25746
80210
17315
55474
54777
45760
65296
32304
98509
6639
75430
92829
18339
64526
57400
33131
34979
49480
22628
24914
68319
28879
23737
49867
29348
51852
96639
54521
98240
54003
97523
92792
78511
94520
77285
74272
42094
94898
94656
88830
70556
82120
37213
56975
67694
26037
88491
61567
5173
24347
38022
91258
43651
36760
54947
67457
66484
47302
44322
92986
87999
5346
76668
3522
40071
77060
77626
33581
75008
48353
2134
23247
72283
91132
24396
57470
37507
23437
12826
62138
56951
96866
5387
54079
79733
61346
23953
12570
22681
43738
94966
32144
21901
54002
7463
32856
6741
45319
61828
83852
41692
22133
91716
33584
97063
79900
68634
15690
91378
10521
12877
48923
39343
12281
96956
15335
50814
70031
6439
60758
43762
2822
15302
19519
95305
45419
11820
22510
79510
58214
56811
15230
22219
71507
82870
42024
91331
66889
12598
50237
10765
79229
70217
80657
78263
96962
60704
60341
436
5810
37028
63275
57260
84203
62382
62659
91734
4621
31022
29601
91913
3902
20685
9598
82498
43068
51103
27756
58720
98596
35684
75756
21633
3153
73729
83441
48317
95362
16283
2728
81482
3207
67634
56327
19121
9188
70020
93228
74923
55956
28114
2865
64357
20450
6546
13919
22532
83455
74219
57614
3119
15216
36806
32441
45458
68148
96913
24977
40949
31932
82008
55535
62587
31597
61192
65797
94862
93025
20573
90936
6532
68945
92994
64584
20403
17727
30094
23248
28256
39080
71213
21465
70122
35223
44570
85893
10691
95067
92819
21659
55004
85300
10734
71630
41279
8539
2941
3965
54911
2775
4894
94592
74894
64287
35328
24544
75264
72100
65140
94630
65794
15668
26339
18412
80692
62861
83923
19235
58618
82311
62722
78626
91555
28545
86477
44421
27839
85483
80704
4095
99352
93042
47860
98823
37016
98881
52659
46056
47005
48183
48605
43191
76743
46596
91030
45161
38876
1549
25291
56857
56103
84523
95050
25299
41532
44724
50000
32242
98930
60857
78584
22530
11830
44717
2813
38333
18939
13974
50108
59382
25703
65473
88044
95013
86282
25912
67585
58215
28420
32211
7577
10941
6283
83188
15187
68856
57817
60367
84453
7821
82848
63239
113
23712
19147
50723
7237
22108
27476
34018
34923
97251
66901
87257
72407
62802
33694
46073
72162
51046
47688
23070
7486
73759
54650
4948
72458
93064
1321
81921
49346
40208
92
59996
99216
84014
62767
48229
60213
57334
56193
14638
44088
692
14004
23319
74844
41392
26413
77285
68037
22655
12579
71424
47054
61755
37369
87737
59001
13614
78045
22690
78222
55213
60822
63602
79629
88229
39330
98917
66025
57201
52429
50012
87483
26873
10558
18050
64606
74783
26542
70925
80441
49994
72381
79970
51563
36920
26896
89733
51857
71894
33281
65249
24474
64317
93886
38684
8445
30297
44894
42002
28499
67609
55617
69651
44568
52660
86825
33657
99324
10271
32459
56941
64386
49152
21057
67022
25843
43894
61469
25253
86383
68468
35914
56106
15643
97081
21712
84504
9576
14922
69271
48380
93554
45026
62993
36984
13215
24025
17453
62051
64375
28251
28385
74378
15284
88554
94522
59059
78426
41054
17844
16186
37947
6903
7043
49165
19237
55734
49109
83859
11175
56062
7671
38896
19988
95579
764
68174
4280
68338
32017
53471
47638
43257
77946
25936
86604
12465
47814
90295
62686
64992
89699
86672
81817
23913
68216
97891
95979
72789
26239
7997
51797
75835
65760
72972
7801
68707
49023
74990
96192
4640
13880
76469
73865
21841
76814
99513
75575
68240
75282
95532
9860
87064
71548
93510
58512
31445
60909
717
89108
98306
29079
47561
17724
57696
57442
33934
4562
25768
25679
68136
28109
58727
64352
6390
8542
68097
50542
21710
69123
43814
81220
67030
72114
41417
38364
1151
18984
86068
7927
99396
13707
95482
42805
37958
61204
41753
87682
47211
24901
12124
28913
19071
93736
84678
62713
92860
17711
44
10192
67810
36750
72404
87457
73237
6402
27855
39233
6632
29161
3264
51677
39110
86865
78351
63941
12050
76306
42012
79254
73747
38680
61728
24238
91772
19246
94293
60277
25756
28712
41153
74121
35548
99831
91799
12293
41714
20090
87396
22855
43925
43415
50787
70382
2690
65735
72075
14970
19744
41305
91112
64813
2850
23762
38026
80015
2411
75458
66950
69048
89055
79888
24696
58732
35597
50436
96598
82430
52664
30900
15119
76333
8182
99902
80849
41989
47422
48031
76229
63830
71258
74020
79335
78806
97716
8249
51910
40023
83023
93995
92584
18040
421
80167
90684
98415
80113
26934
38449
25007
34414
54534
93151
50014
87810
69485
53215
44278
52062
16924
6403
59624
53512
52464
46158
18676
17900
76682
13939
54173
48886
10408
12819
72125
5607
36296
69348
89483
30646
42614
33042
37582
65231
41668
26511
68225
23433
52783
38561
17594
55375
37411
66284
51073
76188
36203
23077
3132
85393
5160
69289
40518
20001
43656
26557
76301
77383
57365
27421
14680
68107
12960
6875
59876
14856
73998
97548
15138
46664
99047
98469
59557
99252
38429
31903
40117
33689
21688
46891
76292
92037
88225
70963
6347
21950
11913
31197
25588
83591
19660
46909
64627
23441
43640
57809
63501
68766
61630
84193
7380
73479
54438
38832
95002
48469
66958
31383
38050
66076
91745
21881
41418
28333
51076
2177
74174
97014
76782
57982
94159
44951
17316
15032
44746
90683
85501
83400
54662
87493
326
42602
16077
9003
71598
37466
51380
59003
34683
58596
49941
88545
15904
81247
71036
77960
71319
70759
54478
31254
96232
20612
78552
49088
57836
70876
30431
43819
80013
77432
23020
42909
51482
19851
94465
21051
17923
95545
81945
26554
73119
16882
57906
51907
87598
1921
67959
95187
68441
36046
97700
94584
21032
43398
92072
1016
21096
86313
130
83376
55120
28313
8951
456
37200
77032
93631
54660
54496
28890
15071
40360
93177
91116
91759
5678
43905
7218
68206
25688
51621
63168
20870
78416
73919
19364
26377
19463
1505
31776
66482
42371
50264
60198
68103
66134
47746
34131
28875
5702
10440
27277
23109
88937
3948
36620
1780
44381
92317
86056
84630
89707
92124
35190
53508
1642
33944
85711
65391
46281
62126
97420
98841
78332
61325
43029
65637
21531
65167
25541
95368
60362
30827
61156
38724
61555
59652
87453
17236
76971
19975
53563
62565
84704
72284
59647
89256
48353
90067
91277
27816
67115
79411
61749
59625
9758
23149
582
16947
72474
54036
22994
12095
34486
59498
47540
76727
44121
20323
29263
39479
24264
11037
4363
20961
58219
4115
82748
43706
76230
10495
82566
98934
44000
83336
76133
31929
93684
29602
76413
84133
99313
97810
75368
13347
98091
98535
41395
72416
81643
20807
28143
64475
10639
53576
68450
19571
13484
51918
36661
84710
63246
21208
4929
94266
58876
43764
24841
90562
60367
45937
29757
60356
39823
13628
40353
47490
38975
37426
84005
98683
81150
21361
49604
85480
36198
32537
498
78232
99252
14873
10341
89791
92916
26456
53461
49143
33291
13155
17743
24564
81005
32977
21418
89246
17749
7989
23544
53028
87337
49546
96791
36602
44850
38922
84670
26489
82304
55408
33560
41676
46184
37680
23150
79414
1811
71210
5470
45624
7800
21368
2255
55503
88163
35057
96337
73541
97414
85520
12274
85083
65222
57373
91782
57419
52382
60893
27665
60033
58838
47526
74483
91646
79657
91471
79658
80086
82838
62738
86479
8825
70192
28188
65067
48283
92465
43284
64412
66285
25967
81347
87049
45183
69921
78404
45565
21221
90296
30295
97569
27692
19785
20376
53701
2124
82851
55749
41965
31537
41313
56887
74192
27714
94553
27260
94139
86583
87571
29272
84565
72549
56402
24811
48714
89188
20453
25251
60151
30099
49109
24122
93666
46106
12623
23986
40511
85728
19443
6399
7307
92979
57268
36084
34656
15141
76226
46770
920
80145
94644
35511
47879
92745
44107
83079
89845
13840
35636
56777
94343
31331
67766
6540
9434
12454
33617
9706
37364
99861
60376
66200
5557
72228
82384
7816
98602
66955
61022
74861
34766
6088
622
56395
69908
35332
94520
24241
79917
70889
29796
11230
39668
12036
24388
59697
17413
41426
80794
51905
50094
43668
87083
76794
72566
30816
20910
38514
44122
21293
2713
17721
72315
49061
45620
23857
1097
47268
16045
58158
32176
6002
83289
65743
54669
74147
84417
22737
56991
4285
52756
68521
23670
40420
97000
30846
69141
87527
86493
52814
32992
86067
20422
79424
91883
20416
26820
22022
37020
31861
36494
21616
29239
3765
73944
32898
84484
75857
34368
57008
61119
74163
85091
71321
22267
26362
15127
99240
60864
84825
91254
30705
65479
22479
48029
50974
71430
97347
13036
59209
51510
61226
11805
33402
80012
327
71385
61350
75193
84465
47136
17584
10926
95283
1903
44788
39975
4623
87358
79290
68679
60769
63499
27759
12015
73770
13782
32447
86363
66964
53137
74690
14703
65445
8894
43587
88559
50736
69285
23568
46577
61438
86622
68119
14770
21966
41528
92922
42804
81056
43444
37515
71227
30951
64795
12804
32209
48018
88253
23315
70098
27961
33753
1674
38178
33335
7947
40341
52896
46447
47337
77222
97255
5626
27651
65920
13814
83448
37189
95953
58253
55852
38711
28369
63530
24649
64322
85192
95292
16931
17358
51974
37860
78015
97172
88560
12921
27069
99001
26718
29397
60680
41578
39577
42467
43215
36026
87938
20331
23368
88488
50570
92722
50804
60948
52733
75033
62273
11859
17508
2234
68511
4412
41579
72119
87950
60624
78388
21244
40209
40285
61205
37310
89947
12513
49696
79339
18919
71604
54120
76762
9246
9324
94516
11601
97589
47688
85154
71586
52466
75769
12043
37144
6352
32253
60315
23807
90135
56393
94950
35843
63261
15787
10402
76602
1158
63960
9819
22106
83114
8624
95714
47522
37085
1482
84076
28979
42404
38929
23930
94205
68487
86335
12030
17357
53847
48733
36388
98523
3616
45376
54168
77111
88892
190
50023
24376
76196
885
46217
44434
13339
51886
54790
58764
41640
87318
42117
92764
76524
20830
33422
96341
78527
69506
25964
25371
91706
76256
9383
385
89511
29806
35190
68325
28670
4866
37849
3882
39513
6982
6041
73296
37914
24015
78434
53109
80340
14381
17402
90296
5920
68103
57714
55595
78881
47682
58680
19864
14295
48844
5789
41717
2683
86548
27657
831
62108
56139
64001
12210
61844
45960
17464
3759
720
64665
8321
59626
90315
91273
16820
73683
29884
6946
80213
32309
88420
79049
54756
99131
66723
41827
87037
44136
69713
16171
67399
99962
11907
98948
20028
90982
88808
44201
65639
60345
6880
77470
59471
89329
22182
46422
87354
62680
93074
32763
64718
210
53249
56546
28849
95034
82887
87757
27678
46482
23087
59341
28959
12792
80905
62773
34151
1532
19856
81524
40820
16126
63934
55936
44175
6015
42777
33703
5817
89894
18647
49615
71212
22927
50835
86301
53181
78849
64028
42741
57637
75237
68790
72487
66008
55605
70306
58439
48675
24040
60768
46866
2133
80455
14476
20617
75443
95929
77880
33392
7987
97471
5536
20823
36706
85113
32732
2806
7306
31865
15713
36226
31790
22187
54122
29253
41633
60739
66961
67353
25865
87730
27193
26021
1941
55336
52939
14949
12191
37456
12554
96924
42611
47470
42121
6639
3957
12495
34925
36003
85441
49565
72241
36625
59662
49214
54556
61920
48114
79173
74370
33742
5108
8568
32710
86338
61808
51432
34077
71565
12835
51215
76137
46993
24664
5515
44544
27019
5482
96452
7426
49816
24101
37059
55667
77734
66922
52310
27172
14887
2313
2686
7514
61136
40171
12000
50900
43073
8825
90832
64759
66271
68967
40467
90631
78513
51825
18033
63771
14841
51958
14437
75061
69535
6537
39774
55466
4328
27788
46591
62510
11857
28900
32725
6694
60097
48383
88523
93471
17437
1512
88021
40690
61683
79141
63768
78406
62687
50881
55248
29157
51890
50303
60684
74137
50086
99182
2152
18548
12724
2935
95547
79753
71476
9781
46236
87257
26080
42231
51933
93238
52931
41464
40351
8691
75158
59323
86022
80862
27968
50819
45511
59664
73267
12744
48956
96883
59801
14072
56822
9425
90332
93338
25896
48663
95353
56863
72903
6007
28003
12732
9407
13132
73047
23845
88676
62646
71211
96884
10584
56429
79896
80204
91573
91600
94621
97559
32004
22168
50882
33224
17515
1233
78340
64735
6472
50268
23656
25753
71370
30287
52734
27474
57306
44885
56607
73819
46570
54397
78358
18469
99131
64405
28143
63645
82627
38198
74493
48768
248
41169
31447
73078
56801
70091
67437
58487
24410
83745
57405
881
40930
55392
31214
89892
64974
82409
74677
34788
14766
57666
53277
91696
18449
50655
27419
63370
8853
44318
86199
85565
86236
79275
79788
12874
78538
3536
27616
88409
72608
57141
62143
56676
30812
84177
61864
95900
9496
8428
94631
98884
72912
31268
56053
12832
55342
41174
80445
59169
59408
55545
45237
60108
89561
8578
41318
40319
73132
9898
27006
75598
44661
47371
78583
3583
76880
39157
36949
65322
43250
61022
29651
19410
81504
4425
44375
77211
11341
62437
18116
24679
58981
11991
65998
27531
65989
2263
94438
75371
3793
73721
29578
38778
46001
24918
46319
30849
76829
30100
60914
14682
69239
31116
72153
86823
43761
14695
77879
43241
88395
91842
51640
30089
32814
70366
94196
68411
63536
72423
21296
94850
73165
65920
12793
8251
28885
16885
68015
10170
67899
15308
98353
58184
73167
82781
17230
89607
34953
26002
96579
17090
79300
33312
20472
53239
59288
26641
91005
99555
36143
28138
50460
9441
48128
4136
22413
17587
94809
25915
36531
12899
70662
11187
48003
61002
33568
36188
64850
92512
79795
21517
41705
69922
40091
64962
90449
17829
28657
51844
53037
66058
32853
82612
84496
60096
86151
34710
45963
92607
78755
64674
2071
26133
32037
57810
79334
82297
76590
49879
33740
77537
1261
74555
79028
19875
22668
43975
14109
91588
3789
55678
2855
16642
48497
10276
57210
96187
76608
56902
32363
68636
7337
2347
33452
9940
64594
93941
71217
37220
51740
92723
30648
26303
37357
22967
85750
4353
10964
67791
4297
4926
49482
99282
46290
70934
10162
80421
13175
668
12526
24855
38379
41756
15616
50064
18043
71239
43531
55759
74361
78371
30906
308
31241
42721
75692
28549
48623
98891
79782
36057
84170
14110
23007
11493
26325
74489
23851
78711
93244
18774
25105
76559
22946
33451
64906
35419
75734
18639
53069
29172
7883
37162
67349
55394
538
42761
86718
41178
15276
3877
83750
64371
40404
46189
99983
91245
89610
71927
24308
11403
59378
87978
33726
56190
21498
42926
13920
17100
22558
84374
28240
15017
57345
9910
39701
40447
21706
20992
68509
89053
94388
24484
91326
47276
6196
96398
28643
13815
63857
30410
86911
63074
20892
62580
69493
60185
46199
66462
19608
57837
80246
88296
82726
62444
67167
69743
80601
87909
13218
9254
47793
26472
82561
45259
95137
70774
22903
78884
11035
48233
66709
10729
20816
9517
28199
2432
51781
9960
5128
56187
68759
46630
19728
41099
76904
62908
46508
90684
2123
40477
70354
97217
99738
57070
65936
37025
85933
20060
45787
91618
9025
33448
30219
58659
91358
51036
12898
52502
25951
2153
11331
61497
95327
51674
52128
95827
64558
31162
91622
64753
37264
32311
20603
71937
69636
23726
83477
18194
95661
82147
73497
3054
57986
8532
39775
32010
36459
2514
31898
92653
66633
81912
66763
68091
62802
39219
6843
46208
83094
22155
46742
62681
59966
7415
99471
56063
98687
70292
18504
54620
88061
91891
37803
21663
87762
93135
61323
91380
54401
50219
95860
66240
93178
24006
64597
71032
7125
86570
53641
4801
26592
8960
87917
53666
62057
52715
77830
59456
97351
45989
59569
26439
31670
775
93766
75312
77225
90900
86251
8615
3722
98359
78636
33202
75616
74472
3021
56377
2501
38335
37299
74062
46802
5348
58434
87217
81858
36539
24916
17391
43282
49745
19524
76585
11696
74555
28954
65722
77837
1392
31302
28962
81331
67534
77459
33321
64866
87068
20146
4092
69188
275
45674
93053
57369
58672
55977
85425
53556
73756
90417
9028
78831
61978
21684
72607
92675
28738
97279
83180
44058
80505
24300
28855
91217
99106
37289
86578
71022
76815
99662
31278
14553
66448
91700
24920
34959
9979
23445
19249
47128
96278
75922
78847
83367
1317
89957
38249
8215
15299
66185
50607
42005
66462
3457
12729
93762
19067
66060
75218
11515
30148
68751
72119
44588
95058
96582
41504
24810
21344
73035
98010
7494
41406
36122
35277
84342
60383
44976
82330
51438
18290
61796
69093
7582
66886
45464
63047
98864
17279
41160
12979
63752
27939
8141
74728
36587
50057
80119
7744
44139
48939
42634
81708
30751
85862
99977
49251
17899
20733
56482
29564
72309
8506
63422
44006
90919
40327
3109
85291
64770
38468
26169
81473
24254
20166
92360
36065
6193
63078
9923
80682
30489
21856
51268
85779
82654
26992
92122
21899
15024
92479
98275
33720
18046
54374
72200
25150
10996
67589
34046
28519
94215
63143
41889
59096
92547
97693
28617
15049
58889
27373
19748
92159
50653
94129
48469
65552
36357
60018
61073
96913
14466
89628
53702
2376
84594
40209
59819
56264
77736
8383
87285
57671
874
81
9785
34585
39784
37720
83723
39006
13023
73706
21847
23754
73686
56288
88313
76055
47322
74313
79860
37744
21671
16007
92166
65961
55563
62087
74134
10847
206
68694
20334
39789
13474
58283
19193
5211
60833
89440
50507
18821
93945
44429
77624
56161
69513
87077
11815
37800
65853
87740
30710
56019
54029
39282
41280
45369
68608
62500
8996
89130
95619
19189
9851
39745
36305
92046
7906
16780
70316
23818
46372
21885
73259
42462
17383
34274
20695
57873
15270
26930
52364
19440
60713
57719
67947
7967
90691
69917
76813
39515
23304
81120
31376
72585
20739
81326
3231
55641
83197
32652
27873
56608
12051
92854
38896
85050
44411
55377
62179
35404
28657
60843
6022
99409
24034
73680
58303
13321
54004
9686
7991
89079
31090
44037
99341
32027
28888
39360
34980
57550
57349
80283
26634
16620
91902
3524
25993
28472
28641
37371
49697
47538
62682
15294
97796
18003
2228
41759
98228
76282
53991
10679
26687
57610
41230
98139
21800
25684
88924
8192
6160
15539
12827
9372
11111
33559
9194
75517
99071
50825
57343
65296
80510
19372
54320
34350
62637
8460
49505
59497
26182
28633
44654
24003
33580
63384
20383
18263
88088
96828
31231
59127
88539
158
46842
3116
13184
63299
79401
3687
40751
92808
88280
51202
47574
8099
47933
52114
95847
92818
50519
92347
82304
78207
61796
55697
93267
82143
95552
40174
1658
74261
60716
24180
31801
29491
38304
77629
80836
84849
93915
32395
33418
3785
51535
7130
33842
66661
2913
62849
43078
79981
87355
24505
91277
8083
33065
56510
13811
94071
21149
2359
37404
38140
99941
3719
97775
6708
21112
74985
48648
3371
47891
80603
54546
65772
65337
68380
25720
76491
96031
4002
18026
17523
84025
52130
90263
28876
49136
39154
14867
96628
18259
5859
43416
68743
7167
20155
7577
32398
85506
64123
76055
10116
12449
29732
14359
9986
27753
95690
44286
21365
97634
74697
73384
45205
66189
45748
21027
63200
10480
96342
85841
91741
26769
61971
25892
82632
23508
1482
60228
52166
67706
91865
59255
41191
89702
40796
8569
35104
91838
37132
39408
77996
70086
14488
36815
63508
27110
78778
43674
99201
69421
46537
36949
25751
33243
94684
56355
23414
9582
12606
93062
26747
24167
30248
86712
99782
39950
46651
4017
23676
5912
28000
4169
2592
96614
93677
85180
74504
28335
3437
60422
80533
63351
5019
52467
18432
88897
26974
7015
22063
94811
18187
86392
67070
38866
36863
52205
71844
52934
58696
19606
49519
69340
80186
16755
66771
96687
14057
97415
23413
28945
74762
70067
82009
58351
57874
55266
4030
83484
6895
44633
30928
99947
89258
2922
23447
96419
55638
13361
57268
66186
63929
13672
7410
18567
79711
72908
67725
66835
96763
98682
67589
49124
50847
18341
36760
66584
56080
32785
10898
24532
22389
36345
27602
14751
52357
35518
15317
33626
89200
67942
78195
4148
37928
7946
99539
44802
24971
76610
25992
65490
90201
82819
42734
24088
56946
21534
19256
58681
43314
65247
4629
69684
18352
27704
34256
88331
61899
10669
86898
22008
95682
53732
56298
60058
89300
94012
89476
24852
52356
51489
94117
84981
67361
72196
82498
73891
68618
18318
32113
84543
20250
76379
59589
9974
56877
20993
19644
27918
3273
17618
81828
77451
13876
53161
13190
27289
25341
1177
91979
11775
10365
89432
66092
18605
53315
32766
6777
75834
83952
72954
64996
17869
8464
98321
78157
68153
70423
74793
34410
53105
29708
24022
58644
19784
55663
50681
44703
66512
14763
39923
43501
99004
40404
80161
8031
68484
32477
99629
26877
93609
87233
95864
11715
17549
50217
72404
93834
70314
3199
20457
95279
61899
70462
19108
94926
43578
94854
25453
17601
17894
3088
38673
79873
15823
85607
99450
68713
18015
76806
86871
87671
41429
78119
17900
77540
76785
85787
80254
56068
49778
92516
63986
87003
18396
21544
84290
65679
18041
52746
83789
50016
76980
32578
24763
96787
58934
32663
97926
14162
74125
31345
86490
14128
68029
96553
79086
87438
84940
92109
56060
82644
42320
4058
81215
42980
12194
82392
35426
42554
14972
10727
44803
38465
56317
80226
36796
91605
42032
9018
7851
26008
30238
48349
5708
54204
22538
90660
74783
39719
81018
83140
85920
69872
6143
59071
76278
61707
52559
55518
71889
83383
68991
69091
50082
27021
76590
32855
90325
82161
14326
85027
91446
65182
20434
58371
53633
57774
4967
99672
37433
77015
69726
84637
29044
90312
71065
82460
17326
7853
24513
12565
98849
4960
18439
36753
6359
19383
48946
96310
3232
88049
97161
22235
17701
37238
12256
40140
38390
90254
80631
57744
27031
97376
8195
64311
24314
29265
51638
49692
42361
95486
98391
69835
47742
44103
18892
85210
17774
26136
27133
91810
55998
90052
28039
9052
2183
9119
41541
9593
62773
50294
95695
65028
6030
12921
88704
74377
78139
46534
43590
39957
31880
4497
12727
23436
47378
4366
32939
3533
64858
49862
83791
4701
37042
75263
63716
21341
934
24482
32021
65256
56382
62166
91119
81744
42511
78722
18565
98931
8614
22750
58529
85093
45508
11199
90984
841
20559
12960
68374
48979
70857
4894
71829
16989
26344
42788
97233
14563
91375
11079
12631
68812
80697
11346
39396
41388
15572
98112
863
99580
38567
2260
11569
49368
57151
69197
30660
22748
29229
13947
40869
72470
23879
27711
2062
59370
72646
40905
31899
2494
87665
60261
45950
73876
62268
19532
81673
36796
17247
91188
85326
8295
43536
16818
68462
63310
47109
3247
79525
46829
44820
38481
80313
52235
57327
7573
27446
44428
46150
56686
75891
6512
77688
56168
58255
45221
91390
39021
78346
86399
10163
93206
27701
24148
22066
87978
9396
78698
456
21992
61899
58343
79449
65652
84556
70396
12720
87682
44932
24352
43224
36254
97280
95351
30263
53488
41133
19223
25616
53446
38930
67494
36890
69681
51095
9320
78774
38246
12958
75996
56668
62719
86689
69308
65087
21694
26747
78308
7650
76948
48847
89533
49845
4426
20887
63714
13227
66449
88311
18045
24011
88613
44842
1973
33613
90515
64257
99804
46009
46157
21223
67839
31882
17792
82175
92780
30745
20336
25507
95766
60209
87010
10873
14965
62850
28041
59749
77310
4177
15152
5421
90276
96290
64626
71267
25125
81411
90022
69215
9907
46047
77642
19649
99917
41160
58038
48634
14485
16506
90511
10152
14014
98435
68527
22514
45609
12263
42225
10998
60552
95657
22409
73853
12172
43149
80643
16712
39277
32818
52282
85084
77698
67300
79734
75659
73385
52277
50724
2807
75743
95257
51017
7791
51969
40597
97666
29350
55238
19593
30405
62209
93975
35800
10010
9657
12588
29345
73863
50365
6143
37730
93053
76085
55157
40515
30881
62920
24841
88765
35006
13482
30610
99658
23003
20429
62617
31017
43235
54587
35920
94076
82941
39463
15644
84247
27773
26090
89157
74485
62497
63111
67542
49679
88258
46078
42171
61561
16392
48854
91361
66939
74592
10868
93267
93387
21038
63469
59106
89230
10481
47998
23936
6868
92137
36838
79419
62887
11626
52758
62278
3879
81486
24042
64815
7431
27226
33313
59838
80238
82656
64462
99563
32962
29134
19323
26874
61946
13373
26541
87310
4372
83655
29702
51283
10647
28930
5180
69374
75209
34074
9603
85855
20211
17420
88735
619
60530
27118
48008
55934
87240
8408
62545
76599
7205
76986
61596
1127
62686
86662
68631
49396
92882
36263
19934
46192
12812
72232
72650
53685
16558
6382
75551
33446
47571
74305
92443
59477
82687
41930
30559
5927
34137
78168
61840
73893
85501
87984
86369
20512
18551
72958
47809
18239
47521
19894
43993
6317
18235
45939
26873
95171
47425
7847
67836
74532
37573
90763
6190
5153
62396
71189
53242
99732
14774
90050
41196
23137
29422
18285
84546
77523
66084
3878
70716
8083
69992
23445
82717
67265
8062
1300
44510
3552
83277
69943
91077
46133
71353
75588
73963
43540
84190
98727
66833
10766
3328
21731
77825
15925
10228
79188
3170
12998
81922
95654
66604
96972
58113
64569
20842
3298
26407
159
6292
28850
6785
46689
23910
83456
82337
60999
53725
39793
49833
73960
43576
70577
11362
20594
32947
36091
71360
58646
82212
67509
72324
87423
76799
95024
21474
33885
41348
68407
95439
66359
92055
12347
85910
83911
41013
40048
87569
17770
66458
69124
82964
15647
36866
31170
25888
39368
28616
41183
64497
23809
29574
93000
74582
10462
92906
64253
48546
91067
71617
58131
63296
53438
26328
71320
1550
42006
97690
13957
9200
39637
92357
96156
80223
18057
13012
70586
58933
85759
86486
41328
82991
63823
75059
46241
80815
53054
81897
29651
7472
80953
38755
11778
59871
33089
82763
25666
94583
83189
18156
11572
18231
97370
36832
33627
16968
86493
12669
87919
97354
84226
99131
99662
92168
76399
23153
36395
37237
2728
72587
33364
17474
36783
23505
22243
99335
73322
88724
25176
18671
22722
4671
76507
84365
98299
42949
96633
30157
19118
56202
33656
83282
42740
30913
35179
10703
81527
51321
59550
13665
86576
81936
98066
18972
96065
58108
92401
73920
41884
55278
41177
91811
13187
43846
18886
38918
13372
96631
92573
53903
20135
6718
83204
41367
29772
3816
80615
36828
35574
58243
5812
95866
23353
57780
60336
67681
45561
58567
61110
81230
74627
46957
59530
58739
85876
29367
19280
12997
74278
46527
63503
84239
94600
23169
59462
33792
37147
63100
12911
67173
55947
20125
1015
16502
52261
7765
60429
65023
58817
11308
44308
85751
10777
74143
3877
8228
9860
62691
90295
78131
6243
210
62366
82178
40313
69728
26670
95357
34499
55168
69682
48004
56292
67917
93723
64875
15374
79143
32924
45722
63892
50228
26905
78356
7190
70230
73681
70953
99914
4162
54539
74587
30151
95922
56620
39229
91186
22406
17777
64944
58148
38688
57073
96399
95880
3516
49975
45556
67364
60775
42051
3418
27081
44187
99439
14039
69100
4693
55499
84795
56796
76532
92818
37325
20051
74082
87770
42992
39695
10016
66215
85583
85656
86385
22489
49421
22942
27445
839
25193
87691
41365
32216
13052
99483
68400
13656
28015
88793
20489
16374
97634
41090
96336
17399
52855
36125
60532
48226
77847
87748
76108
29358
73676
37062
83303
11213
96629
87081
33839
89019
21645
4423
23107
1506
46374
77329
69076
72552
93575
90669
17358
37833
80499
75649
8297
62112
33043
58447
29689
29961
81395
83521
85527
17943
4471
40150
84533
15890
23504
70378
86179
23600
42679
50994
13333
19494
26211
65152
71199
29864
76859
71173
37919
20895
69483
80769
90121
36480
76710
59679
10079
751
33352
28803
52925
85392
81522
30545
78795
16763
23942
97338
14560
31807
64218
31308
59958
6581
99095
95900
60098
86109
32417
5593
75651
1444
61913
39184
16836
31746
58466
67959
5055
82991
25531
36140
257
30935
47142
990
19391
65785
59515
30883
45809
28883
78111
91302
30644
14216
29931
30318
75991
40146
28540
12101
62846
97607
99474
27459
53682
16070
26498
81277
76720
2328
34196
43339
56533
95261
62372
95472
66619
16436
35118
66823
2103
87116
74841
95270
99620
65763
76765
74849
28041
70440
73952
74298
56128
24186
86320
77009
67688
21812
27097
36597
82451
22174
2797
35515
76314
93829
94667
19676
89199
94802
26714
7397
43229
13596
57969
51053
21056
63872
43541
35607
34167
19391
95974
30347
79077
23307
38814
63145
55063
63691
58305
80604
38278
95182
12661
72521
30465
12467
5784
37368
22654
61362
68347
57526
78066
1441
59981
43804
61879
57344
9612
35264
42627
56695
5187
38438
87072
52047
76879
25265
34252
94232
41603
61838
35723
26647
4819
69487
810
24340
3766
97899
98875
4882
89834
46185
63895
8311
16579
99096
88194
30002
45724
30806
95730
64176
87760
21777
46095
51550
15997
63773
44167
15423
76027
39727
21167
76640
29974
51862
39328
59067
22272
43146
43305
81975
68806
9296
70635
34071
9976
82943
64545
8934
8856
59073
28143
97868
68772
70420
96274
9293
38611
11899
50186
17405
39535
70616
51184
96666
94684
33814
41613
38964
52023
67846
94301
56230
49022
69325
90629
40356
62312
94045
18430
67313
74379
4050
48609
61668
51584
6162
57446
35182
94820
28154
22852
65734
40528
31635
98407
38964
31750
80447
38350
62291
36942
2885
91243
45698
2848
13336
2948
88964
439
24774
60319
42033
55305
11486
54982
53287
31119
43087
28176
71510
15918
47899
38514
14257
66190
90609
31706
14338
13852
34
9600
62411
23484
94835
89916
16709
16545
38255
8877
55167
990
19880
85724
33734
39566
2060
27582
15854
80137
80856
3071
9547
39671
53257
64152
68420
22754
89613
63819
54046
88710
88114
16284
80638
89375
12670
5128
76833
48400
17708
49360
29001
4015
21671
77411
58224
58343
28447
84902
68523
97936
17045
65442
74240
35357
46187
41457
89663
61645
21297
68514
42107
59020
84891
36018
33583
73546
32634
28846
86060
58180
20015
15561
21394
91808
67911
10460
60923
43101
87960
59450
4684
58839
78260
42471
25972
36246
59728
599
98424
61441
43732
48083
41348
42624
14281
86808
85549
58182
10159
72813
32593
95804
48008
72171
15726
32946
68163
43176
43530
21045
11528
56248
76349
63686
65515
33784
3538
92777
88363
3964
26961
10494
62227
52953
79343
33492
67314
26646
58489
40227
50865
84636
84242
90697
48505
23578
9994
41759
37225
51425
76577
84543
75623
16561
65662
75586
55895
22698
4020
31932
85580
2019
32430
88038
94987
10137
64339
99482
38325
87498
26853
86673
95401
7518
83138
58269
98950
37992
99990
10437
43196
65454
29626
5240
9785
73840
49167
51921
28465
30189
57840
60055
85602
46608
17769
91654
57256
39145
98774
14866
45047
96461
32010
83354
39232
9997
12873
64920
47201
25341
27903
79399
42651
34689
18673
19973
72611
326
13394
34153
53443
76491
54033
39304
65053
98942
37014
28567
58023
15165
34221
30838
62170
16139
14491
54092
26112
79336
4502
70856
23512
33382
63925
98856
13009
5726
46824
60891
37703
74470
54794
89643
28812
20
53391
73236
11755
97576
37913
90770
95270
91221
12206
28219
56056
81688
72972
46015
17193
70451
1696
62246
39014
44268
3004
60405
53903
45696
38868
78329
51541
94173
59678
85336
26780
75418
69950
99412
95616
52128
54586
61762
96896
77243
81120
37990
9452
24165
46951
6297
30709
22364
74173
50029
6479
87348
86337
33849
59576
36324
82659
57221
38090
4625
47352
19420
18090
5789
74252
59081
10334
86546
40545
83156
92139
97839
63443
47434
77578
57248
74104
44745
8985
66992
49127
80848
51371
28593
13236
29568
57555
52468
30820
88902
16170
7228
33976
28703
88500
15015
73746
97355
93048
21356
8870
30829
86826
67652
23649
3623
11935
72737
6564
91965
55372
72540
62122
14243
52122
30100
8820
90268
39092
19608
55691
38990
19025
28497
97862
79949
32417
60119
46632
69161
73397
46879
12170
836
73615
98169
73816
66783
72700
68482
8577
89056
61463
40391
84465
55809
82789
90000
48947
60140
81085
67183
47684
95105
99005
99830
92691
62581
34522
98838
91446
561
96908
34430
87220
30010
758
41355
31426
14729
19252
24903
71762
15202
84469
55316
91845
80045
92319
56161
29982
12715
96249
53845
14255
11703
61591
41919
97669
70683
8094
10396
23296
39421
99784
21877
57261
38819
35259
42732
14679
3963
89979
42204
89705
12345
63248
74860
15397
51383
23679
15987
56946
66969
86052
79841
86276
8275
77448
16855
59635
37687
3938
96010
78086
47439
89748
70755
46904
22674
24900
89747
78556
29083
28429
43550
69541
21115
41420
15768
84062
66768
90834
19651
19840
84203
50275
40209
27218
22039
91749
38597
82498
66491
23652
37259
80750
14207
63984
47569
88415
13150
40888
91008
59819
85953
8587
85543
32221
39279
90898
63999
60299
27296
94403
17687
96053
61876
63311
60981
2510
70181
7903
69155
50940
69003
21596
13260
744
58415
70901
76773
31792
5623
27117
6493
65605
52972
70666
82422
21567
917
90495
40609
17725
65508
43884
51307
31640
98603
60296
65223
2885
70973
47641
7932
80337
92003
25196
10787
58053
9603
16658
47806
25201
30459
90943
11821
61283
86468
10116
98893
55673
75638
9956
91055
5767
13218
94886
69088
52417
90142
25175
56646
46714
74758
24753
94656
82669
68120
90197
5327
61943
60706
8493
26012
93218
73451
24954
36207
74305
47491
6855
38099
18019
45380
51179
781
1913
69942
6663
35103
28240
85663
13635
13075
62735
27601
75344
42954
65281
26707
41659
8650
52813
45708
9759
99566
5932
51503
87925
78825
27632
72204
88507
32234
13345
97452
50573
44402
43300
58922
13829
59316
13187
97145
29763
44092
44717
78974
11535
33549
42925
50559
14358
35137
53938
87079
50420
77895
70918
10337
62393
81441
28131
53183
96063
2737
36772
77659
87255
76711
23487
51390
5702
17091
32707
77758
51307
58543
37262
15428
27786
24063
43476
56204
33408
50616
95413
8607
18745
83811
79370
48831
91596
99894
34390
77189
58153
17230
88421
79698
96607
69346
53762
34489
33448
85465
7141
56162
99335
83034
672
97944
45832
98931
8098
99803
48863
38643
14801
44211
93518
2235
23957
26302
56838
94783
46499
19203
99534
12665
38977
64459
7744
21794
77233
35611
59114
94123
49766
8535
25810
26721
79451
21173
56536
72863
92856
24204
25705
70209
72033
13308
48396
30344
94900
77961
80212
3655
49917
7222
13229
34823
61388
41686
86888
73436
91536
19960
53660
12824
15584
29202
82340
10357
52308
92539
99205
99419
12553
76750
96431
24682
73715
51259
46715
25056
94807
92464
9104
34588
49645
31271
36698
38489
59886
99943
91998
35560
59117
87247
51219
23500
88297
35624
29024
48406
49985
72537
9572
79819
22650
43352
65984
52054
53392
20740
92307
67202
2512
30379
13311
69867
26281
88073
53200
94755
23364
92293
457
65760
81475
55847
59319
66684
24737
72546
92659
98025
36204
38882
48291
41921
26116
34372
11333
90146
22093
50095
51557
99886
15581
43051
72957
94809
19247
71131
89619
29665
57338
66864
72719
6467
57168
93062
95411
89624
97943
60275
11820
76980
98872
68387
92456
51714
16981
55136
49487
44298
47901
77150
79639
99458
54673
69005
89167
40685
84977
93274
93418
45360
36042
64985
74575
13904
41325
78904
8488
67444
46369
74900
15273
98317
23281
42397
57351
22527
94825
82463
9352
55341
1837
26793
69378
10638
45537
1043
23737
69973
26806
95508
87013
2985
1475
64473
60218
15825
62253
9083
89055
86622
41031
60597
68718
91219
75464
51205
1773
16093
28844
10694
59267
11880
3554
98745
71692
86965
11890
86123
35170
14386
77829
90772
83381
62800
83979
72577
90492
1329
38496
73903
69620
3674
6907
92369
94155
72234
5001
48734
80526
35762
17775
54994
99276
44591
1993
41474
4278
39003
69824
66913
62395
18211
79151
72783
87738
87588
56655
65924
16930
28902
12927
84936
31383
7025
87814
81204
9117
85954
42715
8715
34238
83019
81365
49333
38821
42049
21581
62311
23223
98990
48131
4558
29552
72085
12145
78589
11773
65396
96330
61289
45289
14651
30487
40895
2489
89939
31672
21031
31207
30347
57647
43927
78593
2092
91718
44305
62344
36096
42115
74430
74644
34800
15381
45051
93376
80591
95371
95131
30972
30394
56578
82343
88013
18206
89737
91082
28742
11301
37806
92765
9131
28725
96616
24822
40358
94793
56161
84299
24243
54062
33325
38786
67162
48676
44613
37673
90654
8623
98150
87101
39042
51935
23199
67809
17601
99724
23034
33966
39868
59439
48989
81673
67632
3317
9795
52756
35729
42731
42483
5015
22182
25720
48334
4597
5534
84188
90600
98721
8593
32282
52326
71741
93209
33787
10298
87684
57268
27189
6856
57700
86896
12675
44358
74354
58603
27220
73417
79541
66585
26726
51023
23705
86931
44434
52374
80546
21730
6021
87013
81409
46618
75629
54098
36615
83263
8108
78438
21189
37733
30181
597
17075
33989
81152
23537
94704
43908
59424
44830
88111
40020
75415
45649
47569
64809
10800
94631
88892
54820
6099
48950
73133
20984
53470
70472
31980
19380
15340
48565
37931
22025
67451
26266
61662
50221
14288
96454
9905
54786
75635
52989
16344
14373
99352
32623
6175
61494
91124
58152
67223
38399
63120
94950
4982
83600
75781
43225
6439
33159
93703
38567
87269
96404
80585
90577
36812
56980
95794
37099
67239
26654
10595
45306
65265
23392
7665
86149
54106
31197
1243
37435
13273
54953
16581
99378
26937
32110
54299
75534
39451
31828
51461
82227
29617
16878
54670
73339
18923
16987
47789
57428
70301
20562
77978
63117
69677
75535
75863
5632
3627
26744
71978
95797
86598
78468
90038
75185
57832
87451
78432
72502
69216
58125
18409
36930
85010
60183
90651
71161
30936
71975
38465
89329
4371
1650
10966
47983
93260
44495
21935
99788
60085
33320
25995
754
92720
29136
56297
59455
41391
63201
45269
44058
51680
24322
89208
70215
55701
41088
12142
89523
28185
13765
9980
93312
41349
66793
10303
56325
32115
51134
46616
92927
11761
58154
31394
97760
45390
63596
29235
69475
86666
14825
43545
68354
4527
32252
53390
5582
33960
76399
65320
69438
22912
92202
78317
49252
46103
7778
39426
50828
59528
31193
55618
27479
542
92336
98949
24339
65352
23711
93878
30086
84759
18847
44220
22268
32711
92089
4174
73819
34071
99277
49724
5668
22732
8240
60705
10310
96791
70332
9822
61498
17393
82673
75563
29503
5259
68167
88788
54606
85753
80884
65427
85161
34149
75683
5772
45507
87665
57364
40899
46510
53510
43144
47641
95243
75628
63819
11965
11482
56925
5279
90564
93185
77814
33614
90640
16052
39611
10585
1073
27733
26922
6201
69575
94279
72696
7465
76289
73085
8244
72073
31542
41980
65109
65911
55625
6876
79757
35188
90439
10284
52572
9817
18552
59743
82434
43174
3683
54050
59798
44398
88744
55359
37727
75117
56378
44673
96888
9076
9876
98079
65550
95630
1993
61810
19414
68778
60980
17747
16645
91581
80652
71310
9842
86574
61817
54635
16721
44224
5867
16771
26373
55790
54328
54475
96583
92039
75302
35712
58151
66012
50938
42500
27990
79830
60880
80440
81197
48618
56403
19245
58981
35069
43540
18642
70631
50622
94464
20948
56493
7353
5419
57830
4545
44830
12779
428
83553
88161
47022
64953
34943
45166
59076
40543
65907
40201
75851
26999
20868
73707
54268
66249
91551
12426
6520
85189
11120
14762
28606
37498
43901
66600
45000
47442
3331
26341
35105
2346
15372
93196
91608
71967
68055
72533
21429
12485
38698
20356
55362
25972
66572
2879
39387
7716
80882
13348
96013
26171
61216
70332
17169
82786
58156
67154
43506
20565
86970
87712
755
48619
5913
100
925
3568
24398
86525
39626
54621
60467
97386
91208
38085
37842
48221
59625
73689
49907
65434
35061
48855
29265
20428
86517
79928
67964
96522
67300
61134
73403
41202
73125
94944
19434
28792
14223
6447
74291
90204
14521
75199
18466
97290
73717
35207
23891
2783
97598
8861
42724
74029
89113
51242
78965
72626
6231
76982
40214
45249
66183
54407
8528
65590
28040
79798
14679
95133
28121
32382
25179
19827
37087
90688
31
84468
92290
83620
3772
57238
92283
542
51266
66705
70095
16538
81127
19694
15219
16062
76457
1200
80480
99492
11429
72028
75725
2718
93889
59837
40112
5033
37401
95861
75507
58594
84916
39335
48189
96375
45622
84584
10690
20995
59558
56190
97014
17585
16545
18301
56826
71617
92955
4724
10751
85690
10371
14437
95113
64157
80922
73385
27952
72287
16579
32949
81204
37759
90452
46112
85966
47089
82913
68262
27002
74950
50340
83775
44838
77564
37528
70198
45715
69193
89849
17732
92440
39594
8143
21639
83593
99838
3584
49318
80119
95960
20250
71748
87850
36960
5362
4101
81591
4970
29026
47836
66167
92707
83707
39150
30027
29324
42861
74095
79818
2570
29443
94111
60416
92364
65929
15065
95227
60975
75470
51508
90720
49227
5595
31509
30837
76182
14355
85210
71987
7222
61583
4866
91877
44817
58142
76568
14382
84595
47393
93139
79258
44522
1067
50876
44990
81600
13405
63556
95300
55580
39034
76428
65593
10865
68899
14485
58545
15239
63068
99000
64741
78626
68616
16796
60743
14766
23113
37228
54862
27072
15195
26813
94789
40013
63332
34575
93482
38387
34045
34102
91850
64777
84991
88549
48705
97683
64701
53841
2965
24341
42868
35826
85184
58991
40721
5600
41682
37074
91193
87585
60807
95022
55866
34749
50774
11296
13809
26553
35901
99320
61495
93980
1421
12681
89978
18665
26977
17749
63523
62973
86002
9446
45187
77023
52258
52898
38889
43419
716
426
5188
44879
24137
86116
6264
71948
87652
26995
32335
53708
15885
44108
76150
76939
39849
7619
11366
17831
53977
25097
88793
14769
73561
69082
25557
50994
2823
28927
71743
58766
16607
95178
83727
69868
86968
50858
14782
19589
61583
68883
77419
58819
41933
74628
8558
42903
32272
61279
71623
29868
69379
64381
2212
76386
8808
45777
50530
70971
67880
299
56972
53412
79867
34156
47485
15859
77730
78531
32544
1008
79302
69888
96975
43171
29392
25968
75625
93086
10967
87003
44725
49532
38774
31575
6090
28972
37691
61686
29403
34262
45662
1496
62556
71812
35307
60608
34162
54852
89117
8097
45960
92807
6581
86917
45929
88948
42525
53152
31688
52283
5211
11572
33481
9461
75477
87220
68612
77656
66351
86692
23271
8564
35419
42634
74545
65049
88960
3278
98618
79072
16327
73895
28046
64022
77271
21039
76755
60635
67336
24180
7627
21254
33353
69400
19819
40444
17681
47703
40036
14498
17330
86292
90237
72160
56921
68905
29988
26261
44654
32851
95503
31089
30831
95910
73326
85853
29770
40281
10072
83908
32004
12761
34847
34115
27128
63768
18668
44220
99926
49046
85536
47093
12154
93423
30703
69139
66114
56027
5584
53243
67174
36614
54908
46452
90624
34542
93386
67006
29563
64282
1448
97660
78918
73162
13662
8928
16642
14519
56998
69049
25891
76928
38522
71678
70213
82390
80083
67496
48231
14012
39321
43967
72237
15359
96450
