10105
10051
37084
8723
96123
44292
12726
81480
31837
75033
95239
96578
99576
68930
74355
90793
22800
68394
3553
16545
43644
39855
43259
64946
20261
55939
48198
26827
28286
28023
27287
61023
47612
32784
67751
87173
79189
75058
85616
39975
71139
51399
83848
21206
99161
50132
42557
98310
21800
1785
95310
67456
93295
73698
48292
18441
86579
69142
11662
41688
99982
97292
12755
67941
27763
48688
33055
71706
7785
38561
47056
2120
28491
86091
70570
80336
60518
62880
51348
33785
88692
86201
19848
64785
28442
23726
40770
5508
37891
39229
35443
82112
56474
65760
33893
60974
95619
88537
66029
17006
32132
10221
79061
76862
95392
95117
83962
90436
2332
28566
85102
37650
39399
92578
4529
21138
70597
16325
38428
71005
70065
62106
47805
32000
93441
27244
57771
79067
31825
31947
14488
35456
8672
7366
54056
49135
57894
22926
80312
11365
56513
11752
39496
2629
71627
64248
63156
58329
62477
60555
63616
6969
92977
98862
15099
22470
98542
84927
39362
39598
80642
60653
45085
86349
58989
48416
94112
82124
73754
56031
68678
6790
26259
26135
75635
63117
78353
97725
15197
21392
87027
70828
12618
69636
35270
77871
75752
52370
79836
84976
37529
69837
42640
21934
64841
19918
35842
40017
2003
27082
8694
99299
65447
2091
56870
30632
35784
36923
40094
19140
21669
10181
46237
25511
83791
55895
30383
13602
40049
56170
83713
30782
31236
10956
70179
44233
47948
12740
82040
34385
26106
75589
98944
29692
36108
67551
66974
38482
60314
44036
28451
173
53659
82784
31874
27766
20322
66084
40853
7330
97601
34564
35117
4368
56268
8976
75683
2460
62765
85559
75209
73846
2756
90287
3698
75118
12236
6056
27247
49544
51313
26658
44353
51825
28651
95944
91991
20589
75493
54129
92730
55936
92268
83222
86487
7519
29721
53237
37657
26015
72179
93454
14664
39563
60371
73993
1121
90311
20362
99668
92968
97506
25459
80028
78844
14156
11194
47339
36631
12076
65282
27949
90174
26512
50499
2936
43122
92651
37059
52816
14400
33966
64630
37073
3910
46414
98252
4465
96150
30859
52614
31951
93108
43993
51731
62319
16283
24419
59087
94246
74795
88303
17603
49852
33866
906
57358
91105
52103
57026
52588
608
72406
73112
33636
93354
35695
70851
32446
33945
78830
83117
27139
80805
2036
90047
60393
2628
41955
20741
35149
977
76344
84835
36597
42859
39782
17640
17858
19698
59285
34774
80556
10074
13168
15581
27677
62289
27319
5589
62019
54752
19752
24702
82045
10793
46855
46495
22578
54049
42927
84797
15448
96575
22715
74861
76231
93442
52856
47226
87217
6920
46704
88111
41400
64783
70950
51550
91213
81151
81359
17325
36404
98392
39390
33758
52592
46491
76465
11337
84194
10250
16016
47869
10442
59914
49809
51285
39132
34564
42759
83712
81812
21410
63505
77542
40045
39316
9538
93180
92965
41647
85189
82449
27146
86274
96930
48496
16851
43086
77423
64678
22857
61243
49136
90422
73060
19495
49320
64659
34593
48040
77610
75582
97943
6896
35452
87838
14755
11794
66737
53770
30386
17108
74820
51607
1698
80247
31883
11425
63751
46327
30649
75858
93826
75244
14646
30607
720
1881
1686
84580
38508
51751
63924
91416
4723
63191
11284
45803
53578
93721
2551
77460
97941
56892
83272
17903
12884
31048
70621
70467
46180
26648
29080
22514
55388
93212
77428
68704
81047
66645
89642
82119
25162
48853
20414
44858
44798
45599
47370
16807
59863
51983
85520
95089
57758
90459
84606
12871
36443
34138
64135
44341
2101
98984
50636
54649
60143
95598
71958
4791
50136
11782
34789
88484
27725
73659
44545
32475
58320
55789
87215
55518
90854
72358
91586
31082
47340
94201
95643
87630
66003
45099
15552
41352
4488
13227
12575
67550
26453
618
20348
34971
31242
4268
43285
48999
30633
99467
56039
47361
50873
90905
78974
90713
46373
59932
19377
7638
28753
2555
26301
44096
25681
65352
21776
78815
92986
13395
44328
13117
12590
93940
65942
17260
32257
70383
12655
45364
23442
14469
82586
58852
11413
28960
35244
16833
95700
70709
49883
55360
10505
56374
84753
77505
81435
52291
26212
77070
40990
51721
59408
26336
42264
86588
50793
83401
51487
64070
66936
87108
71554
40197
25209
18510
12791
98433
93658
50068
33691
74004
87142
70225
34037
42867
5306
24150
98547
19032
47478
61083
76910
11831
65279
86749
16768
26334
8457
99729
86341
69118
68068
1707
93974
30049
32727
74597
2754
73828
23279
23743
59042
54648
65546
19100
63000
92702
25020
57661
73186
55121
49021
67213
66691
46202
73910
33693
56507
3499
26998
83465
34842
39097
34641
60343
84639
53253
99323
53109
45595
73040
33845
43891
73717
42954
63758
43402
58079
60450
73675
65163
60305
26408
38788
50632
61858
11562
58110
34961
74248
9601
1159
60781
16900
12339
92179
70569
21056
80869
99550
17319
61546
46877
25025
81269
33140
6578
42511
36008
3733
94608
74350
54555
67360
32685
99231
24568
90190
69434
99221
44232
81229
61472
31572
91346
92845
18197
99662
94180
38562
53897
77717
30078
31342
88412
33974
16773
2812
24717
16556
59407
28052
99070
60413
69951
75135
93821
8646
80689
96114
10644
38032
36870
1044
75030
840
23157
25197
66745
45640
69691
21652
49542
57398
33464
78998
74489
10083
88542
4011
9944
97008
80971
82445
97633
54256
79455
50570
85244
46596
26419
14813
57841
37929
58648
41267
12095
10054
22191
64691
55949
27661
81021
71064
64879
57608
97034
72321
17123
14355
74339
39766
33732
24127
6107
61040
13844
19036
29881
58358
28601
44367
85940
60789
77526
66399
41680
39646
29706
53339
68088
95275
74736
7298
69274
84989
26873
33253
97130
18358
26420
53081
41575
53706
89550
2387
54548
96469
49553
69023
70926
54133
22674
22016
6671
49269
42770
98440
99409
57275
54435
43662
66455
64853
18213
40063
42064
78959
31339
99985
20131
15028
63303
8790
64313
2939
34620
50045
18928
26409
5761
50780
96429
72439
71150
24718
87371
78586
70035
3679
55995
52626
4517
24071
47808
24162
52598
83849
3806
28924
75045
86013
65831
47509
65025
10753
79057
33181
51411
87310
44272
43789
95470
11696
7451
60142
41856
86193
96961
57739
23652
20943
28764
92143
52094
69818
52780
31345
56050
23895
34840
38261
53170
41218
4164
65968
50183
81159
97283
11211
12873
76655
70444
79697
49013
63157
81326
69192
62730
64179
53658
13079
76161
5858
4986
22249
72106
63667
25994
15187
25520
42081
44482
69813
38800
38013
95045
61858
9006
57197
55218
16847
93420
65389
77626
87373
60329
76325
53089
21501
5057
41250
76460
91454
14052
92669
77302
54375
28383
66391
68440
43349
1918
51846
75984
13830
95830
87933
30484
60223
99594
17277
62620
82938
82770
206
93697
66945
1953
97819
29452
31346
45121
41032
57822
53966
29755
99510
29856
80890
99325
76192
97712
38465
32135
5065
12439
20982
74685
83643
40486
38533
46956
8812
42174
1676
67424
7455
31401
62309
20690
50904
95615
49650
42885
87475
26005
80949
57599
96841
87021
3410
32360
84889
16419
44219
70868
55083
86844
19503
98079
54633
75113
95182
52095
98700
6150
64961
71380
35035
13696
26876
82502
59092
50040
34345
97928
56816
73639
54200
89382
2683
213
35611
14694
78473
62367
13970
94500
12652
29995
11122
67798
63462
64989
71604
61692
45938
5935
65736
90677
9153
33418
83468
63236
65500
30878
25204
94918
27151
17470
12219
89906
95248
9011
45878
24886
95742
8884
84185
45734
8734
72190
59474
63738
68807
59869
46566
72189
71417
387
73889
25689
70528
54519
86316
70887
85170
38652
3751
60052
46395
36094
36093
77160
64728
1128
17654
21523
64820
12334
24999
62277
64559
60292
50890
48609
89992
48242
47066
69275
88544
36274
55587
36340
95534
27920
57947
5022
40261
22100
244
63038
46248
79842
77282
76266
40594
32675
8177
60625
99760
27936
92198
21390
28176
19843
49332
76004
28003
21619
28738
82798
86509
21072
24503
34747
98702
6145
75787
86044
73626
92007
73428
93894
97560
6786
17059
71518
34911
41978
48833
30710
51065
20167
69484
3049
14443
1081
4359
55065
65150
89083
78042
85240
30590
53020
79244
13144
13644
12390
16058
6686
46580
17233
85498
81568
40846
79634
20229
10246
14400
85731
66906
18538
92120
62358
9569
38125
99501
31415
25152
17373
56928
13944
71358
74935
97279
38277
16677
79387
46578
68326
71573
77533
31550
9869
21828
89271
33629
51228
25977
21757
61261
11706
75718
64859
66189
41319
5469
94015
88139
31946
33815
86464
24938
85744
58531
13482
24803
53576
15983
61655
92587
96287
98482
31232
17343
82549
42111
50229
53235
11930
61731
28473
85141
51414
84863
74080
7957
44079
93278
32219
23503
335
53668
88406
32844
33757
7104
58317
76294
79060
91791
5238
26878
25780
1256
34164
24567
39699
19226
35847
17390
75012
8864
1381
32271
87253
66547
12377
91602
53048
29292
77172
31219
27924
20171
87286
82428
46583
17105
15617
56016
32534
62310
68135
36026
37744
51900
55538
73720
54333
61434
42885
73235
18436
13827
3600
91112
58384
85004
4074
48773
3324
46520
95947
61908
41035
19745
62773
499
24159
93467
31111
52051
16471
4143
45129
83838
92054
83970
24378
17454
41524
15378
88163
85331
66367
71460
4971
18458
37033
50436
42322
89090
59279
56950
31979
62987
89851
62202
40942
76929
64780
22368
65160
2784
47263
97631
94253
6587
47661
16436
58039
33196
22595
69247
4069
35344
85895
45940
86763
66982
84987
60881
47985
92542
41805
54222
62982
38273
69981
6826
18042
17446
68104
2448
92686
71137
37416
71919
70201
73892
47105
70315
30719
43646
93093
38121
61063
30507
88908
69094
14738
7447
46522
47848
95886
93078
38282
38701
64432
73265
31336
28252
90978
35236
674
23270
28480
76558
69670
78728
12230
94407
78542
56024
82160
59852
10534
16937
65237
93953
65414
39755
39245
43184
87694
57928
56253
2293
98437
99033
20694
43979
37836
98579
47568
15379
81007
54492
51002
99092
19355
63502
70847
74668
97482
87884
76985
68970
4482
62658
90174
68244
69659
92162
40540
72648
85527
62073
19806
71036
14044
64491
86188
77967
40093
86110
53901
89422
36312
33233
32573
89346
80032
60932
96799
98593
75897
20396
10342
9040
2942
54496
69061
33225
91256
88087
84
81113
23102
71169
5757
34859
78780
60257
52049
26778
37036
76188
35173
6096
81636
49024
14274
36148
58558
28492
6431
70113
48843
1414
99984
30972
56258
99650
60442
13420
68176
92500
99773
33086
88531
57170
11353
81683
59533
98920
94631
45261
38345
41901
30144
5824
11985
9812
77709
58550
34294
39437
79390
94853
67932
83788
29825
7303
20773
64345
70598
91643
46580
36814
6019
7169
53450
16875
22463
2638
99559
91097
51219
2999
19735
9088
35492
63723
11003
45937
32638
45500
68236
49503
49717
49793
56085
25397
84573
1734
58189
63715
46421
32630
43611
6573
68514
2343
73173
37461
24999
93197
31022
4529
10622
91440
12690
89003
94437
86716
85520
47396
78214
51221
89922
34518
13123
54718
73951
28713
52512
61685
67562
54734
31577
59157
78410
49895
29589
91526
92326
69135
85233
28445
21668
9962
66477
92893
1375
65209
17457
8808
58203
32811
33495
43559
56776
29205
99398
4767
93618
53614
80087
94854
51345
32879
2944
85455
9219
43193
86684
77623
92420
3942
40859
76967
29873
84852
43481
90581
49565
7918
31215
32259
12257
30940
57048
6975
41498
32752
81420
74407
8123
61873
23569
17267
72579
35797
73714
17329
22344
65050
25851
62156
40378
63753
37945
86953
45405
39792
78398
18177
54427
43927
10615
71967
3236
56284
50529
14030
62293
48549
5884
16716
84700
66445
39561
8189
50704
77032
65827
10588
71432
59202
18286
19401
26716
10968
9048
18150
70333
88553
29373
1973
88082
11440
515
74898
74122
64218
93467
85149
41652
66544
22442
87677
40201
25044
48932
61959
29580
67473
6381
69516
49554
10219
9544
55580
54670
42411
6582
22793
75617
67939
82996
7511
81780
91086
67624
31674
63594
99988
95880
83779
50314
93167
36916
95757
69759
51491
51542
17057
83395
1904
97515
44062
7331
27219
56450
92245
59002
64450
22625
40232
16173
12219
62315
77261
13723
34602
41652
42789
88447
24263
14297
606
39626
31847
94540
54344
7865
70846
71246
17308
63821
18069
56590
30312
52651
37782
86407
41542
68700
98628
95967
12674
7423
94078
51551
54883
60723
75008
78892
5720
34633
4812
46194
85685
70241
58683
56203
8385
23528
71447
21360
65498
35879
96755
91715
50840
89350
31840
71001
31292
80710
46232
97511
96403
93822
39846
89537
56398
81264
85615
41307
44649
70698
17415
53925
52872
2127
21176
85398
67245
65837
31567
45944
79569
51905
18745
72459
67737
45078
68605
8982
51528
47910
70307
78759
52412
34270
44500
65389
69918
23342
43449
85166
76419
6869
42322
58094
85006
43647
53728
49573
24135
84216
17430
48645
24520
36933
83600
36974
83048
57597
92050
69314
64862
76653
82730
5501
55093
52359
6807
32194
18224
36671
90268
66734
97104
87770
78256
72880
48280
6161
92860
56726
22508
24994
4544
74204
27708
66824
51509
27488
71511
5660
91106
59275
60522
21332
68855
32822
66514
59720
1823
22939
74757
49955
68735
28060
44172
69398
93959
99768
41663
4160
23931
61245
31815
56244
99154
10345
62244
10511
17883
12517
13873
5531
32380
17401
31481
70332
6379
87543
75854
18011
84997
76364
51237
11595
63661
94328
21528
94838
1287
30128
81782
23464
73286
11991
54446
43892
95628
41367
62836
22070
41582
6099
46968
56925
41921
53696
99032
7314
3866
65015
58627
65721
394
8650
44602
77955
85535
82958
87798
18217
91708
58296
31322
23980
35868
36394
8832
50030
2127
72532
89183
24399
58392
37698
52532
20228
82332
14532
99971
68882
2172
36098
27911
99627
5588
10274
5771
12634
35899
87746
1316
82900
83320
44551
26603
18936
957
82967
75302
30495
40015
76928
56240
81267
32858
69638
41708
3984
82969
45060
50860
49054
35891
60839
45312
67350
23857
33823
88824
97220
81176
93534
60256
3456
74854
3889
78424
9460
71649
3407
51099
16612
22306
6089
89283
81239
88964
62372
76747
62403
76199
2335
5761
30203
12317
67597
42700
27554
1076
62983
69863
29621
99802
80206
12325
87206
59695
39186
52683
55589
89120
26481
94491
10614
75694
14807
52376
7050
16
29073
652
86004
17655
27444
34468
38786
29140
77637
23107
91693
11646
39947
53875
58957
40853
44151
53248
98806
97459
28725
81596
45585
5630
42110
20513
59945
38127
73543
20399
80514
29663
78944
18088
94429
27997
69179
9550
2259
18874
63500
80866
39798
82107
66412
25611
76581
94736
15011
94456
65297
44726
7284
76602
26192
98029
18341
72387
32168
71794
12406
66848
59843
19621
24095
47246
21887
76853
29948
84168
9111
17544
78190
99087
73147
60314
57925
87676
48169
20554
72840
32588
42259
83253
88158
67694
59473
95569
4621
59387
79734
82031
92559
40309
4578
52827
62708
47567
34830
57323
29803
103
32126
18765
57315
19882
10029
65862
28592
15968
39812
84446
69106
91329
45989
3688
17005
84216
83620
20219
3626
97450
32301
33622
53126
61128
56491
29724
18177
8370
30408
96561
39908
60893
55053
57093
44287
86283
66798
55380
13589
80761
47271
46932
18365
71440
42572
66495
94715
49969
50465
73208
18499
93216
376
38718
31984
71886
80245
48590
49794
40932
39088
74354
74977
87879
84278
17350
45824
90303
84593
32987
78402
64738
37011
59795
37119
28341
50140
84794
78473
4469
97781
20492
59267
42214
64279
47879
14377
15012
26381
35262
54783
93085
22612
7791
20325
79068
37840
13076
32546
93580
35995
48837
98519
37583
80909
77547
15441
39776
38220
27320
52523
74925
99053
11846
90341
92910
65818
39679
15541
97414
61106
59185
18060
23653
44162
41790
16615
75277
47353
53697
53796
47118
70128
34362
16243
14388
75599
37136
26577
82005
97960
16764
69854
91612
38056
74049
18161
97990
43765
89000
18673
48224
45542
31695
71024
15073
52096
51293
31025
79628
47013
51389
52037
43802
15800
91791
28227
15771
75308
94970
10302
64208
36568
54191
2319
18089
47860
12042
99711
28968
97768
94021
32116
23725
50232
76178
55794
3632
44693
33101
21369
97282
31838
59213
80195
50956
281
86127
59540
2922
73895
38029
67759
34524
54030
53955
14788
60862
67488
13357
41645
73206
72376
62244
54734
96491
43914
21730
47784
53915
10657
91872
65383
93193
14546
55013
65702
98924
87324
69285
79361
30070
77301
93937
31152
36811
94137
24949
41531
41565
2607
38771
10451
35537
69278
51751
55995
89084
39817
21832
33531
73637
74215
19596
46119
58735
33660
80142
73180
52150
94558
3366
50758
99976
70419
29405
56571
58880
96315
20750
68471
2076
38132
88025
90759
18166
84086
18984
63343
7951
43766
55096
77581
37103
47348
9167
92888
29136
57663
30399
93958
89322
77041
80263
13280
14385
81251
31607
80421
35273
38406
13982
10387
28263
69490
72097
22671
58211
5726
87600
37275
91188
56839
76803
43172
75176
33699
59639
21051
11339
25233
5689
58074
39337
74903
19817
3858
32509
65812
89273
6692
6574
78509
36734
59628
75487
26655
3194
37634
10922
98043
2794
42042
57186
39241
69102
57755
38255
39197
51494
28624
3773
50226
92881
69116
94288
52936
10143
17283
78543
50561
54763
23841
16925
86382
93430
97017
76699
6846
71109
30447
26374
26706
70307
4068
63198
12490
52183
16338
98542
72733
31811
34442
22876
75873
23761
70057
43100
50748
24983
94224
71258
18540
23399
65676
13001
47389
26043
1774
16646
52720
36480
98011
84549
90718
52950
83055
61111
1469
99894
8563
33929
62658
48851
80043
53380
71954
93788
59380
28364
16716
98926
17083
89960
56338
86901
68546
76661
37900
94281
25836
28886
75574
12653
31776
8563
66286
41439
92383
5242
77830
13624
70086
95192
15458
60387
86454
9261
70021
97854
60474
1291
31312
39119
56107
36135
71925
79733
88814
69290
18440
20897
42374
65551
53872
24520
50718
30128
47303
29877
71968
46745
29603
12589
62434
36448
33017
65192
84065
4564
36800
89635
95714
92060
12241
32294
72820
42399
19383
87499
56132
39750
81209
47747
88056
79742
9310
89276
5108
45019
75542
20673
44140
45560
287
39023
26894
12258
68639
36073
17115
87133
93767
85686
32291
96114
14698
1736
68230
98611
4115
84324
66969
35290
34430
96974
26003
42180
69938
96438
78963
92859
86215
5141
44866
74071
26938
86872
7777
10412
99113
57211
89881
40801
98438
7946
33616
47112
93779
23724
49112
39907
24603
40859
40583
59810
40403
77881
65040
81456
71452
40546
90001
28689
2478
74513
27322
70131
65579
76005
51342
6152
15010
35400
73438
44868
45469
61951
75928
60550
82146
84743
71661
88776
30518
10341
2727
74446
73806
22341
33899
71093
14732
88366
68654
82197
53901
48524
84171
39474
26050
30958
41054
40564
43984
32457
96697
29015
94877
12379
17614
2398
25413
84039
33426
43713
49181
53424
84687
9594
27002
22449
5376
96981
99765
97615
6707
30149
2066
2897
36488
22148
46790
56002
48091
59456
30107
23951
90418
879
62956
651
71631
75382
54694
82372
44468
21969
3998
63811
65144
6968
42074
32211
82618
21998
51598
88677
71536
78880
38979
15271
30295
90998
46986
17335
58756
73887
26784
82076
6850
91137
44438
39776
4588
83404
90073
1743
58662
60601
32211
54734
67323
42458
98874
57510
35601
97668
72467
98252
21459
79436
42436
55985
46317
31249
52294
62515
76586
27450
17621
10082
56414
42098
75020
18056
13209
44289
22293
38478
80488
80552
84369
37557
60938
4949
29640
69200
14839
61296
66047
35078
20630
56372
34962
6178
30043
59469
20722
93670
10240
67602
98403
14894
80919
70271
15760
26696
88126
53482
41521
23774
44949
97566
56554
81669
53393
56320
80769
13969
77909
52926
85819
84626
45527
93149
73577
67976
22754
46111
31554
71627
18663
29331
52607
17288
81372
10425
70631
64099
94829
93365
84270
91640
34539
9277
29698
18644
16190
63211
81042
62079
58977
90624
82940
74543
46599
66652
80113
80026
64557
96671
5439
71769
43256
57610
26031
62171
92044
29587
17401
3857
53299
49264
20351
24069
80554
94583
84831
42519
1039
23423
31669
47092
33476
537
61215
54906
99707
85336
72620
40242
70390
97691
31412
46547
85748
89462
93507
77934
94981
98734
16152
9681
13843
31465
99010
8258
61952
39529
50986
99951
7124
55986
4187
57702
39343
28842
7615
32764
62234
61022
31349
58900
86900
30611
37810
61792
10511
3551
93993
1883
63416
87835
51198
72845
32172
58619
54223
22001
97976
96827
49326
49636
19076
40173
28897
87164
55353
83881
8782
53643
55272
88859
94187
50117
83150
96847
58624
21018
57792
44840
26269
33522
3870
57054
31385
20559
66074
18963
94028
25307
54705
44464
40320
33632
98076
60640
45931
19034
22544
63636
67651
48634
8253
6756
20229
29808
53416
3857
90123
18591
96663
20753
5825
52504
35834
12428
951
59597
30379
16900
17610
60816
17217
55805
98770
12182
47211
46958
94152
58647
87504
68303
51560
85964
59393
75761
39130
73004
32245
26309
94006
3305
41647
96504
24270
94782
33182
53964
98525
21980
67490
11183
58972
60387
59058
95588
80603
83226
80257
65871
69420
81497
40401
3249
53625
17518
89328
21735
14198
17724
85489
88815
56278
17388
33693
84225
38447
20501
12855
76087
43891
52276
53625
79912
35707
81705
68351
3583
1200
31138
52862
45013
13861
29688
59187
82476
85558
74430
686
97955
90821
29182
79258
43455
87513
31913
42689
22990
56314
90035
80244
66824
65387
49158
26256
18084
6943
35049
89301
97026
31980
7344
88889
94384
27794
86114
43405
3881
8587
32171
25006
81045
96294
77571
57949
33763
28958
27864
13899
67842
82582
5172
89419
23758
39157
29511
86353
42629
12508
90412
87064
64435
4903
74714
11008
13020
45312
95406
80316
51417
83208
50844
28188
59981
10337
37069
33999
65872
26897
43941
6601
65380
84810
16718
62369
15305
85271
27144
45757
29167
69244
57496
90924
74498
34395
855
86730
31661
89363
30954
46812
15034
52865
3059
58232
34746
5202
3413
70341
30793
77739
97333
25654
70764
96854
93
99352
62736
85793
46368
3436
87422
46204
28431
51464
40045
39236
45109
83740
66005
33482
52839
3590
18212
72667
29162
60882
26823
86693
97542
41863
93964
53816
82094
4015
3543
27081
39445
76309
46861
52235
54580
75326
23295
30273
71048
27029
21147
86967
22727
30422
38171
22122
60535
32810
13018
16600
16374
69148
96354
86500
31975
20242
57225
4086
11483
81165
31149
31732
11207
61142
73393
72771
73000
28345
2479
86944
96163
16097
14256
96823
9868
90162
58104
3776
17385
86263
32188
6897
68564
35786
74175
64804
24970
63381
58696
68442
19634
28989
20930
84781
95259
29580
62299
68491
93628
10038
37756
67436
13520
21885
84733
86974
96793
7968
77659
62098
78824
69982
8963
42622
59985
23946
16185
63906
9980
93347
85696
51724
51125
12435
22337
20868
93531
43498
24029
91744
42343
85101
97505
98596
17045
13261
52446
75538
29090
7147
91563
86034
7216
713
30228
51491
92639
23287
83617
14393
55001
74187
30904
43292
40253
2346
74644
7864
42124
35100
52834
90372
45352
19997
22909
6529
59451
42459
5877
14866
3571
49708
73894
78839
24945
65617
26246
61295
48344
76976
31767
73710
40530
99722
5185
87968
24548
14631
23465
77720
81364
1929
36056
9093
15125
87938
68452
50801
30696
68463
93255
3866
92584
34153
56583
29987
56974
37725
28481
3631
50608
89538
4479
44111
5797
58155
11947
78291
48553
81438
12405
10963
2816
30386
55882
22919
81003
6373
29134
62780
77830
55073
72260
70035
55335
14066
81970
27089
39727
53799
23781
22535
33227
51245
69823
92817
85324
95549
61858
17280
80217
9126
95237
62131
86283
81023
7286
20744
65864
4249
72888
98765
44716
15311
39847
25412
85822
26368
7720
78613
72392
57868
86736
82476
27109
31106
54319
77273
72949
70481
18088
47760
56081
97804
98674
5064
34565
58587
89583
19740
29921
5750
95128
29217
43414
5011
53709
14314
43031
353
40436
31712
22743
3500
98839
87109
99145
74610
58644
76393
95919
59649
28917
99381
80807
80159
8812
41837
96166
37871
45206
68753
94967
82517
1933
48237
98814
16019
5134
31247
59617
22
86010
96405
95078
82527
74509
78692
9004
60970
51330
24272
90974
53507
85039
95177
68637
88533
56970
51386
41080
35790
94431
80649
15525
50628
1294
54823
57350
70634
23600
28729
45346
76510
28835
57670
34847
99840
18250
46263
91253
73800
61093
48903
4954
2906
77046
94073
12934
47002
25474
68809
28818
26743
66801
33775
70495
82373
84392
22329
2097
36512
72188
24941
78844
34680
1475
82543
33658
57245
77046
81258
18633
79929
24926
8277
89175
11289
82297
95293
39400
51040
9747
82935
89565
16165
12139
68875
18932
25576
18220
79704
74298
2855
53503
60839
98448
66394
87192
60980
34037
18804
64018
68227
62718
62571
73649
64890
35570
40293
81554
12651
26318
76064
17577
29491
78651
98888
55441
51391
92250
33216
83427
33773
50196
26859
1319
79494
70012
31416
37444
63354
19537
58103
67520
13007
96321
74933
54849
65113
44660
33129
78240
72193
34488
62778
39027
1623
71958
76209
30737
62957
19281
6879
29086
89743
69421
95661
89029
51274
91711
52660
96844
22063
9400
47377
29585
21057
42956
92622
77624
12735
82243
10016
19303
79070
27007
53655
27360
45475
49833
23026
56907
76163
68969
82660
32907
36303
19759
24690
2770
6868
3078
67870
87492
65180
98313
21337
87834
76817
70807
61385
67813
98674
31261
95613
5427
52921
75479
29397
3185
48615
79697
96455
15581
69736
89717
61906
49723
97055
49999
98523
15536
39711
45421
70575
32530
44044
26004
21274
16978
80324
57294
64021
52570
34021
72040
22759
93202
94484
24507
15453
24065
6979
33365
92771
59459
45998
57350
17440
16498
42399
17981
50804
36021
29745
46956
5375
61945
89321
76328
14941
3582
22708
60524
48609
1630
29836
2688
92361
88167
62641
12947
1399
3842
33660
64730
83516
81634
91989
78211
34496
35032
11195
52337
57747
97608
11176
76692
59125
9548
6508
28516
79352
23527
88605
99801
39295
46315
93277
37930
18899
63275
62503
8585
98664
62076
4185
39744
25826
89993
23202
42172
57610
67731
98664
56465
45074
6446
99389
40632
65946
88702
4480
65388
11829
77837
49485
84242
97955
32507
62095
19657
68265
77290
38724
93458
37510
38655
61295
89124
1550
19160
26705
67531
75061
85843
18277
90087
64827
16559
47734
94286
28963
45863
16947
45287
42047
47243
85641
55677
97843
75746
59232
42951
64682
67411
89927
67362
79465
23760
81608
25573
45863
53532
84083
62771
77091
55737
93068
29247
35826
85810
49119
55672
81007
75016
53798
32036
3719
46700
11745
73089
5929
2826
30880
97647
32468
15424
410
58986
95821
93596
44993
46666
16740
30206
95535
37122
97193
80313
11175
13828
6368
93490
83557
97573
40576
11272
55047
9804
60676
79455
21754
60470
30801
11658
4374
75059
89824
45253
28294
84376
13353
92129
24870
11710
74971
50951
22964
25616
86284
7389
94467
97855
2211
73301
85478
33475
13947
16060
51996
37609
15041
47904
18545
85670
12352
31298
43553
68642
91874
92095
79385
58891
78947
12966
7658
18047
40756
67507
3454
58430
5570
49504
38026
14241
52647
82757
40145
54882
95342
82421
37209
83259
11351
32362
46227
10788
63300
62542
18259
46012
142
15947
68842
45709
96470
93632
19816
77719
11467
65579
48378
22547
96977
65093
68195
72788
74825
60816
55115
3945
99801
83350
16071
21365
92193
1163
15819
86318
13700
74290
16141
17259
14322
3160
84958
21391
78621
53617
30063
34148
67656
26717
86437
70588
32728
13479
83875
68246
94885
23755
44929
65099
634
34906
16139
25642
58721
75029
92900
97157
78724
13930
78014
73644
1761
76002
21318
95825
57448
65349
80395
45773
40165
40239
9385
39255
23010
62284
63310
27438
63953
76546
81670
66399
3820
1621
33809
58594
27849
14061
24328
53463
59048
33546
56868
55971
26877
1466
31820
66274
49073
88562
49762
18268
67076
55675
60517
15263
22730
65421
77776
34706
1582
13000
38905
41268
87242
72854
53226
89927
55807
15787
39563
56844
58049
67646
44872
13086
15108
14077
51474
18447
2975
41247
2532
96067
78355
36302
9027
99233
98192
20922
35783
12000
87883
64588
2886
32417
20374
1771
23525
46966
26598
655
506
68279
38888
43604
84646
12760
31393
22488
79341
96743
22940
45965
41922
78980
24732
22357
58369
12176
11144
59813
91455
98603
56244
76432
94390
17673
58708
39707
42984
19769
53531
86486
53640
9148
70785
3335
2
72287
57493
43215
27627
25317
52662
70630
83276
49670
3490
29755
27076
47310
1023
87220
90864
31182
10474
86770
20724
70330
77008
5649
3642
57709
54023
87137
90589
76136
96419
63390
94706
24660
13995
62981
6384
71078
39381
31533
45823
95126
90339
77927
79102
48518
86169
34091
28250
39122
48336
24267
54631
39822
21599
80916
87238
68090
92853
98923
48536
87844
44802
78825
10287
68109
49033
82426
88529
3819
5959
51348
86458
27082
61293
82872
1939
49232
39348
71386
13003
26283
19034
49754
19503
44374
45288
83325
39952
46750
1954
88791
67057
10403
68889
42364
81542
56597
34708
76590
55775
86848
19955
58474
15774
68400
68723
18752
75020
50196
5442
29459
52454
28479
98977
2578
27606
56371
29311
81119
20424
37082
76569
6685
14192
90263
85151
20575
43430
53846
22946
73874
59046
38831
61010
50636
28354
43514
93190
93573
39073
6156
43403
51213
97407
27570
12742
48162
32339
80431
56323
17189
22684
23493
96470
97633
41517
504
75641
15907
65908
48168
95836
97979
33082
56332
92796
62025
43950
3652
63733
17302
25258
16064
54591
34193
25207
70275
11578
34096
5316
16965
17657
69713
94946
29755
37183
8831
54524
17780
94026
96225
80064
32329
60788
49021
48624
41092
86717
42475
74591
11837
9256
18041
54099
68116
85484
12048
43107
14496
36212
64812
51219
56017
13320
77005
81770
75638
59573
46373
30289
70956
48180
41915
51649
54494
47731
98998
24462
60106
45076
64837
5933
38061
90010
38544
40419
92359
26011
96661
39353
23105
86619
33100
58118
54371
62971
72139
29378
19594
22271
97152
2712
805
92448
79637
16482
22212
11479
9837
43284
31173
80137
80859
44241
68002
87303
41852
73565
55397
11550
93839
45337
273
28148
86463
29844
78862
51044
65532
51103
54356
67809
22353
22682
31865
38348
3969
69818
95267
36633
13048
89375
50814
97217
82494
52905
76439
87203
62029
95536
61741
13431
40129
22317
97895
16564
15319
30991
88197
51375
93814
82949
60252
70824
5073
88369
50826
25544
83443
91644
85819
47221
85512
14432
59360
31556
84231
78400
13399
22377
67937
23894
94762
20301
25521
79836
56298
27029
50542
99971
29213
7159
74316
50031
83433
69252
7163
2792
11690
16461
14951
33203
97886
27135
38259
15194
11880
22576
72260
19751
74925
26755
27474
31726
49122
91705
53231
28563
11856
61265
89806
28407
45154
94303
72013
21973
41728
71266
6858
57708
30693
20390
57451
58073
44934
23826
19665
30222
27456
9658
16662
20464
80947
64739
81463
92863
30472
54963
67954
13442
93078
27801
16798
70809
25619
89415
14553
84167
46427
25654
84716
62129
80435
32510
52828
95907
9882
18698
40413
75528
16167
41697
60052
70541
46006
47383
26711
31092
13081
49169
31287
21577
37480
4483
71539
83555
54340
4915
79070
10568
45338
50714
2684
85103
27574
52561
37793
78148
14993
86013
60884
23159
2269
25549
43139
87276
15674
75348
65522
92913
3813
19341
15961
11395
90624
3677
25391
34273
23735
99221
47058
62360
80045
3437
8623
69892
46482
98362
49999
67768
61286
34678
3578
9448
11149
43389
86751
30042
55317
33168
41502
95723
93392
2401
76072
35546
67053
84868
18473
18715
74285
57065
92524
24217
8327
45796
23418
4215
48229
42259
46635
28257
82916
66229
96776
52712
42336
31059
88706
68334
30963
53268
82164
55790
65666
43386
7452
85800
73645
96813
79578
5349
21089
4670
64437
45816
98733
51922
39160
45637
62134
68863
82846
51681
42568
47733
39075
12062
431
31573
75099
2079
30724
4440
72165
9457
8403
137
95721
80133
92258
69086
54246
50420
92302
52612
61150
72899
83185
3422
22353
73491
8062
75384
86750
9388
11244
75417
35468
24367
24436
67315
38854
56274
98178
8171
16848
20196
16951
60070
6071
20272
69561
74982
16861
57648
94122
40115
71887
64743
82600
92610
62999
66248
28418
83137
48635
13540
13917
71321
59345
52702
86304
85600
15696
45483
56508
83509
62784
71482
2831
67846
42541
35697
73916
75915
21071
10288
23845
54365
55579
76299
2019
85614
38445
10097
49869
34819
73976
98554
88432
45206
71319
22071
93719
67081
72337
48533
95841
32681
71608
67896
71385
75557
61378
7474
14278
61277
57873
26794
33086
87599
65497
6786
63197
49491
87474
30960
11488
35470
17745
3167
23590
651
73237
41458
25643
17746
34591
7726
98372
93917
88088
75891
13519
18731
93088
50383
19469
21864
69809
62075
78231
31138
61248
71502
5423
95645
85144
80418
97575
36925
45711
62587
88966
25046
90724
87051
24095
19
27229
36869
33367
39065
72312
64687
80672
86908
33667
17600
58921
98845
95341
98484
87586
73298
61680
7303
67137
58184
99939
28534
39995
64642
21494
91405
90534
716
42069
56538
16372
27167
87521
95173
87020
21836
42820
7552
48019
84844
13409
33972
39262
25165
43736
6370
56397
44126
31346
31733
47499
16108
24771
98764
58775
80861
92629
12308
66792
57583
42333
42006
99364
73090
2786
39352
67743
67140
6729
92880
76663
27088
13024
27823
73738
25398
91975
35368
36492
59754
27770
94443
32523
25138
13641
46587
35130
13803
80577
40390
62617
23875
91784
23590
85605
58101
32869
62556
27321
94577
31564
81722
15441
71010
25859
79562
88732
97998
39498
5596
95317
45110
26940
85711
1336
93124
14188
45449
78606
63981
7119
7150
71145
74664
12424
72944
47955
43800
48588
27721
78559
24666
35710
53681
73316
45783
4051
490
77958
34425
16381
8199
58211
21418
87389
2068
38311
78072
2414
25321
36100
71115
94786
24479
19194
59362
88966
78884
19500
65524
15961
70267
50628
27505
7535
40700
56712
57123
52422
67184
28982
68818
74766
59447
1900
63964
42007
13247
78027
71427
7111
16093
36910
93758
37758
42526
51259
20338
84315
22224
29799
18653
24575
67061
23473
51665
59986
97783
86767
97415
20309
78465
60446
55551
67933
33859
91707
49707
875
89477
3985
83809
22814
19018
38285
70808
64282
2328
44895
99918
29380
22558
32198
62664
23453
87267
91988
62187
17796
91737
80668
10467
62188
60576
15867
90688
61766
541
56613
82207
10430
97938
48863
86947
69321
33353
86227
23383
54273
67745
91002
97472
89310
38245
84067
57933
77693
1924
74159
56068
6594
73815
38524
3672
3580
2872
53093
69224
9084
83482
86803
74898
3771
39432
39802
28832
46409
93152
68056
5946
73010
14522
57258
24319
21437
11865
82601
72517
38814
61565
77317
82144
90831
9183
90657
98125
51678
75129
90449
68900
72325
89477
74843
84594
76810
76688
83086
43979
99917
83628
63818
77998
1744
68584
80852
46196
10518
38096
21597
35944
44155
99148
92326
62649
22617
13993
9763
48010
96369
96494
6496
18533
79937
65499
58796
98304
53666
73115
11037
67327
23886
75289
30465
59197
77778
198
26823
2083
16668
59994
6687
31288
28022
6941
70334
21822
57803
76315
52376
65775
47801
64165
90020
4968
44424
90209
42955
72818
18557
68668
43132
89198
9636
43715
54942
60033
9370
94824
2505
63535
16574
9597
31347
29480
76539
51109
57124
26504
81307
15292
80393
665
96968
68571
42832
45999
50377
54676
38071
78410
94702
26815
88455
62254
84479
15617
37158
80990
48149
17280
43796
37901
99126
40766
75586
20848
38143
39713
67038
63398
16491
86158
85324
8013
60669
72038
75126
91572
56447
2520
42366
89563
72734
41697
43215
21527
96310
47410
85724
83403
83672
86539
4513
14360
99882
61570
16956
18990
49119
59603
83247
44133
67541
20083
32070
63761
69440
58781
2099
92288
16515
14862
71698
33872
55321
59034
4235
68317
88157
24216
34560
75179
62833
97623
77576
56292
66435
9420
92623
90902
8514
76581
23357
7497
70490
73589
47724
19522
21791
22126
54437
17075
34136
41004
37568
38952
97538
89552
82848
12855
91577
4701
79293
1902
45003
91573
80663
72149
54697
29172
74343
76760
44710
21955
66614
86935
24817
16383
68756
27600
97041
96694
78905
92279
50204
84274
67846
8015
74329
65950
88242
66920
60806
87600
79820
88835
1254
77628
17419
90525
34081
8235
14983
3719
14790
50233
92314
80470
53942
2033
13211
93370
3902
32382
16410
20217
98416
29396
44522
16847
25384
90653
96529
86583
17755
78408
30411
14062
58280
83100
84722
65470
22969
10440
4340
10491
27261
36415
5470
81480
80282
11614
53937
21818
41889
46692
30454
43724
76149
96340
94955
12654
67641
85518
24942
43030
18524
82028
22944
97229
63245
91612
40066
69476
90442
53133
90996
65932
36879
61099
11801
89826
7346
50562
65977
59947
5891
49134
63571
72604
13010
96121
97371
92183
76793
13824
79534
82670
81085
86742
71171
70040
75638
79090
52693
89340
95620
44186
82051
23367
13610
96589
92081
36571
85248
61720
75711
84377
48226
39362
48649
59825
87291
65628
40466
58692
40643
12297
92449
49380
33704
75684
66493
86847
22966
42027
96979
81922
29031
74699
6734
18359
84393
69969
74081
15705
33397
17104
41378
59384
20688
48720
64636
74415
74080
93464
38782
93815
38540
71359
45921
84343
79177
49118
1901
23932
25585
25136
72141
32938
91990
87903
76380
36904
67786
4461
57207
12375
37306
34267
20972
3590
66432
74303
31366
69771
73778
35410
12357
11169
101
80010
68340
46771
63867
25832
64552
83333
91967
99833
76671
6072
70776
2127
57467
11549
58371
8552
14819
63670
46481
58648
12435
73827
19614
27683
81115
19218
98833
61535
44803
61945
6117
68174
82050
83357
87718
29120
78120
16236
44127
27240
92816
5543
87119
25840
53631
19815
18414
36343
34402
53639
95881
65265
67231
44010
2906
31263
48806
68981
69763
98657
28251
21266
48316
67914
6070
27210
55990
5548
44989
43711
65493
98376
74286
57092
93803
85242
70093
47363
40008
70012
5098
86819
97454
77649
96717
40527
83452
85274
52806
59204
26989
27654
20806
70098
5080
12260
38652
4925
46029
38480
49764
67024
82408
46458
48436
97240
27502
44042
76517
15952
96739
64160
91277
85565
46403
59353
20190
1669
22694
13994
57114
81352
89250
3914
56201
33439
96450
29216
59531
96239
2034
13390
93873
10062
55472
19814
63651
55757
82612
52801
95250
61870
34681
89619
63359
99132
28614
29461
61616
24336
66316
97468
86746
92012
64881
96923
32015
93499
89050
9243
10658
69190
50305
31507
83844
26532
43142
69644
66975
9889
88152
61833
70365
73852
51325
39915
90643
98659
68123
14829
82836
98614
25443
73234
55919
50372
13099
49684
27860
48026
2076
51063
81440
75572
51854
30710
69281
6466
9425
83031
12856
9874
76135
74689
70202
27661
15940
70265
70341
52781
68891
48514
49080
76082
30473
42279
68287
40097
76723
53236
34660
3974
5163
24032
41390
34335
47303
11759
60487
64903
95642
79343
27975
12849
10914
65659
89218
89222
12226
60784
94887
49999
31708
15988
46941
4277
80065
86904
55993
60022
73306
5939
11010
89890
18690
39866
69851
30632
5324
95393
36628
96773
25061
51534
13204
62499
67721
40142
71183
68273
91375
44215
24263
46135
84200
94256
97757
16493
14413
93
32103
65199
75991
33586
93431
97377
65383
41065
18993
87585
4198
90284
43514
15871
78950
52744
22397
27973
99882
72675
52825
32099
71227
53565
47351
31491
26663
8832
75522
78116
92334
33521
1031
88232
21090
79006
55436
45887
39597
12462
59482
79188
31407
71322
24362
41895
7258
61167
90663
83733
4479
4305
19679
96792
72361
24317
57176
71024
25428
55774
1541
12211
79361
72711
84947
54714
1273
53526
52352
75498
9913
82194
88344
12416
51509
7479
21456
17547
91783
3331
84623
52732
18160
54384
36157
66895
61788
5368
54593
78788
37711
45725
66129
54956
12371
82379
86043
88408
36803
10575
89505
86313
99813
12127
12317
46853
82111
52842
63384
77614
49208
26883
20456
79924
26760
76679
99921
31824
20409
41770
15193
20269
42606
45133
24820
32125
39278
13709
48447
10602
25663
24771
61621
74504
26040
73635
77983
91708
47533
65252
87223
457
621
84617
88532
51109
91138
68632
419
34370
58532
69582
46603
5984
89511
82718
22140
32252
35127
55874
39651
11119
28652
30638
79154
97525
11320
24326
46084
61187
23303
51276
57297
66075
53800
86108
66979
80118
53642
33711
613
73613
2918
18816
8566
84874
44750
51291
574
37093
70028
70549
52524
98236
40145
57579
65321
47029
99841
21032
42546
56479
52419
9332
66884
81032
44954
78941
11001
58406
32616
17674
56759
40504
86904
43092
78370
53575
38336
40882
39988
11421
11990
61050
94741
46605
10078
68388
62878
94307
71777
2695
44591
43882
63257
55647
72481
30849
51722
34910
18999
7939
75735
90592
77516
8963
96906
32757
55732
53211
79114
11548
32423
38572
12701
83721
36184
20026
66923
16968
12283
15587
58477
50375
51147
26367
57776
60614
84641
3326
34018
41632
47162
9359
59542
31837
42753
22491
80518
34718
3492
85815
56016
96696
22685
51109
35557
49409
9362
42589
1046
73774
62589
92416
6476
97803
60146
6950
33537
84747
70265
89719
40504
27692
12148
30978
73244
40764
81008
40649
5387
44119
69363
84341
31092
76989
50821
226
54967
50365
20400
11959
69297
59596
70462
6085
51942
22732
82120
43557
84234
21343
50950
38015
54361
41380
11922
61008
17769
68650
5919
4391
23343
25856
94211
26006
91532
15066
6023
94059
60885
52540
15052
34017
9966
36514
739
66946
12555
21434
36706
4141
86048
31996
65967
79137
4769
54015
95968
73715
71775
36181
41330
92255
62331
77185
47126
15247
81523
31500
50403
87911
36549
36827
26133
87135
36356
77439
36990
32459
64049
83375
21026
93207
93753
74914
3137
35566
23310
80756
59055
57484
56634
5513
50631
28539
73264
13094
24421
36212
61134
47891
53007
9565
78967
78475
90675
22755
15556
36307
40714
41686
97661
2539
89167
91467
33385
17016
1048
203
11058
70556
87136
98746
57927
86155
5707
11787
6666
75411
60777
32243
36147
10734
35698
21974
91504
6910
70079
60041
44704
21962
64129
47484
99819
8780
28219
83761
17520
75320
71545
64654
12694
36586
29629
23426
76168
96338
26259
78454
53093
81392
96141
16157
33097
25696
46898
55482
13662
32511
54423
71072
24312
33444
24163
14901
73800
84871
39361
34890
48543
27563
13877
88426
66550
28115
92779
15016
42728
23963
9286
74024
3401
20794
52730
30235
5943
58674
71488
64669
24794
32068
92157
14107
84123
20895
24572
98076
67209
95059
55497
80937
89797
59377
96424
11825
56470
81039
37153
44705
59440
11915
13646
53207
24030
62574
99601
36202
33454
96063
20590
75190
4404
19504
52448
93893
21742
14510
49614
43717
70900
17816
84299
40155
53657
78603
68074
83985
58397
12172
12757
59698
30979
87157
1892
68754
53714
19187
45133
82669
32121
40421
7286
95804
12890
60036
70319
26107
68400
1178
42105
49155
73809
34596
92672
19443
19838
16356
22769
70082
63632
42849
32408
27341
49481
90855
9208
58259
5387
37755
4976
66701
35945
72093
40122
26252
15958
58730
50699
29727
10700
59
66816
77554
44483
10231
74971
67939
53400
46862
4441
50966
25110
7675
45029
88229
10982
7059
33
14422
9464
73513
13834
94131
22262
21140
38572
69713
13741
96339
36683
27900
70722
32021
67476
82335
63236
11899
62140
68564
20135
56257
27112
20537
11074
12886
6253
98231
67876
42387
77775
87595
63694
74736
39137
28098
32717
23381
57139
38986
84718
12804
86598
69660
51939
90528
51778
88930
64593
73640
52318
1421
86879
56619
90501
89182
6509
77922
59025
89071
61150
84054
36564
69050
26035
21762
26522
91902
43970
48867
13370
35754
996
63215
86748
53357
73507
21015
81401
10732
72649
16741
20226
2383
75733
45615
30030
70666
76243
53336
8517
36643
3127
6437
29691
16182
78452
39768
43425
5971
83211
70972
27305
90709
43350
89911
45950
75013
64685
9970
90084
94699
56011
93610
20509
37885
79327
38340
91989
84347
7566
64213
12068
33691
41966
31643
65370
35807
60740
9929
92924
20925
80012
22696
49591
32764
46057
58618
99547
91551
45068
36735
88650
43305
16813
47353
63664
71140
58156
1520
6870
87853
85383
46695
65045
97330
26373
36305
31750
19168
70610
41255
35838
66422
97148
49681
76037
52664
15414
10486
38941
33616
28714
19630
55029
13021
53675
79528
84103
28735
41274
79909
59604
56461
77731
72197
55142
45345
68064
28590
22975
28359
72111
24846
25214
96804
84972
85222
76565
65386
79959
41260
5520
92861
59599
69781
17092
25528
42786
8531
24828
78538
63832
6774
74882
82513
62637
61061
91718
72589
58051
24067
15882
4766
99927
20512
34343
35870
12535
64387
20857
88779
2034
54607
36456
74045
70527
40696
49112
89475
8182
66308
26720
28226
71243
91550
33487
60653
4672
69355
26486
29334
678
30189
43095
44150
28622
55931
5920
46727
85003
26918
45759
25478
38238
59196
5617
73284
51553
26718
60830
43022
84371
76122
93100
12600
79032
38268
91529
34118
23553
62832
94590
90381
95761
13362
7516
39422
72291
99026
71332
73400
87932
54155
61743
44345
10074
7421
34477
85082
18578
21609
52090
25473
22024
95000
40702
76453
74828
16302
71843
53862
40428
89392
99366
8385
32897
48168
97120
76854
21863
29379
34283
84732
4661
57187
45260
48862
2738
11531
5082
64478
18964
31194
55057
74553
91314
40694
49165
88805
27423
76561
78178
56339
60360
90560
53276
85402
38851
69310
96759
56136
65827
34092
49792
4550
31899
90177
57640
95475
54518
64367
70643
91184
70140
85713
54197
48495
76314
72640
15196
91127
91914
31681
51593
76250
8297
26769
22777
10045
11527
68065
1299
77775
48075
11030
20291
20853
98297
76605
42691
15379
23590
54895
72205
40972
12567
51511
99201
112
77631
92277
95450
88382
82380
45003
13238
70325
43797
42848
68679
22512
64983
2541
89548
58014
778
49747
5132
68336
35281
86335
34483
40118
63571
69486
34051
65559
64675
87093
7469
13665
21943
52491
16549
38507
31883
43188
7288
32059
89887
81025
48314
91737
47627
46652
80335
25728
92839
76226
58751
61603
11397
97288
86713
70608
95174
69844
63412
91714
23063
90696
57118
71081
19876
80306
84721
17727
85052
53830
59637
94252
49403
56070
11636
1210
29270
35865
43806
11426
16428
77451
9848
30550
5612
33407
54797
15151
84461
63289
39909
5511
17867
69396
37071
37736
19566
71430
93161
21925
96883
86220
82669
43612
24973
45312
73803
87717
52292
75143
86215
25583
69364
24226
58052
72857
66725
32188
94898
2141
99965
44949
42707
69717
50170
48123
65798
85807
13580
30792
90862
27070
11432
22625
68768
29572
6696
18866
47333
7029
27390
68094
98056
70455
22933
4854
10265
13263
14329
19765
42389
62952
32373
22550
66233
51888
38565
25243
11851
60427
75830
11830
3056
77592
36100
4941
15684
79203
15117
79783
12757
23454
12358
68363
47334
1376
81465
8934
89670
45340
57872
10127
17936
70069
27585
75965
56568
66654
39277
39765
7890
2816
10730
90097
9945
90749
4363
92877
52792
3271
34905
53424
29890
99803
67505
32681
96342
86860
59922
43979
32182
23808
19135
12488
36722
31980
49000
10246
70700
37820
34517
20946
46614
29124
21136
97095
51725
43778
77816
28716
75394
67155
63761
19268
38444
76671
43975
80833
29325
99390
97464
98288
68144
58932
6557
49411
6702
99436
84847
44352
54945
78755
91013
43642
80665
79047
17106
65310
71519
88383
4949
26720
40986
16303
27401
62476
43206
7313
27960
21254
64377
9156
18259
12576
88878
38973
32747
2491
23803
10870
37408
40697
76262
9058
38580
82585
8118
12644
24939
81461
35113
80851
53630
70953
47188
50663
46411
61235
97134
46339
28373
45220
98432
35105
30022
78152
49829
49793
45796
80029
67604
51930
1740
11981
64660
57558
19137
74339
98709
7763
32552
85477
50605
83777
92450
78743
80990
61966
37088
68623
21953
20144
39290
99564
26979
90293
43878
43174
46963
33118
36545
78975
83663
92763
94044
80591
28857
31535
83386
6004
25711
84709
17999
42849
26740
76249
37669
78807
36852
72436
65378
39697
57712
62459
11446
72302
32996
88571
57870
99983
62135
14332
1111
58421
50559
88365
99189
66150
11482
79091
88034
33937
59701
71336
99663
57934
84904
60172
83020
31694
65488
65667
62112
34814
87321
6169
35027
35469
32212
25520
52538
49765
31546
57767
80245
83809
3235
3333
26583
65250
57345
24402
85670
15157
32890
2892
93383
8617
11813
36609
6075
77163
47258
42922
53784
858
86881
16224
36388
48340
60814
95936
12818
4000
85268
2392
13684
46152
7030
30417
74098
91658
5273
56898
40574
71396
32013
61040
45388
66031
233
58990
23381
73733
94282
71365
81647
28408
12023
46521
13520
38979
89205
63691
83383
59473
74918
13886
27302
11470
58717
51087
57140
13773
99665
17438
92003
10552
38148
67389
2972
53494
83229
37401
71875
24988
16794
58844
56305
25654
78638
28882
57693
60812
40728
68398
86607
65049
25132
49398
37180
53345
58009
1713
36184
97547
99822
71550
78140
43446
44737
64940
94665
76297
57697
74151
47553
91916
26602
75046
86579
30117
61874
22565
82739
31445
73501
38566
86637
80981
85363
31640
97214
19060
25496
59218
57616
74170
89516
37627
21736
50006
9707
89847
65675
12364
13085
31924
95489
13022
41748
29871
86345
35523
44569
3009
46039
3842
94757
21904
822
20818
87449
35165
3988
86388
54617
15166
57232
56634
89170
98860
5796
11636
21540
80886
59875
42281
4671
46459
50950
83863
97866
30740
76319
25474
89849
86015
47606
91382
45369
46697
69808
12464
57426
41626
78210
50601
95826
38861
75617
5122
89363
84750
42802
26482
5850
44474
55709
78894
5802
76317
97631
58795
26498
38891
76892
24585
51247
45722
38083
3269
41487
60945
37684
44222
93790
61493
19793
60779
77153
50167
3602
94735
66162
90210
97581
17779
99176
83640
36470
78565
77649
12133
12161
21745
79410
18340
91184
91082
11526
73467
3811
6461
79505
7191
7562
36430
28887
94041
15344
93275
60237
14749
13418
87062
71241
43632
15640
47620
28395
38197
54464
52872
77096
97952
17743
93789
18497
63995
99811
46016
70219
75232
54254
42120
70037
5943
88131
45586
18517
8794
36007
79976
96064
79447
70996
98676
22789
75205
82726
31291
1524
64922
43200
98357
57013
5856
39643
35995
29882
12919
16525
9682
53750
57144
24598
11488
84234
79795
84733
23395
54403
43109
6229
31245
95396
68797
8070
1419
20084
94819
91359
28552
475
14483
28372
75694
42865
59842
42175
82562
490
82145
53337
29008
62030
99648
76306
78273
42738
83447
89576
16470
32775
37125
77190
42978
31837
39552
80988
18022
4735
21830
54078
40308
27212
83084
77936
80048
76573
91922
79443
99425
29242
25919
45577
49456
80621
49007
81697
34170
6366
73301
22414
97229
24560
17820
12533
26234
50652
84590
79797
67011
92486
31872
75923
42820
38522
4638
69918
50963
17302
31075
2823
85148
43942
95836
24407
50227
99149
57170
77300
97137
90515
54314
37436
97150
12615
21900
99055
82131
79271
11335
60767
83386
29442
39594
9495
90385
42589
49501
34331
1296
58498
38783
79930
4344
27479
40218
5489
9879
33671
56679
62953
65340
74549
10511
91248
8605
90853
16099
99158
52076
64799
21558
73077
98541
97671
93403
10
66496
21733
51385
28481
68393
85106
5690
99109
62538
17622
29469
32325
53627
13553
31019
48211
96435
85494
49997
57679
35998
93373
55770
68798
38335
48485
80724
94165
74523
26538
63290
94759
32028
88177
11725
22552
63747
93605
14876
87915
4259
7108
86130
91684
93743
48713
84733
6516
45119
8021
59172
89215
65407
22090
61770
40519
3604
33616
2708
19678
98512
6784
57771
2127
96769
70256
65460
11731
26331
1658
25984
26698
35486
34157
46003
12222
553
91
14716
91700
22211
7165
69853
21072
53680
27836
89890
70051
1324
4607
23709
96171
23802
16766
73573
76561
60099
74250
52157
18371
66847
39632
91339
77483
76366
44165
39134
85568
2294
94977
19688
64331
50774
76885
42499
98740
13446
59977
45736
29462
70367
60649
91678
17018
47831
70694
5223
66668
19045
95165
6050
28535
98435
21114
78082
55427
69667
9037
16660
22529
46878
44114
96144
25908
1024
34450
33291
41623
16542
15828
26916
78373
41078
72209
20249
31097
9233
50872
45630
63704
76855
46638
79269
83115
51114
48003
40492
40046
15421
27048
58936
31503
71026
29973
46008
72609
63173
26545
32985
50184
4896
88308
99225
9103
97752
62555
6708
6906
27807
43162
55486
43090
85269
86376
16337
77008
33229
77964
25021
11061
26066
14327
59070
96885
20230
49253
7286
95274
99893
25256
68866
62242
35179
10378
68980
26586
35093
9389
66880
76994
8368
78180
63521
75372
68549
91740
55734
17822
45357
32691
34312
2513
83948
70731
29068
99012
30024
52775
54513
50183
89837
52559
98438
83192
70283
66914
54818
36804
15056
30593
18905
6243
3683
23467
5121
33844
21378
37102
67789
82572
32089
13244
6223
75476
86531
61895
43800
14349
79680
87881
58096
88806
11591
96512
53443
82958
90073
38730
90024
13477
43438
18258
65675
89204
35830
36338
82825
96023
13397
85606
89148
52527
29146
61750
64706
81256
11039
21594
95233
58280
47137
72682
62028
13840
535
60540
58537
13677
65930
47852
67720
41531
23355
48573
22154
36403
89404
29599
875
92696
97612
89942
84446
12514
53996
56212
66801
12852
78420
52435
8421
98509
1271
2053
88635
4756
53698
80088
15492
21527
97262
53014
7593
50537
36882
60357
955
17269
10067
5005
13249
74310
73425
56377
45931
70298
11902
20108
49393
77691
75271
70678
31614
28331
38208
38935
86438
84098
46694
40395
44026
77135
80890
56095
12063
33593
3654
50086
22601
55567
19123
69454
71473
74350
91772
12600
97246
39873
4521
9908
1182
37778
68470
3291
39281
906
23498
2544
35561
52643
72936
50609
61252
68825
86616
7136
38487
53262
64689
89574
21146
45086
88276
86204
73911
61146
67277
60886
32599
72692
86920
86891
44607
24563
83227
62342
23353
11175
34040
53515
32003
99821
55282
86545
83265
44035
71739
33536
93306
69438
64005
50431
99519
92448
1093
70779
37057
68181
60391
91536
72014
80243
77129
10076
3775
63328
97365
96200
93248
90821
69315
40
57256
57090
92029
81932
81510
17072
8709
65323
15784
14536
68200
1491
15803
47932
96277
11307
19136
46067
81075
48736
80004
62524
55748
58029
5303
72268
36156
17177
93091
79364
12540
2500
47046
176
7854
54176
1722
26243
2263
60248
18557
91760
5390
9928
13577
9176
55478
52665
22150
23584
91977
37372
78834
80939
78549
59507
83326
23313
52590
73234
47777
46087
34687
70851
80139
81802
34545
3944
25118
16468
95631
42275
39926
54569
72666
18165
18838
86528
23322
16426
69478
1239
12521
89927
70932
50112
22298
61896
28112
85314
51316
12884
57370
50921
79169
92590
7099
91706
95809
34731
66590
60408
93395
64457
77334
69644
86003
19300
86779
61782
43161
22986
20497
82924
75140
81220
45031
18185
83200
37339
63084
49948
73820
53116
53152
96172
42902
52309
80285
88732
10490
85660
27158
12839
88445
22986
53871
5186
48569
85271
15840
37448
29440
64547
63180
55495
10249
73040
73708
19943
45736
42572
97897
93090
42231
44188
6074
24727
17809
26280
67070
63551
81005
28332
83375
54809
80675
51949
75749
88669
27527
83321
56982
3035
71424
97452
29177
58845
40046
15471
58514
99035
23707
38410
83483
80317
68074
56984
37450
60418
34131
1142
28627
62578
12018
49024
49230
6358
91849
30332
58933
75471
58681
10813
68236
108
85676
4942
95747
22597
21710
78106
9537
72755
99062
43461
20459
77756
93128
28607
19500
91523
16050
2442
20585
48842
21419
71935
34729
73940
23484
51293
46519
25913
40340
72480
68734
20031
6552
15082
42959
89305
21191
59435
58424
45384
93158
46678
22993
64872
66484
17158
55022
66462
95650
5191
80808
28139
713
88992
43855
329
88341
73191
11454
45275
72211
27326
69490
92768
62677
87847
519
57612
61492
77378
87607
87836
31954
53103
90866
36522
86391
5889
93625
89702
46134
95311
71917
59553
95244
33059
19315
36411
90869
84601
27900
9766
70630
23482
70184
87252
11842
67695
88930
66795
49606
69054
35845
80160
49160
67943
73004
37479
75716
79110
52679
54886
49392
55303
82714
78702
44907
48605
5548
37466
27959
52037
99436
37674
71146
13718
21716
38914
92258
95904
1204
24345
95282
64321
87600
64507
72555
47473
11535
52738
23914
29593
99398
11542
4784
59900
39289
21632
98861
36106
53438
44437
73293
49473
4610
67739
83816
13017
32729
78037
44127
10851
58415
8293
23766
77181
69900
82952
52785
63110
44806
33022
90212
68209
90575
80000
97113
20981
7807
96043
61240
40881
43696
15950
98663
37970
45326
83638
80641
78223
44043
51468
3073
22037
30869
40180
5881
69734
29383
20639
5956
67126
70082
26737
1173
3105
4220
91047
10846
97085
25828
5130
74699
61083
84745
80541
79343
26052
24515
46957
7517
23755
21667
81888
98652
56272
14518
10343
73045
64834
82301
67330
73341
82367
32621
39696
32802
61537
61518
63936
25361
75262
59313
95260
63047
57351
8420
72004
86575
12804
21973
33817
14903
88609
42614
1653
77007
83900
69519
22879
71768
99391
14750
15893
66124
10922
35899
3187
46105
50859
62950
15005
39134
48249
36722
52028
62316
83390
90575
67751
71722
39849
8748
59353
96637
22988
12424
14824
76090
59390
93019
25482
32535
99594
38935
98017
10421
12078
38356
54540
68102
41773
82157
53873
92844
5815
23918
79513
49367
4578
51292
91785
85545
10267
83487
95127
87192
62679
99910
84360
7434
89545
86988
50389
83943
81
79648
98265
8339
35533
23344
54199
13951
28187
58062
28645
92573
23488
29612
55811
26286
36111
74291
59484
83684
63934
65864
39120
29190
40855
5536
74081
85705
97608
21169
67705
78087
95932
3139
66422
61862
51789
77034
23331
6849
97110
343
41110
3157
96887
8019
54295
67751
91422
69502
28811
40333
59698
47817
58715
75801
64248
53721
10614
33752
54221
45853
46076
48438
85650
91270
44451
90750
28541
71905
95364
46321
13987
51861
51021
37808
16984
2782
30625
21826
61283
6841
20818
12899
39806
52410
29506
42701
25965
1050
11214
81757
91240
40923
27706
69782
41907
22663
77172
2394
99510
23279
66237
31561
10873
6259
35972
73813
61652
62343
83923
59073
53209
13575
18075
30026
80783
5094
430
30235
33485
3971
83417
42111
33656
6466
37499
50915
90425
1791
89444
14654
32291
46545
94204
4410
82875
12117
47358
96483
36973
61474
85280
55546
80446
2748
70261
91057
94722
87435
4783
61283
25852
66361
82134
91110
53050
22131
50663
1107
76391
58392
35675
9904
60873
1052
85494
41215
6332
63711
44872
31148
90514
7223
69728
32985
64162
69540
56832
89220
76258
30950
42264
9990
99422
94377
49228
33790
219
78092
95372
8636
56962
46182
95836
92207
24866
62719
80881
20196
68993
75695
46177
29050
32481
39013
6344
46699
55040
66057
2907
56648
85216
970
40224
17973
52308
78490
83252
5932
1074
22599
71231
26337
51823
44819
2542
1537
12404
26731
62488
28083
10064
40432
71151
50174
93554
49889
44711
97177
90676
79961
94243
99313
72141
89679
35382
60075
14404
7
52423
7899
50756
41305
44746
30076
81850
34474
6662
28564
92753
455
17212
54583
86269
95562
71736
16559
89349
41211
48804
22271
73135
29397
25544
4744
78562
48615
99822
7026
5074
28616
5668
21267
97797
28352
6646
77148
18308
30490
86493
39416
54346
66198
99362
91291
49376
35574
65372
96726
85083
78284
54238
64383
60119
14935
11093
66530
62161
81664
47519
17426
94097
94267
65618
81064
29481
70180
89031
1107
65547
65879
50660
74097
18955
5244
30692
15192
95890
28868
59340
19850
50616
65276
76836
85807
1013
37411
52107
6976
42780
61390
24279
51963
57368
68207
97845
59805
39327
69913
38070
34930
55746
67399
92917
2112
4597
68927
84354
86333
29951
20145
9850
72517
83914
97766
71097
43923
35146
45814
96295
45634
27980
17673
86031
81708
55112
36300
63844
47006
46665
85574
58277
95661
72513
48495
51906
28246
89138
5137
12921
29329
38004
6337
35713
98010
1710
45926
95110
57978
93411
75793
32365
49944
45041
71110
50419
85578
73513
18602
21032
91794
28924
75998
37084
47589
50717
99339
72543
62103
32422
81177
73379
73139
265
42693
36316
95981
90667
65124
80117
13605
48005
86408
89498
21597
78455
24915
72787
96188
350
11637
27545
24033
63997
57540
28979
84396
55559
77655
29274
60517
55155
84158
18888
21039
917
63463
21299
37320
16697
72914
36481
21350
61668
39485
37088
20934
66717
40727
91802
57980
9470
69699
97750
51871
20493
13913
83189
42687
97400
30354
70708
15274
59073
56744
61300
687
8012
77989
4143
10843
45555
77672
49143
24974
41105
4785
91391
65548
4622
87172
29197
79962
69886
82091
14327
80240
75013
13489
37914
48359
49507
99060
93667
10846
34873
9793
5791
78634
31514
92294
36909
37125
97295
61767
89829
67009
31529
88909
82538
98943
450
92620
79444
1511
24877
30419
81963
49982
25201
11815
57085
94654
69584
43140
98673
16294
73215
59373
9892
45815
99101
45707
394
82219
65542
81984
13383
76194
32654
42371
36956
70055
36648
57225
82080
308
25297
46637
30520
56665
58670
50245
7364
33554
75200
68561
52578
77391
66586
11666
20713
68271
8625
55577
91825
37810
92829
85766
1126
98507
44981
41723
38297
77844
62736
84771
11812
39997
23647
11899
86255
66596
91419
89377
63989
67570
96663
82298
97215
80179
15998
8554
93447
15514
70123
54115
12994
96309
86562
56075
80786
95380
47166
20245
2309
86482
43522
74113
88414
36710
16121
80016
14607
54293
63509
48331
8004
81490
12284
42333
23548
18417
90927
21515
60376
52804
13187
94808
41443
42748
50277
49570
88681
66817
39324
97821
47924
61763
19999
35152
23659
83249
31639
96228
93722
69138
51407
11575
71071
92771
62995
68527
65998
46
57384
98852
56827
15524
80959
3160
51769
7103
73756
33578
63082
67177
47536
59578
20258
26092
56072
69819
39539
90332
64319
50052
65471
19882
64312
507
31379
22731
74441
28997
91593
87982
22317
84
26671
47375
82749
30247
91189
11449
70285
27009
46664
631
95627
40520
93945
43551
56563
33650
72418
48521
94456
44954
9916
63487
68962
71230
33651
65517
15362
24187
48358
43529
29426
35897
54497
66820
60005
72640
63959
30327
20911
8163
82387
87028
827
34642
99298
63389
77019
58952
78189
27515
22023
45584
78561
87096
89439
44562
25190
30922
29571
84134
27389
27715
89531
37102
81060
50234
10916
44457
66667
15770
97677
3324
35700
60998
56204
62559
60415
53418
79499
99946
93106
76543
7878
97340
42792
63988
14509
29101
30599
77910
15411
67355
13580
32027
80588
21288
26702
27478
37473
74868
78240
78566
13534
36581
24305
92545
99154
24746
46552
42012
96997
48768
70291
71831
12985
51184
8559
17466
30979
5516
42771
53324
36248
48404
50038
54250
32533
13690
9719
32145
160
81270
86944
42146
2620
94817
2990
40057
22573
58326
90630
3706
48728
50397
97409
36905
12226
73957
83144
96786
14111
10688
14472
86346
5800
30801
26276
97038
61930
27917
76815
33174
14280
68553
23324
44102
2604
18276
51926
6531
63003
43051
53141
43573
77103
20329
47204
80493
79431
19493
2053
61422
87367
94849
12954
97807
99996
46813
31886
68127
15368
10430
53807
600
22387
82999
56268
13343
87485
32230
75165
31026
19435
18986
42533
63903
715
15125
47005
96948
61043
2066
