97
82004
17579
62256
49888
98688
16376
26290
24421
82164
74702
34627
24688
6758
64395
76361
49140
74209
54661
78356
34251
67032
17085
80764
69175
30577
88927
17226
61317
69081
8030
25310
41040
61168
98458
74520
72077
25677
52584
28042
33895
10912
22419
16204
6857
51641
40409
93746
41310
7799
28783
99232
18941
51599
3120
62155
46047
78319
62035
41533
45297
60912
42793
33210
87869
63995
90530
45951
89767
19153
58735
68901
36602
19423
85240
58197
62320
34652
51151
79783
56108
70826
9730
4589
99479
39914
15695
22065
78523
79462
15966
11081
29020
23924
93062
65753
49600
89904
21030
41935
25807
23083
65896
58605
33528
98841
16935
24267
54155
41226
36277
89289
36268
78288
97094
9720
6717
74996
93508
43311
90693
97123
19296
45404
863
41877
9360
95264
76940
68849
35124
91284
28813
35468
45764
25881
31105
98069
81377
4770
30249
96091
13012
9812
46189
30995
69077
47310
78582
84212
32523
100
38336
21174
12568
73576
28828
57992
62533
32645
27896
45032
10180
41605
53848
97178
11333
95761
78416
63904
17316
49919
66407
14645
88122
90090
94721
43278
78788
2176
71097
48404
68156
76551
30515
70769
32781
34858
52009
28690
31543
98027
29385
3529
94508
30798
89214
82874
98697
96087
67200
43213
14706
56533
47680
60204
61819
46595
20960
8908
44532
45995
5471
11538
98169
97524
56574
5380
39745
83402
1227
66635
97578
56953
98797
26015
39157
58472
15293
31177
84202
65209
77612
28054
59722
6944
77015
78888
80823
96498
87051
19703
72157
72539
70342
31231
24536
16611
26558
11732
69133
46104
74019
26129
39334
38363
83440
38138
41667
34145
49399
42530
18388
80994
18776
54310
78499
35336
717
74875
91133
87634
29407
71647
48526
15290
23468
38175
37385
28934
38336
75914
86827
17198
78657
56954
80549
82916
76985
72128
39224
68885
31105
98409
81703
36121
446
92794
3161
14095
18704
10133
82567
11474
71085
87790
73162
84982
94264
28341
31302
1857
82497
81573
28957
75422
58444
53823
68911
44304
98465
20543
70849
13379
34278
88008
96735
75297
13236
23618
29203
69329
42275
47243
62202
18565
4160
45201
21999
48267
47091
30740
17483
20632
51366
56916
36857
51810
98788
96787
79865
20750
48382
32943
84267
1030
48879
4043
35314
74796
30020
45221
31607
72865
10464
34427
65508
66405
61565
14624
93201
19545
36218
78172
56614
5346
38044
39873
6408
42706
20838
22910
59024
15997
21531
81314
45245
69922
66572
14345
49460
96633
47476
27296
25940
29981
79688
95629
14860
27622
1772
46896
64807
33348
72640
43042
86965
4620
51717
94028
42605
69666
18351
88974
24428
85455
47243
45246
81760
27311
19191
43465
61616
90646
48674
22621
88902
41903
8202
44322
91218
95307
40914
51151
4550
70824
28558
26465
34593
66045
29027
60364
44282
9615
24054
15388
3976
61636
84419
83674
40043
35977
3279
58649
35732
82667
23907
11243
73504
22512
26545
79925
51315
55672
98895
60969
71294
76786
23513
19266
20343
66089
13007
26717
1041
6364
44822
45301
68905
90248
99151
58016
79372
11469
31606
73825
49958
1676
97705
51915
26523
27065
11717
16798
95186
43209
3964
71660
10198
89932
33718
73885
80435
49492
41105
33872
38389
21526
18180
79521
93364
62780
84382
92496
23343
51973
70358
97854
80590
21649
64918
89874
66470
45646
42506
23174
57610
93966
70104
13276
41923
4583
61879
78321
6770
56912
34697
33899
12125
53947
57662
67661
18659
13246
17546
92830
35429
93603
53299
14772
1533
95811
45218
39402
27109
52950
55579
97544
67948
8388
74181
72838
53369
14725
91263
64205
77202
16907
98043
23409
76982
79327
4927
43394
54361
68003
11512
52877
53067
89439
77121
8477
69011
40203
19142
69206
64289
92908
79302
98126
75366
46037
69082
98533
33634
18411
3342
7475
19296
42983
75070
18886
30380
61384
52149
23176
15015
49344
33466
94059
98103
42705
39797
4173
20715
35279
33012
41425
285
29259
1395
60547
77911
56799
5951
40933
80368
17326
95811
46701
687
24446
52661
33304
32636
8460
29240
23368
91235
66772
35092
55910
19796
58725
92895
82023
78331
57307
88491
29803
62540
74256
89877
16831
71376
71795
40778
19075
62062
77061
93823
52897
41233
21852
14831
56633
75959
32171
93237
77320
28720
88021
24293
14045
23445
36884
18251
93248
30842
99053
14054
88855
92021
57472
90429
96547
89611
87939
97105
90607
35150
57999
83076
63139
87882
87376
85619
50843
46546
79060
35242
45516
33215
66842
16245
77835
93644
76637
39777
1062
10849
22575
85010
5862
42214
66374
86835
65851
6824
71412
33612
68223
13233
70181
99360
29456
18285
21361
42237
81576
57752
14045
56196
642
54459
39832
91411
55616
56616
65271
42209
37368
40615
92100
32500
64746
44230
65457
83049
92991
42672
40442
58583
72975
7632
91134
40727
69129
30887
59880
54109
50415
28588
46869
63263
64715
27941
80838
6081
94213
92469
53649
32010
28549
26018
8477
18855
16977
69500
87846
28739
81825
52237
86471
32633
61061
59448
12435
21053
10717
26179
98394
68177
73805
75564
24185
91344
96374
62416
3513
50307
5258
40175
38495
49740
33153
44558
20095
88006
6245
16004
88072
79590
24106
98828
97593
68293
88121
43974
35053
31773
67888
6963
76122
33217
99949
69426
68601
90964
35711
70394
12656
10953
33212
73961
5218
53966
3643
82787
91090
18601
70631
42268
40986
84600
37038
7544
20561
27761
45221
2424
5361
14897
2223
79258
48043
50187
9836
76919
34084
3618
10654
72846
19288
38745
46621
80458
20638
24327
15365
41660
53435
72569
10329
25456
10365
73518
72847
57064
17151
92561
46576
95359
65367
25942
87078
17628
88283
99930
58201
94582
72591
40452
82070
81313
24389
29703
30213
32692
43252
89258
13669
88562
42512
21059
84512
530
81535
94964
44514
46194
26781
10705
15677
38222
84764
84018
53685
62833
21738
65709
65620
73248
67444
66353
49132
78953
28691
62890
9668
3156
83386
2249
46555
35156
4087
34443
20087
93887
67895
9004
8886
51414
20729
37302
17604
28355
70721
7174
20706
16979
54324
16776
42685
79007
40799
93341
99329
53961
73527
31943
59504
71336
75216
9744
96470
85242
23900
72122
71808
48662
59345
73378
58901
91774
25378
78465
59859
53818
63850
8346
1930
40513
47356
30674
29502
67731
25329
19334
89457
29527
2171
99015
60801
72343
8157
48146
36603
15843
1674
55074
33549
72207
78232
30359
35923
67851
65609
35099
35690
81328
26238
64939
98934
90057
95540
64600
90086
22014
62203
15533
30705
12223
48424
93006
19137
37943
49444
69248
88541
49374
20559
65235
18082
5171
81003
5206
52516
29542
29311
71916
91256
34591
60163
85387
67549
98975
33990
25054
55035
9457
60452
90251
14416
54815
53394
26136
6594
92451
37500
48641
66719
41223
86757
44405
72927
47645
81766
11800
53881
38785
59799
88938
740
37130
62571
96789
91110
87882
91706
54020
66620
63347
74395
88887
83968
99280
26583
38063
56518
93084
42801
6807
7816
26649
85257
85166
21852
19905
97399
80178
66786
48888
42003
41284
94169
42491
55785
69504
97945
3839
45857
95243
86478
29081
18433
80613
31426
45056
18017
13575
50355
87961
67675
28388
41631
66766
92120
32447
98794
77252
22421
32391
36377
78580
20859
43799
17663
50169
38487
69485
28850
63313
92987
72766
15715
99969
68803
35725
46936
93809
85516
1104
72121
41655
55357
75895
96497
21944
89383
41832
18071
28327
56515
23382
79535
12221
4382
34590
1880
72945
38160
34506
84782
43150
10790
76752
31625
2341
75363
26493
2078
72559
6975
61141
85036
88804
73255
38223
58192
9480
56893
81092
18856
73499
18143
2652
79635
39464
35544
19323
85051
89649
43602
79265
72281
26668
61427
97032
87194
8047
31018
49891
47396
84022
45875
61815
52639
51178
87004
97278
40808
54229
44336
47672
88215
72076
56514
57592
58507
2240
91446
94191
11721
62374
2931
94094
54059
1584
52517
17690
72632
54773
56
32640
50852
90102
72559
75989
15570
72879
6627
89069
81915
66619
18889
8595
48305
32386
96283
33353
45350
13297
5241
82660
48713
12863
38247
49888
10611
7604
98496
11912
4555
97583
79705
85158
23678
395
6311
27930
46464
19695
50967
61964
93506
19024
75279
41483
3282
70801
6801
81132
27699
5374
212
55539
32348
60507
99736
83123
34945
96108
66732
18382
74800
96334
47697
77993
14594
18544
1761
42339
86550
4676
78022
55928
88219
37866
52300
77706
25631
31116
11146
5390
84440
37242
98318
57923
98068
10245
83375
52972
78844
96475
72635
27991
31408
7675
57641
32414
16989
4886
79500
89835
36399
71815
63425
73729
58012
63549
55169
48444
59282
75913
79519
15768
88963
41145
51406
7707
36228
54401
23688
59998
69866
96614
38955
35953
71804
20230
52576
42652
67870
14071
17089
79829
22736
98636
41775
38841
48439
22148
21462
75020
3119
78786
6811
11276
29623
54422
30372
14208
76695
20371
35680
5571
88355
73995
43967
15679
72519
88808
74588
98159
55713
4183
61873
24057
41877
47760
47561
46784
33234
40029
38763
78739
57795
71004
13403
15681
54492
89553
4839
39325
88268
99421
19912
27511
17299
67475
35585
7860
12915
32870
88031
42739
19063
40943
38600
94708
4716
68374
85260
14608
50447
98709
20053
73725
25583
37924
93365
12579
15925
18215
28701
77562
21389
63979
8627
8217
86911
26784
10462
29354
11879
63505
41831
85283
89222
51601
2541
25813
37066
59975
71727
26503
11496
24543
1561
43116
45949
18607
95484
18113
50276
53872
41264
82826
98652
50310
18942
56415
29037
16053
69844
74044
64267
94201
91432
56299
77369
78968
85651
76889
40552
29640
51841
81515
21577
93264
38090
47456
85936
41099
51903
59556
20380
3031
2385
48498
82280
57046
13400
3065
31930
80519
8381
6193
45759
70098
43668
33711
56571
63711
38481
24215
46397
28634
66150
71232
62647
49676
20820
86461
13797
10894
83381
18158
54830
78456
75283
97794
34106
78600
14705
53345
6213
79281
27427
65785
92781
45314
26683
34040
65134
9696
26314
49557
97220
23654
21354
48642
41891
50730
10767
90086
88825
70688
87256
37703
31217
32274
22255
77899
24789
40414
9199
93695
4961
4436
35638
18773
13250
81356
64848
57575
26302
80254
11107
48010
92028
8329
87499
79925
42377
44687
39619
74049
53776
80266
68367
28946
73246
59635
99226
14879
31624
77824
81483
22401
52017
55635
16976
71240
98151
87620
83329
30736
48301
99206
70757
90859
59029
75669
24512
3507
68325
44000
27736
66314
3295
81575
60095
96332
8968
63155
38650
97120
85514
66764
70520
20649
48232
41173
59136
21223
64523
89012
65328
78593
94973
68295
84795
39170
2820
58769
12472
15265
69350
65090
29729
60536
58457
1589
3070
19416
21421
81678
11122
73459
98812
35071
69744
83266
42778
9485
6237
54256
42955
52892
91894
80787
24603
99777
75767
21333
33046
53077
41930
20330
20456
37192
97534
52360
65437
51283
80283
41388
58572
58922
24161
10692
44369
32498
70718
42828
54773
34143
15192
16748
5538
64219
81629
86588
94783
94926
1045
7757
8315
10308
54442
42437
22831
23292
16516
90127
60293
37907
27962
77448
59853
80841
3419
67076
54747
84560
10725
75389
17285
87903
91534
20064
52310
66632
84159
976
76431
94273
10546
59317
64911
53922
74684
41868
16699
25260
91393
40521
323
99196
32952
18103
45566
24880
83281
95474
79571
64855
54797
20794
54519
38556
65166
9425
13926
70755
5189
3340
21798
86893
79636
91511
37605
80965
1587
26171
27059
14155
9086
61404
3505
87979
65775
89598
98334
5571
89049
85478
43637
68757
77287
9439
85485
95040
54990
97620
66630
89134
41982
69052
6451
45241
7081
67274
89543
65421
98150
78717
13896
63785
43063
56827
30818
54069
66628
94090
48771
76647
68094
1522
2036
36169
80324
13578
95020
68719
11362
61297
98098
16685
76351
31836
42276
36475
76067
12169
26864
22924
728
26285
76845
63590
46354
58577
70519
42401
47566
16249
97790
50418
70124
49603
63500
6876
33301
26174
13447
78864
2462
86572
67867
18891
75812
47384
24550
33835
80528
63586
10994
97319
15983
66424
61956
43027
58061
17829
5671
28722
36461
55325
11479
441
63731
17483
12682
63014
77989
18940
79772
15867
95364
32184
69726
52101
5494
76867
3777
32898
42139
20300
23527
65292
97342
33254
88653
85783
70222
94937
77233
69689
55278
21284
67014
74679
2542
5038
88141
72846
1158
66255
50329
84301
47390
33057
20779
5492
43892
71813
13415
70677
57728
97932
15527
44791
64838
14713
1465
26319
55036
78553
46638
82214
63942
83088
34608
4962
20281
53262
4094
10229
84773
21247
10460
41668
14506
19012
88191
1117
67959
20086
48230
96530
2014
54641
22391
82711
18448
75566
52232
85905
40224
18485
99763
18011
17045
75875
43619
10948
82738
36805
27761
32355
2932
47772
78546
89035
84962
95918
4808
84929
14471
76401
40183
60222
64728
87142
67180
19649
51953
9901
98480
38278
89179
14864
59608
18254
3514
19551
62126
66045
35760
87855
63762
34773
67973
73746
77329
153
37241
49433
87740
20999
22891
95833
32686
54523
72795
47294
56583
24889
24722
59674
96155
25062
7530
86007
63352
67125
35263
80213
35425
37060
287
63396
31605
32138
27684
41472
22419
87924
98736
98000
73232
25181
48765
47686
79217
6436
55160
35006
36618
46696
6244
29753
73488
10607
17514
27899
19588
4905
68339
85169
23255
83802
74483
45801
90982
96515
61663
51421
11833
26044
52374
60670
11126
9530
78838
31964
44635
81434
39573
13444
90851
54724
44060
93695
17191
59453
59713
71335
85511
64787
74086
14391
59470
34952
31393
16862
5109
57792
823
56269
36733
98401
3493
64820
8299
89197
24691
32957
32321
34389
47340
5033
1817
54872
98271
56349
43829
19857
13502
17747
20528
87115
90183
80797
65836
89928
83957
9006
91994
21223
74217
99951
44647
67348
71617
20552
26449
65221
38721
12771
66825
60191
75804
71118
9202
32389
36533
68821
64778
96053
71323
63376
5941
83739
15230
54632
10646
65098
59671
68189
54567
97208
13791
41080
49909
88569
17506
54517
9523
27800
27669
87158
71450
58960
28412
2849
20120
23060
88653
49066
26986
43694
8359
83026
12007
7954
37809
71661
83759
34876
64777
44605
36081
10416
73896
64976
22563
49637
46809
35431
96513
79306
34332
84862
58152
87968
111
69889
41060
64738
8668
93301
8248
26012
39914
91770
76203
92253
97690
89846
21197
13841
44229
86251
45609
62493
82423
35481
26118
79702
14451
75040
98151
26186
92515
77032
30292
67456
52644
18621
50930
92610
80294
96425
14545
17156
97194
86904
24056
81916
28960
7270
23463
68216
89419
1329
72868
13973
23909
73283
89409
7055
1187
45420
53164
91989
87070
99487
63851
84970
70446
26100
87274
53915
25047
77931
70667
25198
71926
19666
862
51051
76607
17324
82726
65646
48366
30806
39920
44309
76368
2322
47307
55850
83783
76412
88095
77323
48492
62673
85761
59701
72092
24822
69252
85310
55590
51172
38710
19721
51464
31630
59295
30608
42394
83670
85836
16717
81972
34452
21054
99392
93055
71628
78883
50974
44620
5621
23883
80717
45312
15916
52765
96476
34678
20409
90429
36593
46520
64454
91163
32815
45081
53347
73583
86474
88108
37964
78570
20580
40279
976
39737
17234
46630
9359
58135
29190
77156
38105
75649
76563
38772
48407
75033
13068
76977
50606
48091
17966
12668
60737
87214
63639
99911
72481
72158
37301
61274
80193
9900
65172
8226
1073
10897
90983
94440
73653
88202
68043
57884
33200
13546
44844
94407
88985
91009
80419
98024
35318
49057
9565
15736
24793
76986
25515
67015
62482
70291
21460
22378
16532
93175
8935
15382
65233
25479
43823
12975
26576
95132
70734
59587
76512
50204
78862
60469
99330
30809
47009
80157
4982
30773
61017
24362
30060
50703
73287
25816
35146
40017
21357
59878
48911
14276
59400
40268
6269
58318
88245
32083
96642
5067
476
11136
3891
85893
7809
19375
22969
26178
10720
5734
34058
40016
40631
55226
43077
35975
31496
70671
75224
94590
45316
17416
52246
2337
96442
17850
25470
79767
55349
61909
8245
80045
14543
14455
55234
4298
4021
24139
55935
96720
97007
73835
44364
57890
38403
14051
61074
82551
70263
77878
19981
61258
59631
59131
86257
5121
8125
58082
43864
368
54043
18011
86942
4179
23965
23546
66020
87299
62905
80935
53793
32694
68533
8381
86545
48693
23227
75120
32923
94550
23839
4559
39181
10212
83376
27144
85547
16062
95694
62379
64448
46749
61610
34008
50185
30650
58943
75288
59
14593
44584
55018
4026
23318
49284
31501
91006
7533
45207
13006
30094
95721
43180
1806
44413
1568
28075
19266
32977
90143
61963
52638
96328
68310
13259
51465
30042
28382
57743
71435
5814
43058
42283
38264
2498
19272
83777
80356
47431
67326
76568
95154
27127
50791
65546
21753
29950
92235
17119
38395
33207
70647
28263
63926
84153
5980
56507
96163
61164
17351
49947
41074
11186
57772
15154
91263
25871
93588
69698
63212
48972
7554
24334
54934
4348
7706
38065
67677
55877
26589
38872
73073
26768
4431
27687
49923
43993
76391
43736
75316
77790
66974
34183
68049
62639
83210
75223
90455
35896
79823
76079
71168
19457
34123
53513
54883
44070
79761
40830
91820
513
84939
94450
59401
896
13151
65153
4080
11409
9142
51606
45277
85246
37318
11711
43632
36820
24372
2197
23838
40478
97169
81406
39989
81612
21481
19783
65168
71276
80371
72369
29977
33083
32543
27908
8400
33626
16425
27890
79172
61119
58117
87053
1514
97301
99849
74682
71286
53311
58556
15818
88569
25236
89354
99972
34061
27131
40831
86849
52039
34242
82604
43057
74548
56312
69451
307
32457
5938
39776
4724
60683
10782
61804
11880
98618
21511
5370
56274
98197
70980
50490
38363
76738
4326
16435
4730
13286
70645
85894
29247
61583
37104
53471
26746
7495
40791
173
47724
73910
75682
62919
30112
38361
90160
75225
75856
13028
47003
17160
85186
77341
96967
37368
69242
23804
72099
72758
35087
86075
70252
60065
85211
39168
43458
21764
28816
45195
5471
81980
53473
30393
56816
38646
41940
65629
51686
88936
8744
21229
29716
95267
52574
5755
59283
94168
48435
69473
52717
409
37583
51158
17091
24711
48272
55376
39537
13449
72977
97853
12373
45277
55168
21987
7377
92570
98455
26601
23018
232
60061
99822
89970
74206
65594
71616
38767
52204
75876
32282
60608
2364
94858
39319
65900
46042
85939
98666
4960
58376
70850
97563
93191
28080
46157
15884
35898
64307
61114
23482
92097
96977
63618
60021
6456
26525
69501
47939
20241
85222
44594
89469
50779
50765
7159
40618
83643
63720
80917
31295
31783
65875
23638
74176
15923
91793
91316
44850
92440
10560
2206
99308
74931
71918
2322
4504
21246
15272
53443
92521
17348
17419
25762
17728
63990
29564
38040
89730
87916
88358
85775
56320
50215
94555
92178
80366
66053
41929
8071
43051
64050
22249
8020
79817
74607
76595
80602
65708
14273
60759
19954
67907
34727
17652
66095
1133
51907
4634
2739
22953
32642
7449
77569
5784
88867
80097
93355
2069
2581
53218
8470
13394
14424
36617
49874
72683
68400
86122
53116
87650
78304
96881
90399
40876
18793
23472
7263
14852
76100
86397
70988
37488
59884
16126
37263
30803
77109
6640
96745
59620
85986
35874
7740
65529
26610
17845
46264
90538
72673
24456
75661
83617
44648
90578
49359
98822
56710
77171
72822
29019
17083
750
51616
78682
31233
84700
77555
39179
30009
72195
27584
35840
6829
24860
82841
92936
33055
35657
83537
54638
22918
66563
14399
7057
12860
23671
31975
72219
48049
87827
57574
57953
74180
71903
75011
27934
23724
74203
53535
54684
86118
30308
32622
8135
64664
64692
83498
84451
51635
72569
76100
92027
73419
36879
10557
72524
10805
18414
90731
99976
18836
24775
1284
16743
98744
92458
94939
98476
7904
67005
15249
77279
77262
37307
96970
11146
98429
96211
30630
28401
29670
89480
20253
84149
74810
46877
74575
16111
8432
49817
47681
20059
86739
9290
92451
2202
50296
10080
33653
56867
1462
86462
92043
25003
46465
47809
91983
42946
65903
94455
12126
39879
94637
77292
61264
75791
55903
80733
93823
14725
79726
67431
43529
27337
36371
15956
66699
69163
1738
61771
38915
17909
88073
21888
30650
71449
84747
88196
60965
27757
95303
52998
37221
634
94200
44638
40470
7841
98327
24349
6122
14137
79096
29410
31130
61831
82517
11481
76129
84796
53081
5976
80796
92199
28620
92318
29517
45603
23497
18869
12755
4737
66079
13822
90537
79746
3237
70763
87575
93938
66284
8309
95711
99541
56724
48707
62230
51643
21418
64085
50180
46410
80422
35509
37597
99036
90445
14021
56631
50993
6007
79671
60149
5628
18367
92145
30554
44646
87665
28464
61585
19852
9827
8536
75787
53822
92506
17288
91772
28200
82570
57415
26812
14201
96020
57624
40678
33228
11530
28211
82341
89400
44509
59204
14169
37057
19114
74979
85414
86752
67108
5863
99933
76416
36593
42646
60760
77744
85906
40426
89046
61134
21976
23847
96502
61063
70996
53103
9279
50309
11813
26040
50731
95219
99774
50467
88194
22649
96877
91596
76075
10564
6220
54060
90005
28631
47856
64854
30285
55237
79035
12643
68233
63872
38974
18891
50677
79651
30304
31122
15875
58973
23627
92654
73437
28515
96528
63771
28869
9319
16400
49173
77546
36938
11175
21134
72627
82140
4087
79174
60056
60266
6226
15907
4789
69203
49739
54685
65130
63215
39468
60961
2417
15371
68044
73467
41890
7610
14244
42782
14448
30271
54624
57030
76013
67640
62482
6936
87348
26027
66435
70172
90301
77699
88741
81843
16842
40509
59263
14508
85407
46917
44534
36208
89249
66779
74419
42028
5101
68662
90618
83979
99799
14813
60456
74154
19516
69498
56679
44032
67158
70329
974
25647
86030
94762
56964
30341
39110
32214
3556
90034
62720
77652
24900
42109
19330
27871
64813
93835
53503
24202
20240
15452
9838
44366
92434
56055
25015
56484
9370
29637
39911
66567
85062
58573
78367
54211
16286
1859
68802
15216
80162
60
35698
22205
47193
53860
18168
39145
37672
97636
63815
79393
38932
35333
66180
83707
51883
15434
10620
73203
68782
95883
77886
70295
44732
69
76582
14853
74074
25699
86356
99441
34023
33391
85854
8802
73384
40341
91103
42996
72463
68568
50748
74783
45163
52521
98974
62358
35664
42790
38409
43665
68357
50840
72531
22967
64377
56336
23532
80871
4327
76429
33149
36987
50303
46207
4721
74112
85066
16271
23009
76670
73232
8153
57082
79748
86207
10331
82992
25800
90886
49331
83313
57402
40355
19737
3121
26686
91650
66238
16974
89503
48818
41664
96162
58737
9429
42818
83000
61731
58644
11533
81628
51004
40074
79561
34414
41987
68475
76048
82484
6338
85099
93840
59866
72888
9944
96505
33513
94090
73507
28702
30152
51185
52082
66182
61584
79185
21741
58665
48711
89314
41265
37729
97141
35930
48704
22884
11649
1725
47796
24634
43007
7968
19949
93698
96595
94990
5166
76799
36829
89470
96212
77716
33036
14520
58144
70599
64239
38769
90056
60906
92002
46684
37072
29284
62304
12482
1960
72973
77706
17489
38005
94186
73282
14495
41106
79854
92859
14014
73282
52691
63010
1674
89300
6680
95268
24238
33600
49563
29218
61060
10613
37200
75196
72355
26307
66186
39490
68681
8323
21453
66427
65160
47006
58124
92877
12355
71927
84753
78744
49381
15161
93048
96194
15135
88567
20791
62658
16891
72250
31424
2793
83573
37880
95372
81909
1329
2394
24883
66684
28527
7128
70695
39228
64148
81439
88737
57509
39232
90792
50965
71257
69160
56869
39070
95833
45289
24973
46606
99748
41413
50881
44007
80849
41877
71739
64560
69821
89380
92122
91620
96867
15864
28728
81607
15278
36250
32283
98255
28592
54131
35385
18214
471
18197
4958
22266
15608
68911
17922
8829
39887
33693
10236
92959
15544
35275
2082
44049
44005
54976
58103
66384
60474
27805
31874
48007
4510
72438
1909
25866
10475
74334
81202
76816
78399
90008
99
40603
8448
84195
88312
92824
5474
57545
58014
1808
8215
2566
11515
12804
24214
88657
49111
2507
20958
73002
25763
4767
54628
8075
99982
40400
90858
12955
91997
42559
29820
66694
27369
59770
12632
30993
97681
35933
29216
57114
51147
53424
81485
4987
56683
76964
62083
53194
45822
47462
79185
45365
3936
2093
83953
61822
50127
96976
49120
14726
5256
29808
31144
94315
96301
54305
24508
42829
23489
5300
43133
32900
6703
95389
87453
72487
90910
25635
76740
99846
40574
12750
66580
54788
16784
73428
85601
86220
43221
86037
8261
75379
53646
27031
56317
19687
88550
25930
99637
46366
28611
34511
94124
57901
9811
47232
42156
52094
35265
51708
99204
17465
82347
40916
99901
15568
23094
56473
30677
68031
80343
21720
61975
66581
17119
25866
99233
62847
94788
89199
30670
6058
67650
31663
60989
66753
39011
84584
28836
56206
58963
50372
77322
15984
51896
81102
32325
86858
22095
60719
57641
34495
93903
24071
94455
62326
24348
15772
19965
3801
21717
38780
43316
98976
50106
54126
20993
24484
20572
25484
65784
77249
12234
93171
35539
44515
14452
67270
33149
83807
28698
59393
94890
76344
9375
98762
38318
61614
10749
77686
44821
33449
18789
61651
23205
82949
89188
56504
69527
45138
90753
92348
32330
66231
9166
4794
77531
9279
38899
73981
57051
45898
27503
99515
88077
64098
23492
17032
69655
25075
94699
59815
34958
26419
3307
13157
35957
56104
93182
24774
28953
58886
9977
76296
45331
81758
77020
49366
49679
79799
19634
36534
26503
52134
16575
3319
35852
70857
78789
19781
57292
10020
11434
10563
51266
15037
67478
86320
54970
14065
31587
52386
98094
94531
49797
24739
56915
65138
55257
63784
2901
63028
27036
10573
76924
20617
87631
2753
27562
16114
81014
27165
35670
75729
76140
18029
92054
64570
97563
24500
79813
91438
30601
71670
33466
767
24114
10552
98212
30167
28079
42262
1270
22148
88580
390
89717
3010
18473
16447
46630
96692
53990
84113
47277
59353
97761
48324
89225
42023
11197
80650
40927
72646
39363
65088
78199
33739
487
94074
97749
36710
42424
97395
21073
57415
11660
83432
694
42041
42846
15247
86564
63389
51098
6843
63199
77132
22210
20958
6888
78246
81700
12150
49129
16645
75212
9166
95929
76960
63833
42946
69248
6095
78941
36634
1508
7570
31199
7854
10478
60128
62639
66514
17118
55222
33863
27222
20107
29001
51104
41167
40175
25461
12995
20920
8314
61550
18075
75281
64972
78727
61099
970
24265
39055
30077
65339
49598
56331
17260
22326
2335
13808
99966
92068
66571
92106
85295
59995
16153
60612
23189
41822
7363
58356
49716
7632
46959
41979
93609
49697
71390
56561
6933
83863
7327
41141
33462
80749
98507
58229
67644
72397
12337
99548
61422
92799
91693
63868
81575
44629
54130
43412
87985
2652
52950
82553
88232
84894
62326
49765
29607
78855
45847
47805
15961
53582
54392
91993
64891
62672
52528
11777
19133
29011
83118
42429
19650
3062
42987
80902
43053
59004
1570
96945
94136
95597
9940
46450
37781
19834
8678
99519
25403
25842
76781
62808
969
79582
5681
54568
70099
40834
18282
17318
17107
75142
21537
65856
7956
23050
44427
67021
79139
84719
95494
37911
89892
81072
15394
45334
43121
29866
60328
25480
69624
24799
1753
90432
89454
2713
65590
81762
79978
31120
99213
72609
72310
63796
26456
79678
86213
66363
80280
36901
82804
59985
32568
49581
23074
92038
94125
65412
172
12349
76088
78897
42412
46574
49401
69672
52560
25089
14277
76089
26184
69599
36106
33852
43107
36652
56576
49391
90184
55877
31726
82147
39950
13400
92584
36308
29300
44128
12264
3896
58033
99771
22672
93034
92776
61855
31721
78608
35626
60750
72968
32718
35215
53177
62094
23338
26233
19437
5268
50821
51603
47564
82706
42859
40568
16978
21166
4873
67866
59264
42095
22565
72988
30018
1091
29477
97179
22425
41064
85036
72474
39255
74471
90721
11344
42409
27114
65604
68393
65456
24609
81518
7815
58564
18265
23522
95404
22902
34654
57612
57073
86022
94403
32721
3747
80244
43800
26454
58064
13559
20265
94781
34950
22569
61804
92634
49523
79248
49498
42284
41379
5385
5533
38913
45973
71847
57417
76377
4953
79986
79524
38140
61076
10834
61188
43445
11743
69505
56029
72697
60824
72373
84995
90453
82099
71688
57384
51476
31831
20995
28358
61160
34459
84255
97539
28278
4420
92202
66568
10284
60228
9953
74845
85932
53039
81711
71998
66088
72718
94111
84600
91136
81035
83352
84856
95314
995
76662
17503
95738
61492
25800
43565
64979
55442
32958
50381
97538
1614
46866
30711
62190
98088
79657
56936
65171
94203
93197
23273
22976
52071
2948
4208
32864
80544
10542
2874
74405
32213
11907
28112
12921
31650
34094
9298
812
98298
83152
28221
70064
13229
79670
6075
42586
30995
72853
1322
54281
4069
4323
76762
78144
11055
53661
58259
56253
39479
89606
84426
8888
12047
95327
16812
59179
78152
32922
88116
92321
36970
83965
94622
13425
15847
29886
29199
95155
73380
21724
60096
18208
54384
82321
25960
24002
96768
14530
34777
81613
64985
72175
43633
82980
4692
54921
18479
29643
61566
25683
53568
94296
24060
25404
37720
51308
4569
92548
13259
72817
86480
41394
70015
54349
8085
54622
8137
47598
92526
93884
43803
84551
70686
27931
11856
62283
62141
94727
98264
65404
4125
21765
31607
68857
94401
45184
4508
19822
87458
13902
34389
79662
86689
29945
91731
89166
89884
21147
18026
43561
4319
66792
69273
30338
79843
59468
52589
67086
53945
12123
34898
7117
99673
41846
51422
83835
95882
41469
91871
97890
95636
58904
200
15177
45672
45241
96790
77183
23263
55693
26505
81114
65888
75420
60677
76026
52106
11077
59099
80678
86196
18451
40158
93136
58128
11300
71529
86555
2232
90658
58528
32262
53792
45469
30529
86243
71056
66662
87560
86632
89669
26525
56474
78328
93871
71669
73860
37625
33278
18636
77201
1934
60222
98860
30345
92671
12743
20484
31368
91266
82353
13455
71536
35207
27628
76401
79115
57160
8771
94099
71292
17767
74187
25996
23021
27803
46256
69689
66871
34276
95454
6436
13020
43710
71260
4342
65926
3656
87732
47414
44872
55263
71899
74937
85333
44152
51750
9049
96527
24280
3596
25460
80179
19094
81288
24361
84211
44744
6655
44371
3491
13777
57813
11060
62724
2563
74598
18014
19656
18885
68074
51778
86932
447
57531
36000
20928
26609
47857
34323
36030
52472
85255
47336
93689
67191
10390
7284
21172
32849
52071
39871
90000
54905
94424
45767
94790
85098
60144
9025
97594
76187
3078
28409
42458
97225
94834
56757
63522
64410
58851
49502
42854
90628
22111
60355
77891
15292
4340
38814
7220
55081
21013
73683
45432
44551
46698
60217
81102
41552
26181
75244
90800
38752
84429
13254
49431
95187
85771
77269
42063
3017
96687
39797
30694
42052
23866
14801
48612
77280
28417
82414
3135
91852
64801
96078
88382
95227
28771
26578
16574
19077
2080
89332
90863
31229
89275
2462
26104
60312
75812
70577
44159
71181
58588
15202
19438
88237
57695
76055
94867
80526
94463
75739
66209
61753
97097
69483
90715
50071
4887
2685
67739
86286
79978
66460
12017
60446
5177
83182
77793
3704
62179
76327
36550
83520
42025
17519
88265
24660
38949
26708
22019
1522
98365
10343
14404
25401
70561
97192
96143
93103
84218
52581
31945
33919
71532
20197
59203
59723
69788
57009
55325
28601
99006
23764
17426
62173
36149
88208
7926
8729
69404
22459
63210
16914
66387
276
6657
41952
99760
37986
42145
96446
75115
57343
63376
48253
42002
14162
58834
10254
65230
76972
96735
98583
3658
85457
79954
17184
85393
1956
20269
69455
91570
33689
87288
86424
41025
56409
58431
3713
91776
49188
32735
76608
14849
2132
31397
63610
95849
3226
67230
15994
45347
18325
61992
54826
30826
39717
74901
50728
84214
30810
23041
63186
68901
54701
49132
59278
2825
57648
89009
13333
72178
46643
66395
63851
83128
34709
85632
3557
31977
87791
53866
46330
42287
42750
60756
1700
46979
55664
29571
41857
63749
47415
80078
96355
52138
10477
74474
40009
36946
73263
32789
4987
97465
53822
62741
80262
89029
81817
63068
73341
24602
98878
13558
93504
46283
98617
25226
67616
3831
58493
8323
27679
92058
57457
87
30268
53569
82117
83213
99381
52902
7165
23033
31217
89853
91477
37957
66113
59537
48194
59488
43560
34830
92070
22762
21183
23762
12095
80614
38676
54346
68224
53272
48508
5221
80115
81801
77100
74150
30299
13311
3096
12004
63162
96434
62300
68439
82982
99710
18217
67303
58449
77901
56415
70153
24712
92681
99997
36377
84110
32261
78260
3892
11332
35015
97667
68249
14097
65768
68221
68961
16003
51868
72563
47976
41866
47557
36768
35009
8572
80713
25868
19817
66505
36878
7576
26959
43453
52217
78619
62946
49000
7868
55157
83367
29896
74007
69150
81948
28540
19062
68487
27465
92791
92685
9631
13183
19178
44937
50389
48883
72458
52687
7406
64030
20542
98266
27534
15058
88272
35200
2279
12715
5200
7659
57271
29262
31685
68835
15585
31419
36188
23106
74406
47702
99670
68379
41787
23071
50891
94979
44365
21530
11628
22172
86801
45068
49483
75381
36572
50414
6391
81107
83551
53362
82740
15228
29258
82661
48648
33744
75975
31762
93330
80148
3359
50241
30548
60848
58933
46484
65320
31991
12561
40109
50525
1472
98664
98950
43087
41655
1051
64660
80174
29326
60581
67040
22499
60030
49157
91857
26508
24733
38340
68183
62357
90263
19620
37418
62978
46599
91772
18603
81165
74361
14855
57267
99142
99028
15576
81579
17750
22100
24711
79064
331
22919
49807
15709
98612
67129
63273
14939
60943
30053
62225
85628
3448
50531
42302
20359
67210
6848
90113
66430
66070
45664
19615
91146
61709
95118
22306
15189
1940
85105
10737
98520
26558
90722
46254
90598
79011
33647
62535
13533
31726
68707
71319
77559
64022
18760
8998
4648
25152
5721
37566
78926
20012
275
30900
94076
64144
72679
28830
46383
17240
59146
33657
75650
82494
6390
43369
46979
20839
27446
18135
91692
76617
75566
10933
6242
98847
82506
43391
36869
86421
7385
86390
93652
42747
62631
33981
53985
54516
14214
70915
79113
38769
95079
3093
81432
67889
80119
31781
10546
54042
39317
73554
80561
13855
57315
83751
48362
3483
25746
35661
37655
66820
23036
47785
13237
39873
17092
70341
79805
74967
59556
16744
79027
40805
77426
20334
19601
35607
29141
46302
9207
97130
49999
33546
25134
80195
76435
51059
13324
67576
2116
43060
13138
50795
25528
39791
72394
15784
41877
87646
13347
87641
31453
97948
87218
56094
75899
20011
68890
1337
96049
65127
36743
72130
83628
22687
10224
17678
12337
17127
22095
83958
9004
48216
75864
89157
7740
78626
45245
80223
23815
5551
31115
56684
29734
75522
4408
86488
19976
857
78365
45209
91688
14253
98762
73258
63158
52205
80455
63302
76249
66421
89151
98719
97325
25378
38142
68853
15758
39390
18188
33944
80980
95409
24669
72524
21508
51508
35695
267
19305
42049
54017
10018
44196
6190
10400
20508
55583
66555
42153
47864
79208
37759
10323
28139
74501
28015
64546
59116
47141
62434
51619
38256
35837
95807
78731
26207
18909
27761
95575
72434
12652
10247
95409
4729
45739
67799
59942
17646
34111
59890
56374
25908
44182
67665
96667
17979
41340
69251
25635
77856
36564
8723
22924
15791
76201
82868
1655
23457
10433
87544
42003
61455
66569
28083
20843
71825
48051
65773
56331
58826
20424
28507
18475
69849
43450
85912
36887
31197
71578
29813
85124
94531
30576
44214
44293
54260
44557
38925
35804
10535
70188
60229
35284
34108
81531
83666
66809
59761
43698
25770
4461
17661
40265
67710
88707
76623
89279
70192
22419
75818
27690
38771
26291
17514
32111
36676
78979
33750
76855
20820
96620
40997
93447
45148
89620
50007
17715
34370
91985
96523
60623
21081
10662
95309
22517
51011
84135
84584
24089
34907
10671
7092
22257
88352
82091
59608
51568
52278
72298
93418
81502
12511
62844
58429
7423
33518
86333
83837
64596
14450
39096
42539
47672
39691
84354
88705
98384
44842
64424
77363
89379
35352
86266
74012
32461
47109
62938
14062
10240
15530
22567
50405
26912
29490
3297
42804
76522
45431
26437
18071
68450
37123
13653
31521
79585
59853
533
13907
61431
74982
49071
43407
84845
13209
71938
4488
80556
39097
36512
4404
674
85819
97045
79283
77748
19699
74862
20856
31641
91472
68956
40533
54904
98202
23975
63455
31326
87880
66031
57763
98272
98973
10927
63389
10671
69716
26715
60991
9742
65700
63703
7433
48572
74788
69262
13331
79027
70687
83278
8569
24401
53110
15060
12059
781
65511
29916
11676
24397
49958
8461
45177
18425
67742
13059
24823
22570
99684
46864
47988
97058
83252
89619
2512
70813
25943
51525
87038
42604
45922
97756
2840
23732
92612
66638
13273
67659
78120
82187
88342
48896
94434
65201
46506
80157
53792
48965
45161
77923
90151
21834
34213
96868
33027
77416
88431
82461
86785
49370
98663
61958
72098
99085
55772
33358
39055
79660
70331
56634
24185
25740
25160
66197
34355
54953
57602
68400
69383
64368
80589
45759
57564
77748
89795
91911
44658
53774
86382
56379
25401
50768
92149
96374
66923
14620
30716
17635
7765
44817
43910
4739
95986
83364
48747
31956
88834
90316
22642
96475
90472
281
49176
15005
13479
93637
71596
55689
33211
11878
63868
49953
48354
58769
53748
6255
42864
2358
72542
79134
12606
78095
93435
81515
19479
59458
34420
31292
35492
68659
42481
51866
17244
73367
36812
82608
71968
24235
40150
81139
67056
33003
51153
66449
92153
7332
28968
50774
61454
17964
7105
6903
66866
99775
12454
96798
37018
7639
68609
65403
63629
31415
7345
36045
15282
86062
20317
51206
97291
9171
84073
33337
20418
72894
68916
33431
75277
53827
3663
70735
92342
54557
1734
33214
40544
32597
87017
26478
63679
97627
97457
28900
51644
69470
84205
17068
7341
48035
1543
26462
89614
83660
80485
8890
10302
6748
29712
69094
62755
66363
89997
52010
50832
51199
6996
6355
73550
81171
90142
25744
71302
99528
81379
86361
54858
22009
6956
56075
18959
23422
86858
83823
41284
44150
19380
97283
15304
97799
68559
66128
77804
85038
21694
8726
16122
9283
36128
54428
12391
56807
71910
82526
52779
65471
69887
83359
12229
18980
85608
70604
60287
35525
54851
8533
90503
41332
73454
95855
57835
62153
73339
62697
46648
4059
70988
94268
44761
46374
44168
23228
2131
68911
60355
6475
56128
73766
27636
51703
79426
32936
61511
22147
30080
60751
56397
83260
81422
40976
76401
51588
89450
72713
81093
51995
19936
94017
68296
635
95266
13800
93613
32894
38374
96017
90445
6142
32757
93039
29436
46298
91374
57284
87081
88087
99097
10070
81753
68206
63442
30214
6252
24994
55323
70476
72769
63213
38924
61958
98550
7369
56454
76653
74902
67664
51554
36997
50871
35383
52848
86667
96273
39273
33789
7549
88989
12798
59186
24593
79977
6546
31999
20369
85931
65996
54980
76859
91880
78016
13557
6781
64508
69949
19043
64012
2042
97876
53684
52182
24086
20773
81718
19146
60458
232
56261
61990
98978
61176
83661
72875
99235
14513
61587
70425
69537
97545
74090
52020
72517
48972
2842
88918
36358
52096
85276
62452
93659
24033
69188
85650
35996
48721
70191
83274
54540
87756
38336
85941
97290
22759
27523
53360
14485
5535
30046
75183
24572
92941
63332
94016
57782
6789
98339
59649
53425
2360
7801
41033
99598
72445
98879
47701
31792
96238
70091
28539
90918
25829
90996
30703
60644
51817
8756
45066
18116
938
85973
20837
62968
97780
50518
29926
85163
8800
48433
60122
17751
39625
52629
4375
62034
97968
85619
18449
82213
3509
32982
2825
41928
7532
872
39719
77178
16822
62467
58857
78347
78750
88168
86684
92634
79257
43121
69974
24475
87089
13462
24419
25293
60828
99841
7459
78777
82911
80558
50974
80522
52744
57166
27996
98301
60559
28619
80916
66778
70576
69925
15898
11654
8618
28516
19394
71339
36276
75433
26445
44259
54294
11728
96954
43251
45944
68186
69988
53385
24000
67658
83086
57526
15924
19759
11593
61901
165
63010
14784
44703
6432
94740
55721
51239
61741
91867
89749
37230
87510
31223
95436
58087
74380
89013
13227
8514
62235
32773
57245
4761
41944
42641
29372
30406
78630
21576
7008
5535
7954
496
15447
67194
54573
81582
14192
78799
67311
37767
90349
61698
94658
32033
20182
12379
31677
75351
59151
68225
5204
78657
29311
56617
8999
36748
99691
76121
69457
76132
82961
21360
75271
91386
93145
62228
77614
29978
94025
14536
15540
2505
8263
87217
59140
64597
69540
93775
78323
81639
40198
40350
60386
51504
44897
56825
39324
94376
57830
40757
65226
23475
14764
24085
38143
45586
67450
48656
44053
70094
27101
52178
59785
71730
86975
67647
2934
62653
66389
28739
93560
25354
76775
84386
45411
13988
6900
7991
58976
63636
80136
68529
97466
28172
54077
58215
27511
47790
73499
66606
71021
4055
61719
32236
54911
77563
59704
85487
47629
64209
63421
20586
38021
8215
35467
28108
61189
51287
36872
87436
19594
53939
61743
67562
34558
99251
71805
47855
51035
40972
27264
84380
83153
16275
66367
44395
63627
85625
27786
44709
84792
89391
90001
92247
16203
47538
31263
207
98474
64118
46359
74280
14937
1790
20670
61092
94038
41984
49110
60583
10919
9608
39259
79911
506
50193
48293
4283
25141
44235
97059
78054
18116
13804
18020
89077
78368
2348
44847
91730
41278
11494
66549
3677
86048
26351
18225
89908
75813
75464
7139
53705
55488
38409
18479
52072
79779
65371
15007
23180
71839
18441
5876
2396
69977
45742
53410
28899
97933
23934
92713
11794
73716
69243
56777
90878
72427
43031
91691
62626
11910
90437
12240
58144
43027
77341
32998
88685
99897
18686
15454
54094
52202
62842
46446
44421
26660
45093
52449
81465
73806
76049
58763
23422
79951
18652
48603
49287
2252
14875
93773
16960
9434
80827
8250
9457
49743
73102
57293
35559
541
91770
24591
61377
98883
44395
10633
97146
72656
99453
39781
55950
49954
72216
6181
72412
72668
99196
19827
59061
1346
22601
20140
39879
24886
87750
84598
77215
69289
77589
46555
35354
66020
69511
95568
85548
57929
66524
96313
33935
40473
3065
44587
20166
24767
28178
99537
29333
25220
70406
95469
80255
31824
86559
32133
64964
93007
54837
41338
70189
83953
65178
25821
85509
25362
27286
2212
81563
65672
98678
82267
88793
4988
39849
90380
6166
75493
7781
69880
27567
77688
46806
44446
89225
10310
2184
96858
27241
46465
22015
1822
23112
13185
78905
13003
64122
87146
56336
58309
93532
91421
20758
40646
2813
34278
94044
38009
42573
82386
5315
7499
706
20030
97249
89136
99603
68712
88259
47973
41019
41531
82368
75147
38387
49472
5862
18571
2029
33569
12496
81709
27995
63595
11994
74080
41691
6186
18915
69621
16526
25313
4185
98224
56889
58846
54284
54280
1619
63767
6035
65873
66518
84224
78505
17105
69653
52681
65226
37388
40724
18023
30510
73613
93574
19771
89438
47530
31185
23889
25050
16493
16922
84571
86947
20300
84276
70444
15427
65460
38433
5273
64301
58193
39168
72621
51466
59800
19039
10639
75802
80165
66720
47459
1057
65778
93922
5230
33828
16816
46198
48166
22062
41023
68562
51630
59071
95532
89204
96252
68118
84338
5004
42181
44515
31508
3709
51083
57355
76815
30990
15974
80816
48475
4588
40298
82921
1934
18605
8103
61502
14161
86643
32609
95262
97257
40975
68394
41740
28515
23636
42735
54144
16964
86999
20768
95607
33718
90670
4944
70391
44095
6952
78926
35664
57317
59762
98253
81097
47834
82727
87121
45310
7840
96993
63599
63584
12939
26096
24525
13516
21588
5947
96479
52846
96123
8624
77778
14123
71415
33895
66594
43740
55206
54863
76065
50402
83342
50786
91443
77409
33026
66367
87813
10928
54519
94571
38911
54658
40544
65632
93650
35477
5893
41504
69311
85464
47717
22065
61409
45977
38326
64367
17321
94158
95553
19592
69405
81026
37457
37199
77670
44060
62359
3215
20942
94835
68817
23283
80900
71689
6544
90490
70694
28348
49103
31535
98973
33261
7303
34418
95986
3473
77162
80994
57171
86478
926
6192
50959
63100
56554
75020
65468
67861
16520
21909
49465
43612
32039
51143
50143
96711
8610
88865
80577
70578
69056
78299
44080
44261
44825
1801
45595
90666
24505
52054
50682
63838
38420
61092
98476
14096
39228
14036
43409
544
62544
1471
16446
88506
40848
970
45272
88580
39866
1486
94049
10643
58987
66031
13770
99514
56918
22809
32012
23745
30338
83283
13565
42278
83837
13940
84579
7067
66625
36505
10477
99736
18317
79412
52293
46697
55985
43335
63858
89617
2437
69966
92779
23730
57326
83052
93851
13431
23280
20954
26123
15914
93953
54001
89093
34257
31931
72968
48437
89416
65938
77698
35572
97804
21695
49952
12900
66505
82016
58720
31065
60588
53067
38753
87420
26531
80846
84927
48358
37955
482
55890
41808
43594
84372
60933
65707
8258
55661
28709
47119
18367
27969
16646
23579
32898
35493
83057
17576
25455
68427
9948
94008
99089
38153
45383
46923
63244
5773
53112
76373
45834
7778
15320
13674
67325
87469
55478
9336
71343
48570
76653
61144
1936
27575
58096
70691
76718
16738
99506
96344
74300
65120
45828
74145
82757
39124
99649
74696
29363
5085
16011
36612
64010
87960
3460
40882
80546
18382
44285
11576
63012
26602
19630
14101
54342
5022
38406
4342
6249
28957
78924
11084
16783
88792
41962
78681
22700
72166
69723
26854
18152
33149
63666
43675
60852
19164
83920
40505
77341
32790
63455
20862
15424
39593
69678
90057
53847
7573
78672
32390
32174
43776
83383
58800
7989
68666
10986
56710
31984
17461
42371
82183
613
32402
2624
94359
4426
65582
70551
31418
85559
79658
82439
48119
24640
92459
80318
34313
60950
48335
49151
88757
38010
53713
35490
19574
56210
34748
77894
72055
88237
57148
36595
85902
28716
66009
4451
1242
59228
44070
32035
306
20770
67827
29290
88410
29764
24309
19862
14269
45802
28935
98029
3495
12221
56276
9151
27857
18782
93158
11576
78387
54264
44086
22110
89232
74314
36802
34122
80297
36013
43797
738
27177
67568
14452
55733
89983
76917
51767
88714
93564
33044
11444
10398
97192
42488
20834
77708
24659
5538
83308
60620
18391
86296
46606
923
19214
71468
71600
1095
36820
56794
51948
48382
92398
47712
60434
76642
49715
6946
80035
24885
16622
23706
93289
20065
78264
88388
67202
2042
53416
25800
7388
70277
43876
50791
29929
785
46930
86261
23350
39281
81652
82495
63645
74101
96698
69648
8200
83056
52769
48546
47542
70057
11964
35189
64916
61703
42303
91253
52642
15290
82430
53760
82596
43545
92775
9894
48206
77909
34554
13977
52390
38652
40670
85849
30178
24741
65137
23416
8435
54174
80117
64474
39865
21466
90830
6451
91501
35189
68346
66514
52000
96098
29583
70680
75807
79493
18695
34069
53114
968
27192
77298
7001
94355
44542
36667
23631
35473
69672
47040
74644
27606
46147
42566
12457
16096
72735
20578
61920
9656
53899
9447
44001
68027
86881
61861
33714
28556
54940
78602
87183
93980
6174
22876
71713
50374
25677
5866
17715
3017
21780
76681
49563
91792
91814
72815
17056
54871
32901
45555
88748
15905
39300
26911
44331
73746
88584
76032
94360
89341
52458
46862
73831
92882
88835
35716
54456
16926
55581
42572
35828
11164
53376
84993
14580
68347
39517
25475
57955
3926
20248
70750
560
35788
74848
41176
49768
4261
68149
93041
89943
7344
99037
85049
81979
24998
98037
1278
18239
38239
28179
84148
88258
98646
9427
87444
95880
45016
53553
57905
97664
47247
22009
95985
558
51304
78852
91753
93765
78070
697
86283
23270
68418
6190
75936
20415
47911
13320
38833
72924
66241
9907
35090
39831
71682
66769
34068
97050
13327
58326
83244
78658
25017
55275
47832
95713
58892
73455
73945
30068
35936
5631
54403
71701
62727
47940
7338
51856
4980
26437
68770
45329
69355
80468
24343
48861
80746
94215
47583
49138
95042
74983
94035
43650
55770
35590
26759
73974
45842
63643
24154
28144
69048
84548
89131
77636
68136
85224
6226
53545
21777
36101
45882
50853
73017
58932
65272
99862
16371
69852
27028
89588
35228
91137
87161
96928
76981
77157
20937
97555
10565
36424
38290
11518
51081
36335
8461
89418
68218
2820
5197
72902
17238
42534
99509
86724
43103
741
3586
41337
2967
7829
14423
46154
79684
30790
57559
81442
12679
4380
98896
79703
78018
89172
1721
59435
94123
73603
42369
69860
89222
57001
43726
46568
92865
26325
44041
81934
35544
88941
33784
1881
33873
42988
59232
79838
12129
57540
82288
8555
48771
87169
69530
34858
52765
86586
42716
13067
8627
1181
99088
92535
51200
84345
33825
20218
62505
77907
91374
75370
42667
74207
73925
62794
76010
87658
30477
53207
48008
13705
95107
12009
33974
55019
78562
7743
11481
11445
19243
81134
68288
70201
17479
96694
57995
10461
78333
80285
67598
87008
16164
56873
44388
94058
10646
39215
13471
71763
52853
20667
59354
99852
25088
85422
89378
36339
78896
70405
52204
96315
68729
8742
76284
49171
67347
67921
7632
53561
98923
54564
44358
82753
587
82632
54884
33828
89523
79036
76195
44474
58369
89006
30196
59384
78180
26544
95823
81734
5581
16882
15624
15479
95940
93233
88519
65530
18015
5865
48572
55950
17238
41741
59983
75683
77159
32130
67716
89758
97209
94411
57179
5211
31043
77692
22839
62498
57496
4878
93114
99860
7348
39852
11304
66327
9125
9140
4656
34952
5568
92887
10171
59308
68923
76284
63159
41553
6030
70782
44030
50911
32452
63830
31149
64064
83445
95097
28371
5731
92744
88082
73160
23858
74804
32570
11228
31191
45802
91023
90169
32884
26270
89431
3669
9307
44292
66484
89564
38146
47722
17155
60920
39810
57087
92760
11683
67229
37528
55173
10642
1914
79514
41439
60685
35632
86522
90610
34185
78601
23460
47245
6729
7483
65660
89305
77423
58785
75776
49774
49184
73750
80361
25727
29496
28578
95425
57575
43951
84347
20179
80495
86987
62551
8823
48444
6253
66407
75680
74733
35462
25658
38593
27955
23447
27594
91508
34644
331
7467
85701
44548
82514
15163
95449
87179
75629
47238
55389
50792
60642
9755
40643
89693
43560
9042
26951
99020
73590
6685
23317
32398
73016
39964
22527
42336
85208
67676
30604
88856
96789
89006
3938
12124
75588
99223
64741
74562
59777
63501
31954
17035
33330
50216
96973
94647
39057
52410
15846
78565
22768
75645
13222
70925
86743
64958
2950
15832
61121
75329
70008
91904
23537
19563
70976
53203
71349
16879
69670
74068
19580
1659
38034
96396
58433
43054
834
92328
56586
51890
47869
20804
44029
6506
49113
52609
81532
86020
49040
24588
95360
66426
49797
92259
52130
25785
18343
2100
38635
73996
99162
31442
96146
44118
92542
48246
65919
20320
75454
86634
21864
37426
61308
80511
2947
69124
71061
99038
26747
54576
27006
89693
13249
23606
76252
42233
64094
98007
19897
803
65453
40972
23475
95569
18490
28345
84186
14217
94358
85248
43435
88985
78507
99364
96784
14807
11142
52581
66332
4543
39216
1669
64003
73165
36088
24904
1406
67783
98239
29564
92727
59428
68093
83936
8730
40802
54358
6968
16599
8124
41150
90993
39829
17018
39532
80902
32900
93020
94778
50924
67264
91676
8832
77694
82342
3135
57013
1351
49992
73092
11823
31569
1400
39229
25870
68136
96012
90442
14453
96846
39553
24685
72889
6352
47611
82143
69295
73143
33457
23737
59190
93224
67103
53824
45798
58157
54172
78687
18708
40770
439
33937
48573
41641
98444
14910
47531
16394
52731
26889
36643
59325
41882
98459
59689
67437
7698
67441
97844
90964
68999
96309
92241
83301
19472
78926
95833
32827
55099
83546
21483
85005
13394
44747
67066
1610
91691
78420
27322
41905
24845
5038
88256
10326
72794
22603
63823
16868
69829
52884
15704
84805
58988
92843
26074
39437
46703
42564
33929
77897
91959
23377
64752
42992
14415
39515
71809
78703
11622
304
66855
44987
94319
51788
19272
41673
62822
39983
2731
12234
1098
79604
13654
52592
61101
16968
96487
664
8846
19929
91130
69156
79916
18626
38474
47452
66786
18447
63645
26978
40732
51439
92623
79599
97794
44178
28203
54148
70383
12334
38604
36941
64822
5961
39021
4527
69837
28464
35488
94658
81115
14643
18833
84783
52926
38592
55943
26814
83129
67911
55301
62467
89512
56774
57438
5724
71813
17244
16438
79947
96472
59477
89756
70173
90544
56596
9288
20198
97095
81083
94138
5022
13031
41421
99196
17435
44455
9039
13570
71959
58396
50759
33896
1022
68294
43078
85199
58024
83118
63046
30032
55030
33315
46202
80122
41491
25850
1456
81057
6685
534
68645
91157
77540
58558
25376
895
2349
40283
94464
30760
82858
37924
14700
43580
27189
24775
76929
36308
85974
28651
41965
28106
36044
1594
55426
14558
99482
76575
23361
4309
57320
73043
56180
40410
95294
79951
1196
89339
32679
15767
49134
40394
71288
43925
75969
85837
66104
91308
46295
44196
66808
77513
1529
84890
58938
29657
24970
42522
83229
52073
96397
42676
86503
61140
59732
78121
63
72837
79825
47232
64045
85918
8801
8577
59063
47347
11063
2356
93993
57341
8552
68955
33019
64322
976
87331
89835
88472
37120
98128
84292
39163
97069
88483
71527
61741
4008
87097
79620
61310
91325
94929
81565
10912
80134
82437
25692
10135
51190
69542
17283
27966
99358
70440
21297
81382
34988
76141
54797
56064
55437
87088
89916
28322
85531
75191
58545
16974
96034
16386
48538
88508
82049
39236
92922
45795
48987
856
45580
86366
81601
47421
21676
55623
94430
54713
29322
88610
91764
94231
90917
25007
38477
74583
74787
75847
61540
50890
27707
36775
7899
73337
83940
43353
36738
33461
68826
65087
97812
18262
3991
59469
89295
88246
33343
2870
14778
90315
10476
27116
60448
43385
52206
32864
3592
56084
64708
45505
92428
9513
66485
43987
18745
8488
11183
40214
20514
70823
79737
89434
7642
34958
88576
36723
81499
67981
54826
39111
19916
4431
46536
67986
6921
12169
50574
10558
60541
15290
21994
70959
89744
3369
61342
62747
36665
87409
60160
1754
3831
62106
48019
17596
79977
70488
19883
24304
95095
38588
85089
16500
38913
18262
98125
44953
2003
57142
26257
58622
78547
90701
43450
4480
35920
67521
11356
19254
32598
79184
23029
62974
3390
59986
58073
13897
49132
77396
41090
7613
61655
96456
34693
84138
60947
47451
78057
59827
33148
71271
61714
20931
50519
35007
50390
83016
82135
94550
82213
72621
85585
98676
48021
60793
34853
14886
45401
55517
53050
91906
80861
3891
46451
47636
78416
50040
74320
4085
10086
12150
70888
11213
52038
94335
91660
46033
69577
49005
86425
72151
71165
2325
74010
8350
36327
64926
90667
71253
42533
9968
48374
97171
64377
51651
76623
81484
14795
86085
41824
11550
14383
52942
3840
46402
71183
63359
80234
42092
35645
22247
30536
24750
9715
45894
82845
59111
35533
57682
1471
11090
76214
16585
30011
21053
14986
67857
70459
10168
78722
82750
55861
22141
20499
26087
78799
22173
30480
16915
73574
53535
44906
55822
87605
68095
32679
32151
64730
37988
77078
24854
11278
8216
42781
3194
26643
73074
39797
60853
88382
80831
72612
26453
60683
52967
37855
61057
55417
92144
75634
82506
84522
75554
51216
77183
54505
94886
73416
39830
25193
58819
14317
55844
22513
63000
55471
49424
77496
2784
36038
97033
20945
22612
13632
18497
63098
82882
68232
40383
65532
67993
43531
83957
75570
66979
36543
91071
12036
31307
65523
56371
96395
18059
76752
58625
16220
62522
84631
41544
58095
62079
84856
67982
32075
16857
780
55313
38268
54643
22704
72183
83255
24087
57773
69765
83451
39821
3036
99612
31264
79086
15137
33920
19118
43741
90251
96160
13239
43914
8219
83032
36225
86268
10714
67548
23379
19004
64299
19448
81725
90651
95695
89827
71880
30874
47627
40811
49716
33844
1562
34905
48881
1384
36871
42166
33729
7163
60558
94166
90370
78631
57047
2889
76245
15680
3332
96506
1399
40986
14757
78562
64502
20342
4939
81370
36344
50479
50638
55911
93058
76850
16057
35831
50818
31698
62278
23303
68620
51345
55892
42419
29409
97773
11306
33471
93574
64617
26876
20281
75363
34710
66928
35590
24565
3878
95178
80829
59079
73928
87514
56541
12981
95604
90600
25323
72787
12098
49124
67811
14069
53446
65029
26453
62167
10224
4381
96192
58696
49324
87880
93715
88067
33058
7368
72908
27084
683
14773
25349
63142
80191
50443
31755
71587
7052
82896
18779
9407
1062
27284
59702
77800
28864
91023
96974
61479
1694
88448
67027
75801
27736
92787
49223
3666
84843
95840
52074
16632
32355
70052
61757
99178
40481
92668
23591
50353
32236
87912
98975
7379
61206
79115
8976
82174
93389
56941
49984
48052
68162
57267
22789
43416
62764
70745
30521
29303
62602
6898
98840
57693
95330
4678
65895
39334
46544
96205
8475
53816
20812
41470
91635
6600
55379
91271
81958
6761
95812
56915
85366
44934
70916
19597
77243
99790
17752
83978
14245
10172
73056
49047
14834
61380
19706
97570
89080
99329
63822
46219
60697
15980
22606
73247
61004
60192
6797
59425
62315
75754
2956
71305
62584
84597
89569
3246
87637
86828
1880
23835
43804
63707
75853
68632
56870
53119
7179
37193
15829
76954
1626
10504
89621
55717
48147
82297
83792
84331
94649
7174
52957
42269
57446
75304
36929
48454
12295
77262
55254
65810
88920
50353
94323
81431
50666
15895
1754
34790
48703
32417
61322
46475
40720
41942
18676
74176
20977
3025
95752
97809
88457
80103
73414
46776
17512
81034
96371
5598
90930
33149
86075
94765
68292
41985
15037
33571
80143
55424
9359
86594
46935
90081
93991
39036
37840
87604
35222
29063
11536
45757
94089
69251
22239
37845
86489
30255
51992
25408
60278
46659
1309
94183
75065
39691
32910
25347
46071
62086
64521
20778
89380
60284
39728
92483
76362
20851
24508
73754
69521
79854
830
50859
11814
43779
54180
48599
37024
80788
89551
20924
31449
87053
30844
35421
9982
79626
79549
56770
74761
53348
58864
45378
50314
65912
80605
26932
29098
46977
52410
61175
65543
27244
61490
27669
38502
44874
83550
22809
43263
87571
41432
12699
83469
5211
11148
14121
11792
67436
16404
32450
27064
19155
41267
98130
56933
76779
41075
20282
7359
91865
38203
49927
62076
66516
26822
4945
67392
51832
82892
41178
4192
46612
9055
80835
79234
33600
3303
1782
76065
8185
15663
96243
7791
97189
90919
2887
26690
90123
32708
71271
19190
31350
11215
77278
79967
71930
32275
16285
61120
18609
34758
46116
7355
55929
12569
21534
22753
81612
10310
87948
66934
59408
93868
5518
91334
68535
9351
12985
51086
23407
90908
46463
49854
31787
73220
4406
29117
99141
74513
18422
23704
19101
44544
8830
49614
75450
41580
94428
55269
81766
73119
44950
74019
90616
72232
92942
27842
42143
76272
80474
13141
99160
62701
23128
7026
55667
85063
34540
94858
54864
17950
96410
9371
52501
73146
49245
16216
74518
51380
59381
29412
99385
13775
81533
25781
4628
78697
58331
93941
31774
29534
59699
42161
64694
44602
40713
45040
36433
41560
13177
89863
75130
46975
86340
44541
8649
77972
28094
55445
54602
33761
33726
32532
56228
99690
56908
83410
28328
85886
56483
67256
26271
61884
33413
78939
89374
95545
21813
27712
55751
8090
42727
84957
53534
13095
51954
32069
29637
23645
95126
29900
5294
55476
13979
60213
1009
88352
41738
39233
82589
40169
93509
58984
15588
53646
33866
39612
27426
66485
17893
3334
89102
42061
56961
29304
14102
67200
22401
74792
91442
19541
44281
72670
52906
49516
32968
78209
82243
89300
24484
13186
22339
48732
39046
31825
93320
11073
8706
80283
28005
30501
15324
59981
22409
82513
41727
63931
36038
38741
28576
22877
96049
79826
83257
80353
85157
20079
86438
45183
71248
76329
80979
74535
16944
5868
91041
4546
74357
6024
58369
98615
57328
28777
15119
85079
79049
29615
19313
82653
26951
75663
7465
37705
88177
20664
69180
17025
11725
6086
33246
2468
90801
65362
63238
10285
66145
45985
56186
78903
55522
92264
30779
16315
20889
93247
42551
44897
53983
27833
85404
16381
16525
60486
80674
62063
29489
94230
67215
43437
14164
38200
3741
72869
1263
86295
29357
58818
96459
84955
97417
21075
76601
21964
62053
28029
21966
54176
52780
3069
62104
48383
1971
62565
70613
17357
96327
81596
99996
70558
79853
43470
97372
86460
74680
6581
28422
18253
75729
44959
48475
22007
11675
74712
44088
27089
90008
36752
96157
41748
18100
16265
61381
24842
54110
8250
86153
50850
94507
70660
51063
23016
7065
86659
41970
3378
37820
75208
96740
86513
9764
50686
11501
91603
9004
18344
70803
2380
76418
67800
63379
7584
19666
36217
14400
63415
87429
76065
25558
80231
88129
88957
1333
69557
68842
9714
16380
35652
82930
8913
36462
59629
94694
70508
11486
42950
23142
15512
17758
21019
13076
52387
77464
89972
19746
73744
11801
9160
64782
40415
2612
67226
44333
91958
2892
94922
465
39779
28034
18183
56554
73405
54149
42942
96596
81122
50759
5567
66743
19972
32601
6125
77757
40969
51925
24813
70239
84537
21084
66346
28897
50297
76911
36919
39084
61809
59102
16580
16504
3412
94588
15551
34319
51868
83627
99336
15997
63861
34129
59753
64254
65040
43185
71378
28355
21785
10768
85209
47330
24229
68726
9395
44228
69044
75686
16724
34428
71934
9534
35593
17512
90307
70833
63348
56507
25260
68729
55870
17088
62630
11247
99422
49432
16945
38881
97606
59641
99749
902
52140
53714
45335
76704
11177
77830
71178
92867
91408
84180
9405
96789
54189
97338
569
64169
5194
85853
29326
56110
78147
89019
3351
85726
78704
16739
46471
36067
24303
76765
40245
61441
22872
22023
11587
5488
14279
51667
82421
90293
61094
15178
2591
11415
64366
14754
54282
93507
57771
59598
57707
17058
76166
88368
19679
10079
11652
25755
52671
69885
74041
67991
42398
70280
41567
70399
67952
7592
82071
69221
32074
4626
33794
37353
68223
30705
19436
97267
72881
57269
80706
82577
75484
51076
54488
31351
34488
67365
88639
17400
30347
34038
76326
71166
13281
73678
83339
10283
35266
85267
14416
5189
94567
77850
88847
50333
98627
68155
62039
11901
5560
93622
59072
15620
69071
49100
17386
89292
49511
97749
77336
12588
22437
77222
46746
29211
1736
28170
38584
81000
90000
50401
90706
99650
50623
40605
6183
64835
6707
25297
55038
51621
23600
43218
40474
2770
7281
24711
46543
84613
4688
64469
10268
45956
5268
60370
42346
89188
2773
68370
39114
73846
64451
48997
2814
66781
58515
26548
10290
77695
17215
90687
97951
53292
79532
93828
36319
85220
28773
90710
49127
29656
18766
36101
66938
97693
71997
66336
18562
24652
29572
80418
79290
49317
20421
91132
83770
44157
95926
42877
29521
45373
97454
43863
56585
60057
61951
12354
56617
43060
66575
41790
42586
26104
37185
55634
38964
92537
33825
27533
89039
22650
8860
58544
5504
86507
63870
24955
50172
56086
1123
86658
84645
24537
96231
81627
68073
5639
69697
13083
44737
38461
35666
60212
58729
13673
5733
77466
83725
2662
31558
17900
53601
87807
5757
25537
99651
97550
71701
28599
74936
75330
17326
24958
48605
44363
76527
71345
52462
3069
98536
40486
67559
70638
14317
20883
92124
70279
63035
49623
30022
26993
70128
77589
55344
71702
55580
16323
64746
87100
65546
73227
93543
26269
88084
21120
64626
58357
28067
15026
24853
1166
69131
86762
97484
9481
63996
27793
34944
75581
80109
41759
16177
89235
61891
56031
54808
78746
1498
61754
96013
44055
71275
97024
18008
34068
49921
7647
34981
58224
35136
