21229
40073
20452
96816
85462
25493
12669
27054
42248
35140
87396
84505
79013
58832
90053
66283
48853
29117
54081
92068
59679
66114
61505
55744
89437
23298
14876
86584
5794
83370
30799
92743
4741
24719
13593
91721
39457
9804
62134
76556
38957
2380
12550
24681
1837
52692
50809
17450
2050
21535
59936
25942
53689
60951
14760
62585
96263
36726
69659
63839
26828
71216
82741
48424
91655
62635
49599
64475
30435
48645
17305
10224
32830
70464
33680
45735
88810
69228
70486
92605
25927
13822
95171
84490
54763
18695
89826
44381
96503
99869
44125
4590
49471
73669
64957
41798
3667
88919
10909
72609
70548
51251
78962
78208
38330
81758
24895
46206
97351
10413
6535
35653
81662
19937
76327
90452
28094
31597
9847
12135
2727
24252
22257
10960
91526
86031
99020
86055
9211
6536
41091
89494
2407
83938
52571
20269
22327
34303
7337
38246
52668
26707
87234
34700
39535
78872
74421
30361
84757
28204
25831
56000
33449
51190
72953
42363
25059
60341
72870
58729
38133
53423
26512
39333
61303
35087
57405
51434
72572
54735
23351
16140
91751
88574
2788
22336
56978
70662
10948
62979
26789
2687
49229
265
43741
85363
99459
9524
34096
11165
69798
55852
96720
78462
21055
72473
84350
49216
17203
9074
45211
32119
72445
388
40095
79373
82470
90916
74071
40890
99906
55918
60971
17495
72563
97411
65482
62672
39223
53369
43622
97662
38907
90009
82543
64729
15438
39167
31110
6068
29651
56566
96471
15439
12058
14247
80440
61939
39870
38117
54271
97803
95923
36801
40181
36112
31142
26356
54955
78846
4738
68654
38214
31777
83360
91098
63889
47211
16334
4027
23372
73863
98659
75445
47978
55621
21462
13636
59128
12806
16790
14025
64849
88003
11277
26233
35876
64712
37562
53440
41585
71352
14329
46390
42058
8017
21975
46057
58457
71978
80497
21099
15984
76884
1193
47734
11104
2863
54988
70038
43261
30534
3921
20641
84141
83945
68296
11920
37996
69888
56650
50528
80539
70811
68188
92586
98005
24125
53829
12803
59484
88612
19616
68208
6263
46103
7338
46277
55483
22765
81968
89071
69444
96594
70315
26864
11772
58910
35820
78610
79559
30641
25242
34311
33231
33451
24399
19351
73563
20243
27825
58813
41514
98731
5851
14681
34456
29510
23583
98219
34811
47201
72289
9286
7237
72484
29524
854
27358
88145
33189
8883
37916
29643
53234
24277
47184
51416
39656
3110
25077
29060
23454
29778
60063
16667
46376
33237
39374
47234
73149
40580
50297
23570
39916
92237
70258
73441
90848
32758
99588
12708
64936
61840
169
81789
58336
14271
53444
40070
84596
21416
24244
11358
77034
7254
36664
82246
38293
97315
5909
57901
1200
59193
59655
77923
29254
93846
50952
43842
51024
5809
94238
61123
34301
53459
23368
56030
92106
53332
93321
28954
73482
3528
74597
82848
89875
69842
94993
21337
27617
97676
16347
7947
23618
50254
90486
44150
57185
66418
65164
65080
85116
75208
6458
76801
40511
69074
610
65298
60851
79729
24421
75917
385
34672
22974
59420
93720
91045
19501
13837
88122
41644
22219
78762
42097
60036
28018
12974
34657
71214
22586
10733
40943
91175
14812
32720
31986
5700
88591
11461
26636
21627
84185
50247
67211
76012
20560
73493
34278
25250
27923
40168
13213
48775
10423
54393
50152
78092
3378
72496
33846
91378
96632
14629
81907
1357
44188
22179
33014
31899
44252
20134
48041
41669
94425
14812
44660
8360
43763
42983
54002
17357
44192
48886
96683
40587
17645
47976
47479
65657
27791
90836
87723
44192
77007
12642
81001
96546
69481
1692
46079
19030
79885
59737
87952
35113
96256
33297
38566
9066
16287
76344
13774
36094
78118
19584
37597
41020
4346
28434
92337
47334
38224
23364
48238
45966
72741
10550
69394
191
45520
4380
78636
68930
65767
30434
35239
74292
41927
57292
18752
36738
31520
23070
30378
23551
89327
56370
48976
95350
84014
30018
83908
89232
86341
78808
36134
18767
12292
81122
2069
27446
26618
61787
15729
15470
21046
25277
77387
10204
35033
41925
72458
96972
28895
5552
80865
70383
11072
64768
41873
13869
53382
35755
38032
83011
35635
20334
95759
19802
23145
12549
64986
77013
49405
18447
84068
97257
5262
96878
82283
89809
54125
72938
68356
34168
86927
93152
77278
41445
64188
61649
82051
44070
30385
88500
50263
25486
63175
24125
34975
7035
77930
10045
77563
31303
73661
88495
25502
19009
79762
3469
95392
63219
43696
94620
47751
15782
6597
62586
2255
6292
73069
60027
34570
97102
19150
80754
10058
56452
54375
4548
34618
18717
74276
57028
94949
77593
90953
34358
63571
55375
17473
41308
45700
40948
64943
84701
17918
36515
52016
55548
62867
98938
60046
97498
17624
70240
56989
66940
60705
31537
16129
62882
90749
32060
14402
51764
39890
29395
20187
7253
29996
48834
25802
71606
74425
24228
62561
11744
52100
90038
60156
25286
9360
33835
67468
51319
10803
56674
6657
48035
37845
64750
7195
9184
47643
83998
99499
51226
20394
27902
85516
17783
93917
68647
60724
21942
55093
96125
2535
2746
32973
50042
79685
87769
66662
55776
23870
80038
72419
13035
10762
52155
84679
60669
72456
6714
92719
47708
14010
24277
73448
44832
91759
74607
98185
80145
40925
62970
83746
33166
62963
46115
75866
22074
27194
12842
56688
49223
90842
66899
16854
41310
14061
20808
21706
25929
14926
79949
87482
321
81764
53142
37702
90862
35725
19309
57593
40105
28468
54484
76523
42801
20455
83114
58807
50253
78846
88701
94463
11804
78586
90800
85281
556
62305
49546
30913
67830
47602
36324
91910
79626
38813
10096
19411
64794
75315
96104
44840
22566
40420
23715
92015
40898
41901
55572
239
60184
72992
81398
58858
60654
50070
21707
26664
18684
92939
13085
35471
60632
15701
19543
24335
18539
42277
56906
48316
78794
58507
53105
33773
9284
40743
77140
84381
2407
78673
1601
2615
12860
32460
77950
40959
55787
66685
1146
80501
83331
56321
34775
8132
36725
97821
23645
32107
67166
32823
92807
83002
27187
45916
55225
90915
19934
65236
3180
45611
40823
11937
38655
24018
2586
62341
43483
85464
14039
92606
45893
8171
33574
19719
76329
57587
14792
62538
23484
31746
33421
53271
9590
65863
9941
35669
18708
32794
18225
21456
34267
1136
95477
24639
60663
36411
91494
95766
75017
31410
40318
45279
70958
96866
61754
89799
96388
55342
23042
27319
1450
64802
47905
53060
37593
19808
29767
99012
76708
79720
45283
86080
56823
92974
5412
88919
63300
8960
27599
86716
22364
84273
2133
6799
27849
77158
96011
95896
36369
41606
26450
23386
65170
48762
49053
9786
50171
94838
8349
62029
9754
36255
90303
81169
16031
29746
2463
23761
50340
57289
8716
95140
86537
42385
89344
36208
67462
22886
48218
52881
25816
26404
31846
91967
47021
48817
73764
34073
36734
36496
64782
76347
78478
12526
24455
24895
68295
12894
56635
5393
50631
90905
13386
88109
2864
65890
46759
49011
91662
6045
25349
52390
87135
73701
68049
57709
54087
44352
31376
46446
87409
95145
67713
32753
91356
43301
46663
82780
54863
41791
33052
22427
90662
52785
266
95962
92691
83171
18894
44165
59325
63483
41887
31937
78611
22699
79609
53028
24348
88427
95619
99756
34445
84680
92561
75876
1801
97592
52411
43630
5413
84995
25837
72255
94953
19931
73863
47903
73282
45523
51525
35299
15914
79304
20410
62885
46582
16729
68066
57741
19900
29389
83832
70293
34181
88558
84192
64700
8141
77093
40325
70248
9148
61062
96612
4507
4128
37297
6099
80187
93419
80080
20145
19666
75617
66321
82611
2285
47836
8392
18497
34012
34477
18272
71244
95829
72863
84613
61312
86516
49634
69512
16791
10980
46529
87197
8884
17548
94983
92638
9366
55565
71741
80175
59213
67523
21283
41086
1431
22799
13553
81282
65984
93978
44319
16678
60985
71974
63574
64885
29260
60143
25755
73681
49595
17905
98031
33
86301
46200
62266
40212
30291
85520
75643
73889
57737
9705
72913
29444
62919
81699
41505
88184
39718
8733
77439
32505
31874
28891
72383
60669
20603
4951
2830
48529
12843
24230
21143
87586
65475
14503
63926
74789
86752
80939
86559
80899
15549
99613
8303
11110
55926
13246
60123
35533
24415
56863
33601
5230
57526
99319
42544
30940
97598
43281
73107
40513
72243
67825
34790
23377
90047
60754
39124
28590
80727
80650
82162
89218
59282
39769
29562
88756
26499
34697
96567
86951
63314
98159
47531
84370
84151
47951
28460
66637
31482
72058
29246
13183
55807
92103
66041
45618
1591
16580
83142
12260
34507
70729
45079
98498
88619
94381
94612
66324
23354
19798
38314
49370
47943
11686
24826
46617
3645
64049
85619
7737
53998
34850
96170
58544
55566
97702
84804
64777
86747
739
36598
77932
16501
11510
31990
16267
26611
99294
48237
6955
45006
34399
28131
51934
50984
67302
2053
53402
3835
73265
17908
69350
79862
88279
66650
50990
90437
28624
74895
32950
29017
60980
64370
94326
51944
74962
34723
44284
82758
23527
87142
34602
56199
83972
59434
73295
36914
28760
74467
83663
12581
25975
96979
76882
96797
446
33489
808
28513
55376
46509
72252
91081
35457
52968
98392
63581
52333
29042
24608
90481
41003
35927
90895
28845
93825
48464
59184
99687
14971
24792
58796
47997
66180
9919
40814
7645
10261
74707
96284
27568
16873
85494
84999
33084
31816
10756
2910
14328
55292
75517
10895
94858
4318
64709
77624
21310
91956
54477
14031
4081
37514
39148
60455
5883
76256
89589
63882
26388
47046
60701
9229
54989
19939
40799
87560
21636
60437
48661
3660
99889
61582
57235
26235
41664
61209
92089
63407
73561
86720
51092
93283
98856
57215
87701
22794
41668
465
52742
87177
25987
69527
55479
92708
71394
94674
64867
18223
53905
32513
24467
44818
65248
89084
28607
1384
76175
81358
38927
31117
92406
58787
45758
69364
22068
93746
16363
2297
38912
61157
9376
16766
44589
69198
54920
92428
8058
68661
36729
69511
2511
32167
25934
27675
42666
97306
83059
99118
57134
32403
35693
85263
88002
19791
30286
64805
74153
17593
40883
95590
11865
78780
29485
60883
40331
18052
61068
55185
6908
3089
13639
11480
86444
35224
13734
62054
80339
10016
35005
44239
9788
48767
88063
59427
20254
63948
47332
64224
67545
66556
49177
22991
89740
79679
16864
31833
32073
98995
90544
63797
53071
64511
20218
88731
44494
24818
85735
3580
31159
45116
9691
37152
31828
43485
10043
76688
48548
30212
3953
68679
87567
81557
96089
61455
69723
56325
66726
57720
56432
36528
93450
5709
54906
50389
4794
73564
96859
57078
39443
90414
21815
80068
31012
77349
25267
44206
18421
82467
37897
21224
28692
426
45506
53378
29362
62679
50215
73656
36204
45787
37634
24378
16579
47186
85686
3073
37336
74543
53038
99520
79146
59342
9527
61331
57174
27355
15567
25490
22179
97903
64467
54929
89213
78007
19697
14905
42624
14708
59702
99033
46607
75157
33201
51853
47160
17469
64208
13395
14465
66744
73053
20018
12579
12335
34149
21364
4989
84179
92295
37767
66020
67062
85147
90096
7390
81822
28466
21707
42176
77338
83192
74674
44661
97223
92453
33438
28990
30315
88670
59766
7819
23990
73102
28811
56879
89772
83945
85288
51679
23490
5703
17604
16062
98220
39365
90962
58603
5349
42873
2174
92080
9
12732
69316
35201
18190
20063
98841
64601
49377
28056
42703
98356
41394
96335
63349
87855
45776
64053
7378
32847
24945
65672
8913
25068
26472
91545
86716
96064
21970
27269
60093
98801
64015
86191
90359
4257
569
79972
62316
86906
7209
88820
44074
95448
82247
41620
17639
54687
77304
92398
8741
48669
93057
14719
59972
876
68638
58305
16608
57117
23993
79520
93018
27371
13395
126
545
69293
47818
57132
9624
666
37485
7454
63471
85728
53788
20845
47515
4340
41736
66577
67148
50057
5360
5552
62412
10811
18941
53195
24217
83364
82979
99949
40391
70675
19464
49909
85088
8844
61372
41546
32487
70263
81988
9347
48085
55686
2253
12001
38446
64760
23371
87002
36808
2152
55994
6251
42075
96342
35108
83281
22554
77240
58058
57178
82097
80285
99554
90389
38324
50673
53502
68324
11801
68610
30753
50175
54869
79292
15406
20074
60185
48774
64960
19548
9145
63246
33948
85088
51465
46184
63821
73824
53323
87260
58744
8720
93176
61131
26648
45003
64928
49570
18998
44170
98152
267
56134
58746
89862
79149
94730
26440
78388
67617
40821
95756
25766
80978
84945
90649
93959
72339
8975
24387
81581
93534
35006
90601
16274
67791
92329
38357
89591
39649
14611
67054
80914
90348
62494
11574
57054
64422
35015
2104
88922
76905
50464
96286
23331
34814
43477
7667
12602
14984
56033
76473
18822
21072
79129
32501
33020
53925
36788
84852
44375
63168
78133
46203
98551
41710
18267
33741
54756
73151
25697
94339
53348
91435
97377
68669
22411
90660
65516
86480
19824
95320
937
89267
51872
2550
22022
32823
7160
11940
8094
90529
33463
9869
14781
93267
69896
82241
98128
1683
38128
93895
84242
29689
88050
24725
17891
74063
45207
22329
58354
65636
71551
80947
16314
78399
26038
98577
83263
70093
76711
47252
71316
67921
42183
56068
52216
73927
36390
5872
90822
35765
41997
99514
34906
91923
78832
48200
52100
78025
49556
15143
83658
55897
57805
89943
91121
20296
36598
64629
43634
20668
72995
393
12538
75251
40268
94157
98702
62306
18934
27718
33322
30481
94185
98736
60602
15276
20533
48687
95487
29257
32940
26598
61201
51552
48341
42938
10482
85079
87820
75061
34472
1759
55827
54419
9454
2544
91857
86964
70814
11619
82162
73247
31254
9991
59517
87912
97215
46753
59728
55916
91764
70498
48286
88532
49749
90090
16442
66854
20255
96006
70112
61204
74101
87129
8195
3653
5278
67712
80474
69978
98945
26043
28397
37440
45382
14736
78753
48870
49319
8629
92092
25298
92339
5195
38456
54299
98556
98684
3677
27790
681
36397
92177
48510
87246
11227
10612
21021
52642
92926
69023
93858
65354
20100
86159
10852
19693
59379
29094
98833
67175
491
57801
87229
28296
32081
27252
28517
90900
88011
24722
86852
73746
39119
73643
35606
78966
31632
39879
33359
84713
82807
84641
66981
94873
90155
74007
41896
59990
95659
37044
49360
44323
74042
37860
62871
74725
63259
25281
71032
47728
2466
3554
67413
79155
65926
2727
95308
57844
13683
81479
13032
93735
78013
49617
62126
21983
78053
33873
13158
96420
37827
8122
628
16721
11363
1305
37799
33696
83408
25601
44195
36928
23574
37502
77740
34665
86238
3274
29145
84401
37691
25415
10578
87268
67128
1498
42880
63701
57275
6305
69593
26107
69701
78367
2250
2987
39904
17298
94388
35718
49249
44291
15636
2367
21664
21475
41292
35854
34035
6405
13693
12473
81576
19539
28757
5023
77941
11322
13427
95144
36203
20384
50977
5516
11419
38116
94973
58465
99884
44506
18411
48332
40118
31415
57505
83247
32869
6217
48675
24672
39949
75583
69723
37572
36372
69458
76941
49530
75954
43344
61803
69301
71813
36739
61231
21549
45204
90934
11449
70646
83303
52408
84495
18035
70245
10981
13316
10200
47044
78067
95351
54051
50370
90583
50403
10159
29012
37598
55745
61771
8607
99427
62812
43503
65872
8955
74903
54548
92594
71914
16559
54979
88045
78354
77874
92332
40994
29389
79345
5485
74213
67318
99710
57728
30296
94835
39414
21383
49279
21870
76910
29604
42067
63015
63767
21007
36456
35749
96291
19446
27471
68281
19288
75754
67952
23881
96618
66259
5021
73811
54166
6547
37409
53420
24052
48371
75985
95692
94288
24787
62893
5689
91437
24973
11853
37147
13205
83897
41098
95008
32870
65322
24821
19393
71911
76536
83124
74787
9407
89276
95033
96666
53098
56861
99714
81693
22653
1133
23729
86894
50978
92527
67888
63747
66839
17741
57220
6720
36933
88418
27520
10915
40401
12927
93701
77288
82058
98235
41144
27258
45218
47626
76538
45649
86041
98147
26284
25364
22756
44930
41003
70009
23691
70729
21905
26597
67353
38305
14850
43605
5443
31317
78854
41668
51512
74736
55366
24346
83371
49890
82254
97974
41551
73252
21538
79216
80358
89765
86924
99119
36521
86489
91798
148
98540
7224
4859
71712
10792
66052
63091
81414
88015
75340
79205
27032
29440
12977
68304
65916
17583
63996
80931
22368
29586
44330
83049
99308
99416
31868
88425
71357
76587
89432
37042
77068
8225
15539
4275
38338
31203
19574
67773
73914
18221
46409
8050
95793
84972
49333
94572
44975
18674
26723
48047
18164
3174
6458
47514
39453
91095
29389
85146
79390
76049
18760
16378
25012
75819
74073
67356
64287
27979
17669
68962
40665
67334
39298
53886
88002
64898
48066
30812
85503
28865
9985
92824
96119
88735
11983
78615
45357
98208
29985
97489
81700
3367
95576
38652
8807
4373
48675
77864
82833
14845
10714
10887
85369
68409
6889
42826
93842
85199
71836
4069
56461
87682
31963
27815
28614
60527
36128
29365
19444
2057
79880
95932
59953
37791
71156
81720
51198
62444
27725
99500
50647
78791
261
46860
46147
90320
45155
25038
28868
60439
31119
12783
5813
38774
88283
93445
21447
67535
13656
78436
84925
45469
86592
3047
28662
72278
94081
75670
9750
85149
77292
27594
74755
95352
72440
3256
1194
76079
51339
80506
67630
55326
9617
8029
76858
30
36925
59845
41572
715
33189
30859
69926
1947
10392
71914
52576
59052
16385
55668
64888
70491
36993
43315
93008
23100
36754
68667
87876
53763
62833
36545
20155
2998
89620
62756
97119
80107
78452
75598
36661
40859
38515
98047
87237
4227
30887
72641
91410
11747
43615
17340
45602
4261
16400
82589
94696
37385
99770
73438
65404
44320
84977
64850
82247
43910
75998
89632
99190
17135
94526
80435
80124
80064
79784
16591
59063
91469
84457
16400
64129
83330
88920
19838
53860
76315
23685
44518
34834
79243
63765
77096
29729
37004
24582
28843
81215
82888
45724
44586
97313
77794
48536
22794
51222
58560
24541
46852
70787
97203
48871
69980
83202
51851
88447
46415
50781
1290
67271
91740
89279
46466
52564
32108
55037
99247
2827
54467
45941
35471
69503
96309
77340
84864
47447
9137
83663
27602
88282
61761
6283
4947
26718
23494
20977
97021
56782
88303
74972
91043
88212
77500
71590
42438
14353
72924
79825
366
54612
2275
97851
7169
51807
90243
27487
61535
7009
36918
3760
92513
62671
65307
62784
96261
83723
89422
66587
51561
60190
92020
91529
79087
24273
51862
69183
77123
81339
60789
7653
35081
67256
50078
78140
39777
31471
15870
72255
2413
80635
96481
4316
19862
2204
82238
98464
61673
33204
25967
7116
70512
80996
10525
71405
19606
44429
678
67800
97883
84631
34331
97886
43409
33964
40903
63448
55029
20445
78831
41957
80984
78063
16934
74187
36093
72421
61554
4377
64777
81878
7932
68471
30825
35520
94847
66497
73144
57996
59847
2439
17583
2416
34542
79240
99781
30329
13206
2684
28118
24754
86164
24976
76043
76521
72158
39566
96247
87075
8215
14153
71156
71915
7960
64030
68850
1954
35093
95918
57426
51698
91472
78815
63358
75187
40693
83694
57402
87242
55875
32790
25775
51946
17099
19349
55988
4107
55425
34306
10205
26607
86258
43574
47411
15191
18482
54248
91712
68538
41645
75818
42835
84134
9351
45494
15876
57522
83568
21860
14717
394
69417
83212
62740
50186
4155
42906
6591
84473
83597
36187
31978
56411
24285
50957
63319
93228
57998
26715
2405
67285
36572
85814
32783
16977
20388
6279
82378
32067
72800
1706
85090
7096
13719
36611
73989
71812
53232
15366
11139
15406
68662
92769
3392
49941
83953
20427
17240
48878
60953
73036
64700
36367
9222
33956
14463
7233
68643
58206
58239
11049
94450
52916
52277
26326
14578
45065
63715
7519
99634
93569
93049
69415
60411
93207
71430
88487
13597
67803
78336
21605
33233
15487
46788
19213
70772
66312
46767
61928
37803
3992
99550
4170
16483
39593
97594
54396
73237
59340
42013
76224
79233
5674
43290
99189
80152
69358
72054
47275
73842
88517
49611
56217
5078
79412
91890
67323
6713
61752
33248
78134
26632
7987
54468
9299
3814
77738
65710
5300
53903
94848
33399
59310
41664
94105
43955
41002
63948
55743
39717
30090
86049
38946
10333
43236
73670
89414
21352
64894
84894
90022
147
21609
84624
46855
26981
81402
65052
70255
57809
48983
51741
5317
87086
64716
75827
8175
91469
76544
32087
6181
11226
56033
54155
78096
89516
25047
68527
3790
92500
83375
6689
86346
2560
5095
2124
43515
33449
41747
90628
55957
81664
98877
49271
73735
87207
54144
36840
76516
26028
48651
31735
47175
75024
38349
6954
33667
20596
84569
79216
55503
32253
13696
45007
7313
2312
2154
37069
20931
96941
68568
81246
91530
89967
59673
14662
92751
76302
49719
22124
89337
91749
83793
3717
80370
47543
5338
39347
26777
78838
64437
56880
16622
24633
72938
39207
40810
72128
72578
34261
6162
99934
19611
14915
46354
51997
84799
32990
45283
16318
53926
48275
95763
49507
7831
336
29312
18457
62171
67126
24205
89784
78950
22889
64065
58275
65423
73249
9626
90057
6580
48068
69120
84631
41114
2243
29159
69491
45708
93883
70331
2200
26280
63015
69648
30610
36783
66504
69086
76254
678
54490
16899
80490
30828
61333
75971
88416
77786
14449
5684
41813
56946
30021
50650
29211
9125
66635
29456
39181
12023
48389
14657
86182
49449
93988
78234
13301
85723
53208
95422
33223
74138
54692
27610
84570
41331
38857
21753
24439
27196
88912
93769
84940
58803
71935
75927
8097
9694
63076
51882
67722
53441
33228
77804
22197
1127
91485
60579
49774
23518
86621
2012
52888
9009
65953
57710
96488
5036
27933
58819
89155
88433
54672
89451
96729
95012
40207
43110
29228
96337
80593
98928
44558
41284
20006
22677
72193
49135
78870
67913
64220
31588
57837
34997
76725
50126
46603
7594
70525
54736
98271
17953
65050
31135
29711
9181
85797
46423
66836
44810
38514
5873
60784
18993
10390
37548
74834
63492
44460
44085
91696
8418
77594
72236
5541
72674
44152
74443
66885
23417
2502
42956
1358
45613
43940
19344
66903
96164
32578
2807
57500
50853
14317
28230
20549
26966
37762
64992
72187
73642
78249
88228
30474
86855
67711
52006
93718
22635
94660
91913
21163
99301
77054
98104
40134
11121
72029
46225
9122
33432
49610
65411
33762
1689
39620
7628
721
25595
54464
81323
68371
65484
11279
58874
924
39084
75887
1814
23866
64896
27214
39453
54005
89197
55032
48644
80516
47874
93870
78140
82710
29626
72581
83202
5880
86525
80201
49868
59157
93143
32413
26940
79787
93331
29971
43813
61654
75431
68441
21805
62897
71324
10663
56132
76744
13040
56428
41229
53333
52257
65628
18503
45097
42959
83699
99784
64753
79652
6786
93303
25264
35631
78737
44815
50028
92259
70819
92192
18193
56013
75337
17381
44090
93729
14178
76860
6576
82423
64875
60
63966
16385
67358
37216
14380
7749
84856
91945
59289
76888
27431
97098
18327
13459
72803
79881
82072
26898
62216
17179
16210
94243
74742
93459
4146
39503
87136
63431
14306
41834
28448
16461
50140
21268
61565
45777
85609
62870
77258
93461
87797
34882
5406
48849
12947
73010
99469
66117
41971
48791
50440
84447
48736
47971
33104
16015
90577
9390
39904
69595
65766
52120
43776
43502
68115
90707
23266
56506
45663
68126
17597
75182
8590
56073
67024
41338
51154
39044
72215
27504
11739
42092
98886
24233
79678
20137
82603
2652
1969
69920
35362
52791
33372
36608
61820
97951
7143
831
65727
54426
89376
48064
54135
45243
81056
65931
648
16534
40472
9349
24150
51960
98395
21931
21797
6165
64136
49536
23610
85972
17850
88066
47227
53834
40893
29451
63185
36770
55222
78842
81049
72560
3791
5426
32046
23628
1378
15271
19042
74185
50469
2981
49992
31537
33478
80362
12470
54512
43363
63971
40790
13707
84997
80658
72397
64023
68288
65752
72345
78946
9296
55938
76689
16475
39429
95209
75755
7535
80217
60931
88166
74581
778
27273
95858
21724
32834
52002
31903
95502
86926
11704
92307
86062
52392
37043
24199
290
88314
78364
4049
58922
64430
16803
82473
36553
40352
2832
90024
5758
98716
63282
94719
46306
47514
57284
87487
94956
93275
24306
43455
36904
28205
34793
28614
70037
59707
59586
24136
28178
31293
59816
45146
32174
55430
96046
66734
69618
21859
45168
62115
96918
18372
46778
88599
31764
45281
21132
73318
57361
53248
73461
74848
43125
89179
49532
54973
15905
87337
92859
9257
54617
82669
17176
99486
36921
49977
8479
17248
23246
18175
52974
67903
42806
21821
93360
96402
68645
13784
37919
19891
46846
73441
66731
63042
56216
22561
51768
49020
19364
41336
77508
21436
42176
48359
71604
89343
75580
57601
67148
63437
33663
45515
19338
50318
24101
70342
96843
94031
87124
12628
30778
72516
61251
49819
16977
54216
43077
84454
6924
10520
38610
31352
45838
93617
1063
55436
32131
7184
34612
81807
28545
99524
65547
95034
22287
27210
92873
9500
49542
46807
3786
9443
67217
81376
39894
65328
41970
16222
95243
46250
58495
15294
99144
29817
89853
37194
80258
86938
99331
7869
59750
31913
6334
89258
39764
26502
8464
40688
18560
88325
68789
88404
6425
52461
61432
75909
6237
14184
22343
97042
24391
63766
93903
50273
69755
43001
93997
15968
68880
81039
21105
1001
47552
6989
84337
89696
96249
82416
6270
73719
46653
12226
35259
56329
33155
7584
18349
86481
71459
15459
10957
16036
56439
26790
11893
5217
47957
48514
53845
65461
71194
63160
29106
55219
78211
7878
76919
5897
55439
37597
51214
53818
85719
36520
91528
40271
85578
72075
86439
89808
44725
96776
132
97984
89643
11232
45868
99464
78054
41743
73743
25588
99025
43681
80460
86597
1948
95320
35496
5416
16024
76519
76492
73417
6675
4923
27610
62827
69816
74964
61903
97357
32770
42933
38035
95664
44403
92583
87377
59870
51100
4732
70181
52840
64794
31089
54769
27331
32838
73634
67926
62952
5938
71366
83272
58983
59434
81182
30189
78710
49545
71003
27617
88073
61239
25489
37584
7421
24872
1465
85141
82903
8419
91714
6047
35981
36235
62742
70972
6075
21031
46622
92296
24464
67547
41142
73420
26058
15166
25994
68890
85716
44552
12944
30837
82311
45511
50476
27198
28076
58544
2441
95813
55178
2435
29255
415
16683
71806
45717
34843
58440
77303
60612
87915
37466
28105
18702
57731
1596
18140
45616
34700
38858
40124
3161
62420
80250
9849
1665
30440
38632
25779
73122
49430
11204
80638
16423
60457
43398
24948
45225
2140
75075
55400
36906
16915
27466
74839
31764
53258
57272
80735
74407
86404
61861
40344
17062
46624
77264
88225
80977
49675
38964
56807
45753
51498
44523
14080
32527
82958
35271
89959
8753
36096
13039
11196
45108
44907
64459
36773
99908
74528
50876
52092
8236
83679
54939
32301
71355
83199
53953
25537
72408
40880
70791
63930
22492
97063
17442
6773
40925
30939
81432
4152
45394
73108
63956
44938
47291
41528
64865
54387
63502
63233
4611
59933
75693
31
24776
22774
63979
43300
5683
4969
24447
59687
25442
83670
65192
59981
87356
56308
18073
780
21896
15954
66804
86753
85886
95155
46901
84741
92501
46819
53424
32138
55894
55695
71723
27554
32167
55317
19
40211
53874
17133
33658
88512
65059
39980
52890
59403
21943
11371
20368
73912
5620
13737
73272
53023
33746
66907
14642
57973
24750
72747
91078
48496
54398
51905
66659
44460
37568
32489
218
94556
35575
15025
76566
40128
35437
40392
21021
70197
17131
52759
44202
24388
24009
56208
97376
84644
56296
13474
25125
50812
25168
55392
52023
35966
60035
44881
61463
37785
61021
77891
80360
11447
17824
60074
22693
7442
91918
76812
57233
37413
41127
83679
14869
35733
63935
50272
77698
99674
73244
56722
20278
14889
10925
15530
93815
22072
44248
40825
61588
46127
95767
583
40998
3910
57144
77191
7663
45436
64028
46671
45169
49071
44516
62695
57310
99945
93907
14629
93228
6025
65293
89957
69337
35966
32628
80767
34570
69683
81996
55531
10864
76677
57149
56378
17281
27974
20433
98552
91598
27380
70056
49137
31853
28479
29908
71783
10444
99255
87604
55966
3682
40761
89371
22778
78823
29850
80809
4116
63638
66354
51346
25595
48730
17241
79583
54263
96705
60126
43324
88945
80707
14320
74965
37958
2954
99117
74134
41048
75651
56978
15179
41455
50372
55405
37855
83075
18174
87584
37404
27206
36992
56683
94236
56586
57136
99742
8357
82288
68987
65762
36104
6976
16071
85821
78860
34687
9776
11739
82687
66579
68919
27239
57594
54536
43913
35834
4839
2310
77217
4806
93851
8114
23673
1034
87558
47852
33773
14838
49776
82042
84783
22857
5511
33833
26182
46384
82041
41659
1181
73166
87959
28474
46374
77339
79093
96820
29758
24640
67842
19168
94144
22162
2399
38252
66277
90153
10834
95624
88934
38530
40293
97613
68059
36501
27983
63024
49219
25913
55054
21613
25292
51902
76306
27210
87859
16036
70529
64920
92385
17335
10684
4339
98382
72242
30455
35640
21358
94491
72439
93117
71043
52073
23929
87297
24028
88463
40684
73456
65313
88410
89248
78152
60375
32456
51724
29757
49283
84491
94442
29729
78858
79309
74764
85158
47996
85856
62167
66473
21784
1632
60049
45341
32294
68590
28454
43050
10814
74315
29139
71520
96678
13909
45171
64495
8535
25876
10305
83443
62351
38736
62343
79772
85615
71166
69839
45406
83678
81151
17103
15281
90748
87616
55094
60081
16505
24141
90916
88205
7404
92767
49096
64141
12860
61778
37396
44270
8553
29472
21455
52077
73407
97618
17603
10007
10124
58258
96534
64614
60656
48897
70628
71846
47573
74565
25127
63580
36930
23425
44890
24197
496
48093
60933
40429
16653
80023
44963
50276
78292
51693
11545
77027
18910
78165
10955
82112
83180
67734
64961
38723
72785
60258
73320
49537
56429
91741
95302
49353
78891
41259
22188
4681
75008
94547
67842
77006
57839
61429
48656
49040
55601
18649
3176
39193
56912
2310
43500
84530
70517
66633
52525
21634
2595
43133
20994
9358
41057
64999
59033
67743
97710
34041
87201
35241
23035
5220
13568
68240
30305
35395
65919
19854
55383
98303
21926
80110
44088
98348
48240
90143
17127
44830
55946
24465
89182
71008
96708
20557
45020
4959
36999
21649
34202
70206
92752
86582
41149
63945
76941
54053
52530
6609
32847
39261
71434
1856
45157
40562
69642
34201
65267
63970
23708
43930
34312
79688
33448
91582
8206
49404
58313
92652
97422
81063
2981
23763
70889
95085
48792
71487
201
41388
23462
54672
37422
6183
27343
66607
57206
74641
31523
69905
3376
31451
31156
35665
32754
71652
16376
90987
5901
56162
28041
92800
44561
80160
86825
35755
88865
85795
21024
11479
40382
13309
37708
54989
44404
35884
79899
8930
14710
96440
59299
18775
14441
2527
77048
69233
37797
74930
7902
6348
38328
94379
53546
42196
99424
67031
22865
49047
81288
26664
80862
57587
84197
42575
53749
15409
43523
5807
11428
55714
47727
2312
80520
10890
96443
49662
22216
47648
91901
39007
96664
10585
93369
73957
53342
81757
43585
56321
57233
56612
1034
88368
80218
21446
15362
61662
93850
10213
22680
88298
89721
65328
56927
72573
40930
24023
4084
79135
74967
59789
51880
12248
95686
56290
2102
5478
77043
78482
86596
63512
97150
57151
83521
16247
76049
97343
79987
57382
54267
41149
9318
31809
74420
43752
7228
54258
7142
31030
8169
73854
82544
54239
51985
2678
43278
86923
47609
42516
79459
79341
28098
52581
80193
94944
56482
9272
26495
69732
81792
14119
10958
52441
53771
61023
79133
37228
17442
3113
67234
52142
71887
43538
63860
90236
17985
62318
14165
68389
12313
80676
4808
30974
18087
46889
12725
4642
78031
92937
84102
17125
92237
52868
1266
62315
82062
8751
79761
77898
50962
57340
31644
37528
35271
89137
46042
92624
14589
36263
6773
74051
38926
72205
73135
99757
65051
15247
32240
33743
30723
47239
53026
64869
42526
39907
27902
53798
31163
18097
5530
21264
5507
49951
46441
72143
28134
11994
28768
6312
11997
94781
82313
80234
67232
39083
80688
13163
45230
35786
8882
42973
8591
97547
79408
26142
75989
83874
2205
15846
82937
78729
21689
25540
87884
23200
87407
72967
83306
44719
29146
7212
98884
64394
36470
71032
40703
5326
80002
55304
99477
76293
15868
30722
73553
85129
74873
74739
85291
30609
96073
45029
14008
36853
33972
59537
32186
16990
13215
83299
37543
8594
99803
64282
8796
46010
606
76899
71665
32823
28682
74751
29180
91324
39156
22608
76597
13585
87558
39097
3108
63053
90441
81207
90007
88434
50191
4845
12554
55140
43883
838
4132
20762
88857
76988
59455
17034
93049
8129
50704
86341
55164
1165
80957
7657
53903
17532
63330
44566
35552
51170
49126
41905
92831
71860
7656
67304
82890
60254
69627
32362
82869
78595
78663
71336
87689
27347
15956
43481
73980
45335
56192
73825
90219
82681
3903
30212
79011
63309
54467
36699
76615
2236
2174
76159
12619
53339
58121
93545
13445
39445
56064
18086
51300
69060
4621
59639
36737
70712
45227
59841
2266
63975
33981
52126
71918
43311
4077
7633
44537
58300
5567
22340
9739
22578
92542
10950
99241
38232
65936
24851
64544
64544
90603
53494
26656
78948
78140
74028
55850
23157
33533
82102
92115
94298
89077
11135
59638
41898
91886
34546
46059
39444
16528
19666
71842
33171
45016
21923
5895
93064
74733
38194
2759
16097
9027
84094
99582
7282
46716
69108
64826
65040
24631
98988
98905
35932
28542
3524
17845
79526
98519
21986
68896
92555
50251
40812
6342
50649
39278
77690
59404
82831
40740
19816
2289
50281
34518
80708
56733
23561
19484
36281
6574
66360
86890
82311
11129
69243
3846
49388
79683
89437
69496
96769
36605
66807
6057
83908
66195
85213
94037
82253
53314
59100
97080
49414
11707
48930
48428
33599
21022
32837
47417
97407
24479
79
36357
76238
17252
49318
39251
85038
68816
23994
62185
82227
76444
58464
93043
17024
16985
87319
16438
10881
309
43854
3418
35493
80598
78069
57736
33510
89215
76580
91255
82123
13417
23685
72075
1067
44072
76536
73891
27094
60823
76189
77718
95424
69688
88810
53737
38818
28002
29393
83888
95522
9806
83922
66630
52435
50295
14575
71447
81487
49668
78175
3982
71927
2528
49889
63247
42523
47206
82188
82372
26349
25046
31282
46975
54289
82149
24952
83645
43963
59988
92482
93446
95420
95341
41560
83598
13447
19233
50788
28506
35698
2763
76267
98234
105
53708
98251
14238
73550
50796
7348
66051
49642
95710
79745
41914
60250
61551
46194
7350
99040
20302
43706
75898
82775
72459
23492
28851
10049
33634
36854
91157
17563
30993
28742
49081
17256
48436
40243
98772
69112
37834
55359
99225
72849
95733
36850
69524
13703
91701
21628
44929
34836
48090
59731
13872
88894
4855
92758
25483
87750
13010
10185
81495
647
49519
29536
65546
21094
10505
76973
62238
67168
73086
25095
31217
39401
5769
69538
81880
8968
78601
72883
88712
47989
16438
29425
77761
58228
42093
36958
66498
84921
84501
17985
48467
69025
85238
81572
48351
75234
32929
67045
20807
12606
57026
62238
63083
36643
2803
18400
90328
195
34688
87063
52851
8960
60000
66569
98085
91241
97630
64506
15889
97846
61091
68778
64271
66675
52608
662
97559
57958
5682
8879
275
96295
47595
60119
97171
19571
70776
74560
35
10908
90654
67937
94887
78069
98645
77338
49837
96425
84626
48819
97429
96830
54425
68567
66318
41948
3787
6412
34611
36230
6333
42783
67606
11300
77817
41481
64337
60745
16547
88482
74867
20067
18108
82851
38800
20534
81522
10293
82361
99362
48508
26964
44154
5996
50251
38447
51108
74354
61513
21373
87946
91738
68958
64204
8810
86025
71098
733
96490
54430
91445
1108
5925
69962
65566
13426
16274
34863
5032
89024
88949
33923
43814
37313
28612
27886
31448
60516
48410
43204
64513
39611
55456
36504
45742
71920
15327
51641
52503
33320
34668
65375
95058
41665
45068
63626
7678
26082
66451
75629
16942
89998
40162
84453
26553
25122
64497
95016
99069
30263
15002
78852
78119
38192
37423
23567
33901
40684
23248
51305
87039
34279
74729
95467
28036
23315
23555
50786
89159
21412
4957
5231
15297
16297
283
93832
27359
27994
65873
2407
54511
69129
70174
79453
39754
90190
76504
5752
52863
71456
94842
86238
35367
45373
49556
458
88154
65696
13878
59145
88370
68484
26829
75590
97931
63717
12600
32537
14739
88154
1991
94253
25310
98050
34797
25477
86704
36287
3129
65625
82854
84023
62362
33246
37068
33959
39872
45399
21400
76111
63688
31803
37918
25500
8282
62886
36021
67426
976
28460
48143
68449
70533
58328
30621
20902
41595
31326
88153
60461
60432
12452
16282
3813
8921
73442
12286
51814
39517
12039
30915
75617
48931
19044
63440
98054
15753
14290
40373
16088
34115
10173
68531
7213
55831
26976
76231
65007
30288
16492
66303
74814
81858
19221
91165
2950
7910
8408
53074
4891
25472
22697
17992
19901
25962
91750
66601
35920
43528
88497
60359
37970
48535
95890
56307
32063
85399
65324
33595
31618
34881
12091
20289
35559
39179
10473
13623
49740
17030
89387
44230
2801
71594
53751
44287
26565
48074
99571
65398
91190
14338
26582
84369
35427
73199
35695
12725
39102
47073
46743
25795
22187
63307
58555
43330
20388
4398
29730
2908
74325
16418
73230
34713
52316
90604
8664
38257
58695
67358
17970
21574
33526
57052
15262
8199
38480
50949
67075
22937
84515
17211
8705
78704
1894
44312
74585
63136
38187
17861
82347
55324
11654
58167
25780
43095
90051
62567
89373
26046
64168
12054
10915
55084
72125
7213
69973
34311
65902
21325
98830
55794
3432
11528
73013
80937
86548
40709
9710
35348
58210
86070
91595
4644
78700
3212
67290
45480
96967
59584
57554
70093
17105
90503
77478
21279
18098
81142
83519
74937
17700
14671
99165
12962
44115
90285
18529
62902
37534
69663
94914
54074
49165
78321
3573
72777
12062
56735
65990
14809
14792
30992
70080
19656
27037
66558
26962
11429
39808
24821
86619
59255
96638
86200
81049
34935
58058
89471
27966
71024
30087
70560
6509
75315
44897
61802
41292
27902
49835
28301
30491
2886
84255
75084
46182
2804
77523
95591
28010
25445
69852
8363
26214
72281
19847
12394
49598
71173
25086
2447
82751
80258
46516
92996
92820
14959
85173
73571
56990
37857
29273
77785
91154
23190
55846
99335
77131
98115
29056
24455
95434
15749
44189
65892
59319
84066
76010
42302
11945
65601
40048
77279
15579
34946
79160
34690
59645
52657
33433
33255
81457
1320
6078
41145
19759
93912
26899
81209
34575
37886
68594
78326
64520
62457
71471
34199
31872
30346
1406
46596
49853
5704
47389
77117
40230
90730
72243
39302
82874
63009
70080
85424
92510
68772
57756
91042
16508
12415
97146
57197
79400
2856
47431
29050
90916
32024
32756
78680
77373
41525
53737
45743
96565
75330
23205
20207
34552
32930
18665
2471
81576
90398
84790
35451
54589
29510
18788
7054
68812
14190
65276
61786
70369
13631
40282
83343
67940
1789
43993
19899
94230
19460
80616
42851
12312
62416
64762
44751
45209
44310
57706
38006
74228
1775
99760
95222
36174
76953
44094
28779
68935
19315
81971
8454
75215
40001
15116
99566
64791
53210
53919
31487
28756
89688
75753
84661
74065
5855
34552
63555
10986
14555
58455
8846
18866
24128
43217
80341
49976
56475
66101
16191
9482
13798
82755
2401
54293
32738
48944
89795
19096
64979
44730
32358
29418
68357
13785
78339
51460
76449
61822
52823
31736
34108
71721
35149
27808
1653
31936
40528
20981
60811
46581
16361
71772
17132
35006
9399
79785
1129
25375
29129
60971
17417
67036
35980
72249
70317
59331
21868
151
81178
10965
61885
23188
99915
61485
34918
80968
22373
85624
16140
28196
71407
86657
84956
4708
60241
51952
74195
40169
48213
83004
63372
74021
84278
22405
65766
13342
74338
60019
5263
39630
2092
33362
52688
22512
64850
16458
78029
35781
53689
73770
60148
47396
17555
29517
81669
3204
4131
78111
76798
70871
68621
91270
22566
28092
70795
74098
59231
96446
65952
40705
81735
89510
91072
15465
38766
1172
43697
50162
19904
37228
78709
11879
92440
59396
19910
59856
9584
17525
2120
72471
26730
45379
60131
9761
6279
29072
86247
94807
91709
44164
98759
96278
45463
874
42760
98293
26423
50710
51923
40975
61999
32204
91760
35994
40173
43326
84602
80765
34811
37238
63146
85770
16302
35537
34104
23487
43533
31683
82471
42279
68223
46612
14632
24230
79728
72001
45250
73244
48033
98539
44176
85121
1210
50493
21014
83318
96225
77763
2572
39794
76858
29232
84575
86468
66596
98609
54927
62585
89297
41484
67152
59368
31508
52079
73561
83722
67206
36657
5387
39960
67541
44698
23269
84118
73090
51983
38111
93127
83870
48924
93735
81487
43100
69586
33322
65244
83361
67580
78866
14239
77363
29197
29912
15357
25715
98719
69240
86501
21532
45329
28415
48043
60792
7396
819
39352
76061
10083
22149
55168
69812
50130
25645
98269
85253
56683
324
27809
72266
65314
28736
14368
49548
52723
70122
43975
67152
79185
78729
38772
80136
52812
10711
18238
91206
83075
89890
43883
8419
45776
71763
80991
26417
10386
61469
80223
21446
82289
26247
57425
35905
37191
71720
49803
90751
25089
4784
8939
3444
31288
69615
56572
27785
16922
94633
1432
27067
81876
62060
78850
53248
14242
65477
56730
1575
24494
95727
68727
76893
35491
67007
36018
81462
48895
78817
39676
14193
17602
33997
94719
25104
78525
51900
14664
34515
20588
83351
46048
92266
27601
27568
28804
76631
20953
31467
52598
45574
77683
61492
43043
91299
40437
70583
80879
84982
8849
49711
47316
90022
69464
19154
77181
13337
70512
30920
72517
37788
28811
14480
20798
71657
36151
63915
96487
81156
16515
15895
46810
44619
61954
5643
53000
71543
20049
90454
8497
5412
40781
76791
94107
91887
96719
29837
52069
84830
69595
77046
83516
92568
8676
82304
24328
85280
7273
6907
91860
29866
26394
44041
27686
70190
48355
58369
43841
48316
93363
65646
18210
90449
81382
75731
11335
35419
87639
36678
71864
57555
94969
74892
53912
10623
12576
49206
79606
17443
60258
34555
90495
2391
25514
86504
84295
6869
92786
4407
51573
54394
85039
20980
26785
56022
73169
3273
53659
42404
54344
7808
80371
29845
48549
28507
68565
5348
59648
62984
47156
17915
14854
14060
46485
59929
62932
89335
54438
37148
51784
60387
69158
74935
76513
9098
49549
70065
6305
14840
72688
64360
71551
15391
92511
39956
81641
37599
13083
62229
60003
886
76361
93635
85282
54653
4285
48522
49649
29470
41347
32143
71346
91108
47207
64404
7135
10583
77491
90117
34197
15797
61502
14344
17099
59507
39214
41423
61803
33706
72973
36059
66359
79831
67218
12853
77417
38121
67976
89442
64460
87921
72612
29606
54741
88294
6446
26663
63477
13605
48586
45896
70433
91476
60168
18979
2109
91968
3934
97143
60596
10643
81265
57490
48646
97796
6904
27374
96103
18809
97609
34463
79614
5705
43947
70981
80852
33479
72988
3667
18313
27588
35174
5611
48138
42009
57586
94952
13632
77589
24424
99222
98825
1248
9470
37001
7055
68806
28243
7890
52483
17832
75975
29712
72211
90059
43714
3529
9451
82382
45428
68258
27859
94199
12965
81835
40171
53291
80984
83189
74905
79401
78674
67274
39052
64041
49939
20537
70766
34272
83177
56688
12516
51520
99438
95660
98336
67285
62137
72767
66603
61696
1621
2806
87860
44338
56125
3283
28074
35975
51328
31193
23931
85226
22118
13917
38598
28621
52132
39589
67173
86166
86382
2343
98173
78777
4627
97847
38435
71328
26896
44876
92027
11687
67786
79497
21095
48543
48167
81342
63814
28011
46631
21052
91591
41239
77001
75695
97253
48893
66769
63249
26871
8818
71649
61808
80007
36619
88630
64948
6962
89588
60918
1240
34456
658
12424
55714
18950
45010
60319
88764
46364
51177
52985
19005
49032
66766
64957
15470
90589
75287
21066
99594
38301
94180
29469
34342
33394
91605
32324
29583
71721
55150
73839
16806
99472
89538
73194
56076
33584
65956
79079
30591
34308
93515
40306
99028
54936
53333
93420
54181
38825
24663
74254
95787
26880
53476
69498
9965
45469
26330
67935
50833
34032
7357
85058
4649
55111
19841
46021
64193
60435
62193
43750
33556
47950
18348
27270
69701
73706
24089
80827
4053
26157
41423
17179
69796
42886
22443
8274
79107
62988
70238
31662
87827
95389
74718
43059
24406
5224
36559
98086
16248
34800
13740
89147
32204
91397
91151
90963
65434
17698
75751
75345
61276
89514
52142
43629
70223
43196
71573
47910
32467
85119
47238
80146
63793
72672
59356
73045
90602
69448
93374
76953
44421
9084
60933
98881
97932
6745
57036
81668
5413
3895
75327
28067
60257
70814
63597
61559
5509
74201
99459
71101
87657
58692
99788
22690
65655
75743
664
54735
97784
82323
72432
68179
1292
54130
7014
47880
5618
62054
90142
41428
13357
27764
75929
49141
55314
55758
58248
56749
33969
84622
6930
83090
13671
39284
9333
61947
8010
87204
80310
594
60049
28353
3881
20454
73498
84352
57962
21935
14849
33430
73935
18379
13164
73561
83469
38166
53229
66824
9496
82636
34662
45334
57432
18438
97858
89115
61835
20895
32754
18711
67366
63922
41065
56919
97140
66854
83900
12106
72896
99268
55484
86447
65291
37595
43078
55182
41534
8390
56211
37268
38705
3991
21698
53862
78888
52394
89693
31765
67165
51577
74595
43622
66009
78808
14081
43800
88564
45968
14488
41812
78934
20466
79341
18368
35570
90206
57392
51869
59941
30861
31855
93994
16292
88440
22058
14262
5149
69717
27428
59932
36286
92889
13999
76121
38838
78967
67122
76287
2040
51087
51285
26436
13494
12751
93483
51234
44845
48612
39039
57452
11969
62862
34115
49456
22875
13062
78012
89631
79330
80975
73988
75184
96114
37511
98369
27976
45943
47305
84958
15051
95163
45948
98280
78139
98474
5002
77732
9041
38846
10986
60312
86280
25994
88572
78686
18763
26482
25423
1931
97038
12267
72894
55976
59794
52363
79602
78950
24354
84871
94639
48715
75227
41664
81151
12321
48530
70584
23095
89748
22104
29814
17495
4133
70730
776
11866
95840
5475
65760
98737
92598
89764
35564
84436
97699
19965
81371
62563
42358
51306
78826
2465
43865
78504
66133
5291
38740
47581
85484
16224
34912
85724
99104
66126
5252
51529
55597
52844
11826
53980
97485
15051
66244
91551
93
23415
47837
9045
95609
31401
51120
78157
42556
49049
17922
50458
17313
54575
18131
52590
65373
21264
52623
47226
97082
88397
49101
70405
51516
89117
79484
79586
47367
75901
12602
46188
85793
14935
66700
85023
97647
24644
1582
13857
71150
12978
18678
43706
81903
1361
29970
72503
93700
77440
50141
52345
31160
46325
15976
49311
42394
10536
16299
63107
33664
92013
42949
18262
35337
39345
58066
22560
47590
31394
27680
19913
37993
21308
59408
23125
96727
47415
11832
30347
71298
83834
2180
98421
4436
2351
41947
80036
37743
61638
33949
90964
12068
19360
37144
75157
44183
82170
11171
76098
2272
99957
50688
73225
68561
7361
91284
74098
81578
49571
48829
71616
47364
17524
68847
32129
76005
45986
83650
82146
30387
10516
26985
46195
62858
29427
2898
27775
72839
92574
42311
67212
95215
87786
44827
19622
97896
66761
62975
24488
54889
41483
36890
40865
88703
61424
30019
712
53765
754
38112
52043
28666
50440
4541
36865
95327
31132
27891
36284
90068
66662
7063
57573
70173
53897
41745
50074
33800
59325
62215
91489
76461
95543
14375
22454
64637
34821
15088
48300
51980
32851
55396
97104
48315
58151
18303
99986
31408
80740
64686
91348
57161
10686
77916
11780
1640
17832
39480
21236
58680
23416
74990
96911
7343
83424
45623
24321
4421
88205
92073
72445
78904
14423
89485
67089
5468
38316
37224
63976
81303
17630
40109
14604
40448
97032
10540
48511
46716
39149
92332
70954
67313
15567
86399
13569
72050
39610
49300
91942
42398
46996
67859
40215
31161
18280
82750
66051
81476
48926
16219
88958
24644
72461
55162
41585
68948
65782
73423
68361
99484
87249
82572
81846
19368
44058
86869
58161
36093
36548
45636
92444
33738
27987
94627
22627
36318
47918
56508
93093
74575
44352
87569
19022
18590
47116
31488
38647
9526
14401
90959
14977
61863
61587
6444
44743
60205
8576
88667
67643
54557
17542
81524
59518
67546
34175
22272
48307
16009
16874
22185
16293
66806
87662
3214
61924
88231
65398
24528
76053
93960
29772
54394
29742
85854
71485
59458
77171
76946
14770
79608
97797
9916
34856
74924
46032
53524
82208
12487
45024
77547
80814
65142
75125
49172
11835
70908
42786
87772
17428
10628
18033
67756
95142
86781
83576
27177
95833
31064
63533
39009
12847
11238
14336
48321
87203
93629
4588
16682
56173
33523
14168
58829
40134
52975
11725
21887
6508
3534
38025
8300
79411
27159
47264
86520
16995
9580
93590
17122
59390
57272
76456
21081
8084
48743
59818
71060
99978
68062
33397
25723
66527
85990
92554
41572
5028
99219
99836
20343
50609
46202
9838
26274
97891
30787
92237
94372
3133
65085
89733
99645
59114
47833
90932
5294
73878
10666
30642
19087
25823
58212
28491
28283
48174
26131
86514
26478
53332
19021
99967
27880
50020
63058
45522
20060
91562
35644
89035
37758
66692
5948
22363
23824
85682
94329
20477
82424
75164
59088
55418
18180
38356
37313
47077
53949
63724
12115
94703
79299
86007
20150
12696
84682
17842
65856
48093
58558
95936
45668
91383
79038
20207
80770
8694
47691
14841
3113
87817
90633
27788
4048
14784
1240
43523
77574
28036
48916
59854
31987
88500
62783
99455
42849
67483
24611
4684
16745
5463
35255
28146
46500
6264
69281
28836
43496
98893
67476
558
85074
82729
84248
84038
46583
61564
67233
85398
5649
39447
40156
9985
48080
86833
30130
55090
28782
91423
12525
24160
3021
21110
49705
73552
33980
15749
22144
84217
84202
99552
14601
93241
89273
95310
42665
18362
68785
61464
59063
95258
57781
4185
20955
98950
57922
6783
44205
91525
59049
73199
57213
37735
80175
12297
74197
58849
68076
14358
54279
31779
47325
18590
59148
14230
34456
27881
60826
25435
99465
70213
32246
40417
2318
70777
9510
64918
45971
31719
46830
18280
56990
63235
84516
88731
66381
65767
67972
48385
26355
39957
97917
40533
56140
75314
58119
74410
37258
73332
79010
48020
88248
57978
71286
57857
66767
87263
49065
90488
46525
21756
66402
71140
23510
35948
62249
50459
53173
10508
45176
14104
41867
78160
21553
8585
58721
88366
16005
61442
28732
61060
92496
74963
27176
24543
60416
70129
90496
4765
421
33509
38585
97434
36923
74052
11948
37281
85795
67490
54510
82355
90396
35432
92953
40179
18104
63244
69369
71787
51737
81445
95952
74694
82668
89995
97587
95371
15062
39747
11179
86826
58418
93416
21256
38919
18074
48144
93044
66072
69654
63758
16113
53524
82224
2034
60777
29092
83594
27921
89309
48039
2972
57808
80805
60538
99958
89612
80711
39648
3993
46166
52516
17759
22535
18154
64703
83008
60425
41445
85739
64177
72424
69475
7390
8415
38709
32992
68019
73221
38479
97082
35821
63125
97523
93524
21405
47792
25485
80769
33966
17528
80768
96327
20958
52424
4665
86536
18240
33383
34609
30343
52857
47275
25864
76764
45275
30823
25830
25350
64389
22654
22443
26174
62460
94468
18523
2894
52538
14459
67118
85993
26370
14275
79278
18931
86238
35152
22622
24204
56043
53354
77538
33272
21015
25519
87035
34290
31835
13293
29463
33536
25945
20919
95421
4949
99333
13171
55222
66550
65197
7302
19374
4767
84665
86127
29860
55616
62073
78762
49906
67636
99443
24936
16131
14832
37049
68740
93099
17442
29209
81500
3068
89319
61948
33980
10396
3941
81448
86413
66374
31129
84495
75063
42405
46322
58680
56492
34193
84668
77106
51351
97819
33046
12241
61208
71112
87758
61552
90560
77827
66506
22904
60651
20105
23501
83747
45442
70282
76032
13453
87077
18698
18160
20825
90232
64714
49233
21817
14889
10093
51655
48976
93974
28298
22500
91141
17297
55908
35017
40699
92739
22369
4728
16132
19640
2011
42854
51037
66019
4830
97957
4357
11160
88148
81679
2891
93457
59571
66607
54542
40600
62677
38819
73640
47056
20754
70953
2178
87118
33380
8680
88868
7188
92961
46360
86259
39764
28380
22676
74627
78521
3701
5454
63879
2475
84050
60915
68003
57275
51476
23054
97656
68769
93752
18344
47619
52914
15630
91736
91506
43762
64708
21511
82213
41529
11893
49884
3945
81784
41528
34589
5511
71515
47910
45966
69326
8033
41189
71850
68208
76832
81761
1299
34886
7852
3053
14660
11512
19485
61179
99992
37496
72735
18189
52993
5765
51319
89961
71739
3058
84214
84002
92096
68356
36158
24143
44611
63896
89019
36974
79051
90312
75614
64038
96156
92244
80135
58740
38357
29040
89439
32337
82267
62645
92094
85248
85608
81873
1558
23661
21115
22457
59757
4249
86121
1158
47328
93994
2130
67714
473
86106
14746
50375
98660
20318
68609
97127
63148
69684
24126
55367
27913
81096
99880
91791
63388
56068
84776
93040
87099
16774
85444
58676
69002
86538
42058
3012
94211
22300
55610
34728
59657
29822
49595
56091
68790
88373
21276
62282
97358
84109
73278
38909
16538
82241
45175
11911
24962
29272
75750
20852
49796
94500
96610
61288
43509
17423
78425
13761
10193
51575
76372
13900
75482
10869
79193
295
30025
78277
52109
17826
44461
61563
94449
98354
8308
77330
31765
80735
90104
7359
77505
98128
95765
8317
45228
12563
77589
61941
85901
71709
69079
48527
21909
38410
39152
91898
11687
69195
74685
38990
86605
6254
98662
36909
48840
94906
16326
91075
87185
13111
11473
21763
17425
90893
5793
15842
5643
93305
17449
28685
4880
57540
79036
47393
8362
81685
75037
47555
78574
88904
16311
20262
98461
58854
39802
16688
66414
74574
18623
28115
3317
62491
74166
62907
41467
88813
8120
55323
73468
38749
85221
94159
24330
46540
10416
60732
92749
98484
93596
97525
90836
81631
16615
14092
30641
32302
83822
89259
13844
97242
1601
72228
19175
37588
24991
2930
86544
6946
21038
62202
34431
48921
20241
46481
24590
60024
24410
93180
67446
96506
58592
90049
39680
64250
68305
91889
51849
57141
53223
58943
83722
46798
63764
24812
65721
74145
19674
24911
15259
41762
13339
81918
39784
70757
34285
29806
52923
66731
88424
53649
64214
95248
45132
5054
30207
46969
42576
12789
38273
59691
79570
34680
21569
72065
78313
62365
66644
41431
12514
34569
16407
73777
18122
50164
61554
96371
43248
92174
45083
33239
50753
58626
95275
85546
5308
29377
14155
38823
78305
70225
72770
77891
3330
70814
45404
10884
5339
29574
70371
54154
47917
85432
15059
69595
81805
45155
82500
91856
65010
69793
78165
3869
47235
90535
63579
26550
39021
79251
11091
17466
60718
60546
32314
58292
79663
30124
56528
25101
93428
13191
62690
47431
21309
93800
40944
36670
2698
97866
82294
64603
78952
66271
15910
17995
91397
99208
67741
34261
91056
96448
52359
24194
27019
63596
55064
68539
90304
45776
16542
47687
40965
4371
72004
18590
1508
92926
97560
71508
39854
83421
23718
5355
29868
84038
29199
6211
63798
2784
57618
52997
76110
38152
89295
47257
36064
39054
37458
3719
24932
99339
8591
92895
32845
1023
69367
12518
20501
45281
51010
9863
65370
62517
63720
59378
91217
25549
58532
72758
53750
6411
35447
60747
91352
92508
57871
28648
69832
59207
58991
25258
40368
30295
6939
85656
54116
41820
43284
164
41708
78469
98113
91677
18422
62671
93281
48903
28035
32681
31596
20180
69236
71580
31732
78565
19958
75827
61866
33461
72445
33066
496
14922
38497
30689
63616
97833
19996
61245
17297
18624
77315
78066
99968
16736
2270
86160
56994
17936
82633
88489
57400
86148
9403
18299
4162
47077
94843
13952
71043
83389
71920
64622
30785
11087
46986
72898
83145
79811
80099
19522
69195
86642
15624
84888
15270
19836
94034
69179
61630
51915
92884
56801
49749
24238
16181
26946
47056
70607
92323
33282
25887
37585
88098
16415
42609
84329
61288
10660
23171
13517
74249
72968
60127
6587
2736
4930
75587
22098
61497
6961
33031
19815
84415
43032
19407
42297
38823
2950
62248
29647
78588
94289
85389
95300
45796
66600
61269
22676
22180
4735
56877
68340
28792
42772
6611
66503
39517
32487
37174
94709
63971
64279
51319
6274
77028
23083
11783
23894
10586
62981
22786
98237
74961
67630
10111
29227
19532
35897
47818
50692
10604
91001
2162
17808
89964
2767
30322
14985
7369
81130
76476
46890
67522
25155
14725
10799
29850
53916
26907
66122
31058
18994
40631
77511
13150
81693
60250
62956
80419
2051
23331
64472
20704
79858
38066
34998
22774
53217
98231
75352
30602
23369
94643
1042
94364
91770
91758
13375
30570
39145
73766
77541
47307
42562
69827
36551
22553
926
46255
99154
346
50901
83864
75253
4937
27556
84917
84338
7638
50132
12694
86169
82946
56175
25365
80217
39551
60583
40993
58272
42811
72473
9466
58476
5675
96955
76195
14719
93786
33200
52068
82716
85203
91813
32865
79118
36429
18734
2333
95220
13009
86147
77115
98310
22504
73071
74698
46500
858
10067
88562
52227
2073
84909
44879
32279
74065
28483
13896
85626
18896
48882
22701
80839
86866
43497
51277
40204
33021
64723
27108
28869
81613
89737
62660
51206
33046
72326
9671
79175
6224
71824
54986
4875
94591
25977
51471
64074
85383
6987
29251
74966
61391
77034
46612
54561
82314
90186
17601
67321
97309
32182
28676
18948
76735
55384
59126
47726
54335
64254
12047
87902
94550
31707
60539
58143
53749
3626
47699
78239
20169
68936
98788
46606
89753
76379
21524
17712
65614
12334
97389
63417
53116
39718
54516
23097
90877
47376
75762
1580
56194
75665
99939
8565
84742
86161
46202
43818
99845
18741
38700
66343
13000
76716
22166
15364
65876
8894
1526
22815
81532
49670
73045
89460
55995
26537
85745
54508
49788
31449
58759
67873
63494
87774
58619
77487
97045
42631
43904
26085
22024
89612
86644
48987
74235
90116
19469
50824
57821
24229
49462
26048
47174
60071
67333
21962
57742
38226
26373
77761
47009
33874
41233
51083
16221
33450
12734
13199
28170
92689
7790
57156
29183
25917
32929
73588
10930
1619
95928
72833
11961
73440
26805
84884
65494
57050
90671
76047
49894
51748
5198
81103
18240
38850
93492
48043
98231
18166
69177
50115
87244
18316
91900
89179
57219
16071
70583
3275
59012
84872
10587
56300
66350
22077
76621
27538
88072
80104
68638
57052
28503
65145
13783
10294
11760
78230
45608
13284
36542
79363
90740
48887
637
30140
47095
53210
69092
67093
80428
40018
11083
40820
89288
61009
30493
91375
75620
11426
40090
49837
65729
8498
96517
60374
91107
96829
42619
49877
6971
36399
11404
70857
63432
64391
74854
55523
97769
89224
69604
99586
72492
72994
69112
92771
97420
3426
14123
6883
97669
63737
92947
19144
30868
45768
27988
13745
55994
95520
59218
45585
1024
88887
5385
77625
22730
44636
16718
72284
9933
63239
91028
50722
71760
78180
49593
51970
13797
380
69622
2602
8727
81260
86251
44096
29584
74043
33729
15002
80930
84639
95014
91649
36630
37035
13744
91843
40926
94833
23660
49601
52394
31801
77996
23182
46358
84400
85662
29772
4209
36318
14458
22559
65531
89758
69519
56542
82182
13199
83317
41081
61782
29498
38828
88122
30129
63653
67490
23179
67457
69024
95223
4311
96008
5850
35334
79439
7678
32409
7624
69484
58522
79545
34999
54014
20807
82308
85070
7972
552
9535
57571
38954
12160
11730
27751
3013
85840
92287
39559
74233
624
57201
50945
91324
82166
58010
94102
55664
61443
19572
29104
97468
93592
37520
80543
36489
678
53815
66747
76295
13544
83318
90967
9630
30336
76199
82575
39055
67992
46628
9730
53446
56918
22602
2575
43077
10154
65789
37352
96608
79827
82180
95476
91524
46820
98152
38725
22866
31718
36279
13469
30119
89691
83163
21101
14423
32400
82731
35721
28726
31079
33400
29253
89085
31169
72946
31841
71066
82750
11902
69344
15615
71003
72760
97170
35095
83795
51740
23769
18933
44504
97287
28574
53126
52717
28428
94767
70038
42518
89443
32495
8226
74215
44538
92681
94696
43880
37773
67460
94492
19432
74255
3580
56570
6120
84272
49542
65317
24336
14100
50232
26551
85382
76149
82343
77993
95992
53828
92777
4432
4794
21039
76270
85822
38749
41009
70808
54228
11510
61558
58290
10278
24490
81511
28867
80721
11145
12141
86705
65208
28244
33736
598
3216
1934
3395
84768
43422
64558
65965
22204
65109
9938
44811
82280
82570
37777
57255
27125
84180
15805
19276
79085
92280
6266
86373
39206
85798
97675
55926
98336
981
79572
316
20837
1035
23650
87071
46359
10961
38463
55178
69107
44488
29125
66527
81832
95561
79490
33837
23697
94736
21858
2817
7989
9664
68258
72612
33221
75650
7083
47229
75122
54696
29422
62653
97095
37372
55627
56449
96866
7795
40103
79367
51376
51385
3175
12954
63619
68926
89402
12127
11337
38533
18956
68225
54717
1760
2724
96285
52264
57017
78413
30992
35044
47977
87290
83652
2917
99202
19414
8705
44854
88405
52892
72911
35876
19036
71318
8693
55968
36983
50921
13808
82735
13002
97586
85097
7758
91443
25472
9742
28537
18445
34122
22637
1730
95184
36823
98877
43758
65682
49267
71236
20592
56331
11658
1196
68654
1162
76835
41077
7826
15039
60473
28381
81220
12650
53929
18798
97078
44597
45129
41115
33690
34348
19752
96262
98247
18159
1094
60426
41150
70172
55553
93919
30183
12369
56727
53546
28667
72417
4869
82420
31570
20251
62897
31945
23397
61776
46787
76765
16763
20767
67355
15885
74265
68607
19345
67164
48531
57960
68561
72877
32980
50262
60291
25172
83454
59180
13114
29059
19164
4171
58811
18445
52897
42170
46165
91061
39460
67397
58755
43189
82451
31357
27941
53842
34869
88256
78249
60102
17739
46369
14460
91805
39121
77349
96648
34783
21718
86138
40918
44288
26570
7920
51014
85769
10060
99302
11536
22476
24454
82455
78501
85983
34385
95364
67656
46249
95614
28611
3972
90891
52010
35854
81175
25668
69721
96206
44360
74972
88347
84369
71410
64961
42351
4785
54555
7896
90898
537
52834
25220
91407
83171
20927
29396
602
55634
71178
9970
10202
46746
70428
34244
71360
56515
2708
51210
62461
85760
48657
39963
11355
19066
50171
7559
53421
19804
80935
41114
13285
3687
56098
45930
38855
50615
42304
80984
9729
78166
45462
66428
44686
10083
22824
33549
4770
39839
52391
32126
3654
16042
79885
79948
6909
2713
22415
33110
93594
71772
82780
31426
1615
96797
11471
99152
24247
85802
94235
24225
43140
95700
571
6087
57122
59460
34155
81044
8317
7374
5810
38045
91149
86170
86723
90149
97303
25709
87839
16233
93897
66624
56842
95374
3237
71668
82194
68137
33237
6104
40637
12923
4739
31648
25698
72128
76724
54025
1877
97152
32471
88472
75040
37329
11486
24574
94908
34783
31218
65221
34494
70185
37319
60319
13317
12173
54518
71968
96750
99514
58476
17774
97765
81479
93316
91832
68900
91970
93561
10257
8289
44093
26410
66577
36519
59955
76368
10716
31119
87389
57415
60491
29943
29724
27272
38964
65436
2798
1152
56056
96383
3613
38589
10416
3534
96063
43222
25519
22176
34463
71977
82330
15451
30733
36610
14760
50039
2871
46179
56561
8902
27275
68124
38567
72366
49361
60805
90618
20966
86792
57939
41229
93511
16646
54414
38831
79218
9548
55581
89610
81443
87042
66929
19506
10899
17642
82157
82902
4779
64725
1801
86077
42394
49059
95975
48919
45799
42087
32795
35232
45149
29190
60086
7382
19497
2901
35982
71648
23816
8649
85819
9494
7144
27268
63625
51095
52563
66785
64010
80865
