55132
8735
85264
90932
64705
35058
82970
55714
19806
13748
63514
86397
74421
44445
68921
89816
6913
11606
29129
31310
28919
42012
34760
98486
56835
18801
58014
94616
22078
61425
9812
60327
60898
30401
47871
11264
48957
94962
38984
91458
96688
30050
58579
71365
72935
24649
23191
12458
20980
95087
74008
76321
46124
77339
17291
58060
65513
20800
26522
80748
25956
21251
50850
22772
9311
7726
32902
99005
44702
57537
50740
87067
28380
88774
86442
15967
9796
85850
55128
78257
40215
8526
556
51782
98580
79966
43904
46595
32299
83118
27406
42173
57041
73150
42729
9203
60060
58626
61242
50066
34562
25695
32857
36054
23309
40412
6767
30516
35646
73777
46151
8102
1009
90111
64785
67103
609
58079
59618
21400
93474
28776
19253
38662
28873
62365
52406
43030
37172
5545
23117
18552
87644
12069
57324
88079
20469
60885
40397
2815
77305
66778
37135
10837
48252
77622
44805
50271
47995
19206
44418
99811
83269
24806
16132
19632
59922
74106
41430
8119
23638
76900
66398
6581
56617
55320
4113
66994
649
56029
54152
37670
31892
16812
20675
19859
81930
46359
95573
69520
65413
57816
96060
81292
60003
54687
56633
92898
94080
57223
40735
6517
76632
26715
74253
77536
65881
52064
71459
90272
67309
50580
32245
73651
51165
45984
73218
11802
52830
83865
78381
70418
56570
28293
2683
47949
49998
22392
9987
53942
41683
93750
80060
6623
64497
4042
55658
48392
72365
39934
32808
94704
10846
69487
34210
17603
76517
84622
49641
19635
21941
30635
24021
49250
44160
97732
64918
16959
26806
4364
87210
38280
38558
77679
19089
15889
67677
78838
22486
78473
33153
75253
70908
59103
33294
40522
30756
26727
89285
55295
90692
209
47271
94249
46197
21113
95177
53957
77644
65449
7026
94316
15733
70019
3474
17620
2905
57860
2577
42172
43843
61197
41397
5480
74169
83328
98013
96595
97006
46130
59736
9050
67296
70407
30941
48005
4814
42583
50030
84491
68512
58460
63788
18243
39462
7547
82101
25100
15455
64915
85660
97145
30806
15272
41371
92008
7035
55234
13797
89549
90332
10827
31695
12387
83171
62884
32327
59894
73235
56529
79685
86727
16183
175
14976
71206
90446
19659
77350
33263
70684
13863
78836
76979
51489
2999
73122
13810
71192
65926
38650
20049
7951
98699
62953
63599
59369
95169
57471
85881
84547
75978
6938
53064
74161
62776
60236
76430
10212
78421
39359
87782
80379
69837
44686
54555
58402
53525
15061
34338
55881
12536
14250
91875
12521
51575
1537
69872
41497
31104
98021
15876
25082
65045
75087
10620
63746
64178
77842
10662
59563
65380
27844
85406
27119
52577
81382
63564
87882
36279
74861
42884
59771
28202
85807
34728
31017
282
94955
73939
1130
55068
67795
26121
22652
49923
64947
25416
51721
87113
66617
9372
24555
96140
19685
30877
82485
11936
52757
34800
68987
40400
78773
66843
62731
20113
20414
26150
99658
2447
41392
89414
83730
40468
49150
47158
4596
55998
37203
6053
7356
76164
95458
65807
79065
47785
94337
14675
58479
2785
85805
51294
85009
2513
78263
76370
41087
78934
17799
80561
9315
60306
57765
53144
28406
29965
39538
58156
54628
90446
82678
46973
36191
65411
36364
91483
89939
82790
63356
57544
23725
32326
27069
23394
38483
75257
50798
24438
20367
10039
97548
77695
35842
69372
48253
82294
62174
98424
16868
6887
89372
8242
97609
68864
94308
7475
51489
13502
61712
37059
89291
65467
45689
84713
49442
47315
32064
81241
27502
46142
70918
29590
104
43654
78084
99881
11447
4634
8248
35640
27340
3225
15398
93951
24587
56133
65240
73957
31382
77674
36187
89883
15036
16125
43562
81521
13169
36294
83560
57651
95399
83063
16706
88003
97479
65029
7029
89660
42437
95941
26781
16605
58886
71582
58168
32656
58962
87542
75769
34586
84248
66607
61214
30654
77002
5309
23794
63559
64899
90350
97426
58093
44270
16579
37325
40945
82558
83472
55065
18167
14167
46762
13544
53397
41061
70525
82896
79580
6048
34229
8587
8648
43734
24466
1370
58002
80155
72525
74741
43352
18016
18013
93149
37045
15712
74396
86856
68635
35040
6182
90348
95003
5941
13138
20758
86876
65369
42302
3075
10162
24364
17321
15812
17350
29438
85702
41845
82441
1310
69828
19083
2872
36751
49678
20813
71669
21137
53469
90997
14410
38264
52149
25715
75978
3476
67918
5902
1934
98341
23299
42657
38924
36887
95778
5228
73733
13606
11635
34211
69400
22833
698
6036
64589
52360
73280
20553
35285
99693
74269
16520
78491
90122
98824
88608
6820
75528
46100
37251
30384
35138
83442
16046
52919
79395
60125
52871
2051
55267
43024
51233
86311
45513
95332
86850
72278
4788
6195
70912
543
99660
22254
78873
11141
10593
97125
68665
9210
9994
6143
26182
441
37776
25601
60163
96911
4929
54442
7441
67776
9433
45519
67209
8223
52698
13645
2151
50205
20060
38741
66804
54461
51177
66173
99385
83827
32215
57856
11479
92437
61786
95911
2205
7038
4751
96388
9991
81455
64449
34205
31409
88707
94660
941
21777
69099
13312
8586
5154
30580
72747
67832
10435
35046
82597
99202
41438
5499
2445
50112
90940
13222
22928
82554
48655
59566
46468
56708
41490
8573
84416
33743
78761
19750
72361
34474
16650
25386
88119
85348
70998
75225
79776
20993
20599
24628
2280
99446
20094
90411
30427
28479
46537
42487
55315
58464
62574
10163
13588
33241
46858
68744
40740
37681
86078
34440
47217
85427
29327
694
58283
86535
7676
7415
72739
6577
75651
39060
34819
65519
20587
3793
51404
72955
86644
32234
93579
36865
21561
29627
58350
71656
87554
63440
41238
94061
36325
34908
47190
18413
56268
51365
62486
99861
74263
64003
98632
61505
66036
59395
87316
53067
75169
8676
28284
81003
55045
87962
96848
72015
1323
96682
74225
80431
98189
2933
14451
99144
12113
66457
87245
49796
74369
7916
63854
20310
58585
11045
66629
24712
96819
73180
61742
7714
27043
79650
75409
49459
90309
54385
88772
38495
35763
81575
92017
11002
74937
2023
77475
47028
52083
78675
67732
31321
75999
86412
61991
32038
89164
52440
87338
79781
34159
58170
6695
71217
34268
21148
40962
11307
22352
49940
44897
6461
12415
30136
62768
29894
21335
26743
752
29284
98927
68844
80282
64534
43416
98490
18094
68533
22098
68112
50772
26304
11274
75695
1804
56964
87064
57945
80231
72961
61436
22884
68556
39654
22736
25115
36705
81669
49589
30839
9787
9315
53537
93058
47715
11345
28615
63367
61098
87240
28865
61681
75348
25868
51034
91493
59426
98470
96157
58818
8961
87362
42290
4618
6446
42512
97996
90757
71854
76630
80420
59539
37113
78826
64168
7949
8882
33856
33414
11516
94634
61628
51958
73330
34253
93227
46051
13762
84149
36437
57622
22485
35551
18079
32302
58221
25070
70508
24696
72560
44531
90483
53576
30257
97414
34676
72759
21395
39371
52611
90695
14595
69758
45577
23370
90890
67494
35109
41762
60536
8096
8948
82670
60041
88548
75107
33220
11122
79714
79511
46894
52638
2381
32499
67339
94130
99743
12178
54061
85284
24963
77046
95921
5440
78729
85422
55072
86769
28119
73228
63584
57154
49415
95335
49958
42489
2801
11031
45564
56830
14255
27275
94109
95064
77466
62734
51898
51924
65374
8869
83388
53965
62830
19104
12915
77553
3153
1220
94703
46395
44489
27369
31615
61762
6491
68981
11750
9975
35136
52895
60162
21397
1822
61683
26607
23765
11450
70653
7102
10538
46140
33748
69109
81197
88210
6397
58315
96572
20893
45569
66915
1461
14789
74425
34155
60221
39356
37437
10854
57612
33274
56121
5351
10736
33144
97164
84344
10727
63485
49659
37701
63487
51265
54170
30038
53383
52971
98597
6625
62021
47020
43798
50511
36013
54624
49110
43651
26973
88444
57299
33884
62995
55053
89338
2165
73881
3040
4318
94329
35848
6003
75508
77470
19704
12923
84032
25184
19212
99138
72944
85689
5221
85886
25900
31894
3309
36645
33328
84459
72244
22827
67865
1193
80935
55131
60833
91186
50771
13655
79549
10739
57711
44265
98996
31135
24927
76933
17463
29131
30268
73963
64381
89443
88224
90102
22690
56642
20700
35446
43024
55926
65582
85368
90801
37041
45022
20686
26901
58313
48738
13253
88575
27047
95809
27850
456
32570
86287
77763
12493
45603
59623
50615
71074
20577
2249
70593
54095
31648
99356
35731
93293
96137
2451
80527
95519
18805
59282
99743
95516
44650
37305
24150
9560
45973
51525
66800
41610
9851
38127
43143
46288
2203
57656
36758
40267
40639
91141
69519
63141
70947
26948
52623
36464
97124
52715
19806
5068
83178
23236
32303
89764
293
79176
29300
94590
3153
52007
23463
70133
75285
75365
53592
75648
97417
85984
94757
95134
81938
10646
80718
41876
68606
92240
42598
17005
26454
64410
85580
95517
29820
44096
33741
44796
580
3395
22088
47510
96586
44735
64443
29831
29664
83267
35670
92175
33920
37184
21543
54797
37295
14217
51832
41397
76508
28603
40066
67185
36276
77669
2508
47800
73614
35199
6102
33018
91553
79959
92723
45166
95717
3112
26640
83388
33083
42964
85905
91064
79257
47680
1709
70173
8485
87372
2300
89682
91188
12479
81278
87316
38571
164
68600
90831
17075
42869
51262
72393
91956
20611
39904
1543
10196
64585
14813
76215
8942
45512
99335
36092
2999
87416
71494
82812
66432
45373
81684
32902
26927
46475
23585
30884
89046
80394
73099
25309
32299
37435
65711
92655
16908
827
64100
17537
99804
5973
80312
7949
33724
61701
36288
39811
93551
78204
31860
82338
19201
16238
12198
38504
48509
25441
20910
17303
14239
41446
98267
16627
48746
60212
67880
82264
11835
77435
69828
72221
62404
89602
61421
79500
96763
61683
426
24838
88363
54746
44320
25616
53535
54303
7957
68566
50644
77280
71041
12265
54436
91792
56509
28089
49694
58507
54943
96429
1455
70731
9302
53384
24521
94372
68186
48940
21610
63527
35259
11239
33938
3063
53472
69616
1916
23913
30885
7892
10719
59198
42975
3536
2753
91080
53408
12521
20875
796
12344
30809
47882
41774
45658
98980
81583
30963
99366
18063
6644
55460
83715
31859
47827
2094
72849
74154
99520
59211
61055
33279
72757
89806
37904
87445
78740
75621
82028
21865
16980
2661
95538
81614
22499
72188
24600
4579
46914
57104
22577
73647
9217
63017
24461
81122
58604
13501
3712
78268
74447
29999
12281
7338
99418
73757
95915
34439
18100
65627
4713
94581
94291
10604
10847
72486
49901
42179
99082
93502
73602
49592
13130
46233
69682
56649
29379
44186
36074
24825
97176
61856
37638
11308
75493
67275
9815
98550
78022
36278
19688
50517
24591
60207
93836
80643
99487
99457
52513
86612
85197
34298
15460
19921
50683
88590
93320
53803
84214
20540
11871
66203
28317
56648
19826
351
11399
46880
29709
28181
43740
27476
89435
44993
51820
5126
59705
4996
99475
53494
23605
99967
16640
97484
11229
24074
35657
41632
46692
7890
17863
32710
41227
82571
42786
90484
44103
35737
47937
59966
9337
85819
74113
53531
97977
85137
26689
15700
84824
46967
46991
19821
70241
68361
82987
26603
84790
78169
91033
43846
96907
22312
8556
76328
60805
40530
40320
47379
9026
78762
30650
30310
74554
39476
67116
93941
87281
91789
64819
1777
45602
94481
51755
42548
33874
39647
23084
884
41405
8233
88960
91199
24429
89583
81632
94170
23719
29899
8122
74060
3067
76559
18478
71826
99649
69315
70941
97606
82544
51878
51863
32979
65797
83146
25989
44827
83424
9183
51274
76155
35900
99106
52258
419
18080
16969
85553
57581
11328
66117
79130
47239
33260
30344
9918
592
93491
20126
12348
5410
90796
38752
56206
89010
30306
11779
10326
31022
21127
16577
37273
5610
81086
39488
19672
18707
20354
11200
1773
60052
48051
15088
60221
25203
89267
89478
6940
74656
5547
76037
43206
47532
42215
82707
98449
65776
55884
61707
23684
18497
41218
36831
3018
27419
98793
8324
46502
91443
2587
48992
36852
11229
92721
4131
48335
63824
25641
95226
28706
82706
65486
98978
8989
90558
18123
96048
55702
325
86060
32146
89235
42616
69070
54141
45428
20677
17366
63777
71003
57122
21155
54136
2684
9228
25677
71871
62809
81020
62286
94580
49826
32219
63115
88426
57711
68422
16853
6470
54187
14333
97451
83654
94102
78616
46402
96093
60643
82309
66796
30191
53186
59552
68684
44050
26991
76885
29847
93571
80275
78908
72584
82025
69219
75647
15811
69518
69871
4229
8475
97360
37796
68821
98062
78530
47480
72657
76437
69339
40769
43643
82085
51922
59847
37478
51132
79462
41856
52898
34908
79904
33408
5534
35868
54895
17142
8205
13617
8940
1192
18413
50624
57701
63908
4909
81251
77912
75328
24389
35954
2473
82086
60067
36713
94407
13173
47955
31246
4704
62668
91867
36184
75091
50269
21060
49312
67914
98203
73059
13796
99917
99288
76328
55199
98834
43207
43932
93321
54278
39191
91089
75088
25498
98432
88361
13858
48668
4639
81712
78620
97032
52356
30581
19935
32591
59158
54826
88047
27392
47473
87126
16876
41271
89860
68052
21953
15904
44647
8409
24254
21847
89195
4900
84933
39402
83792
36558
22457
58917
12114
19852
75111
80514
91403
29730
98159
91414
8458
46370
46858
62547
59581
5292
77553
23815
61008
1212
41650
55422
70381
21198
65653
48499
48691
93215
49032
36252
68177
14767
39412
98226
35419
93944
75085
71179
91470
52871
74516
1900
62382
49849
99365
31426
74214
98202
7870
72538
48633
2598
63287
28942
82804
59595
94497
91920
36217
96714
63832
23158
94835
48896
59225
22425
18065
70200
85694
47755
41332
13676
81180
21277
86537
60853
38248
33669
36222
16305
84026
54035
11412
69939
80421
1229
63471
26632
41626
11468
99043
40372
47655
78623
32942
11751
57610
62010
61266
76329
46110
83121
75942
2349
98875
31846
69858
83645
53843
41650
45126
82714
39784
21032
85028
82463
71552
31446
98763
32963
58338
141
49257
91001
42414
87464
55247
27414
7782
37957
56555
7471
28958
6593
91138
72209
24497
72967
44650
16247
85321
16057
68310
53534
4045
19927
34185
12195
68376
59291
74407
51615
79205
54808
39563
38355
87928
50326
27266
51039
25148
23451
35439
64607
32557
33928
19327
45697
79719
71443
18053
17875
18290
80590
16028
96467
94401
63942
22561
84037
12989
56933
44511
48974
17618
59188
72415
51110
52927
20403
73006
46462
12742
15849
37779
53519
36815
24688
80309
49710
5129
73783
25421
98621
78091
54077
43924
60304
50110
6572
93578
5054
82717
33831
21326
66187
33796
28400
10500
68391
66990
18134
14384
19973
90335
76841
33494
80643
24767
84781
68151
35391
98346
73875
42523
79599
57698
95742
69500
98730
32006
33252
80725
35803
34543
20102
64486
38828
39849
77990
67958
96720
40523
48211
29621
33738
62412
36383
64815
88310
98190
22704
12988
3054
33458
70431
6664
78919
39957
99628
84841
46194
56827
24766
1557
8001
48008
36183
66185
48135
31957
4250
56913
6338
75639
60203
24422
25904
53683
44144
24142
40695
59341
95663
53420
38439
15961
99037
58963
12581
87230
4468
91186
53310
54709
7917
13166
79485
21756
54453
58956
26176
14482
43011
52443
84508
95077
33931
68070
29996
35321
20198
91680
52066
26751
10862
16223
92104
23588
87188
84214
31359
8886
11350
19164
91551
66223
71181
41607
40059
48588
53370
27610
12972
68694
16146
51447
30165
91442
62283
88965
16013
6129
4164
56063
91435
58710
61435
84757
75002
98419
42204
72971
39538
51035
34541
79339
95298
17627
20127
28232
32487
87853
50584
43009
82234
4473
77403
13170
19436
2625
44504
59250
57909
59219
38274
35620
29532
83847
48004
31516
22726
7555
10041
49700
87090
68534
87248
86543
33712
68745
55359
11943
57148
72096
66297
97089
40451
28907
6078
76984
92972
72158
23305
9190
53159
46650
95104
7261
16201
85538
20870
48223
294
28688
20452
67480
76033
99573
9793
36607
4506
98311
78027
8463
56296
49544
8251
63091
75899
1971
32575
44189
23692
93714
23388
91865
72613
33363
20384
33112
47014
60092
44100
89180
12699
29258
47261
91740
69579
3159
54667
84
35843
58453
81149
93200
28391
55014
40746
98317
98785
59458
5693
64345
11713
10321
44546
87572
28363
82049
71640
9715
61966
54889
25210
40333
53922
700
73211
370
34293
83727
87311
19367
4354
53651
64329
57054
63784
40372
33550
81173
62345
31572
17711
60465
59936
84321
34364
49307
75620
621
14209
11809
76269
29575
58517
83490
10336
63351
52772
38979
30251
9660
87639
32109
73420
87809
88567
37889
65004
75645
14426
55626
30556
38444
89104
34172
63112
33974
10673
1457
90580
16504
46765
58608
30384
81270
72598
80420
98221
14471
5352
92870
22587
1434
338
43717
73803
31423
34008
69143
21995
89361
99295
89262
1163
3351
66955
34385
31848
3028
16162
62164
34425
60216
20013
62556
48177
46705
87802
11235
44460
48108
12773
58761
32295
73060
99607
46039
72835
25514
26117
98795
1766
87012
34107
28563
76892
58875
5798
53433
75478
32625
20349
66128
63633
155
6780
79895
16247
95806
87818
5255
464
18261
63684
32860
4358
83803
99705
61439
18785
19659
6037
64538
59363
79541
7687
13905
73527
49974
74759
3288
76738
50255
72157
84446
18779
89129
91147
53712
10091
44517
92090
24066
79554
30716
38593
54220
652
53838
88680
80998
84948
68230
95360
93739
18428
31499
41866
75705
48899
9246
84210
46131
19968
40503
14877
30997
86926
88982
2297
43950
91378
90948
63316
29145
73236
12051
21728
40807
55200
43585
61033
96782
53438
2586
49521
45988
31923
24460
85064
79387
74490
78320
68787
62651
99279
84229
10301
36274
49423
9382
87423
80423
83583
10638
49760
22945
25074
25385
13046
20187
20336
17821
50876
20403
35280
93547
47487
21416
47025
98446
7398
5272
5753
88336
89548
64132
1953
1383
25923
46021
73221
80813
34936
39017
68230
21707
57084
89276
83314
81027
3235
80539
5475
99115
31225
38254
36551
12603
26759
96672
94126
33544
98767
41665
1676
72293
52583
74193
56993
36942
84348
75678
17017
18955
90163
28520
74350
38819
38475
18225
24944
20386
71608
82232
70599
92803
44950
83227
34386
30877
26330
9303
8224
12198
71682
10804
78337
24792
63957
674
17431
77622
62492
17496
42792
49287
67304
3389
75946
1386
77219
17738
59408
43133
31847
35340
87629
58159
19789
71512
63229
14350
54417
15483
78620
37636
33755
15800
29465
55767
24510
79432
86746
57045
97775
66170
53594
16032
36444
39410
12690
27346
20615
94302
42091
82490
78634
70543
88583
17040
47219
39965
23578
16608
15760
45676
50265
97523
69140
50428
41337
47320
19778
51710
84855
54986
39853
24571
30751
11180
38450
68541
79195
55970
62263
54687
31921
55783
60930
16472
59012
51536
56071
3721
78964
1097
17726
85120
987
1809
32797
58158
25062
6725
88801
70086
96360
13991
52231
47392
96154
27324
9072
59425
77109
80878
33218
41621
54534
83819
32447
98506
20173
41549
44447
23081
92888
97132
76401
94485
19251
12900
42088
54910
23727
17913
82452
34958
55288
37798
20520
26590
99002
20189
76999
85010
91900
40005
50527
71595
81977
66627
2131
52052
74532
89567
57743
1204
56977
86430
99837
71109
17201
97623
34288
11142
87968
48952
39545
96975
24605
11283
75491
3877
79901
87840
50789
41261
79229
61648
32541
86485
99547
76929
4312
23763
24432
32043
58402
61744
14500
93649
63872
1940
40763
35268
30501
30828
97978
62354
28401
77214
1514
52386
87653
6819
93787
46754
18157
99868
67850
547
6465
99754
10462
36470
25473
60083
92092
58567
34890
73146
4394
83100
27619
38485
70052
36826
18613
10097
87574
33486
85759
17414
96412
65594
80091
83300
92260
99448
85546
267
46096
97849
4131
40730
79509
69828
19149
80544
12849
99570
69824
92312
24689
12361
34392
96859
4017
80551
84820
23395
22893
19007
34706
15042
7427
69206
81665
88027
75652
77668
79145
50657
88033
76295
79635
20993
77879
83501
25588
22727
84
7901
26252
89356
72603
34870
45868
68899
42916
50303
9651
48704
34775
31730
30954
942
56803
21477
43154
92715
12674
68824
98413
60340
2322
60503
13989
53651
50277
24779
83024
81483
46718
12252
90322
61972
42500
64680
41684
44057
79225
58120
35132
324
80615
80061
27091
37168
95604
37516
58746
82242
97690
69049
10222
62074
48738
60475
66038
13615
79292
52382
28813
78109
46000
96097
34600
93674
90897
60661
11764
20920
23195
62614
90702
48936
87750
22468
69915
65434
28797
2923
56485
37038
72590
18884
9976
12479
62862
97037
92002
92765
84377
15166
92905
90577
45765
81010
93260
10249
21541
96668
42157
94140
58565
37261
14790
53507
38928
35582
16799
89062
22217
47289
70140
70385
93820
38029
84806
71042
32069
4319
4552
11070
80045
94166
31327
99484
35768
44429
14942
75245
74950
32772
15971
76596
64433
45723
87366
32315
20341
1175
55865
93923
5205
87395
93406
76311
74351
94626
55323
54516
37013
89234
30817
67490
7314
17674
41797
19489
70952
28779
85759
76448
32084
51091
72750
96255
10840
47843
64880
49077
36609
57810
52959
31261
82099
66274
63224
9128
17773
96890
63300
39597
98793
86578
12245
19238
48375
3438
94431
79034
12337
73250
31534
83470
88849
60597
77938
5077
19868
91264
74606
46842
9771
20220
22438
78806
96299
6719
90759
5222
98720
70050
56990
13828
50199
2045
87588
53012
78006
101
21796
68669
34867
94702
31883
90124
63214
62953
67540
96638
97342
79927
81816
19152
84650
30018
35576
64304
94747
11348
55287
33350
64848
10762
76913
53810
55162
51411
3347
29387
24244
55938
45849
57748
21522
89112
60696
94652
84975
18214
88927
98951
51142
23006
47321
38305
71106
30374
84548
69678
15268
19814
63876
79038
4706
37304
40718
35817
81593
1063
22780
96240
56369
93413
99758
85932
97100
14407
87644
91800
49820
94052
52819
37479
7152
62468
23254
26432
58729
92991
42645
22228
39649
44867
97669
43593
29155
52419
5091
68389
81389
27181
25963
44693
51517
98251
79622
35073
12332
5032
27941
53680
80903
70798
44693
83446
2086
70468
31451
97256
90007
24901
54460
18501
44244
56202
86703
56109
2203
36482
53298
23768
42901
89259
47313
51418
6995
8731
85833
43039
57516
42645
18281
91374
68700
37431
77583
37540
76005
72963
44816
57234
19002
74237
54848
51456
79030
77651
35023
90232
92282
53490
54071
49972
70985
29534
78539
22297
64076
92136
49492
78952
16377
18754
64872
31935
30090
6263
96972
39608
17568
80944
64071
50438
53454
70885
86936
64568
61278
1370
12331
69387
48623
8956
51452
92436
49415
85053
2955
20963
82069
80967
61595
4317
57358
69053
52424
45054
13979
87663
33380
35820
68112
43558
8263
25204
91833
79255
39323
64065
42824
56382
24662
39452
85379
36806
12170
30191
57203
72358
80257
94462
36759
66584
18204
39204
2814
89591
58690
87572
17094
58432
67372
51884
78783
14336
78818
9992
98069
25600
62170
80336
19050
76633
96486
98085
9832
4868
36934
1037
20498
88502
10851
4278
97271
43394
23420
29225
50808
98340
90721
44094
73492
90636
46758
22226
42473
21846
87500
74930
167
56101
72989
67744
17645
15747
17154
2493
67311
86110
17552
62939
45155
42114
47775
99600
61881
20126
66818
66302
35049
83935
63098
33551
10051
16347
34322
52137
15563
16516
4246
7307
38533
3074
73679
32747
95259
21173
63111
77467
69534
53063
56348
80608
79847
14263
88141
46761
97136
35991
74841
66811
6422
58030
1939
34778
44422
71495
92869
76775
16735
42831
95598
42524
54152
14283
78666
96479
80463
17041
21130
55219
83141
21649
98117
32723
46335
43147
28283
23336
85184
6880
17529
94964
63114
8605
73850
4296
9701
9888
50806
94385
28330
48685
4718
42082
59016
29093
33709
17723
47869
15906
9617
71586
3418
48427
10437
8908
96270
44171
70170
5889
77931
78683
17258
67066
71377
19378
5804
99157
13475
75544
26133
55735
11058
56858
26469
41099
26394
27812
42035
37246
97317
90127
17932
58618
13094
87802
19168
29418
46512
60655
22691
62966
36630
82966
56493
69125
23241
81622
50746
87710
40109
30974
44469
90383
79554
69906
21874
22386
39112
74829
3299
48580
29676
8229
62001
63575
33260
65233
87820
15496
62623
17057
38967
52930
63562
8799
86208
31941
26630
27540
65909
86798
24841
51942
34747
28231
7991
65391
55319
2284
77750
59084
55690
43783
57033
85577
78493
95232
47351
20407
55218
65071
47578
60245
6676
50040
11073
42200
88230
5765
15102
82358
87089
15003
4488
93709
60945
78877
96694
53274
3681
14971
11200
73336
62029
36789
35236
64214
78083
81299
33092
31264
92752
52064
46640
21657
65905
53906
258
87610
24866
45441
75429
84625
65744
56224
20306
72763
3841
39943
67337
42507
26431
64917
16827
82285
20941
76117
76731
96664
32832
34882
44954
67085
46365
1097
95471
63275
58800
34688
23312
43113
55094
4939
94935
83474
97266
81431
99502
37361
1634
12494
15624
69037
52242
95049
96463
22882
85001
94651
78148
16264
29874
70370
33185
54893
61523
68151
8177
78868
58043
68316
43766
14733
36474
17787
70636
46055
17251
74294
98786
44511
93759
30724
37780
19506
59869
6296
22280
67545
26476
51464
78935
19356
36097
53447
62039
54469
61004
85876
36984
48343
64318
38268
11685
296
97132
960
21453
49165
74224
24880
89706
28456
47409
9495
36845
58776
67222
54338
11472
48673
43978
12258
73727
40887
70841
62736
64101
85933
27633
47068
72831
62281
8054
42225
18792
60147
79255
66538
76503
87138
1563
55776
52571
19371
22762
54852
72679
24709
90698
54384
56067
57365
38176
40646
68112
77721
58955
25515
47749
66466
54519
80593
16212
16476
55517
82890
85912
21317
7407
69010
30299
53930
21896
90263
72328
74540
57460
23786
44705
87815
83604
19958
31916
65043
88330
97664
92988
20298
81009
59159
10870
79994
19502
31200
65488
37438
45361
93793
81621
6533
40609
33606
62498
33091
93268
81918
91419
53370
84687
63008
85600
18983
91651
56283
34929
14322
97618
7064
63204
81779
40115
15053
90921
52174
29890
25261
65746
41647
42193
63375
6919
62367
12533
45847
18168
44179
85916
94341
41208
36929
52879
21141
2775
85679
86521
99326
35427
41893
72539
51392
32893
55221
81774
32035
89548
91256
5660
84469
20241
10719
90030
64789
76515
89642
42050
49694
41942
2330
59843
98274
56117
24493
15418
89090
14188
51707
76319
97366
94027
42519
66040
96197
10693
31065
20515
97254
25408
45443
3902
3396
63470
6404
39821
88713
87147
19116
25296
20216
15358
92070
65232
62764
61589
26544
7236
87985
60634
61512
46443
98005
42675
23203
30686
11278
79962
23389
15142
92471
59366
56691
11527
64049
15313
50106
30687
58327
54310
28309
48764
39159
89617
63979
55919
7915
66536
75727
41504
75398
67738
58047
46952
46276
41348
24808
99924
78223
47855
93997
43604
47870
11282
5016
40405
25035
83597
86180
7949
77429
28029
19522
6780
30123
54638
73564
29127
32234
27262
63349
62497
25588
20224
17133
12989
54417
37290
97107
32752
13403
93293
61436
30347
94014
59306
36325
98885
83460
50734
2458
35879
50177
89090
44832
65209
45545
38401
45428
64643
82049
63683
94303
10155
61154
71949
42212
23379
22737
95415
41984
54185
581
22246
89131
92976
12107
63046
64944
97059
37335
51638
59516
61739
19714
88673
4100
14267
61931
48580
33142
13585
57683
31073
66418
60931
14592
38466
59629
76813
76442
8648
701
18739
60886
99005
7222
2133
67554
91766
15296
99536
52817
61130
78687
1956
85465
61530
64958
37579
97807
38191
62358
82961
80753
21185
90822
9553
50190
48938
97098
42434
67098
31225
46299
69184
18681
22832
15247
63920
28200
89028
19815
39877
16161
46689
63
41585
9533
6019
46998
51232
93011
87127
18316
65602
68761
41750
50872
69600
10501
46273
60041
5857
96666
97156
69286
25586
80417
20912
96063
69444
23839
54646
42465
96034
39058
34798
48129
59378
89005
48808
79511
65049
69727
45126
12593
33334
56220
8554
70069
40459
70636
85546
79277
20256
35253
36301
20188
3792
37762
21348
16338
87966
54970
69545
55821
41923
3279
31485
36783
68196
1213
54592
89918
75610
13527
66474
57640
38210
88029
59308
6113
26431
12058
91394
19594
75610
14173
4874
36076
58895
79477
55201
51381
85919
9467
86539
48665
76420
98705
98707
892
88919
5229
77823
21299
31272
34607
57144
81698
36449
84138
10772
71977
38539
17616
53256
27011
59281
930
72945
5895
88766
88531
14916
20580
33178
90474
33332
92797
37918
11899
53179
5443
40362
54617
68021
64784
66269
7294
76268
34232
57452
42590
26661
24702
39536
29989
695
25364
33041
75298
52637
42789
52261
3361
60769
42315
50817
70066
7993
32061
96883
99943
21481
60122
72985
69050
17022
16560
91964
48116
81492
20125
93155
44567
50084
25305
93622
30752
70436
85130
610
18887
45173
16108
47260
93903
39763
42858
75189
66646
38689
99206
70208
28840
61331
32108
97129
76977
28993
51999
20136
3187
60238
55339
157
21320
16972
87811
2373
96762
39396
48130
61752
9318
35424
14778
2299
66402
2769
73781
75513
25435
78556
10529
4814
52782
54808
66689
34968
9604
12752
47515
2889
30258
28451
33718
35389
76607
22773
42320
22782
39244
36144
98412
2042
95640
3887
82583
23343
37247
11385
99034
70872
51153
95276
36118
90066
60674
2057
9873
8896
15806
37496
12765
72624
25012
57757
85537
77937
87561
21330
36707
43811
85117
73447
47385
57473
26293
50832
69366
21461
27896
40323
71938
84760
91908
81245
88873
4925
34241
52266
41009
19526
29773
15256
8240
66961
11758
81753
26312
47977
97434
72617
21130
90954
19541
95447
15578
93302
20284
20878
25728
49169
12369
14122
25059
23395
41100
94611
33871
67116
65807
66566
76571
89449
10849
88583
50033
78987
80505
65384
73117
82029
22758
2444
35392
52118
65307
84280
93217
628
74605
33489
61484
24065
58416
35137
65239
2377
3143
12252
73568
28857
87032
89084
53045
56049
13480
249
73745
87102
53742
24175
40894
7555
56044
94860
90246
89131
28505
25603
12150
31915
26311
31080
34102
42270
25866
92768
44803
58483
78507
36686
66037
14986
95285
82562
31163
19715
7083
46731
63228
86693
63749
68184
51090
64861
71681
1265
89927
3548
11378
20893
23718
57908
87006
9267
40057
60965
44022
73122
32654
79783
28530
7081
90354
51619
29422
23847
52241
60479
95607
41086
5627
50269
36698
87564
27558
84181
49550
60093
41113
22608
69330
66348
11356
68465
60508
3938
53883
88696
81746
39250
85933
23855
54433
98671
79880
78873
60985
40541
47596
14467
91749
40323
82933
67538
61109
27454
50603
27060
6290
22433
62560
44938
83975
24854
76241
21011
13658
31425
33120
80584
45981
52577
64997
91647
14590
21132
51692
77859
52241
84646
38030
42284
11793
52780
24178
95551
16060
30768
71620
40643
95945
61824
57043
57236
67981
5472
2067
62739
38354
14233
99150
38791
82997
66604
49934
51091
43019
63765
43246
64094
14047
9119
3822
21923
42310
72620
96767
64083
71974
96265
67894
89808
3528
4523
17247
32990
53247
97589
60422
79373
18282
88061
23122
67810
49749
14546
36888
74285
27150
42310
69526
86558
42000
47818
9549
38390
50307
16562
81463
92319
91631
65099
40005
42313
48346
54156
84760
63907
84298
482
23739
93885
16654
73568
44151
29358
72468
59889
36488
65718
26648
25288
24839
38603
78737
59251
89174
74187
45583
3919
7205
33081
79035
54505
27101
9609
31497
51939
40089
1929
20636
90403
75503
50317
68558
80817
92092
27683
46491
43837
92332
34081
17777
5133
2666
79885
23697
2706
61556
14201
18711
91389
99223
9272
90411
38838
44803
97594
87999
5102
72948
9150
9951
24256
96105
49712
78833
99384
95729
45455
22434
94057
67015
95027
29441
37153
71390
45269
86235
29325
8799
59612
17810
94051
85833
34505
96698
60362
88858
95115
78560
55065
29720
24286
91019
64196
38495
82641
60789
11620
59588
25050
72024
15914
37191
62195
11374
55511
92019
23664
4069
5166
52443
15034
27928
73057
34184
77143
83351
7527
23856
52241
68115
43484
61176
93716
80927
50990
25405
7780
96242
84265
54959
25727
12665
59013
94036
6925
64520
52125
79118
31081
63143
27134
3684
7206
50507
26411
82421
42146
97119
41085
4706
26528
67823
29627
61464
20309
58527
37580
73245
77365
73543
33977
29042
64745
89017
33292
72893
38724
92079
66675
69433
40792
62399
64737
56652
26029
30847
58715
99351
56270
17521
40295
84227
95264
17969
29055
97668
77954
74371
48615
73296
12822
71562
2786
59247
98494
84045
7367
35495
14250
46230
94401
43349
89295
83510
45917
2442
16649
16634
20662
96207
93656
6161
41612
76256
3890
73391
81111
15147
43077
6237
62073
30762
53753
9459
89729
77392
526
78796
25370
22914
83579
72407
27869
15247
69841
36869
30256
18253
8031
44259
43908
73219
50020
89617
25550
30998
26254
56507
93080
38657
67122
48998
80944
89136
57306
28799
35249
57431
12180
86346
22833
11519
51798
84855
32044
78390
18255
86838
48144
51923
33092
16693
39578
56481
81398
62226
38740
65607
46081
91139
15115
84870
20490
66268
50228
21107
88329
84791
73817
41523
11246
8584
20230
94668
68671
63810
3146
94140
6905
46876
23706
32868
37499
93741
4281
46464
6116
28543
88428
66540
9028
75217
7045
68324
34956
51029
90215
41705
50094
26554
4165
45552
35128
51331
70293
36858
43417
31404
66603
43113
24392
60632
36530
22285
23810
35889
149
40057
47279
62952
76529
323
6037
67229
11253
87029
12278
14937
34119
22529
62058
39566
24308
63609
17907
78327
97200
21762
44404
95915
14560
47025
2586
317
15926
12790
76653
8511
5112
51418
53253
3281
71247
95028
72546
18546
62632
46477
75567
32909
70575
22414
61509
300
14045
20492
28311
87446
94307
66072
99708
62440
28729
35053
4125
46812
80017
25738
44119
45002
89027
27199
68140
19608
31924
69774
93929
1451
5848
21658
10653
43180
51323
51951
93422
93262
73589
33910
91022
69789
19516
41294
45759
60841
22421
15028
21796
61739
3649
44686
30853
20699
50214
52321
54302
42792
91907
44014
88112
63923
55051
99661
83816
85922
42835
60686
28720
32446
66580
84551
682
59167
26413
52110
24900
90407
67409
18606
21941
35533
48041
53287
43010
18603
98671
82603
2130
44681
39978
98043
79809
62245
25034
3580
59976
25773
75286
79422
17733
20521
43941
18554
45753
30777
18577
7298
49924
97987
80354
36469
43762
7237
86855
33976
95655
31381
1126
42321
97240
2965
85712
30220
42595
26027
42251
64827
56397
75296
36304
54713
77683
97934
74864
30943
74726
66951
6275
55448
96871
33451
27221
53998
50114
75171
43674
3937
21620
23325
92486
7829
70202
61340
86084
75919
55706
80993
23372
15720
48841
59768
17514
22152
64852
31789
93294
70322
5642
65133
13975
12455
69490
62396
44558
60816
75425
45705
5854
37787
88416
26908
31287
18643
81572
31544
12605
14320
21951
86044
50369
16023
7213
47958
75349
76535
61106
68797
65560
17045
3405
5202
13491
51029
41113
26516
69514
44916
76614
93965
14921
75589
64323
29068
18664
34200
46313
23258
22172
80847
37862
54415
60934
89332
56270
82125
43748
28317
28822
56184
68901
85485
58646
13924
1511
55864
16377
38118
71913
92711
61310
99287
64395
77307
14311
11202
82662
7431
48637
43340
75082
96047
33602
97690
47809
97211
2678
41257
82688
50183
79016
83293
10474
49439
2677
4390
60191
24318
96628
7876
40362
52411
95300
26385
59458
29350
39114
86970
59262
83126
27470
26745
61972
71158
98889
90227
26034
98372
67431
47490
99503
30324
71641
26244
35877
25534
5948
11024
74688
10048
37744
89179
96829
13650
20437
21278
15604
89614
98741
34754
25576
28894
83276
46021
97120
751
61710
51958
67600
19523
60915
72298
24872
60335
45029
39506
36291
37889
48661
31992
89753
19321
43038
12601
30334
48597
23383
75541
83235
37933
46946
75222
50122
80595
61591
83600
91465
98419
69379
24279
92755
73197
73437
74370
71578
82027
31968
25531
69352
62375
68697
26060
86200
66932
75111
96954
79928
31339
39531
34504
78203
2145
56826
93204
11402
90551
22976
28012
79099
83529
27659
22737
84585
99071
39986
49778
89769
16471
64264
82711
48320
82593
65865
47799
15366
93854
8110
30422
68011
20165
62639
88938
82727
55581
73260
67885
32418
36774
71636
11753
70648
74857
54377
31964
85505
81264
457
65507
75298
68092
98944
11528
99054
36886
68452
18454
34890
69152
54674
86276
2391
27039
9935
58044
20043
9770
583
31223
37838
49698
76095
68441
32396
92537
72662
73754
89219
54187
76006
81403
97983
740
20404
56707
75156
20320
54432
89638
57064
64706
89048
38043
59531
6236
38809
78341
58689
73946
15131
64480
19122
58055
99689
69885
90935
10583
48479
2346
99581
49149
79848
54192
78841
34124
74689
66712
82234
13584
23121
75577
58264
77805
96241
3127
20744
91532
12583
89108
40814
28885
36439
6701
94863
24762
71556
81364
43404
70697
71856
42577
91221
16274
30711
45503
96674
33869
43684
91343
79310
22334
79454
74177
72814
68668
85129
11102
45742
92358
16447
96307
42299
88955
92135
30124
38370
98767
96967
39670
55113
52102
23106
87108
83723
52840
25946
40803
56075
626
72253
481
27222
4838
73377
63775
35897
3164
1041
10933
91668
68612
41807
70743
37336
5284
1650
43125
45112
4847
61619
54127
10268
80340
77011
19420
95569
80448
58694
53359
40827
98183
23389
46556
3470
20654
59133
76072
84965
93426
99757
76752
66970
21211
92022
14189
88870
14369
98487
21027
21367
16787
48092
33586
37835
17548
3450
84413
83444
57056
50178
3313
45575
64498
24515
11125
36766
41572
5781
18447
61684
8571
48865
22653
22491
26402
21262
71230
43040
83153
84202
85756
16647
36816
56500
54877
16191
43510
42039
12498
88712
48410
48829
26531
30613
48538
55550
49607
42558
39329
21930
75161
66999
93559
37509
36111
60940
57677
50214
25346
8152
29050
54504
42277
57578
33264
12439
88280
99149
77628
17294
48695
50402
46751
45506
93082
99174
32108
45079
76284
55322
53024
60260
9338
35287
45262
65143
88392
83040
88327
18990
16281
3896
17551
80763
22359
39411
46122
1866
48661
91430
32473
53654
47323
91156
93514
73754
11868
53711
86562
83392
69394
83724
81962
89143
46958
96530
94907
36620
42336
89512
80144
52916
70168
86455
4819
52288
97240
80344
99700
72721
16935
2843
24305
81457
88572
83442
7208
24945
40921
81635
36835
55365
7952
46778
51618
19671
21811
17206
1185
89221
41410
51159
54619
8844
33421
18710
34259
18205
72168
52739
29840
9817
49693
44810
81086
82209
19974
65919
84192
49948
84029
39591
4263
16422
82091
81882
96471
88345
90524
99684
42294
6619
15247
39301
69178
72717
32322
59684
73875
54120
69525
98584
51881
37604
87630
56720
47897
89995
41983
78069
12661
5276
58017
14119
52369
90898
18857
90581
63144
23598
50064
22310
72338
49166
40196
41638
23677
16422
21087
22547
13796
76685
35511
24167
60582
58980
38143
19247
98405
10838
99115
78983
72734
68939
29259
34634
30780
46326
54373
8960
1551
76952
41408
54470
79292
79848
66821
58449
86300
90252
46497
5619
40058
25249
27259
57601
15788
81126
35870
79826
75457
97102
91368
27479
12496
35078
34668
90220
7379
38574
36681
12042
7682
23250
65557
45923
16423
62869
43895
21327
12969
88240
88466
23134
92684
87594
34638
84215
44502
58193
84387
13949
21418
21111
63736
14297
28253
89966
9391
52574
75388
80170
37160
63242
29617
83847
33338
57138
83614
50924
20156
15360
64834
37600
87504
66583
48370
24241
46044
42169
25852
14412
13209
99262
49531
98533
6142
97960
63177
3862
44549
67187
34338
17873
86648
55757
33178
37382
27302
15917
39756
78851
71198
91909
1858
96499
81223
43163
34286
50976
57365
75476
41066
61090
62833
39977
89260
35762
61229
91106
44758
1082
95234
90336
76019
51935
7484
94742
71736
47106
5269
36826
99573
6945
5269
819
531
23621
81804
556
92451
52364
94090
43908
67746
31445
19505
78002
92226
70711
74428
88965
18933
75273
52960
28749
36081
61441
21591
4965
1437
48514
90549
38668
76145
87735
828
49565
61107
69132
50656
5947
29904
42528
30870
49129
8451
21773
88504
38549
47985
67812
28400
42015
55318
57394
26584
2642
94903
60926
87289
36682
32230
64020
47877
76101
51022
97172
1561
68789
63521
83060
87486
93367
14589
24698
29836
67594
17816
37367
14352
20974
8621
95924
44920
75451
24333
83498
98090
73504
16470
13258
97671
67258
47019
80517
82734
24842
43741
44565
58598
93803
40984
42078
19588
7540
28860
37185
49143
58393
75268
33743
49496
6115
59740
86388
46219
96085
71992
75390
25426
44159
98977
82100
71598
8512
53818
76663
46177
72044
45278
30496
49899
78350
15584
67813
53397
32571
38121
43622
49112
37380
52840
87717
90079
48721
96944
88913
81725
14223
18736
58965
74994
62263
84030
23143
47540
44226
77859
72866
36514
21598
25104
40765
55703
37051
85672
18601
67219
37598
74181
6849
1674
32026
64396
51585
27744
6433
46949
33851
68587
34371
42726
67043
70472
21646
51471
28648
77406
35718
59882
38448
98817
20178
94391
94814
40005
49751
159
45065
43746
21267
30211
95404
79928
36955
29317
93556
42509
31195
99524
44454
95988
98900
84026
79167
33045
84095
18880
8738
73614
57057
44512
65805
53304
82895
30568
85017
62166
90766
10680
45767
40173
20781
66591
70048
56191
71672
54424
29746
25133
30852
77870
68470
42361
3767
10539
43930
62059
15902
37954
53681
53162
77508
55045
53077
86578
86577
64366
70645
89830
95887
77471
54023
61364
14921
19479
63811
85047
24931
57925
46111
10064
46452
1905
98936
91293
43365
69215
44119
96091
83278
38726
76558
16316
63600
41607
22146
17687
20970
74280
50351
64090
68501
47100
75300
8450
14794
60242
64599
36699
27587
20130
80781
93739
96228
98359
76974
87053
70026
29399
64932
8381
465
71798
38438
99785
53987
83026
86817
86695
69730
39264
11992
52403
74243
32520
35881
93149
13664
32162
49304
80068
96115
25042
98173
35691
72231
78354
85444
72479
48708
85594
18271
82112
77998
76201
14932
87535
5324
34347
38419
41846
60270
89760
28050
78417
15411
96204
49216
24492
35610
90799
73902
26160
89717
84870
55421
27862
65223
11935
51287
28058
86546
79305
83188
20704
30760
7045
19311
46583
33078
75862
17587
73942
72184
61165
1687
4945
30951
64252
76088
76385
98600
11608
91000
32032
33882
70561
48375
9383
34724
77481
33558
80905
51112
96744
87632
34210
76732
22540
12733
70925
5845
26632
58921
37732
13014
37628
24010
76967
97392
4761
34057
56831
81262
94841
81158
92182
84260
73307
65863
80127
55649
93427
55457
64780
67759
72119
99043
67966
60041
67831
91356
44458
89437
44997
44835
18695
49933
69259
52266
189
37692
23972
67743
30112
5775
54440
65500
11752
53552
23627
30659
87466
55092
31714
43083
39759
59107
9304
73348
78384
68932
75937
14717
4494
43341
37585
98092
60103
1328
40138
90135
14630
63185
79000
30656
69376
93541
96165
67164
37597
75965
78488
75576
35161
27700
21476
85864
66932
15658
87491
9608
59454
20574
19051
85193
23541
58496
62257
49595
5298
82260
51081
15428
70686
95720
80261
89042
58542
17032
7379
89050
106
94200
54093
9519
98039
78074
59248
32997
93933
31845
40760
47251
60676
85813
73156
78128
14025
51194
7566
56260
96646
58732
38089
4666
1065
15726
39479
51815
75170
91722
5856
89972
77556
58352
65623
4185
95157
22599
83925
8749
92927
603
39170
15817
9203
9086
54690
36432
19279
44932
30377
74670
36641
40157
16966
12539
53434
92089
49662
85588
84677
79670
72487
25447
50021
14734
12488
77792
14564
26390
88974
93858
44376
88970
43507
80411
80176
96309
6077
54732
15576
2121
92918
51118
99475
67212
46781
79997
58849
52676
50319
75667
76730
98792
55944
81838
11514
52890
18309
50483
27791
82662
48119
35831
71690
45681
82530
27584
80716
43162
91376
88722
9723
8130
38950
13329
37477
11486
86593
40573
90089
85915
19900
75189
37824
29841
20127
23978
87826
59518
72545
60517
382
8636
36443
86826
50070
39422
37531
87884
75547
92581
71057
82130
53719
91127
79995
84645
521
90825
91075
95275
30677
78491
4236
89519
12943
58239
46358
87910
1210
48785
27139
29440
7809
28017
26541
79729
34614
5948
7184
67130
53071
44712
93859
36636
80628
15388
62341
8863
63612
96554
74650
27509
35634
67390
66948
93771
78151
31458
60932
66556
11316
13529
25209
42424
8749
40627
85058
17327
16223
54455
49990
49369
68181
3601
54334
93850
29444
59813
13628
23744
38242
73439
69863
37208
80261
4840
97208
72326
54480
15701
54434
11883
6957
96313
39084
94882
96328
42819
61400
97690
9585
4127
64164
85434
19181
92257
25315
37842
82767
49945
53566
17481
22012
77588
58434
84480
82449
32443
99197
24679
21360
70910
26240
12555
89249
93075
56264
3248
35497
28375
89540
46970
80112
55159
16022
34509
58371
21544
1509
80884
25022
66209
2406
34793
48799
2239
44343
55097
2474
73005
9748
90512
91814
99961
59161
96936
42534
76645
49802
41180
40798
65057
61380
68160
71102
42039
99616
39251
59851
93458
7231
37532
93397
92914
6076
73953
79702
84856
58013
3765
67485
17153
70635
31467
93464
43127
35865
75048
94253
9588
69953
95386
95959
91352
71201
48677
52161
49490
96767
67183
52276
73703
78676
92966
1428
92785
73806
13600
20612
56014
8558
67395
1374
9641
82265
3811
59570
8845
71083
44790
54490
9922
89895
2633
68944
25683
15702
73745
66108
49234
53313
35630
52973
88699
72727
61935
67151
37838
72776
76175
30141
54699
34833
22089
84468
97157
43621
80630
54837
47064
89437
84917
76537
28604
39517
36661
45797
51628
94671
9960
72571
29997
55719
49090
44894
67904
4342
41402
84701
73228
94288
98669
25874
36650
8296
16124
92748
17877
9128
72922
96381
92707
70150
35316
84900
61884
25475
42474
34278
48955
95068
66281
49601
24102
27820
22620
84471
11427
12410
49967
43447
72617
35306
56523
43204
37206
96432
49307
94670
78773
2694
89496
85763
62553
36885
93821
82181
33145
34648
63972
19688
31855
30176
54464
37826
12154
18602
91242
43558
22902
53417
84090
18148
60550
16955
29327
87480
27486
72596
67990
7212
10281
84055
29432
44711
71186
676
65289
14296
86413
60417
97705
56322
44195
71990
18728
35133
51069
60439
90934
69875
61061
15614
43546
45625
54320
50113
82290
27255
27465
55944
67618
65293
93928
50379
88479
62633
70864
80498
50350
27193
19169
34600
87416
35211
880
31386
81780
30752
63885
6185
31293
93689
40917
80422
81401
2794
93576
15086
5614
81888
3575
95255
6711
30534
23910
24812
82927
5563
76200
29865
48493
63709
20713
28934
75745
10251
22621
80519
62633
36468
38394
36114
50604
24391
37866
72785
40203
55593
67593
61206
96652
13306
58380
4811
56805
64130
50490
21449
12861
8613
65336
40115
75553
9884
16689
68267
94502
98822
99517
93056
22705
59310
65104
75640
682
56530
68312
56489
17889
45273
697
98296
45698
2927
25542
28433
20865
21312
48733
75727
40575
70086
89364
74047
65862
46020
62581
66999
96366
43305
66386
13824
11703
15963
30933
47183
30195
66182
73195
36611
87211
12233
39818
73373
65854
43830
52663
56433
30224
29877
70046
50938
15950
11446
94286
19965
19212
50233
79197
95209
40869
79072
99363
29631
65754
9985
4679
54450
32735
64323
49828
15210
13808
29882
62291
47548
88596
20237
99377
88909
87505
60209
71210
56437
31913
23004
44729
11365
21509
68069
19682
93019
73372
23576
9197
12589
18272
27921
12462
69587
33070
31755
77411
11388
91920
62437
82498
81052
80324
94916
92760
13634
50902
1437
19560
7893
17742
97596
87700
85146
97714
7085
75036
82449
39583
74617
13086
18690
4115
1054
82356
49636
89431
28108
71622
53824
71840
78344
87636
18909
28290
22278
15650
95181
46702
97048
98023
29537
41081
15059
96594
46830
5261
29174
53039
63822
6781
33380
28946
85370
38992
79129
2136
32111
39987
67854
89351
89811
21586
83169
96452
91775
26768
42865
99400
49609
45431
24897
65181
15521
71257
83932
80224
7096
99120
80503
5522
10058
39338
69202
28562
44691
27127
81932
25502
54818
87234
13569
81615
50483
20068
46323
68135
64496
85095
33224
81804
90550
69231
64622
47764
28386
2505
88347
91470
65597
26852
79111
66442
90056
55473
80087
12672
71422
57414
56203
69993
68556
5572
85772
75568
59610
22213
85856
52530
23631
73023
28578
62692
40499
21232
30028
86964
88259
69280
27101
65606
51333
33314
84072
75455
50805
27927
66891
33429
90376
64657
72448
88333
75810
33401
36964
96553
5103
75344
97784
59734
74999
3237
51156
39424
71476
41795
84907
39262
25746
74376
11208
10503
10936
36446
72864
14286
67271
3225
55180
62891
14405
11015
27026
54030
30519
66908
62988
24378
63971
50328
75029
39274
98969
26607
96806
85198
77741
3767
8469
30030
21132
29540
12140
37474
36318
81023
70998
14674
66224
92645
71827
90300
8297
45192
72022
79083
60797
36429
4896
41649
78091
60359
3175
4755
62067
96959
69748
37292
45660
85892
41753
72860
59176
37393
16219
3823
52227
31676
8364
31529
48282
18085
22579
43061
29044
15408
40537
87597
73670
22382
50702
93205
93837
2235
32019
18123
83792
72782
37442
72573
71302
32974
23924
38655
45188
8513
51217
62339
91570
23802
90737
3590
1984
64736
68804
87539
72190
37427
89132
64051
84966
56227
65147
84389
63536
96073
30839
7810
72076
18507
44417
81788
64425
92935
39447
64836
80567
55436
27325
31785
84176
61862
27959
52683
73638
39935
80809
67572
89808
63067
99156
71226
79081
88712
93036
61170
49436
97659
35942
78261
45814
54542
73761
85163
27737
36293
49801
20736
8864
54754
2499
22732
38824
31366
44093
71494
97902
27100
90601
18885
20796
55609
78886
88117
81800
33021
53611
32041
75135
60158
47895
1551
79071
3332
17968
46660
5064
81671
12904
35748
40376
68754
24161
38662
58812
99654
86903
99973
21711
74374
84359
79059
30723
71292
77246
79709
789
95850
97960
49188
33422
35020
3176
80133
54585
25840
20099
91650
93294
82161
24830
48852
94479
59154
72866
82083
23802
96538
4126
10199
91004
86977
12307
52196
88991
92485
92372
39743
13442
8009
10159
90934
43127
37554
49685
90930
40133
84378
664
61432
25624
27948
12801
40084
41671
90495
82949
25369
64360
77433
31830
52721
3556
38238
40254
37848
43011
37068
80372
82735
96328
74857
65431
18044
4171
40087
70212
97253
95461
56325
92156
46209
86343
78385
99169
53574
46808
66355
83389
67867
1520
41636
81291
8436
98755
17060
72787
59502
46740
82717
94841
72710
71742
2408
63714
81658
48454
67148
30385
38246
81203
36869
66190
65633
37214
77976
94161
20603
97137
25193
57122
96345
67890
82610
54443
77728
99573
19305
2581
93608
9352
4784
76299
56229
25323
21279
30919
91562
62380
75204
24935
51237
74460
48356
34630
73908
72001
9737
10676
76119
98640
22948
4898
72892
45951
50371
99203
29252
12703
81715
21725
37178
80999
44440
9033
13243
63391
13904
3009
93455
12668
63688
33268
36991
7389
72854
49092
77153
96552
12125
54201
37079
37531
3810
38864
3613
90666
23093
87648
95421
77359
92875
74968
84828
9042
93256
11395
11694
41691
56447
93526
64093
29682
33985
42348
35180
57699
40030
737
30095
14621
99709
66288
73766
48070
75858
22725
79246
85888
47275
3693
99703
77237
73871
90976
35829
46254
89125
2346
9976
36561
4436
50900
87303
58394
17658
67402
30183
81203
1403
55802
90222
5204
11769
85658
79218
68574
96177
86593
48241
28491
10891
60425
56462
92278
55562
11388
9199
2712
98172
3124
86959
22228
68550
83578
52923
12235
8210
81464
81930
34148
27479
66314
10240
49474
35310
50809
56328
92935
43826
76531
37564
45992
75785
41052
93583
99989
24541
87783
15423
50891
50347
67214
78329
28427
49009
61316
99230
81213
90945
66997
91011
6458
15950
15022
56801
11125
73884
10784
6194
75970
51636
55029
21680
44638
2126
3205
60504
13201
93302
38801
72210
65630
47859
84613
42671
67074
81175
64755
6044
88682
94692
26448
1921
57227
59199
43434
5153
73112
11189
33494
57652
65135
12421
64500
92214
38976
11177
75962
45235
25466
86324
29483
45989
3573
25529
28306
2925
53707
30485
79394
81533
3559
49634
99561
16796
69191
92509
68942
88296
92171
4128
99545
92514
61501
83390
48832
23026
34266
53309
10226
36925
23158
81261
13690
18284
34609
85836
84829
13898
22117
77137
6599
75808
49569
67703
94095
363
44481
81923
87577
70787
68015
54117
21613
82462
82264
14425
26816
16647
36414
64578
61496
36243
89220
61427
69728
66803
65934
16289
51609
70527
42643
88419
86638
91808
20033
5278
15740
50477
45728
96476
18105
32009
84808
85625
36102
18259
5542
74879
14670
54632
13354
99634
15058
28830
67817
41530
15993
56997
33734
92831
6131
25498
61836
49761
47332
85425
25049
1154
97345
1423
8639
67995
13121
10142
28212
39747
20329
30727
78758
39515
64606
32648
38832
18462
54568
18342
7340
66399
14944
58839
94342
85305
95223
73836
11399
77424
25913
8193
20245
90267
78109
11446
56425
5680
38179
16260
69410
87266
51943
96987
63570
75066
67473
45871
41837
78900
78726
23709
1353
87664
95871
31028
39836
23398
8374
60079
53023
70519
99080
80977
28540
24839
99502
45570
89050
64115
7057
29377
28331
84696
88787
94244
27579
12200
2211
55096
69913
12772
12815
80973
87282
1801
55633
80521
76307
67281
25544
25557
84253
1774
84501
28092
73623
6464
2064
74125
7185
51748
54878
51409
57250
74223
81820
11587
98086
69335
68781
99175
31153
60596
2523
74669
28875
80833
85953
63369
50234
34249
57072
7218
25647
36239
91620
9892
55107
38608
19679
41074
95844
78092
43183
35162
85607
49803
57627
70298
63058
39199
11692
11135
59483
22280
71154
94372
87711
83235
52796
84708
61788
89949
13023
37923
99249
75109
4019
92401
79654
44632
67063
36858
18783
71417
14484
74921
66012
78514
20678
73653
68125
84811
87375
95752
73957
770
80220
89158
2686
25500
94462
65405
45774
55534
82020
14979
25544
95687
27213
39605
18367
13657
50747
64878
49208
57599
92579
33141
96056
63671
33745
17961
36559
98447
61252
34514
12956
23904
10237
70526
97148
32449
3958
46077
52337
53727
34603
59299
41912
81221
50206
81795
50517
64244
92320
27042
94753
63604
90906
64756
30705
98953
81072
11276
11079
87129
85567
11486
57115
42005
68626
20220
56420
66260
66398
94595
6816
33631
6925
80580
61664
99347
64496
80767
76455
37090
63855
5938
82001
71580
74554
56709
51751
38992
76248
81954
7075
76639
72932
83468
37030
57364
20555
37497
31897
67553
4238
73783
87847
4736
88816
27965
45043
20396
41931
77586
69
95188
85919
69573
55105
20018
20796
54962
53601
56581
65869
69313
81772
734
34850
81969
5982
15152
34056
82438
2428
6549
25795
61888
36850
23173
3279
49711
22631
22522
26682
64723
97442
70218
53442
14995
27969
6484
54263
44420
48769
6036
96868
22848
38266
9686
44568
55945
42830
9645
42837
70645
90162
40978
309
55278
31697
84949
55731
43984
86156
52326
2512
76967
12338
67717
74738
15916
30011
93759
12948
79366
8975
29749
82747
87997
16352
60349
74241
87318
33600
27790
47105
58883
74812
60773
24923
21374
11407
39028
51363
12206
12907
64659
76529
55633
21668
83322
51128
92488
58773
53866
38743
66046
68086
42426
1979
51360
66585
39757
98460
82775
17312
62835
45029
60395
96359
61396
49527
78658
40959
18650
18735
90412
40092
86262
40123
5090
82654
92268
42338
8106
32240
25561
94475
89388
7466
89327
33280
88037
67222
86085
47541
31756
36434
98178
3552
21562
43648
91452
71717
39988
4442
13377
56426
36540
42539
79331
84459
22276
67154
27696
60267
82049
55238
35640
19112
5778
64575
79209
34407
69953
46328
3923
21736
38358
10636
81709
859
92836
2799
1082
27703
19515
30696
66096
40703
69320
3486
91069
97052
97999
14874
93377
58098
90096
40247
28317
12003
11925
30474
66882
87757
70705
25961
98170
45884
43487
43268
19399
20590
77661
52868
56191
69456
40114
75981
6081
51752
2715
28932
20936
40626
90833
44593
10454
13538
19886
7026
57209
64097
14103
3662
86667
29021
70441
73405
54157
13088
9686
13067
62050
40153
59441
39904
43894
15262
80816
76751
73541
39228
79428
79664
19020
32309
67802
94387
88296
83000
69220
10919
45724
55581
60102
22123
39362
82457
15494
63520
67003
26013
64220
56800
96873
76409
8454
42452
15039
49487
24523
81068
92165
52270
64104
83389
83965
58099
60443
38701
78892
66770
99629
16912
79068
6580
61166
66002
45881
78001
56498
63944
46141
92118
10458
47144
92256
95206
18942
54340
58
55517
88877
12712
97441
34992
41391
96173
68167
49430
86382
66974
99595
42419
75488
98953
37535
18332
38113
44004
17390
13105
69567
40293
60563
27303
55134
81653
64951
72835
81925
53679
89483
42108
45824
58566
81664
68267
83976
3849
98231
75768
99905
20762
94699
16633
17318
17997
37885
77207
86325
37363
97529
2812
77939
93142
6553
32330
31546
71502
17326
80852
99940
85041
48109
14579
6065
82347
95214
99761
27074
1304
25732
12851
10668
18370
54438
21580
79979
10270
93613
65315
89581
29722
11277
46020
54398
9485
78216
30436
51338
30302
5313
11940
92325
42218
59115
77448
75744
32343
1678
80474
49373
55312
38000
10739
6127
37578
17374
61001
88765
45491
75343
49143
38287
5560
59731
29797
1245
29330
90961
59536
18622
54252
92303
50569
28188
12366
76802
78484
75929
74410
26659
15095
82158
40948
8576
51084
74617
97948
57573
52019
48020
23820
783
91098
2141
63748
96894
78312
91384
19382
8849
40369
31997
37332
90386
30736
45290
13531
48438
82859
46655
5790
36649
1865
73566
40684
39120
35913
65411
71080
57943
18369
46380
2658
56042
41377
1482
27517
66184
22810
53872
20569
51909
24121
70077
1167
44191
79625
61137
78727
56163
10404
72944
57200
93043
12370
61884
40158
93547
46158
78903
86689
56061
60529
78283
62831
57635
6213
83722
68328
68510
18578
17514
6397
11649
33970
49739
79723
5717
61639
4656
56995
39675
72263
66638
64909
25198
94045
39413
27358
29953
82387
17414
18700
52168
86261
8343
52097
64361
72649
73439
22077
56020
40407
84334
51709
29959
32233
8923
34071
63870
15395
12429
10405
55848
52694
69096
48099
80873
6346
70877
37812
89227
12153
36774
69271
94091
11233
96784
55621
45898
24133
12248
18438
83767
15526
38004
32181
1148
15320
43360
69061
80158
23107
72513
60999
50532
98677
92885
99339
54163
24694
91642
8260
8882
18103
29010
2458
91342
2373
35388
43836
36555
56916
50150
91368
73528
75308
92972
31874
66524
49617
12807
47314
58956
21665
99793
22619
76473
10296
13404
2114
595
34122
40389
68849
50968
24762
64221
98378
65286
44050
25063
92480
36839
6927
96236
37086
90726
79151
56552
96252
85771
50171
94339
43973
57466
58744
82584
53139
75037
38914
79957
24
95655
41230
12574
29850
2936
25521
464
97554
68160
33486
40956
14499
36136
92823
28786
7623
26815
78290
91487
83329
1140
16084
20831
8191
7892
41004
29580
41438
16963
68988
53801
47732
72007
71387
42725
50578
46811
20422
7628
94855
66978
87404
94658
36595
74015
78689
24121
48886
41413
31100
31455
66601
1458
33480
11215
17863
78110
50901
61915
45858
91002
25415
98192
9322
43715
20456
75956
21119
66184
34631
22952
15520
2271
86104
42117
58653
1556
25556
8199
93697
38616
60625
76425
18280
52573
14594
3222
7448
12975
10461
23298
57844
64988
88540
33684
21644
11542
13324
61739
65874
14038
62683
79474
35135
45749
48946
89766
32859
35926
74172
98826
65236
3251
32071
26562
47563
57086
65389
93969
9716
42521
87925
13327
22028
70257
8671
58014
40831
57521
83244
30792
65879
49888
1984
93517
50198
38547
66478
50241
56979
46398
86412
8356
62655
16843
15446
47137
20335
38481
80908
56637
20810
77465
95684
38509
5094
32024
28391
52826
50834
24321
62874
91783
11305
50580
25074
29752
45113
79625
21073
41566
31973
86992
98100
40655
14703
34294
49016
40871
86874
63792
96384
66006
63472
76994
20831
31682
89951
91374
21899
82267
37328
10998
18369
94538
9830
96521
68364
83444
76651
50820
90390
18380
27196
50208
32501
16255
80590
50462
86761
70625
71969
53337
11946
2592
83215
34021
89217
72350
38768
81737
36485
98815
95637
73055
40990
69064
93068
75012
86134
6539
21352
73934
78786
81490
83127
22478
37227
1216
88371
38430
44309
15172
3706
8127
80449
7763
92102
10128
13738
40774
66872
47579
69611
6985
51699
5468
31103
91748
77989
33234
82156
276
93035
16378
8301
483
72262
82682
37098
55002
37028
56761
22633
35376
21329
96857
33583
53182
15434
94521
44212
7062
312
92058
33981
66441
77499
86943
68170
83673
42743
1405
84203
55801
86300
85275
96150
49326
47258
22805
32134
24552
43530
43772
91375
4222
60467
3994
7319
80796
36613
57010
66780
80887
95558
96247
41894
56736
26100
88794
41643
81114
86131
94317
32063
4950
16276
31726
57337
37299
68624
30686
72612
3799
38422
76739
35275
22480
93882
37514
21045
56725
63041
40973
77214
75268
90739
57300
58031
33697
61104
19034
96321
91556
73727
19663
34466
54984
96824
39980
22142
7339
68662
78100
79427
51268
32231
33369
87214
82834
76412
65350
28048
1466
47782
56993
87617
28495
69614
18916
98750
83941
25434
1916
98785
47715
27382
35808
67723
3098
55468
11964
87887
85431
96993
39745
84374
58756
48740
31230
85328
79722
14490
92713
55044
80043
73517
79718
51599
15283
93130
10396
10352
93364
15396
16568
52264
22031
19836
87681
29961
62920
7146
2782
98098
11428
99935
29509
18857
6040
37198
18257
75795
85797
20481
40361
35266
78410
25506
86293
57531
74373
85265
23474
53655
22636
35574
87784
16386
25840
87830
35629
40075
58659
91341
30387
25719
97849
76595
66441
56534
12936
80534
64729
96381
30126
62864
54361
15231
89850
45264
9772
26456
80165
31696
76827
40634
80924
90008
26819
74200
60639
93006
52419
59334
58335
78022
80314
85393
82492
32492
40268
91043
24926
68334
46179
8895
33809
83119
33003
81755
45778
56578
9103
12875
23174
9133
38803
85121
13880
90010
85658
5072
14322
64761
50709
85480
88479
86604
93655
43937
21606
89963
35141
56246
13723
4635
81599
8809
96390
53084
54087
19187
25785
29179
6943
62200
30489
46868
8880
39689
15736
90423
46585
66484
77718
62267
48129
21447
58972
31927
42393
68056
57906
42507
20229
8988
68399
43811
90914
74163
96466
63669
58883
7727
18959
95081
87947
95986
45487
52585
2880
91291
59933
81876
37612
66478
72292
94150
49447
50584
75985
28666
53535
86427
43176
41615
49038
47137
46432
66749
96593
41936
36680
32266
85019
74019
52262
59004
36539
4250
98664
65951
92376
60080
85494
4841
28482
38244
93474
86558
22324
35113
45625
77545
28897
12404
41397
21581
1941
6243
29262
20701
42781
26146
49318
35394
57508
52135
80142
45189
65029
11978
97622
3184
53531
69042
77117
73892
65890
12948
97906
97258
95398
36347
410
89228
91753
10417
83484
32865
24820
24072
84152
52683
24525
7226
98838
65712
9980
81644
87575
7113
45260
92421
90438
7034
21766
93821
9961
43078
54568
15626
58814
41038
23229
74713
76432
31475
56012
75455
28426
69296
66728
56831
70242
85453
22665
12886
39136
25507
35698
66512
66666
16755
56791
30128
51164
97124
21684
34530
15520
80141
62447
95596
53793
73929
59923
29635
79312
40114
13344
33026
25430
42808
54937
18033
51396
71113
71127
36104
3583
79018
6196
78137
44259
7929
17104
32889
6917
90287
23987
84472
42268
34442
30275
61732
56892
72389
68253
92851
29172
49087
58010
97835
43747
94446
13296
90190
14826
82624
10119
68505
57246
46952
18214
