45216
12494
31034
58121
62484
36310
74569
18530
76258
6698
86982
66297
46188
47633
54474
29230
43166
38320
27183
63123
64798
80563
36004
31487
22709
32991
4145
45357
6735
13951
58363
46506
52802
70646
84027
83886
29341
93000
24457
81532
48430
22823
31517
40167
95466
73052
94532
94254
53224
95493
14147
58191
40690
28687
91038
18375
26985
56878
91799
47594
33244
58784
19193
31779
16815
80783
92640
74013
84943
26867
33957
85881
84233
66876
44672
84022
61569
90471
63236
537
25075
36677
21982
64967
20629
81206
43015
87116
49172
35810
62873
52694
45286
8645
90582
43124
80412
31735
38361
14493
80292
62760
59039
93335
30087
64084
81767
65965
76299
81441
56810
63523
71262
47159
74024
73038
87779
69655
34608
98525
17517
58894
9144
73539
50475
46046
81505
82134
28958
71369
63769
97333
32973
49038
27444
3831
90274
43012
77003
9275
69841
87266
51502
97293
64927
69532
96342
26296
56254
49862
89096
7644
44402
91182
90450
73776
5765
63982
54029
24504
98315
75901
1813
18952
52255
29554
18831
65798
63439
94469
30187
42048
18922
83260
13317
96820
12214
20270
94453
71750
25205
98094
16820
91301
14666
26726
48961
15024
43606
97041
94265
18016
12928
96641
77161
36257
34447
89698
5492
49031
20264
53054
80881
77461
20697
89871
2836
69066
58548
97658
10481
58477
21753
77902
36946
25373
15275
13832
64087
46045
68260
38450
89552
41174
11516
94260
75523
80108
84209
9310
55493
41173
96821
3829
90473
67287
61740
10577
52955
47127
59405
13463
19333
88989
32406
9252
73097
9386
79447
85430
17200
52699
52065
97864
16854
43194
39339
60410
40020
17741
54924
60631
68323
9901
27940
98164
7961
30195
66568
17886
66532
31767
82661
77137
49986
88361
47699
16695
26895
48221
10235
69025
82767
51115
31687
50649
47570
56883
73771
276
17334
40258
15474
60390
51821
11178
35122
21971
173
95
20288
9290
86556
18971
67621
62135
94156
44436
5354
39990
74860
9154
23739
49046
30938
60824
12092
94263
57170
51871
92378
82743
59643
89060
47107
29152
16329
63323
15344
17583
90352
95695
69623
5078
99754
46868
20671
73410
73252
38867
20589
77630
6091
72717
18265
53799
24599
21026
11351
88994
61969
46085
47854
31705
28620
13200
99581
89132
99908
31286
61100
4281
10880
7222
7927
99499
77898
37635
53658
26631
16624
13473
29535
45320
28111
17096
63079
74570
86860
23776
27655
76200
74967
59265
69720
15635
77981
60942
86229
13527
97164
98710
26759
96354
7925
4111
75437
55194
13392
71208
94952
65871
60462
32089
41386
72752
71720
71
50730
53418
3233
40001
52790
32756
73271
47983
11093
33614
89665
43200
86184
54830
32928
13466
65217
60956
79473
77640
38835
77267
76585
55214
37034
92388
29469
47788
65476
45426
66625
84168
91737
4323
89875
60062
69488
36565
7170
88057
6340
41133
84848
82689
49657
29011
6950
31756
43629
56374
23572
393
32562
10724
84803
95379
14293
21657
48418
77480
99221
45727
49651
23183
41813
87840
47407
55468
39566
98932
34835
96070
8813
1958
73384
83243
88258
39473
44572
33186
97914
58154
23045
94089
5219
70505
27775
41137
14709
13327
16654
44095
26504
48962
22586
9194
32638
63547
18863
64398
35210
66270
60592
2872
7866
91923
65400
43513
75243
2493
13937
71569
85681
8814
78013
15407
69610
64451
55442
82687
24879
92760
74497
5136
16275
65829
34565
22863
85546
18341
8322
55463
38901
4320
34920
74572
58967
14335
5240
25073
30367
85740
81393
37562
35484
60420
9024
16034
60777
65108
91257
16087
46490
30154
15140
84486
50294
91313
38179
16106
5880
27365
93531
91649
62366
6360
99560
75026
79006
94340
96641
2949
83773
3698
44526
76842
32682
13676
69802
48810
27761
20755
23703
62341
8345
72418
38005
91756
9921
43074
56078
35975
19632
47193
55463
72990
51058
50288
22317
7472
6752
95454
36128
54944
97791
40667
16063
42410
49088
63619
60562
42380
20071
27739
61318
48609
86977
22733
78876
53054
36587
89330
38665
73228
37582
7814
23299
60138
76924
44286
5967
1435
38562
63343
52526
64735
2261
45885
52958
57336
79804
17606
82983
27132
75594
4458
39826
20677
42023
92404
85870
57539
81242
52918
53335
98423
34304
31348
13839
58904
66753
87388
94193
38777
88780
756
25271
85896
35491
37844
82068
39690
264
48434
76898
83434
20351
61467
59878
77195
38291
60744
45982
55430
80911
72106
78522
13918
81381
7594
38776
72048
80634
5457
67242
11864
81638
67846
59083
80852
52473
90908
11608
80564
65178
63712
6210
882
13568
64848
99835
98553
64199
35761
71828
87138
58846
99261
44413
64822
66749
39623
64949
90721
15893
90451
15435
71628
86990
26932
4561
20104
4450
29647
91691
51648
17171
49901
69136
65161
89845
33286
43870
24094
1622
77939
77652
68415
9099
95743
95130
685
65330
61429
59778
547
8114
91596
85183
39991
66820
44791
12603
12825
8011
97196
5040
71484
4576
32526
35568
87411
65908
59876
34893
87665
1130
99527
79421
55841
44650
16806
60854
68155
793
32602
81272
77142
61381
76096
27124
91764
92253
26710
78724
65376
54489
92657
6911
88920
68689
42222
53274
11648
36945
57401
2554
87288
47923
85842
28379
76021
61693
97275
52541
28088
66179
41028
76450
68015
25158
49985
77892
27235
10398
22900
4968
25234
36429
75295
73641
29643
97962
28388
45084
76060
87271
54033
35004
45861
20462
82659
14332
57594
38365
2673
16784
12808
58403
74947
96765
44014
92528
67489
82274
66188
50135
96556
85817
94458
64491
82818
44313
79823
71991
19121
54879
99568
60303
28290
72318
53070
37181
14612
15817
52586
40318
66492
52307
71739
49142
15463
88003
92277
40493
2842
90696
17786
26264
16026
69336
15452
26730
62558
34865
47555
15539
44534
43518
74743
57323
61776
47613
1415
36732
56154
74276
10324
17020
70172
94100
3941
79285
45430
80328
40304
80330
12043
43271
97034
39171
65488
12230
53969
72579
53623
79660
99295
7095
28022
63007
62955
65231
31253
49238
60511
95071
59311
72539
11808
72014
79806
87374
13167
77442
54554
57200
91812
86980
24720
26486
83088
95917
85573
33082
82925
23219
79332
96882
47465
34230
65748
47288
96784
2623
91244
67482
65612
80396
71068
87814
66411
88542
81290
15733
7713
69203
65839
30608
86175
25396
69071
24011
53930
68235
38133
65643
1608
29073
89728
27970
41432
23573
68523
36131
93729
83657
1361
24634
9024
91692
20750
68638
86404
99496
13295
7476
96139
43621
82395
43371
6817
53109
71646
65913
33984
5544
95497
76741
41317
730
74210
2694
97186
86466
6248
37202
22991
1495
79082
62913
23908
59878
52891
22262
1089
89349
69243
80926
50028
13045
71454
80906
85752
71639
9577
60624
15847
12912
66701
28309
11144
65830
12760
80207
6922
41040
15535
52105
65268
10067
20212
15375
63876
76565
6951
17465
33748
79394
19192
13623
95790
84328
40890
84538
28629
67898
58543
22725
75175
63840
28694
62332
71195
38211
41647
40031
10503
7054
89947
48224
96188
10194
9739
12906
42440
17998
65637
34076
90023
62824
70819
11355
34888
40801
4497
53343
79950
95555
80343
40391
60891
37093
76412
25497
11557
14070
44663
50543
10933
36331
43950
87775
83190
29178
4953
93116
97873
48362
58324
97130
22355
27401
48432
41407
29671
20208
15801
76862
30173
74228
99043
12049
3702
63037
80085
58648
82497
736
3009
14526
83498
68759
14541
88149
42524
64135
72188
57563
51081
21771
2460
56798
48571
82650
62231
38242
65298
98949
19
27951
81303
24450
7558
70811
53494
71052
6918
21418
28172
14709
87114
3856
85048
14815
45149
85428
8205
73083
53418
32398
89091
7794
74905
99832
54776
49484
15725
73759
4691
68898
99864
36919
49717
46048
62544
90965
15526
49209
6596
35999
78855
66537
60873
40094
35495
8263
23599
99006
85154
67987
71689
49468
59209
36593
82714
67094
79685
65384
16090
93178
14821
62055
98559
93110
92797
96576
12733
29920
42025
43649
96545
69632
83511
29705
73615
66453
84366
30865
73430
60844
15344
16846
49140
31999
88854
98852
3911
16337
84619
95300
48993
51265
85211
64487
23409
10675
37468
75605
81862
54320
3824
180
29385
6225
47827
31645
10132
56259
45497
28763
54887
5738
62516
93770
23363
90145
41275
131
63622
41456
30154
78136
18156
92423
20946
5276
5297
78380
69372
10080
36536
63150
39750
40843
54
45498
10955
3885
23864
35758
82468
18756
19115
25766
61764
64642
88091
57140
35677
96337
51408
29698
21756
482
30999
70886
76176
15271
7079
32014
20625
313
28173
92405
21865
48277
60501
98460
63193
74751
19633
92778
76638
85729
6856
3874
91094
61198
56720
85015
32603
71135
54191
75246
10717
4836
41870
60839
18685
45492
93620
73282
63950
65474
70231
71518
6607
90529
15000
89496
54840
53573
98167
39659
62872
19128
60227
31283
26265
56054
21192
39118
30813
11760
90440
29748
46133
60316
49562
88568
6895
64687
21019
69453
16724
60368
25629
92887
80231
65271
79435
511
19992
96907
49406
60463
47608
33263
90829
86572
51312
42687
40240
39683
39735
60343
30634
22472
63860
70973
22954
32971
15833
94137
63628
90194
78436
19664
15648
33722
3697
95410
71601
3429
50622
51634
59141
72053
93839
20110
605
82633
13258
19547
14565
58366
60639
40728
15315
55601
34680
15992
83216
90397
35506
82790
91117
2887
24915
57752
58165
32131
39988
95469
87903
55521
63468
16341
87794
9356
31011
33094
84417
17951
40224
98376
16221
3178
85250
94214
60976
61611
44466
84208
63683
26680
33591
17019
71417
10310
44456
38955
7643
93128
64520
57401
28149
49803
20093
85395
69154
66659
10324
34436
45663
68393
37007
78934
31054
55426
81515
17563
10930
84073
15065
83790
31909
90694
54988
66667
28852
30591
58076
99606
88850
1838
77825
12118
87348
65475
77496
44152
16944
82433
94504
53458
78895
23934
2385
87183
49733
84707
23277
47829
86017
46396
20431
40733
33971
4871
85264
39255
56150
95432
74219
75946
35586
50811
26538
18634
74423
57782
30091
6220
54355
95385
11789
18176
87249
63955
42962
40356
87190
8399
15231
1774
2207
77887
59597
17623
97202
64247
94616
20139
69974
45281
40773
95019
56361
38465
82942
50729
52881
81672
81721
76401
75627
39924
45068
44329
81791
79157
91631
70039
23441
45929
17105
66479
22174
34023
3238
85611
84721
29177
22870
59852
93319
94752
15171
39392
33129
63635
60552
70176
34665
87499
81875
44735
65728
88969
50998
61036
66597
75614
62859
63401
71695
41950
96197
37278
98315
42760
98220
22544
73470
43558
64308
68036
91223
23219
85203
47527
76285
97757
17919
35675
75490
56855
93225
97109
56162
93448
5725
94381
76289
64888
23001
19294
73720
30346
38969
64826
87248
93819
35968
78936
9313
17487
90468
34661
55357
50468
58667
64941
71368
70038
44315
18692
18984
80395
12326
55895
58295
76190
17610
95438
30794
47943
72099
86220
1799
35962
88455
44218
16165
64499
59864
54784
90727
77124
54043
30743
51864
91036
22276
21240
23757
81079
5730
8333
9352
34986
80711
54280
9632
56627
66406
25205
24504
84014
21699
61997
89378
143
87674
60902
54155
50926
42956
93315
82602
89217
23169
96894
33647
86533
87090
78085
78653
36572
46224
55935
71736
9550
98453
61135
83129
7393
80998
29313
5103
97868
10018
81044
89626
14673
1928
50040
17600
94926
53647
33615
5005
79962
9408
28527
55033
53938
32381
73123
53071
79729
40024
60246
50891
271
46550
50924
23616
49633
23863
70138
61809
52944
26184
99277
98385
40320
60954
17357
67596
86378
11569
76223
51324
11198
78221
31715
93925
96916
96258
57656
75293
38249
72490
54796
66986
86068
54927
98372
11365
56392
45908
54314
97730
42335
49344
7182
30339
36159
27424
38381
38613
29241
33744
58394
95254
33335
70208
42939
34404
296
94776
14060
53860
12407
15593
13881
17240
3303
75445
7244
81185
32229
21674
72288
18912
24350
13955
63900
63218
6764
28171
31281
9939
74262
80616
30362
10182
80296
14241
74887
55553
28109
7389
43636
22433
63579
44348
70713
60924
52004
45074
65247
75432
92214
41629
9999
73359
84711
50719
86832
34167
35310
40936
64324
30381
16797
34309
50535
84379
94641
82192
1065
80516
94785
43075
51617
41740
93082
77423
9328
28653
50484
32143
75838
91481
60047
70005
24300
46682
24100
3635
50378
84680
76741
79723
94506
42491
4967
26450
96004
47850
63922
12745
54026
67893
76328
25508
64816
18997
98783
76895
27721
90902
17131
37724
39438
26746
43421
70461
46325
49514
8999
19701
9369
44839
27917
90089
89482
53416
9878
92707
39764
69776
57799
5032
84231
61394
70975
29213
95293
75245
67078
60107
53884
5835
84469
73703
2483
83008
84603
3594
64137
22556
38947
76296
27264
34457
49463
21432
25179
89882
84576
41861
95193
88905
98811
56820
21304
97316
42374
36044
63708
35428
82413
17103
43440
72940
1338
29965
41415
30726
52706
41704
91428
27392
85379
88928
96241
17989
17948
96080
57300
97225
77913
29082
51941
6459
13265
89447
84210
15181
24719
3315
33160
41204
63437
43371
49788
70915
72407
83122
31936
90555
493
68024
52014
69891
29027
45934
69836
45747
59556
28180
10390
16308
72081
26132
95614
26196
80902
96359
46489
98303
87366
85257
29227
95451
1704
33227
47163
61608
96281
2569
48456
64395
50168
96444
74858
89827
30242
8974
35505
23967
62629
71818
82715
20203
79832
1841
78743
70058
15163
4708
32674
78660
5317
1977
5825
49729
65330
92003
89575
78560
61028
54316
56987
55181
52253
39371
2709
95850
72935
84266
36414
96857
76198
2052
18803
28826
28853
6989
45386
63188
59506
55875
99228
81601
43414
18651
98215
49021
20500
48449
64340
84335
6946
81941
95724
8941
83065
50931
18448
28883
25909
89909
44686
45322
73616
54668
54777
51717
2242
93981
42137
98096
33651
17682
81650
18280
81552
50886
23629
40235
64831
66129
17914
95988
35959
70638
29828
59259
83902
68504
39589
32582
69136
29467
98649
44838
73568
25495
95567
91859
55780
11988
62989
54778
90956
11325
9422
73270
79310
32661
81992
61597
22217
18670
68240
38128
85197
41119
72091
72616
11870
74736
99617
66796
15645
46603
16092
42822
80165
54033
4296
37378
86347
48631
78959
43241
46721
26882
55496
99542
94862
54491
23409
38088
84084
60871
65481
58869
71315
60475
7786
40069
7601
99541
8376
86989
52473
94148
69660
1780
22363
3613
83657
96448
40295
53881
51046
68854
31676
9557
86119
44797
70589
34959
27748
75704
63041
24366
95949
60305
19481
83242
77046
40487
40274
43488
42732
75097
88260
65492
33050
13613
18122
31950
47335
98880
25247
57796
58224
74892
49272
26218
80095
96820
47962
24296
57494
59461
39266
68311
97961
49662
4160
70525
21391
79555
57888
63597
51961
38683
83851
22298
9914
47803
42342
8350
95654
44933
49257
8815
69232
96514
91851
1837
81332
71051
86844
78409
2342
76351
92968
66269
74890
72488
78579
20874
20782
81059
65010
35577
34364
48291
92599
27927
44884
36229
26201
97518
65075
87360
42025
44870
45342
15808
95336
6250
12604
11309
28309
79269
12135
28672
31988
7873
8424
52281
24306
59869
4952
97148
42529
97996
16816
78304
43373
85118
10044
43810
64279
99126
45004
81061
56852
7142
43447
6434
41893
24673
8719
23616
18996
13084
8978
58118
9494
51489
34597
92329
92597
50732
46781
38594
62284
75864
71067
41571
4399
2206
17689
40634
71582
11917
44125
89415
63240
95464
76331
13520
9388
12703
19530
22588
83952
28811
20111
4462
1139
49400
92037
92550
70262
47697
64438
75031
32464
97749
99212
62580
91467
27824
85396
88249
11836
18595
1521
51550
31453
72020
71385
36688
65572
64793
27858
68325
28146
89498
55085
87582
80538
30313
77032
37048
10854
37769
65268
171
16176
95014
1476
64417
80554
6734
13554
24000
72127
2066
99991
76275
86718
71543
99719
92232
40888
43416
55714
33910
23207
82506
43185
75088
90683
91644
52532
46327
83724
90357
37477
95623
98778
84585
97597
66427
7849
33226
4511
269
24396
91026
27108
70554
7331
29305
34385
54774
27776
21490
29585
86353
36246
266
19458
17667
95875
45866
18463
45143
34108
20539
69772
91192
84542
65497
22430
40152
15653
12604
39669
70524
62126
21650
42655
86843
61181
66829
29028
19893
19778
35790
15278
65349
47657
3857
39104
28985
703
34176
49950
44573
23015
48870
64200
84742
96739
47402
92106
2239
72843
3667
91822
35483
11143
75780
3814
84111
47582
86113
85360
57639
72693
93648
7159
33790
36788
67204
9126
729
76149
24010
37409
28333
58753
80326
82012
9703
16748
76770
16267
85703
56483
23871
32282
69589
14447
11865
73419
81558
18011
20268
78901
57322
52168
41450
89926
97312
34224
63067
48333
64244
53455
88997
24870
84494
81245
78869
80246
19493
52776
34765
91960
22084
11904
88170
45855
27622
6442
20984
71833
44673
38030
67985
276
62218
72059
21615
39589
63580
23013
60825
33101
75115
33755
23431
56642
81250
77156
99451
49691
72646
43313
4407
90415
71106
61090
26506
42792
79425
41918
4187
19377
13100
30741
91689
70944
98658
62677
39180
90557
38168
16770
38607
11031
43820
28259
7403
23632
64925
13642
86209
63369
4512
32698
72483
37751
58682
52922
32547
66267
5385
83056
54421
7651
16941
37945
56588
43081
11462
34502
52198
6824
99066
50547
69572
61422
8686
2516
8051
92016
6756
72021
17941
99802
48502
58562
24128
12121
41527
5156
79058
82246
47584
52429
46486
49067
47619
18995
17977
26242
67357
35873
8925
45532
23108
80368
3516
17466
68886
61247
86534
10565
87140
45242
98490
46028
2383
97555
48637
6557
2058
29956
83541
16103
41753
99398
694
44967
2249
55332
51773
98155
38487
51742
94828
45786
11047
47391
43081
85791
37225
59566
14127
1169
76195
90382
73546
47887
99314
52106
30203
26423
31846
31010
80046
91791
21625
17050
25874
26380
87582
57134
66276
4181
7080
58925
39788
91046
38172
5151
84924
14612
27331
28847
89174
43541
31755
22015
59120
33504
23423
75592
87649
58924
93016
20429
81032
204
51685
48525
14433
12692
52573
57290
95394
70442
66412
76905
7410
10008
16306
14590
22232
47852
18290
1829
51626
16017
70980
49627
46116
52517
24286
46367
23516
33060
61273
91583
82248
23239
49341
87541
41208
27909
36079
19776
50931
48116
32597
6878
19745
16631
92177
91742
38001
59250
87166
88061
34002
54023
95438
7775
96098
98835
17894
49959
14969
28551
78320
53097
41650
94834
85927
70150
51714
52090
44677
82420
48880
418
96217
16533
79940
47262
69373
9681
50831
39179
53654
44298
34479
62880
79639
4396
18817
29295
43474
61399
88431
62372
38444
9373
15816
93304
1312
3696
17970
19472
71445
20038
41509
20434
49316
10621
81645
39518
27442
10746
15098
89101
42623
29134
18735
51987
92623
76218
43188
38841
14757
39408
67141
62998
52999
78613
69273
75838
39843
17690
368
75643
78757
74805
53794
15542
49305
75374
12744
90695
18630
30690
80237
17898
78235
51644
69669
50327
30961
24702
2286
2493
48831
3764
67442
18044
16534
55318
87757
26850
38145
10951
65869
78261
38790
19431
11622
40858
19838
36598
61473
49497
33820
21949
1636
22805
27115
37835
69816
78066
14865
48078
11783
97934
78784
32944
59477
87885
79035
36401
7486
95243
47479
84369
9581
76264
24041
97170
25501
34785
8677
10553
33465
39212
96882
93819
92074
63018
68993
382
87200
91542
88218
5654
72648
50489
51957
9398
23373
37707
5133
15583
8446
28404
15588
21379
8544
24108
95804
55321
71112
993
60369
14400
4818
354
91342
40012
83667
71028
92508
25199
48638
6034
36356
3568
38009
2781
67595
60978
13989
78201
35980
33299
82172
19659
51883
30719
21620
81317
96605
71269
48516
4910
48448
13517
98744
42218
20431
36915
50339
47841
69734
17868
91404
83546
93839
30477
79779
81037
44375
93093
58653
3164
80903
86258
86747
27270
8394
17862
80116
56500
5865
22087
96962
51175
42993
85905
4305
74225
75548
52442
94808
34373
36134
87958
5069
17650
23089
28223
60076
24518
67708
96990
49675
46328
67017
44205
13977
40462
16558
79596
66293
72357
97014
55414
38603
42868
24702
4118
87613
79863
25911
99000
2981
22597
51198
29018
90103
92517
72283
64984
12411
27042
49712
19912
6107
2670
59983
4961
49787
43223
32784
88877
75204
52770
96599
1963
81220
812
80724
25290
43943
94416
60065
96549
51081
7817
56137
71841
1650
38788
31056
49761
11495
33041
31547
45155
23865
39457
68168
28206
68891
23371
69287
23942
11750
24453
70789
80779
73355
82521
70119
97695
93800
22305
37554
62522
99917
85995
54079
91854
26485
56520
86436
3947
55369
98313
59382
28764
24638
48305
32882
53946
91443
7554
92993
42079
80019
98428
44688
67377
43321
52851
37761
50419
30225
99116
16169
42354
2838
89321
55332
19408
53880
22166
4779
88106
77614
58078
11924
75925
95248
20167
46263
70565
64576
73888
12917
78263
48168
36059
87513
59697
19773
61015
96322
16082
55365
2397
39797
21266
61327
8453
41819
78005
26379
97451
32815
94127
20272
39854
54918
70340
39505
72682
26804
12495
18512
12403
292
56298
55801
28914
80488
6377
7689
2730
35752
76262
62094
43397
30452
42409
23141
59063
94517
14778
93788
80674
2239
6891
19009
84128
22472
59810
4452
47851
4650
52734
97897
56641
23934
61664
39962
55942
29203
99693
14585
16878
89285
40203
64388
75980
53906
61585
48997
63183
73790
4640
63147
80842
54283
23534
6794
58169
68542
17034
62402
39752
14793
31992
84456
39258
75995
56579
44916
99926
63913
45357
103
22793
34157
23704
20029
95056
31527
60058
7159
8336
2776
17417
30137
82759
86810
12962
82153
69574
64487
14956
37246
5422
42897
65331
85899
80048
65680
5895
33406
14566
1189
80953
13224
16282
50637
36002
79615
57264
13049
65432
4896
27307
91136
4609
9725
96708
97375
99601
70794
59045
65089
43008
69129
88444
31260
41325
83894
96114
31123
98823
49554
35161
75773
83971
64596
3651
35129
68000
72519
79882
82136
40405
45086
9317
84409
20695
96497
49910
11046
49856
12480
56419
71963
63650
26610
13398
22407
49810
44790
54593
194
76325
90764
71288
31319
36890
4017
66918
51962
30244
55409
41700
63967
90324
32551
19500
36695
94044
69027
77301
609
80220
66160
70460
27359
52725
46438
95168
35814
38370
7804
78415
47423
52153
31409
20479
94533
32851
50171
63810
70721
14948
5913
65445
61492
6280
47222
71157
91030
26972
40743
8453
26643
34306
45053
2093
71581
62261
70642
42441
79993
77078
41334
10702
95778
53686
18435
59490
8328
60002
88055
37506
54814
33213
79959
68252
41545
97047
97458
58724
41731
74871
25391
46686
64165
69941
27745
45669
28528
81550
96313
75472
57455
91686
97170
33224
81709
77665
699
72710
34359
18444
98113
9441
50104
65394
6921
65061
63009
33190
81965
20667
4263
39817
94958
86853
2667
33539
28339
98997
14586
76369
5575
48510
94154
17320
62931
55994
61418
6407
80922
20178
55830
31775
27841
74509
11232
21812
10584
59721
32648
56418
88075
98536
77468
6488
46253
18153
44385
95539
84360
71899
25767
29026
65607
59891
20758
40546
95696
10901
73562
20972
37476
15832
93088
13648
1182
62076
89884
47199
26264
58057
7208
74907
92854
42886
59913
66099
2339
91390
71777
13158
47015
85377
75997
71554
73868
34679
71515
19024
84600
52279
67425
76903
59813
8973
21862
6089
58655
55903
19541
68726
66347
63304
4503
46584
48476
28457
33243
76062
1114
40352
86844
76081
38128
76945
10106
88866
67008
99632
89365
71551
78553
38903
39375
71612
86166
69302
25089
7939
53839
3243
58970
68054
37044
33778
78018
88593
88620
3064
29363
70097
89811
94817
12161
16300
96399
47375
88585
24515
93865
29975
63087
63955
46242
11049
96134
72055
50123
59326
23545
9209
31926
69724
73979
18600
29517
35257
40926
15327
93384
69427
60731
36540
21894
9454
77418
36301
9531
81670
45158
66620
1896
22874
78497
94978
28895
86712
66113
62283
2475
18755
34034
7170
99185
15837
13327
54755
66930
3703
27495
80673
1966
89589
64026
10546
53154
98157
45229
50661
25103
22327
39485
96697
52297
17217
45352
70874
85782
68425
28728
24931
32831
65479
56297
70573
41398
31692
65163
24714
59426
18290
45088
50612
20105
56059
68094
63438
59081
30096
30170
72867
2595
66540
11776
39570
30828
77827
65260
14199
47481
5795
9000
8853
27489
67674
84214
90022
37083
40943
1155
68946
71126
59798
2203
55154
16840
20782
90933
97542
93246
26287
51988
67355
13445
73631
15618
20479
6783
88654
42059
91582
57137
96596
39690
37295
47461
8325
54789
21565
10193
56712
33196
92611
87426
23450
59523
90757
46401
70975
52270
31025
30584
78586
99650
45882
82053
81774
42414
89567
89996
31282
49749
33066
63347
45561
26767
5393
69321
18993
7827
55197
61387
17478
41892
62591
32429
71915
67337
60569
68229
22522
10323
39320
89160
24462
26504
45239
65784
115
87881
47331
16736
94270
81843
61699
7958
52648
65160
4922
53527
75566
46015
35722
50273
60073
17894
15469
34798
35548
73876
14389
77484
58248
48837
87875
1432
50446
59053
41092
32753
11161
85684
15084
72314
39293
26653
42384
93605
57789
8108
1179
22606
14856
20386
46087
68666
90283
49802
5200
54123
19487
76320
44866
29867
26704
33716
72861
7413
94124
39411
31927
86874
80701
75560
51629
88798
7172
57827
17663
71970
42004
70231
14003
68994
14891
7820
41526
81193
73621
48286
50850
34462
39354
82855
91075
60399
7184
57018
24344
30357
17906
29770
29461
37634
89766
93196
26091
56731
54587
26731
81892
92452
6852
19108
17355
73326
70809
53839
26093
66569
73033
19176
66835
73549
40969
29385
39434
59666
52085
71938
22377
35096
83544
43289
61864
69635
97902
58009
4075
28353
90524
36140
88344
8928
23775
30318
32865
19092
15931
89172
99961
14342
73176
16949
95744
52872
45488
1520
29032
75516
20491
8973
96847
11667
94346
91475
49313
47023
73572
69871
29451
67603
22021
80680
3290
25001
67059
26577
56667
38384
44094
98226
43618
1588
88549
82846
62681
32472
73011
7626
5509
71516
21725
96577
17965
74977
11631
7534
55492
23598
15007
9211
7170
80717
76451
87643
93185
85019
45057
73047
11009
59570
14265
55757
33391
55197
7639
45337
5011
12405
21732
33470
86741
44387
39107
11364
52801
60618
23629
72787
40160
27562
16103
64573
38175
25922
48901
83502
83646
64768
56010
85838
92695
77135
93189
67586
66345
52855
34681
10739
62087
48839
68699
39769
97791
57739
20418
62122
40409
92329
71558
70194
79839
4042
20809
50713
39092
11686
24350
46301
2503
78326
74113
68553
34466
69518
49837
78542
95544
73427
75432
18509
97334
38123
72691
76511
21821
27404
50683
26442
67649
47470
88944
2254
38071
72229
37015
14563
84412
2591
29564
93328
90374
31108
93414
63851
75591
81822
11391
98025
51330
16353
39101
30020
12605
40583
58556
15697
48648
71232
27658
50608
35837
29836
47167
8282
17910
554
9267
6965
44280
85998
74513
55453
1424
82184
96589
38014
63586
1970
19973
93439
2941
20240
92296
92848
65059
75720
60074
14080
9043
63241
3955
92431
30627
92835
13584
92269
72860
26461
84908
17094
35798
22928
61965
25193
20548
12214
94422
29950
39948
39023
36053
30806
24492
68460
84363
21121
93455
2977
4176
2887
16001
38313
52073
12095
8500
74198
57615
50111
81973
52417
94831
51688
97123
59466
98385
75350
32049
35542
25816
22693
59702
90843
29402
80602
76417
51754
93849
62111
4209
29472
94255
23796
40120
44458
30405
39188
17818
99361
63024
42911
24741
26689
41374
64750
74258
13320
78686
64795
94872
91988
13917
42430
4221
70446
54432
58048
50970
26132
67545
92659
99647
82697
73346
2875
89253
66621
60054
36942
95248
39881
2085
83261
48172
22032
45190
8555
71660
41644
94850
20562
105
44421
53756
19186
16860
4785
16522
14372
20980
42856
91039
54333
37284
29587
74485
52414
11931
10814
97566
89630
99858
74209
71223
45366
56021
86980
3059
13218
62235
30722
93436
7665
17118
51432
2983
8457
65925
68368
19868
94462
21400
35775
37993
31793
94026
6986
22825
15378
48346
46884
42760
16070
72967
37473
24870
92400
59372
26737
38995
13804
45210
25826
14948
62491
67422
73983
88923
25693
32732
50924
19575
76353
79804
23901
28019
57000
75526
23902
77575
4676
2323
79873
75774
9370
80246
2096
14603
50802
40051
7407
32918
80009
98490
53559
50854
15258
61279
68023
50196
90251
63216
33446
7966
32499
92863
43418
99076
24640
40510
16029
74038
4312
16199
80214
25230
75723
54128
28688
47361
21700
11177
11236
22231
89628
811
28728
61124
89149
4209
34183
46279
14044
8935
55151
97147
20393
54982
74353
71048
18400
80483
64586
15353
5183
75571
4672
45265
60984
90312
92777
7178
29330
78869
93814
79839
80967
62312
22856
18212
58106
99430
48520
18250
77599
55255
70703
16872
19067
27772
12744
50910
5700
58513
52300
44334
58450
86388
16927
78937
10408
25103
43792
69248
17010
54904
20834
82398
22009
61598
24708
93045
896
54857
9863
18224
34905
76597
3419
83556
96960
15189
95898
16351
4040
80342
77250
60200
79488
77237
1916
46845
13059
76512
82685
31686
73305
94303
52480
11322
3834
1306
55142
70787
44326
31409
51768
4821
94061
21780
57261
67505
89500
57592
32634
30744
13488
89633
49444
51164
32838
51252
36466
61022
15628
21314
9219
15138
20964
88225
58777
10832
55729
78725
72413
55741
98548
74224
25581
12949
35694
5466
62322
76408
62359
22143
41325
66277
77687
15220
18859
48887
59025
64258
48238
20465
85684
33568
64714
26640
80500
61760
89955
82351
21714
69306
43777
48197
42060
91902
50421
39566
78168
98078
71287
83470
16709
22075
65072
4213
64049
70542
95901
68203
15674
87731
12256
93008
41945
6456
65378
19401
5587
9975
55919
55626
66074
66538
7142
3225
27643
86776
73833
72898
79576
82867
56274
26880
83695
42483
39002
15211
67381
43340
47256
20269
98986
99607
44442
95266
54855
9659
25124
93436
46417
51477
90799
2547
40321
18381
27395
77604
14120
92226
8548
22898
41804
44058
56284
62624
6142
53605
75463
43718
83412
37701
54802
87204
68197
69884
86909
91249
18374
83353
65464
90104
66342
61035
21320
17791
49060
16466
47110
27433
69982
71778
6615
71476
56310
86594
48326
91256
23418
83751
82043
41007
21507
29859
72895
32322
82444
14571
2258
51566
69989
37959
58979
53862
93169
60879
3311
12423
3647
43793
50073
921
95531
41790
79732
33108
25561
45234
43092
71914
29697
10573
63113
68464
54920
39008
25602
47872
90594
50232
97820
94652
33598
21175
82819
22503
61774
32378
32629
89936
12310
50815
89940
49792
90561
61028
5060
1882
23206
12385
92446
95635
89331
20528
1483
664
78578
61792
56719
88212
75779
75005
32429
33872
26792
16473
80472
36735
40079
4873
10279
65846
56657
26305
25230
1832
18219
85040
9716
92071
49686
78040
9818
8949
47260
48425
37434
54929
78546
7494
68080
89170
93905
88455
83114
18294
72402
96342
85451
72554
5328
57244
21404
41977
22594
75279
83226
47713
92373
30624
99322
11568
73929
70133
56854
10796
52396
35169
81183
31625
60250
65677
75278
33771
64655
71808
2695
13153
54102
81740
39265
7413
74905
10359
17252
5109
90678
56711
59382
6001
36682
30075
58492
4597
62727
70146
62371
70838
82701
27857
62092
74165
7474
73664
81395
86632
60912
86664
21856
78132
96031
55682
30316
72512
84008
58101
67229
86902
35580
76017
52694
4604
11507
78453
2869
13006
28946
36354
85295
48832
63156
20396
49325
11787
83135
17726
39015
43195
37455
61849
62337
42677
18888
73657
34188
39494
63356
46276
32225
71022
58324
56037
39274
73265
90119
2898
54572
39665
14876
60387
55892
40881
4853
26465
87168
11366
91797
93809
64076
25899
75237
24997
151
97699
2307
82525
20173
43420
66017
89003
12462
54421
91328
76984
32594
4119
76455
18044
20310
7341
78817
75538
24911
93832
93395
69623
66537
46622
18730
8300
87914
66652
37473
39959
28379
58238
52474
98504
25976
42476
77974
85159
34693
70005
74651
20187
40388
99563
15342
53527
46736
45129
98769
54907
69213
25305
323
80204
66050
97577
31160
29657
54300
36298
82833
29370
97599
55190
91245
74360
58191
96535
89231
97773
70036
2368
98206
35430
88279
4642
79836
4202
15777
79032
96479
68402
5693
39449
3967
49555
81113
68932
64789
83170
19892
69661
50669
9365
43304
46781
85661
11000
37053
46065
24263
13871
20787
15086
36877
17406
72904
14397
26912
93097
67180
34930
31870
9188
71915
39442
19916
28259
93541
36173
79372
63492
15759
72166
35720
99602
41814
29903
18886
78349
50217
16250
40635
64952
79958
73357
39562
25873
11537
9705
78803
12905
75639
30260
2010
32915
74545
32928
31555
34451
93762
2231
7087
12400
43308
89826
50793
69355
69901
77045
62323
27330
9493
50172
86639
85255
44828
49221
23494
91426
80805
86257
77594
16851
76048
16846
48291
5089
81290
7807
66899
79182
37148
48718
65179
57964
75327
54792
98540
59499
99621
36645
17457
38706
49996
27205
58799
54416
31952
37073
1736
84919
68131
19563
72367
87237
36550
45965
26708
15886
90451
39929
33029
88802
67751
32686
8224
37867
78711
89475
40993
91398
79507
27313
14498
17940
47012
61303
43024
66599
88042
47171
56651
95943
99783
15469
17742
34996
31370
2080
8893
40085
97604
42526
65269
42693
90052
29032
50590
44039
58426
13116
71580
74203
44126
13568
55472
80628
6734
28197
79690
1324
65846
46231
4237
35387
84446
50306
81043
6246
27054
86615
20182
60859
78815
68573
35577
73021
466
60603
86107
5640
64375
43858
94389
55045
83701
19153
10792
79242
84204
80365
73543
88443
62994
92722
11796
68245
45944
15389
21869
73051
46738
83323
61816
68740
82212
82894
7622
65749
50394
77310
68568
13747
27998
50014
77139
31477
46685
14158
19022
45517
84208
6158
90296
74904
69091
53649
70525
9192
14946
99108
30531
6916
41172
49305
64591
37503
26828
45446
85366
28958
76131
29744
38616
86902
85628
37895
87770
36672
49903
38442
71896
35736
23628
65933
54353
6197
30514
5826
91270
70750
29171
21615
89056
25820
61932
13752
63987
61564
94559
31725
45730
90798
20499
63480
86444
21938
97010
68745
77736
15472
55594
55563
96791
51563
81030
24498
26302
71518
99486
50593
46531
48101
35913
9850
83827
78578
93272
6726
98270
41073
64755
27700
95207
44771
73785
48882
98400
95163
64330
63586
26154
93463
15565
46637
93221
84758
54898
5464
50138
92144
14781
71539
23835
64413
5730
48275
21864
7669
63223
44931
99874
24710
27177
272
11666
30671
93049
52021
53827
89178
79520
20722
42845
63283
55036
36999
86687
4980
22146
47473
66372
11213
61157
54994
50700
25331
47518
33810
89857
33693
52464
80091
58216
46172
95307
36296
56152
54624
12175
36420
5664
55975
73392
79635
85387
32592
89430
86605
83072
97579
28420
9452
14357
8202
68949
80779
50222
30482
98291
78463
52212
36499
21447
78990
28771
47461
9734
18177
74033
30978
92447
58846
79563
42595
95928
8946
16374
4629
81368
73469
49077
9430
64888
28043
43233
41063
6217
43390
86081
36146
19465
99055
17173
24747
63641
32490
89741
25907
62782
58353
85230
8758
12641
38998
29211
33532
83873
60125
51075
27365
56210
33409
58057
37083
84499
54610
71306
30571
3189
85046
60439
60274
77059
91885
21219
85619
77111
79722
95908
59899
54880
16443
27198
20654
35379
283
1844
61255
70786
18333
79911
36942
12651
81640
15063
26512
53288
31049
93649
83802
53679
32815
28125
62972
39843
99511
5432
22443
29042
31711
20667
93089
33401
69541
94394
7768
52007
72676
79602
21593
487
57382
77983
52093
77201
25883
7939
91302
32311
28124
53254
74430
30869
28907
30419
91147
74915
62602
22415
58530
22408
95389
60055
59483
23191
73718
40868
9836
65913
61617
42493
72117
77423
29963
21345
10919
80099
43364
31147
90049
50404
61244
72313
22063
8320
65234
42307
85013
77705
59204
9689
85878
47413
39873
64080
26979
19108
73182
24399
71465
95769
44251
62823
17725
48312
30973
55803
10714
74062
61429
15933
50528
21859
90220
14091
13073
99576
52022
66486
71712
87592
79114
29465
65230
90782
24925
94447
58382
21324
55041
66519
70654
49767
80256
55472
35673
66563
74894
17658
46501
152
30266
20453
48709
77014
46826
40090
60812
59739
29192
12542
28961
3517
2621
94849
86515
18895
76458
32620
34918
6339
54196
49971
6114
33573
63035
69936
22182
12665
90680
68976
87961
74076
41796
38014
85048
7170
64835
71646
99208
47427
7385
95619
48716
63322
14283
1683
2789
55181
65744
93214
61807
35104
91079
95661
54181
38113
40168
85020
52658
51712
13638
66738
85665
92325
95973
86855
62889
17286
31143
74991
34350
93377
79345
63176
83349
90028
2742
98271
9441
96948
50067
87941
18000
34302
81471
81069
99079
37495
77592
44165
53805
87162
71155
31721
65828
48845
94728
25197
90209
3808
51120
49216
93103
21565
94597
39817
71206
15457
79898
28820
36112
20094
8050
41818
82865
22332
24474
88672
2246
53774
9544
19634
22667
26105
80100
32499
97694
6805
30564
70256
804
68236
57079
39460
84212
71394
89205
33408
74635
94060
9092
89339
17416
3716
18668
2578
97674
76323
29474
41687
84648
9669
47456
20096
17980
86028
68198
47970
9712
60828
43279
49416
46100
36820
63312
86960
77844
8928
53832
88300
45518
5755
90101
7555
38516
26718
96595
87803
69717
14359
6539
4716
95329
59516
4142
22257
86184
75539
39039
83995
22006
40417
69292
5721
85790
66680
85799
44939
52452
23198
31093
2643
95387
8768
37680
35117
80641
53662
46566
41856
77633
83330
17036
48612
27270
755
14773
37893
30551
61412
27968
5379
28595
92123
51601
90425
68761
45780
68050
480
25405
46541
36352
49589
23163
47784
78748
35454
80407
55846
3044
11297
83308
33270
96326
32351
93931
41130
51255
31974
99480
23473
20396
86159
69510
7965
61064
67296
80109
70632
78593
18361
17566
34416
15046
97082
85170
71946
80738
11323
33298
40203
21950
27236
62599
72157
2070
45427
41664
96846
46061
87344
48977
24507
9206
20995
68565
67871
39493
89887
6169
42292
81258
95421
80004
16771
13678
6337
37355
3120
26034
12244
2929
34307
75736
43464
36254
50930
31105
78040
35567
32879
47941
41627
67796
34004
74397
86251
27056
20156
96886
56497
87197
84097
65491
85650
71017
11638
68901
30176
86315
43720
74048
76523
46739
17570
87895
25241
36698
6057
23500
53382
31742
89532
96130
38068
35432
2037
33800
69824
25240
67617
58595
55075
68502
85329
79840
97391
98418
5244
9333
5251
65748
15703
21146
30180
13064
25779
11669
84569
53448
14998
17581
80435
79441
76860
16212
22866
56609
51023
34597
32060
25747
48480
58387
43455
84074
25511
30093
35109
24076
74032
26093
5255
88697
57115
14039
54338
45616
51630
52064
75339
5408
47652
93598
26496
60973
50159
79601
16116
92946
81903
24148
33396
79392
18803
59029
14435
8285
40137
15910
53362
84854
30688
39794
1708
54604
81629
40428
23705
42705
17882
603
89365
41036
89650
7112
78538
20601
72317
87408
24382
29522
82350
83300
81407
81861
66596
11896
88599
17634
3684
96136
2692
58491
90608
88504
69253
41484
61090
89019
72228
71386
46697
38041
79001
81405
87420
94038
64195
40105
50784
67989
80166
79175
82396
25244
58303
12117
58302
46472
17594
27608
33405
29972
23736
21624
76444
24189
96982
60950
24100
10086
98044
98095
1106
58552
1753
45133
77034
81869
12309
9066
28419
62768
592
91392
63
51119
81273
36604
82280
48957
55258
65270
15137
55577
2640
94771
24363
80755
71871
40737
47994
16678
90004
29753
35816
5858
9902
72730
60659
95445
59539
20722
46218
35750
10770
98966
33214
19412
47203
57234
28282
89123
74791
46270
41734
2332
96117
4905
42983
48451
39215
14574
73486
19550
9241
30651
55940
24045
95329
58996
18158
34618
52858
23539
88342
26811
29328
43061
29298
6989
2021
26515
20371
66073
27659
51390
92949
42623
73818
63921
85456
22941
50297
7772
85463
45328
30426
91511
8622
90034
42671
17221
30259
77775
79698
58068
42275
11714
94786
13280
25227
8290
5948
12116
78046
1543
37903
51708
88416
3515
99448
19425
98821
84262
20717
34808
6044
92
54190
55844
91509
54628
36317
1200
60485
74461
12419
40981
91187
76031
84121
20012
21765
82947
22227
54892
76304
5755
88298
84689
92275
1872
62467
12995
32699
44684
63599
43731
5985
16377
19668
55854
95942
9620
92316
45063
31979
27772
23978
45938
91232
67258
94102
19492
82382
64659
40170
97804
69106
95006
17546
504
35082
14439
59081
42660
34850
57675
31116
5996
23209
95919
64125
10687
45047
68182
67484
11139
87374
52805
6596
78820
1538
63946
1010
92773
87465
209
5357
98542
63793
25744
21589
27489
41995
44000
3759
29591
27230
4308
98652
41390
42167
30765
19815
74920
63011
35219
6428
18396
19790
98784
14690
38235
82535
26878
35323
18489
3296
66282
94156
40209
50944
4389
78334
5365
94947
61552
1514
69707
15407
64529
87529
4069
6479
6624
52465
78859
6246
57266
26391
58710
18151
14381
90338
79678
38318
45599
85517
38917
287
79730
57115
82685
56168
41176
15677
62596
73398
6693
69908
93469
17958
31467
84340
93623
879
54617
35785
68843
22904
59538
97529
42936
26819
91639
18719
35057
74178
74742
21828
58223
79232
71977
10378
38707
48230
64842
2587
12207
76576
61020
84802
78357
12947
91338
14421
67419
69121
38365
24445
67214
93861
15875
91930
37728
12303
88574
55444
24192
45043
26620
34320
46802
97837
97001
59677
76840
39313
66703
486
61864
77126
9607
18840
63344
63507
71897
82837
95992
7280
63133
76509
99390
86548
86573
12395
16178
19996
99282
51504
48824
3092
78533
62336
84209
59428
50470
29521
59523
69191
81722
247
19431
62070
29137
89607
61135
54661
48287
42634
54728
40671
4158
19312
18858
68255
73194
78879
22728
60289
11691
67277
32761
63438
65692
96667
46792
62060
45230
4811
69740
69436
54729
87472
86634
2991
31327
66865
25597
46096
24545
27298
47751
77466
66479
40210
15557
10256
54161
25525
44505
24728
44412
38944
44118
92178
97643
87997
34079
75717
20719
67590
12370
82888
43931
17707
82390
12246
13113
76627
75713
56874
76569
47575
12232
45449
14443
38193
80528
26652
56427
52667
73317
87089
89571
11300
7196
59870
94924
82243
10510
34994
41716
45389
55119
12893
78193
75101
63659
60996
59035
61295
18867
49313
9566
7895
90639
53307
44398
40792
40777
68929
84378
29181
9631
7213
97841
76141
36298
86243
25336
19774
78875
27144
25727
87740
30273
90510
90535
67912
86393
42467
66177
15330
50788
97050
77521
14870
68012
77699
94669
5672
41763
57034
89002
66700
16113
20157
44020
88189
33261
38330
16777
10874
5883
66343
50494
22571
27777
7454
53550
49595
38915
75444
70987
81993
11686
23263
80929
60067
17554
90156
14039
80385
99773
38402
63092
95013
99028
43021
66489
56621
9794
88075
45707
80766
58393
79987
26403
61278
7809
43360
40390
17087
99081
56466
65927
60642
7250
87153
4234
80728
98526
43508
9592
25675
23741
66071
9143
94288
69338
81902
23185
89465
75283
17149
2165
35840
59167
72703
46218
14834
39631
80839
87534
54006
69733
29368
54364
72990
69235
71972
39267
23877
56190
78688
27144
46046
82345
57746
71521
75565
59786
85720
33356
75501
5342
8529
13661
68858
92542
21778
64011
2812
66546
85967
50186
89087
81999
69168
68577
93441
30292
71884
46599
53995
69949
87508
85582
54380
53404
78697
85369
82256
97995
69889
55207
87813
56514
85630
2909
89530
70311
40349
73610
87049
50660
14339
57891
2039
61503
33888
5239
72288
8630
16785
12904
7092
97877
89099
48869
47183
41326
87808
17381
16980
1886
23167
71974
71051
75258
53306
79376
45148
50975
77741
97112
30400
72402
40021
43382
2516
1623
48231
26905
25614
98415
10270
20337
25129
87869
15426
97214
34759
94054
93677
37602
40477
55553
58817
37203
82733
52856
10963
98555
36103
11968
74095
91851
48618
60248
97348
89818
33599
49075
93154
28630
98584
25990
2759
27908
34660
61349
89391
61674
49004
91079
54972
75277
37231
54256
4834
53908
97720
25090
53514
83676
97217
88871
89675
48989
65391
50079
97145
98278
77465
45905
7539
50812
82796
48346
2562
46964
20301
23476
85537
58504
70412
73324
70691
18656
54934
44181
63224
16950
96072
61178
22606
18132
83826
72680
93588
30063
12529
26521
9236
47416
10474
78195
99461
46295
52230
46088
79301
21525
80456
37060
93331
87781
83882
44420
52852
92325
11034
24226
93090
80231
45105
80472
30236
76840
39324
80886
96842
87324
83087
46136
7304
93840
6122
20889
5345
60336
37676
65122
18249
3519
7626
53859
96474
78923
38479
74363
57645
30802
56928
92343
45127
47043
49508
37150
55830
848
23637
51439
66139
50974
8784
90863
60606
68526
57895
29584
7193
67746
76049
41775
16685
26622
18953
19929
40440
79068
34128
10795
28273
55656
7608
24676
83008
3686
55801
49080
45602
21633
71515
59222
57566
61092
65064
30265
25510
23174
40116
3889
50311
5012
39239
83019
98745
26185
47541
79613
86957
26036
82611
62882
636
86177
86601
63495
17310
81155
48816
54059
74717
28578
92066
23819
51996
51384
38115
65782
15986
97677
31240
36083
36263
6929
54248
64151
99063
98086
52104
22222
60220
95722
35776
18930
26628
21665
54808
57772
3755
43642
8227
18327
54166
12650
66953
64683
89958
43496
97145
88165
47585
65864
26741
74374
89755
59094
17318
21029
45039
58183
12853
6793
8756
38505
34706
33299
43994
78609
69804
61271
56379
49512
323
93789
80809
40712
36170
92774
66624
84159
29838
55697
11640
3736
74756
82124
239
49831
60571
1762
96289
67696
28746
12272
5675
46524
84112
16918
78515
39047
72595
46130
25138
52203
61550
91476
7146
75535
7023
82890
22267
18385
4227
76738
53032
71035
23938
21617
5111
64562
91910
3298
1686
73266
12934
71549
99011
93559
31737
45049
78984
97337
78041
34503
43010
90999
20298
4729
659
58391
89265
60310
53162
45338
40606
26486
87791
39952
1600
61922
67964
64896
93826
10325
13624
65662
48371
23277
12552
95056
82396
3460
9098
21819
23190
87803
1758
6128
60374
28663
21269
54891
83958
84043
85939
38311
25714
20894
88165
43680
63194
9567
68341
19223
29707
95043
50555
37337
848
12358
65447
40402
86509
73236
36244
43051
1358
72874
29824
1286
76639
87966
79649
92671
37563
54852
97810
47675
67359
16735
76872
52723
87250
69572
55794
48708
33289
86685
74441
41867
76161
13107
60294
17901
33150
37898
80857
90526
34960
27583
52411
4027
15791
12769
12765
85017
97706
67314
87323
49985
43046
87264
26171
36579
80909
5771
80766
50263
20412
91036
1780
98348
15039
60808
28059
80163
78755
27197
55778
72128
29886
20872
36472
82703
60173
22900
41967
44642
47736
33631
63878
63228
70806
32450
86301
31492
91767
36139
26133
33368
80451
11400
81280
66593
54795
11772
3993
8437
14284
62938
74486
53070
59872
54542
65557
7817
70428
26839
29830
42154
68030
58779
48391
84238
5476
6383
29898
35808
45382
16461
50053
66396
14040
88690
90998
25721
22948
95906
14775
41962
43093
17822
44853
99177
21586
71512
71204
92357
23573
19826
43116
89018
47263
67198
29149
11494
28012
47305
13658
33173
73310
50923
86907
39235
15782
73908
43538
59553
85295
59805
3833
77464
97966
22290
26323
2745
48566
35851
48395
83769
40162
30231
72792
21509
46061
89072
37819
15353
45065
88002
61668
73047
44360
89302
38868
62080
60118
3717
10610
71233
82969
372
36812
48577
84359
7056
66403
11676
49026
68184
14019
16031
20504
81218
91744
90822
24744
9644
43146
16933
74961
87635
44202
44212
54288
54751
21901
85029
6244
91641
97664
78547
14542
97812
41363
76527
47958
5474
28666
14414
17694
84406
1412
57200
27041
25647
67112
31307
79239
86144
64327
1948
21101
75102
3172
49458
44727
34185
93421
18700
49886
33068
810
5402
9929
45171
86329
16503
79328
73526
61582
77548
83826
3400
79561
54740
87439
3339
40398
89973
31048
20429
29222
53853
69296
63479
58543
79373
42796
72899
50629
48618
59087
91186
78975
98755
79268
2123
90148
20348
16657
24122
30958
95436
19242
57232
87494
44659
37981
3377
91476
44310
86310
84105
47472
56768
34511
41740
58852
23483
53745
17396
84687
58576
83486
33379
46366
13155
44103
38841
25818
37647
12257
52099
92195
86812
69350
5555
71429
34608
83767
7654
69072
57235
98348
44851
62454
49047
28951
17428
54964
93860
32283
39869
32046
18723
24382
13362
76310
80405
92875
36140
96749
54975
75234
59020
83100
53741
36785
67946
64934
64926
14801
4328
67132
70985
33054
62479
37657
1077
52917
21500
2930
51784
10307
75181
62202
39437
19283
3744
41362
78020
73775
35486
34384
69411
81576
15456
3093
51584
16358
64751
48007
96783
9528
82626
50686
63679
35922
73132
91212
22180
36722
40861
67532
90810
91271
72417
92356
62761
21601
24569
53184
69740
63652
61742
30523
58185
56777
63616
5692
22644
27420
44278
86172
25511
19711
33651
27299
85381
4082
82653
42512
12052
67604
12684
80585
86121
43277
89602
95864
40313
7375
34483
48128
9414
11855
73930
51024
73434
28239
89757
89659
8885
68139
49120
11521
99779
51310
9467
63738
39005
59414
73391
81360
59263
29931
2099
82652
78652
59853
39419
54280
29394
35826
51367
99792
73184
19675
54636
10207
74576
3565
32300
97321
15974
45420
80039
53523
53935
36088
29365
67957
33776
82339
95717
96868
75613
44534
57346
23144
78787
66126
91025
62667
52442
8218
72363
620
31061
31799
1411
90521
42908
84519
31830
73254
57308
27228
13404
30085
89124
88714
96734
51010
34003
12353
12031
36500
84981
67657
99281
51444
74224
17481
10410
13761
28793
79666
65697
58899
21164
93061
60907
38269
32397
15423
27351
31024
97847
72738
61631
30466
84825
31410
79973
94086
92577
18353
73426
24745
8038
28371
25705
80207
54711
35970
98103
30405
73700
3986
1313
44148
38015
95260
12369
31106
92181
73074
82509
61464
30804
47283
75785
42086
87082
50281
92416
85544
2503
97470
84277
64962
61997
75092
90368
24648
55483
90976
87566
23271
76465
61172
37522
18767
62636
2262
5030
40640
91188
25619
53669
83622
88898
15343
70530
18427
50069
62796
6947
2612
30185
79251
43702
34464
66570
40192
11793
66499
57467
49715
21452
28056
23768
13438
54984
89062
23007
70886
52370
33690
46786
59867
76965
4137
69070
35376
31461
61168
713
62443
6158
97993
47123
30002
1906
44897
829
78384
37164
43259
97223
14367
71019
11688
2544
89139
37519
15244
81083
27721
85523
17688
14560
85035
52894
72304
26240
5918
50934
69835
67681
97233
2710
70687
66145
80253
25484
61879
49770
25083
2690
78081
20005
92171
62997
93995
20554
95436
17131
98251
63571
47207
77567
59406
33311
16616
67774
57135
23724
82896
26306
49701
39241
84948
38846
6492
92953
9202
95012
20802
43253
71995
20698
47124
14368
40093
60468
89604
77274
68764
75992
62574
30484
57583
43200
71326
31221
5608
49842
95433
62252
60216
99287
55465
15300
49779
24608
38955
92308
27796
28924
50745
49083
26553
14056
74260
43962
24718
15498
264
79425
26280
80160
82410
98834
43438
20887
99113
85695
37459
25619
35031
60172
5930
58146
35930
42448
8880
88231
78392
39120
64883
94526
75701
37351
43129
58988
75670
32706
83900
97822
71961
12622
74384
52340
34102
76532
16928
41149
24596
66229
92216
83856
59941
72855
42765
78628
61143
24600
95516
96674
70857
35190
84839
1656
45472
64348
59317
75845
10140
56501
1641
67189
71387
5441
55028
43344
79919
90126
65056
66408
79560
70362
88425
22276
93972
56846
49370
37045
81123
69548
75557
71982
19844
60740
69497
42492
10935
1230
74319
83840
9794
46724
41339
2082
93132
52404
90228
30544
68151
62566
36204
39880
35492
22496
43216
78026
92834
26775
65670
60872
48708
95031
73561
65138
26112
24777
27482
46555
32671
23489
15018
61012
14996
47328
63837
48000
68284
49802
2650
99805
4387
99922
54967
38523
45896
38459
30275
1118
66597
6192
76685
56585
29756
1634
25748
65363
4242
53597
8420
84200
58917
2203
99423
34687
75929
73121
14072
36674
34423
73400
94710
12614
94139
22358
16708
89801
68588
94929
49819
33754
61711
55446
23906
92819
70203
14491
73869
27852
40563
86708
77109
22082
47414
84928
31689
84700
80591
57990
83623
89123
83831
79175
84534
11029
63598
21731
11704
95754
14744
14316
6404
55201
85488
25456
46358
39798
59050
14044
37271
43892
73740
25527
45975
37021
93718
32552
83862
23283
65841
90600
85595
47581
534
60785
82916
93414
166
23659
91089
81966
88260
11232
34122
91256
19446
63825
86401
96120
72606
63106
19749
29023
75537
38597
57300
14507
9304
90512
38488
91291
63791
68712
31279
68351
5860
86591
39842
6321
97633
96411
25104
13328
84062
89595
84738
65807
9394
27667
63256
10651
21929
80938
44596
74559
30338
74581
88492
12376
21638
40746
31515
51801
43546
22643
35898
3735
30185
96474
64313
66770
94936
99740
49108
73976
12130
50682
39016
81362
13937
29465
67446
66586
74501
97277
12411
48028
66593
40286
40605
73650
25935
99826
73603
45920
31102
45905
20253
35824
55981
95791
77248
7916
69378
44478
58501
31198
47658
26723
81445
16210
12684
94084
94215
9723
33102
15448
57803
73215
93502
43551
98775
32874
46831
64108
52564
20707
70563
5982
80325
70351
57118
21981
9695
52867
61132
98561
68049
85090
37913
85941
90435
76273
24911
50835
68846
65600
33016
31414
41794
97676
17867
41019
21583
82507
10899
60748
50865
30327
31312
74461
30334
289
23853
37902
74636
90139
98784
37646
23834
74992
74356
355
55943
84477
62190
13474
21525
93232
95617
20420
26708
43987
52735
57156
67495
61425
350
76810
15368
8558
17346
97387
4072
10159
71004
57969
78326
59716
30537
45675
52946
94452
19484
64314
25559
64723
61502
13532
52744
65849
2667
56894
94013
84022
46464
4796
73720
53518
46487
9535
78248
34764
72171
6482
90699
44212
42348
6173
29765
41422
55315
45332
22563
22736
24239
78775
64101
94131
90984
44853
55421
74379
42415
80819
99552
73220
335
73489
42220
8163
26863
83252
87861
35375
97029
58717
49680
56364
38711
28190
95139
57156
24371
99331
12471
40791
86450
97528
94918
4863
35687
63145
44104
66274
31447
90332
5980
52611
67415
24095
10650
14687
40140
80183
96547
90341
99637
65742
29459
70762
31254
76627
50262
5512
49874
47311
18468
26744
71273
25031
20737
41735
35088
38264
58869
27873
74332
81204
15245
20930
97154
43949
49966
9867
10385
34845
84979
48675
37120
75553
76450
51309
38962
55867
60077
47941
94611
38063
45767
35447
33329
63714
51584
20805
764
72061
63832
43096
61659
72054
99676
75464
70672
71484
39471
79518
54632
5150
75517
84305
20745
70077
20996
5356
64682
10597
50021
33411
6837
66223
98014
42687
96053
54790
15988
69946
49648
48848
56806
98513
95427
3188
66331
93226
21376
22867
23393
27118
93924
35213
7087
16066
83643
23905
88276
36339
33462
34580
34837
31505
66622
30542
4491
36833
83768
8491
88571
43591
89055
69042
61376
18909
73609
14406
22074
22789
89345
77703
78813
34571
8646
54396
52105
6867
36093
57325
48690
27579
85957
17360
64783
69409
20974
2609
20277
75506
21259
14674
86029
55657
31148
44330
36201
3878
50835
67706
13218
66231
71444
4829
4161
49092
55235
80638
45993
87089
90359
89057
16535
94122
65987
57372
47517
98400
21772
54645
11660
31723
32356
76099
52046
55526
86706
64400
84233
14683
76531
82786
33366
8047
1075
24283
72234
18974
48307
72657
86908
44806
45267
43013
13772
27084
66472
3011
50672
60476
31550
68244
63629
1616
90828
89093
50350
60099
31027
85838
61914
49931
12583
5805
91500
29159
16343
25206
24316
84657
16142
80359
71455
13382
22282
68715
49970
91250
33479
33772
96619
34332
72895
67277
28353
81485
25861
65024
81157
48822
9804
97113
42346
69441
97007
42714
11949
51587
13810
1778
61622
50140
53643
70293
17490
43241
1029
42829
63142
79905
58047
26555
75671
54381
15628
63585
38451
93235
37681
88862
40080
39825
28789
67148
26652
9882
33692
57561
69921
82031
41217
6810
8371
13893
54320
85002
62228
22393
65769
99167
40182
60395
88348
98250
62157
97601
406
80514
62659
8480
34415
45169
36860
76486
38715
6312
58264
35628
26623
16022
37624
43014
73010
20681
23507
61157
12354
55450
7629
41672
87373
31309
17003
41059
83312
6224
90123
10375
66548
58651
83237
15696
30585
11698
96518
75708
68696
42795
37960
93946
75022
39275
59506
32525
50501
92062
60049
85051
36367
29802
95442
98010
60254
35880
46891
68621
20595
12390
45551
56081
27745
30020
11165
90490
63605
39018
96976
13610
33512
57425
76752
69914
72580
97397
54244
65916
24765
37193
17477
89087
26581
99892
34357
29529
81512
44307
74229
75564
16809
20185
61061
94656
16249
58518
388
45261
94928
68902
88481
1755
27433
11256
66020
8969
99497
12372
81510
16979
88478
72569
27213
42195
61591
4214
82704
92808
25107
77025
92722
83344
85793
25031
29211
35590
48770
1357
88694
63920
91552
58054
19827
28616
34653
78490
35798
4430
29301
7799
88295
51460
92436
64596
12962
53686
26538
36562
64819
68437
24259
22016
41135
38761
78748
75893
27301
33515
66608
1316
37893
45865
65233
21939
78562
86805
41954
58854
68254
31547
27380
77492
62175
40966
16224
11859
76021
2310
37000
22350
23805
20102
62011
66293
18242
53210
62633
75578
7670
18854
31218
83947
58561
9136
3589
82175
57721
44020
43522
39680
81691
87755
94615
78815
44656
89154
74329
59498
807
21075
99644
99471
1826
43098
43786
77140
95742
24046
94737
63822
8138
67447
64382
44800
8016
73288
3051
52904
33416
20273
15253
87211
68837
27975
44732
30021
22781
82773
2666
51433
36827
2137
3098
97336
99266
66862
53555
91897
92194
51127
12856
49825
31189
63590
1912
87406
51943
49035
40371
54340
15684
58282
4742
46520
1724
43608
89105
67806
51568
72588
59537
42624
99253
78473
74674
5943
99815
15740
5197
44451
69689
27004
23533
54299
38302
1423
38530
49722
25473
42656
14554
21455
52536
96946
71631
11529
63260
74399
26810
99917
24826
39839
75513
21578
48198
69851
95846
34812
49913
55413
46474
19744
59921
34612
14977
43535
38609
84554
65154
73045
82093
23659
75596
70274
14370
17445
31073
43509
89138
23432
36907
90765
25822
53651
25829
89526
92230
11929
98018
23324
42464
80661
42802
45948
83195
96648
26987
23112
99780
54204
44156
95115
69961
91620
16175
42387
76522
66633
85931
76082
68073
67643
67103
85982
68483
78081
37696
77792
47652
40699
64594
99683
84297
3416
61384
75243
1287
92296
32511
66584
23709
37410
48831
87485
42518
55709
23584
4128
40111
21909
33893
78624
74089
77682
66500
58323
52371
80606
80262
44072
58567
12412
71997
4602
41854
57729
18882
92450
73119
51576
798
590
44113
95856
65820
96762
20315
45995
94605
41008
18079
43247
92823
47341
43209
43556
87237
64182
11181
7048
69567
49771
53830
85734
63815
12571
73884
25318
25632
37009
35731
6580
95950
92583
45015
75606
23537
79282
31429
1686
56409
74764
33184
62648
70461
64185
28548
91291
78102
49772
50322
77624
14276
60950
18815
28396
16142
64051
28883
77155
28987
89684
93748
78834
16758
64182
45025
44275
8616
60952
31074
18130
3169
10657
83154
3067
91657
14638
81079
83702
17116
60116
87086
28573
10973
66256
62695
30519
5799
48149
84064
83448
84655
74724
47989
51017
71226
56588
64973
26062
57263
87063
78343
40063
99316
95300
64987
44444
25106
55970
95545
69772
64047
49475
61823
11359
36838
25035
72780
44441
33327
98997
82404
45124
54878
97736
39848
80556
51586
40874
1755
21431
69343
73127
84247
54985
47347
24947
68445
65887
4612
87214
37050
81062
12001
7458
80831
78962
80294
38028
34832
97239
27859
32949
81531
27246
41809
98048
98891
62840
36599
34079
92467
19292
96295
4484
67210
65777
53130
14218
52442
50150
17018
59935
86161
22303
88125
48979
76881
27326
79959
10090
44902
28501
91860
59293
88665
37269
2733
68585
48275
84025
5995
97276
85467
93043
98436
37893
39474
39372
86811
44135
39901
27809
64944
88822
87043
23342
99676
26966
7324
58209
1058
58888
9844
58773
42682
13722
37956
82325
44361
86076
33644
34838
47766
49690
68042
89108
1178
83917
54741
26107
88918
32025
13302
17701
83888
59196
32522
1320
78911
42706
82078
46834
96620
45954
84966
64803
57119
82226
24343
87281
76522
28475
68719
13815
13331
74237
18367
34788
31335
29793
11021
35131
76019
81684
49217
5360
85826
25699
65843
79104
85132
53211
4086
93647
72717
42951
3953
7271
65881
65041
27194
65351
39939
59428
80162
27862
91894
40053
78293
68361
82940
29091
86663
93097
80413
6490
14441
41489
4706
21617
96359
89533
38103
41463
55598
80929
45329
1659
36366
86473
58255
62671
25895
47632
88786
41204
65327
99283
35419
28707
1401
49566
48901
60646
4149
29308
5572
30069
75824
27605
41503
9119
18604
46846
79350
94355
3877
40281
32334
9480
22946
92154
22102
22323
62694
67348
87957
80656
15337
3398
60881
37855
16654
1067
23016
71369
73759
82305
61347
3614
73762
27607
24773
995
51528
78592
26417
18400
30848
84077
41181
75773
14875
7973
21104
78944
77515
94363
44089
26850
41282
11009
31951
49638
76943
63174
34962
27041
91569
31269
7017
60018
54890
34992
65065
44675
9869
37981
89302
44183
34825
42517
66718
6084
68938
17754
79073
23572
3303
83311
47209
61761
24809
90136
20269
65375
74985
81395
24578
15887
94633
8167
25722
47892
22037
8576
29364
51543
61920
97261
24986
86249
3777
45910
67382
21934
74532
50394
92280
27738
35731
95000
33313
33726
52384
85773
59480
64553
50577
88882
3316
51638
85424
24460
3006
27019
96361
31778
63309
28055
99518
31826
49141
16689
748
82647
14869
45084
38534
43213
98310
25046
1131
69770
36082
40990
80912
10886
29814
58756
64270
37497
95373
65277
24710
38029
16088
66499
14121
76024
88236
7026
95061
2452
59901
7422
4029
95811
31548
42770
82817
14926
42642
38816
13546
55414
21792
19545
79747
30177
83846
44881
84827
22821
11498
26521
6640
1630
8697
76947
10134
81692
17836
6101
64278
28479
92551
62520
62002
86959
68245
71059
79576
67111
28412
75941
72444
81045
81407
92337
44297
51451
48010
21224
64164
85995
87982
62836
47277
37049
44572
14840
9366
38230
15022
36226
43531
86706
18714
58948
80249
33415
13971
26670
25965
28382
43150
51917
41234
63915
19737
69621
14882
43968
72248
26292
27102
40492
82418
10871
87498
23705
42616
27535
53348
41762
9219
38474
20649
85069
71538
45362
56166
54532
58987
38067
28393
71974
68561
54855
15919
92116
95407
10619
5801
31675
75227
45807
11698
77624
56080
15687
6226
95400
11456
5372
15704
68358
20737
46210
85181
36825
33080
18427
45941
39325
86545
96214
17879
77422
28511
39536
64098
80827
207
56429
68154
69958
74525
86161
9992
64062
8749
39183
80649
69211
2431
58651
81367
18622
6604
40232
54896
61239
47128
46732
66607
76885
47121
36578
76488
13750
20031
69607
29684
94652
71149
46616
35878
38905
57275
8436
10563
69434
13723
53535
6608
55629
44493
77164
45807
43950
17283
69486
21947
18433
12690
96273
90712
41555
41164
65323
16445
79567
91966
63146
95343
19295
25002
73592
36830
57331
17555
35026
37150
23456
47783
7673
86489
55355
23571
16107
81724
62199
41137
76241
77021
87922
79385
29463
53643
31759
70805
26109
40087
11383
89841
30050
45397
23169
59006
67974
96330
85040
88636
48472
82353
42723
11459
25856
80934
86303
97437
34153
88321
90609
50109
57948
32041
54567
43379
