21025
64315
74001
721
23386
89597
51478
56864
66385
63722
13694
3934
84793
34367
27529
73808
86110
21958
43058
157
50996
40119
98922
28111
32728
19227
75244
4729
98210
76035
40000
87510
47378
15838
16337
70975
26283
54273
52938
21565
63570
3250
13820
58125
26385
36709
61835
20633
32899
87611
5892
92912
14925
36638
55633
24740
71318
5536
9624
64361
34821
48022
95725
27046
25679
55532
59372
5318
12486
98719
90757
58047
76606
53484
73516
13215
94910
95118
41596
47562
40391
78025
72542
49634
68070
93374
28662
69388
55767
4847
89958
7990
7728
75661
42404
50717
64773
49796
15843
80792
86377
70786
66783
3787
35962
91398
43107
20272
81705
56168
82788
59076
23415
91592
76279
17476
38867
35348
87198
54756
66823
22114
10048
41391
94511
85168
56232
37951
54864
98063
12957
48339
87022
50256
41258
2432
98092
37272
40507
14952
81046
60574
2834
87299
91232
35436
80
68992
86468
28176
96011
48467
15907
37680
55373
44706
88544
64517
88348
86392
67807
98316
50662
21052
54718
25343
56360
52198
4303
56569
8704
83723
73878
65314
70917
20046
60232
21980
92180
92406
54851
5909
33304
31892
40734
98983
10174
40156
22390
85847
95147
20566
68933
89767
54713
10255
93613
41793
17796
57889
88590
8198
60426
99401
73988
79706
85469
73901
90866
88999
92401
87711
60876
66631
15437
47991
65174
29425
69028
43247
26699
52978
73502
35205
95203
86092
26932
65089
53973
2183
929
29035
58301
84143
71585
88559
28540
67288
18772
93014
60612
75606
25301
60995
4283
56421
94869
18279
76707
81820
14821
18297
42222
25148
23245
72945
65821
13218
41558
32856
30099
49377
10935
89201
12937
62838
38691
44746
35671
99415
8758
72801
73236
23908
32213
6955
39757
16766
54518
26180
29395
95477
24965
65329
25932
3713
79313
20712
63203
44414
89980
82063
17529
4818
54348
41108
16443
90021
52154
14508
39877
84941
82869
3886
36091
31006
81373
74053
34594
70275
42290
320
65271
93536
87576
4115
85403
82720
83973
87438
22335
20011
29298
92022
29716
2236
20531
34516
25118
8691
73208
96046
37477
68065
80127
37918
31621
14659
10711
82841
55393
97652
95675
15572
74861
69747
8696
95984
63409
15741
32345
22660
72849
55831
61806
29316
15064
75655
5943
13107
88175
15071
61089
42973
22185
34030
76557
14004
99192
64144
65337
83283
22043
32310
11570
2059
16961
23124
29335
87928
66117
47439
83140
5035
2177
13989
63883
83648
54507
99779
36918
40721
99605
92254
81811
37688
75756
7170
4651
26893
34220
70366
50374
39305
710
64784
49542
21182
63542
39400
63885
21330
82682
16460
1465
84008
21687
67019
33842
72539
40443
74644
16748
48497
75217
36822
63162
5890
68806
36079
13704
39865
4899
2267
26919
49351
98613
72310
66614
29018
50836
64514
2148
13749
97779
27038
49905
56733
18385
50725
72194
6170
96500
14180
18466
91093
57257
97862
24376
3722
21477
5699
2020
65782
87
94778
58726
69495
45179
80171
26631
81673
45380
2640
74702
19225
51405
77146
47187
66143
17646
51407
83327
32145
7352
43720
54647
17708
21154
97529
46877
90248
44705
53520
63036
70315
87442
24469
11581
95561
54594
89214
73119
80813
70385
29101
36703
65818
81078
56591
57935
43676
76145
43418
39074
5325
54695
37120
67696
58326
29151
67827
86143
27307
14613
81011
17121
32278
94748
19585
34502
19267
48046
26640
33720
64505
31338
79801
61683
56651
44841
31478
27366
5228
56189
30581
10111
38748
69492
88389
37884
296
62880
85822
92173
22435
10211
26720
43311
12826
1544
7657
41430
14998
78797
84533
46774
39964
41115
62183
91018
6429
88385
80868
95297
95430
66827
94347
56989
44106
74907
17434
77066
39752
45133
13883
21816
18975
45104
63547
56843
80907
74289
47122
5240
61225
18927
12498
67212
87799
33033
51864
84585
18024
6411
9342
92873
35547
48356
68936
41879
15359
65527
16643
12149
79149
8432
20245
38639
5407
75245
10014
20906
84581
61321
40580
18183
65225
95399
63420
59697
92651
9983
56838
82655
81448
8489
13939
11915
54735
3363
74074
25499
79348
20733
12191
44565
32990
77329
54996
86876
55990
86681
30735
6330
36831
3028
13306
62169
49697
23061
87822
6961
84399
70557
24975
39719
81282
60179
64048
36127
96218
40730
4056
25949
19418
47125
62328
56463
54162
29300
49949
59596
16343
53948
76842
33410
4401
1956
60231
42846
55610
98479
88815
82064
21928
50011
79373
96433
11805
56819
42857
90241
68252
59193
223
72669
92540
88435
41817
23276
34083
751
78293
31478
58625
33643
31595
23271
98955
81080
45106
37196
93247
71427
95959
76029
76829
98831
30330
87882
52910
84779
8722
51486
76936
53879
74643
53003
76932
28226
93705
87819
19354
20719
41253
48754
72326
99865
15568
9316
75525
13363
96363
5595
65090
44518
79013
96091
87619
62014
33777
52892
11566
56138
72469
3846
24974
10129
32495
81280
42943
90886
38922
98066
51265
76856
16142
87969
63565
21799
6478
99899
95628
81459
63856
82351
26563
48198
80864
1355
84340
98565
57796
44019
27834
22787
62902
8308
3222
7302
18413
78503
15637
11585
32270
31839
648
82925
38509
18723
19261
67957
11291
75255
96136
55626
27814
14212
40453
40603
48377
27748
51125
88359
88526
37361
28
20938
2589
42510
9499
57010
74320
43869
73494
31425
63290
30796
28884
62816
7775
60764
1250
89919
71718
20953
862
9516
86503
79397
49503
91962
91939
85289
28526
4915
84881
51543
87484
21581
25464
60186
25041
77557
55555
35141
59944
84990
75734
41123
94390
70523
69207
81302
71071
49909
27204
82796
1697
96868
3934
17063
62157
13470
2569
7078
75778
92486
81675
31856
71359
82111
97317
66740
54125
53928
61530
77074
73085
77163
22297
73219
40518
92650
44280
6220
4410
7964
45198
28981
84330
64654
97904
40472
76339
89900
9420
78638
7346
74611
31782
87229
45773
35622
35470
30541
82298
1391
37088
72265
42972
84462
81668
61435
15458
63859
45814
21882
65547
88134
69224
53016
46875
39386
66101
53999
27302
96100
37466
53588
11294
49915
86675
93220
73570
74661
87899
32777
51881
58119
79171
61043
90870
8010
22417
58570
20775
44558
26301
15682
18984
97408
67093
64919
8863
91656
26537
85039
83291
51470
38768
69838
89994
72490
43510
29057
19166
26917
37563
97442
55919
19992
6632
92725
97435
80815
5820
66057
19275
94547
1307
36815
33215
15228
35244
53544
91988
46350
35467
5878
45391
3466
26431
53774
62449
28333
36321
57431
35286
3191
93715
2118
61400
76195
34715
50384
62047
17079
23958
49265
63445
13520
29827
96520
82351
97781
61572
83014
69119
79034
6384
36684
78792
61789
88613
35880
47420
73962
25603
42282
53808
60416
59109
8311
608
12829
78623
90919
87818
81308
95497
27212
23451
28996
22183
28975
7495
40001
77243
88940
8866
52496
72222
2986
89461
77360
29758
48354
29611
6030
69881
90423
3965
97197
79241
184
81336
33347
90941
31263
73279
80627
634
20827
93302
47943
93743
41966
34323
82944
33503
83960
35373
15572
70399
13148
46520
88750
36529
72895
34433
34324
20347
67485
3021
10501
79162
6622
18805
74650
7008
44181
62169
11629
66839
70893
28143
93421
53952
43408
22961
99527
11520
41789
76181
12387
37505
66813
65691
49491
7328
53348
6300
4237
87050
64696
57524
40345
7963
15489
71139
44790
99321
41116
85954
83929
42333
66151
22322
7290
26500
72104
42129
72740
37122
60121
68501
37114
28927
43916
31049
36519
18072
76174
30353
90367
92023
48121
99721
75026
77830
78091
51892
7902
51175
43411
92047
84172
20036
40729
19532
35439
8531
65451
37843
42045
16440
45542
5948
74677
59849
11732
96714
21376
10092
5881
70977
75476
39763
71107
58992
72902
397
98624
65332
28582
83955
2905
66316
34609
55375
35689
33552
84185
43522
97822
80890
20264
41630
87239
4838
44046
50085
21655
9538
56996
13500
88154
5663
47411
81549
99164
24677
6054
42942
67739
44000
53120
36349
99691
10593
86163
12546
58392
1013
67568
2944
90720
38439
60270
78331
69100
64178
31522
22152
64559
56214
53379
66307
96452
90547
98408
68657
53131
72358
42957
68145
15294
26941
27105
34263
47599
33355
43117
26752
3521
8722
52675
69651
39430
45545
37208
96144
58076
57745
88243
81000
54254
97188
81855
41949
62036
17952
45477
23759
284
84959
68375
42941
38784
60838
49660
71920
45103
7487
29664
24111
87466
521
79136
43188
51908
60676
73028
30015
6080
49385
11687
74709
86036
13397
25081
59792
18030
49265
58673
70806
86796
68693
84228
16547
91286
88633
89038
59242
50704
51730
7152
92830
74378
28493
72443
34429
53355
84327
80147
90782
28446
5908
3275
76235
85552
68090
49311
56665
84326
36807
5766
77962
42451
22866
32606
38989
21132
95277
5003
16615
63522
17609
47473
27614
88796
55498
77724
6862
5063
32240
88924
96751
80990
52374
60921
86677
83834
99817
71959
97082
34994
44339
47744
79893
20704
30614
61120
43008
15969
63542
48420
35669
14779
28265
45356
48301
44745
89887
29709
17735
99601
9145
66917
17781
71746
56648
82399
15286
4580
62541
68094
41819
91880
81132
39698
84648
95861
22348
5682
23085
82395
46578
58830
30095
16492
772
44009
37353
91584
44394
51664
75318
6180
5627
70762
50507
40102
23659
49822
79806
97852
67963
50713
34336
78156
85
9267
76930
91825
17975
10406
21564
7563
74128
28272
79927
17693
22150
3523
95909
94965
80429
97455
73973
53996
27643
59800
94774
8608
58877
25025
42228
20804
41595
63715
23271
68401
80646
23544
11773
17180
4164
85899
7303
40179
23350
83535
890
47501
79079
42870
47343
65827
73345
63790
27366
49006
42001
74123
92073
12048
34112
39819
99089
22362
74297
92091
10569
23007
23584
94242
22239
79952
92687
58521
41442
48330
28693
18020
13741
8549
17618
45019
40682
93098
35937
83672
8722
99291
62651
44327
78176
89727
29904
63628
8579
38216
84281
27943
27105
89405
64967
26361
2440
87935
8164
30064
6381
80983
86635
18643
71008
66759
19269
39937
25930
84774
17325
3936
97090
35954
68114
7562
92253
96549
13714
96926
43361
70994
75117
13804
69085
26508
87731
47153
85624
13900
95454
76483
66282
69861
10916
5939
16134
68260
86562
27214
89404
6705
9364
32815
16900
20727
67136
34862
31135
53141
81847
32505
17678
72299
18792
61578
61859
73119
63333
64720
47919
56256
86359
62685
47679
35182
51634
49893
74085
43973
21773
4654
53030
50331
55466
7688
80743
85859
2479
65873
26458
33276
64245
57391
85924
1019
84075
11675
91324
22110
68289
27215
8478
38063
30185
34815
1401
35786
19642
46038
76355
20840
17025
44683
56215
95966
16457
54359
79275
73131
658
16743
36308
28206
28766
85647
9078
56910
85434
83068
829
95190
95842
77205
837
25842
44988
30278
89776
2820
36755
35722
94926
53819
48565
27156
55944
8537
3838
28856
61861
67142
32315
92991
94207
76579
30228
98242
84596
72242
32875
17639
59670
95880
28923
38774
99352
26369
81493
68892
13760
59607
91463
12207
86688
86917
47912
46992
25346
48280
48145
28231
91907
39941
33497
58990
52698
3223
47281
33289
68241
78218
74206
17917
12949
48220
40585
21637
94963
28655
2481
66875
13704
96596
76151
15845
81541
44274
38720
5255
60552
36263
60188
41489
41137
51689
69293
56335
9436
45414
77915
69262
63185
53332
55440
3982
63206
68720
63456
72183
71510
57185
87738
36339
71990
87244
13854
64596
87135
82495
18780
17948
43671
73389
94785
2731
59493
62806
72487
54212
18208
56773
13400
219
70194
60404
54980
82407
54913
86595
64114
48383
53604
11595
94782
20020
79721
80797
69904
70697
46050
51042
28985
63751
95710
46476
82539
16093
76449
21861
39483
42522
93995
39569
26207
10959
51636
66311
19199
2519
50095
38606
71738
51546
97344
6814
75058
49338
35491
47420
10358
89571
21329
15293
84272
92019
81282
31274
80035
76468
92165
75117
99740
68099
10301
62271
83301
35896
1344
5235
74861
46733
50131
13232
77437
89470
62740
21186
30365
8829
11052
6984
91979
32281
81013
93578
39183
79444
39057
51691
56796
30624
27421
92691
5564
7212
20964
24347
54422
1557
85256
6406
1998
34716
97115
67569
8629
47971
11882
26552
49957
44078
18813
35196
2484
46676
75356
74383
71744
80687
86967
58726
95454
79755
6756
65853
54504
51419
36896
79036
68291
1704
47095
87836
82074
2895
88220
42833
63747
61878
28780
86317
63541
1756
2197
50691
38797
39223
45170
37686
34188
57564
87916
56096
67453
55424
31016
89834
63048
27186
29410
60876
9668
15593
19181
72536
47593
96610
36684
17963
82692
17936
71982
67661
6762
80998
82332
53653
19284
18194
29928
69713
27464
96565
90656
84667
96269
35145
70501
66643
55781
19517
79215
96154
51432
64094
74293
22712
22845
37899
79543
12934
40755
96656
89631
18248
30162
57331
28007
83786
86014
80422
50606
25769
1548
2172
99046
44932
73088
61572
72993
66789
29058
57146
25386
18808
89305
87348
69411
13452
11619
76678
47229
286
93147
61865
1203
36096
52207
86049
43540
30991
66758
42006
15667
85994
90086
88735
77528
9537
30998
79150
11092
61324
2946
68499
30625
84159
52731
83009
18846
45966
51749
36225
16569
46314
6273
85013
75881
78531
38129
40312
86191
96308
27007
88596
63958
78407
8946
32108
83062
65435
7372
8531
33577
48805
96268
57683
84161
28385
30258
56654
61836
80692
22937
8885
14301
84055
7041
25217
39217
53793
64903
47906
53122
46059
30716
37943
78191
23895
92386
67145
27886
17621
31275
10923
72866
97993
16301
1059
64716
51763
13907
24785
74179
99129
60003
1186
87907
67910
62930
55124
20910
97131
13639
7590
39692
27528
27093
19532
27346
4179
64364
63872
10497
90406
14815
4878
10055
84906
32090
12439
63292
82824
66025
34464
9327
64008
38275
98182
96327
34566
69890
52984
94565
2416
88697
55835
90854
75834
97992
64861
97938
52074
78377
69327
79366
40727
42922
75163
70965
42912
6702
69525
84602
91932
8423
36593
88710
60285
51984
23250
24439
89121
55038
94101
52881
73976
73833
89113
93256
87380
68837
98442
36652
70352
91304
95574
87590
14151
20066
72118
5290
95958
45635
4137
10098
50629
17846
15356
99926
8621
7833
66628
88773
49327
36821
68355
67936
4376
51338
39561
45510
50473
72268
64444
27642
9834
37227
45878
69483
75778
68518
16742
61578
48387
50797
92385
95863
16384
92932
23335
99681
92657
97425
81815
77450
94576
87726
5446
29570
60519
22821
85714
25056
39596
66628
21212
27407
28190
91348
12522
35039
19208
58598
44855
97088
8571
71644
35654
21676
60536
35346
16057
83459
74945
17111
35296
99429
47781
4431
27597
64804
80091
3513
9368
43238
6857
87807
98482
38465
77904
76677
52567
64353
25808
66155
3609
50226
82757
52108
52777
96451
9308
85615
43141
99012
94088
95563
80437
64688
8372
24071
35988
81997
30820
91609
67739
26906
80771
83555
76784
15820
49587
28360
27727
29992
46102
55044
58953
75341
39920
26897
85021
91206
56109
30912
5829
47952
36080
95313
31443
70080
51593
40274
77450
66097
38428
69911
38796
42503
24998
33711
651
69747
41229
68887
74634
32862
37322
12864
7929
81667
63849
34744
41978
9465
43915
70429
71099
31775
22831
19790
82856
71868
41823
64853
53056
48447
98952
74590
64374
75073
57317
53706
9787
37805
21619
95606
11965
94672
49267
79518
93558
66920
54893
33461
96902
37077
92611
82996
34689
41293
48908
6010
83067
33188
64892
65262
53009
82942
42086
97761
58648
16508
92439
72788
31736
905
76183
6015
52939
37947
84875
52808
38138
70726
76045
65218
15305
90671
7030
72057
77237
69389
91880
46629
32152
85858
23154
99327
85201
17370
35483
79600
26374
30701
61199
99665
20866
78505
11107
9124
22934
82435
16742
46946
91273
28871
98246
12137
28839
31751
47513
22609
93214
28398
8732
98941
3456
5140
36571
23821
44837
66762
18848
60014
31795
67012
71540
67579
8137
6445
43274
94932
13071
85155
71144
64154
14076
6253
20584
66745
21500
19808
19040
2794
86190
12282
84685
2593
99651
15231
35113
19218
31824
538
94250
81525
50471
25495
91624
67837
210
70898
87504
83456
2580
66995
10134
46364
1163
64710
53551
39648
94068
49958
42642
56991
58743
22043
54182
46398
12132
11293
78067
40444
56029
11571
52218
70086
14576
21618
92903
18430
16009
96939
57793
65000
86983
53566
89032
83303
62592
74807
28572
16543
78545
60214
28388
31327
50158
75150
85419
41067
41538
16921
74513
45692
96881
98861
37895
55554
14891
79599
47873
3418
30607
9211
35824
3343
98708
78530
52343
48216
28222
55857
36994
53540
70637
98876
50509
94198
68210
66102
65088
42123
87943
85928
55238
15201
83985
94016
32909
86567
62641
78113
56679
99096
26274
23696
98373
37609
41008
68251
20932
63023
2324
58269
15192
47115
92502
18623
89825
74860
55815
28224
57001
6209
81082
98195
34628
45236
19250
30797
18584
62865
9046
32674
97382
19248
61481
68749
43255
80805
65854
31718
36973
75239
15633
80123
11750
90514
47259
59422
57522
1071
4475
59500
97501
95744
95786
98952
48692
72157
1319
53458
13124
67780
37351
66329
29238
38514
72300
25097
21908
87172
55170
2546
60213
86887
36890
49196
17046
23726
32609
81965
38088
20238
14313
73300
25452
81607
60932
75293
37561
73949
43939
53037
80050
82229
60870
33252
89535
72789
54497
33835
70979
35216
63064
5443
50744
80897
61782
40675
89760
75781
396
90363
19921
23040
62820
58449
34236
88607
69857
38935
13392
12649
9828
49021
25535
49949
75203
60246
75159
6302
68588
20291
91169
67872
179
14779
61230
61297
12737
21743
68254
91618
18771
51526
2709
50395
34546
47991
7362
54571
83353
31087
60433
76261
99216
10745
2161
63255
71324
58332
33285
85456
97425
55125
71060
67004
27441
38446
17719
19544
88301
48885
24866
7805
71004
24856
40578
4628
83363
34535
10630
63317
99301
18821
15378
71752
43005
84974
37797
81793
13648
86083
60664
64561
90336
78681
96655
6097
35169
10594
28101
21528
95080
83312
71417
47424
91388
96855
13282
58908
96238
30564
60086
96844
24056
34045
77143
14582
12891
98122
334
74588
9630
19667
95286
67394
43112
17631
45603
32614
72052
56368
89460
50941
74353
79431
64639
85728
67895
71781
53524
49056
16309
16783
84324
19615
17578
33044
75065
27937
28984
12814
41627
30447
24512
17508
46411
73255
40120
73545
63890
53980
64295
14879
68680
70525
8395
36560
53743
99074
65077
3793
34117
10324
39474
52511
90271
77813
99975
60662
8867
12128
42894
12143
73573
34899
83024
70143
78930
89977
8574
66034
31855
86025
16726
41638
22367
33996
44321
32694
68631
74339
35733
93529
56189
96254
37793
77783
18993
42420
69788
57845
8356
49367
95561
29070
47831
20436
2828
4792
46030
3164
51158
63624
83769
78610
16921
88871
45939
2296
17217
6095
51007
94048
70440
64287
22946
29335
43435
51111
5612
6887
22958
72947
85113
65431
76332
5960
56603
25812
41351
65373
39605
52400
4665
76619
60042
58647
84543
78619
7165
52107
27516
15065
74693
60283
75731
60672
24832
81467
9237
61979
56140
71994
64060
60876
75794
98455
78964
80916
73641
77078
95311
46225
39066
47175
2726
6802
62307
96868
24781
42057
57747
7750
11794
69251
98124
11928
85207
32784
20767
16824
32500
80003
24642
14699
97826
54685
56993
10686
71953
62094
33500
76455
5973
17885
87093
5659
92862
15453
78580
27271
81168
50880
77625
54218
96808
68705
25678
92538
61605
15780
72924
90409
72018
15449
76269
39693
1852
46807
25568
21930
31743
17141
94542
97539
74225
95596
17372
32177
95966
7926
30572
79596
94604
32472
7687
41478
39308
79532
33771
41877
47704
3917
60454
57573
64707
11051
9801
14927
14045
92969
56421
33233
11512
52533
1429
61915
21324
59357
80375
14062
25115
65476
58697
68012
74294
27811
65629
30138
5656
69
14553
44297
79913
5577
3761
7316
42387
11302
4011
21282
32459
56716
42896
8234
34505
74594
79888
12611
10016
76483
97909
62621
89336
70289
7955
87601
65886
51560
71220
81698
91409
68427
61235
76297
54690
86534
70206
93932
14648
58016
44762
80418
89157
91541
1307
70092
56200
77583
76511
87529
6110
31874
35831
15328
72883
3376
63254
87750
50592
92056
47996
91863
15487
99854
10805
4395
3468
83504
94043
43774
92264
64876
60583
89299
12505
9143
66214
87808
20620
96671
9053
53544
38163
79757
68529
74251
51786
25120
89140
29907
71069
87181
17871
49115
92496
69936
36934
43642
98101
96979
36474
26018
55720
41291
25516
68960
14643
22202
78127
22675
1918
67689
79736
49733
42994
36126
10057
38981
81086
39053
24358
82451
60496
91867
72027
95554
7709
60701
74867
28013
30182
58763
73085
54972
36944
12050
41167
30288
56828
20015
79425
87135
23311
27764
66752
76536
10251
89135
92843
81
44624
26435
75869
10713
106
60241
47238
11078
75995
87812
39249
58575
90736
18327
76936
86382
19774
76460
64736
35466
74286
5991
46498
92138
29135
35739
76603
93931
99731
66964
91194
31763
75458
60942
47258
84904
98951
70051
38838
90106
53347
95052
16877
62106
57214
2821
66297
56253
72259
72722
85663
91712
37086
76214
53954
83918
72831
87968
20115
43327
77981
61121
79282
3480
3971
25171
4168
46676
93840
22115
43913
56684
84638
57398
72547
75368
5145
64906
25750
38223
70263
39464
67987
14304
67546
87223
98517
27115
65575
33583
16212
44736
40641
46381
61858
37391
3037
37956
69840
85559
48448
61900
36771
10504
58779
52898
22569
51328
37720
98187
52005
60736
67746
40333
76045
20721
97275
40585
71279
46358
74565
18155
79683
96578
21638
70208
47654
13925
72812
54307
49450
68838
41738
47773
18353
83357
19856
82648
56452
59123
9834
70310
68035
21118
10868
49347
48119
81294
22724
29171
37492
59620
30813
54851
74125
5879
62302
3984
8701
36439
5853
86833
40898
53618
23151
79010
86175
80959
80315
72829
71764
5084
74965
67985
76825
33513
89576
51346
31475
41274
55976
19314
54018
25024
12093
10388
24993
78390
86928
27326
96798
92990
44421
24000
18197
9171
96756
55380
30527
84597
51808
25547
6843
89331
72282
19325
66984
35523
68827
4445
77300
77737
92073
5781
20859
55121
10074
54303
9118
61309
38227
7479
79957
61953
61583
13637
71421
95621
38146
19699
25871
72086
95846
82478
77155
85455
97695
43252
49335
41161
19603
42507
81818
84018
60109
50259
45305
62302
50015
56299
90942
11123
29667
1619
72850
66325
72990
66595
48999
24660
4563
25288
22490
8891
53926
94139
22873
27272
30416
25839
4122
74355
65953
70322
10914
74411
9052
19912
70603
68519
12678
82152
25567
28442
67433
94682
70267
1166
79356
84349
16284
96942
33942
3184
19844
70835
77898
300
99419
69729
90440
69193
74612
74137
36195
35886
1920
33204
78619
76662
28683
41133
11296
90526
26136
32707
98927
49189
63831
53179
91183
70477
58249
78903
14596
13815
40694
75070
12753
68290
24419
88162
39961
33140
65172
54024
51819
30794
33462
9125
41738
37765
53875
94394
83426
52863
395
59489
67685
53083
80748
40037
77949
84648
92616
64989
37719
57048
94705
58111
11668
81695
80239
81391
74564
85950
82824
58750
58440
26089
62661
5418
52070
92198
97909
80725
28007
68227
29333
19960
74847
28515
39759
55630
11457
35313
23921
34090
36367
40160
83224
79267
70675
61728
13920
23224
4748
65560
59353
63783
43278
99545
18303
67340
51179
80693
86251
74745
77638
56440
98327
54784
8618
35392
1577
11051
87180
67195
27666
5035
15241
86923
57174
54475
48611
5593
83018
45840
5756
91582
1158
6547
62912
52516
57534
55464
98733
66254
51164
6388
65802
67002
59076
18533
90432
16987
5472
17044
44566
42914
55442
48790
30577
86187
98788
65939
73860
73676
60929
13002
41212
40757
40616
44245
22480
91457
60773
24042
80392
53081
20507
50940
88507
40653
52536
57003
25650
80269
1292
9579
17421
35865
27054
25687
32356
10660
54260
86787
31493
34855
85044
44593
77826
829
78253
70684
81272
11390
69718
28079
67980
94238
20963
16817
90213
28237
81698
98692
13181
61330
11112
19908
29192
5117
10929
35035
39632
77375
80692
75771
95409
41373
86128
81211
64596
37763
26792
78574
16835
25566
29561
84270
68475
17247
94214
12119
39921
22138
56963
82105
66557
33844
88498
44282
56763
67503
90666
73091
57827
48043
51612
75834
99879
39463
91207
35593
1823
85902
4375
25055
70155
16261
95518
63587
47782
62544
49671
50449
41479
54709
34931
52035
31454
67746
90288
22503
91925
15133
2801
81666
79356
78369
90620
74633
14093
17053
66940
27705
76834
90516
29532
11593
86482
35312
62067
27567
21787
94475
58502
76959
4358
50520
88462
61654
27577
27104
49222
62089
24179
45007
60122
30824
69235
62574
24894
8686
56358
15955
45032
77183
18805
55078
13353
24988
25986
1138
35636
68930
3107
44816
75267
96268
39648
64777
17211
69596
86396
39846
22030
20917
45785
83488
51879
74498
13178
75366
78119
20776
82949
18002
26548
97271
80334
24797
27069
83749
60239
19813
46340
41148
90862
48693
22879
14536
94862
64764
36825
92044
8457
81651
34354
34351
35694
85855
28049
27247
26841
47612
28120
17345
96943
99457
69062
97410
72406
63256
56545
29306
42402
4431
25852
96151
95716
33506
45354
18973
8592
74109
61428
95118
85235
4366
18739
46820
93153
31236
98438
64023
90719
54030
52933
25274
16940
80045
68382
53239
37837
41319
79137
29662
81442
30888
76938
49640
62074
29296
99878
11852
53265
19392
71325
28310
69122
45325
66748
4393
86311
14561
11828
45550
98020
63818
70785
67475
449
36935
24913
67949
1038
8268
77693
35989
47911
10101
35415
80865
94355
19892
25214
24125
84723
19329
3153
72510
50498
99834
42282
68955
17391
50395
11378
15735
97167
80810
97423
42999
79260
69995
83199
19149
83943
79099
56490
84327
33265
59036
56915
38384
79970
70253
52926
77499
2426
6478
3676
6819
70483
13122
8742
94442
90066
20278
31062
52178
26032
65109
60811
28455
22357
32851
45276
73749
79196
51510
46198
45098
75159
85831
98031
67744
82979
23837
61518
71145
84247
97420
22229
27527
17037
70571
8199
2365
95185
36497
59636
34466
29421
95734
42323
59168
69182
17890
2874
15947
3872
65364
8086
44527
52414
88804
27012
92502
95128
49905
57377
20065
91423
38830
21608
780
19208
64626
33672
40316
18424
24053
27899
80915
77287
80058
46956
26794
78485
46124
94730
62212
54937
2752
99490
59676
64836
18717
89793
15383
48218
86055
7980
14042
14093
45630
37459
56806
38020
70774
51361
46884
76255
82302
16002
16685
40928
16654
84775
40559
12932
29825
38953
76324
49682
28222
70224
32038
21557
26689
59383
84975
97198
94380
32385
87864
10155
58285
69776
3844
15
84002
80571
34197
85891
59846
63403
16306
71426
42329
95748
18471
14832
59206
87852
29066
25656
57420
99684
42023
78209
27794
17174
53042
17468
56936
55584
41602
97535
57814
47634
91415
32468
39913
15298
35882
23584
56933
98155
45501
56816
36898
5471
5786
32752
92571
9066
53254
31241
38258
31838
33471
34113
43565
70404
3464
32878
40467
87676
94833
73659
13994
67678
4646
93261
96089
85403
44571
22711
34608
69966
8538
38043
75674
65626
56222
10987
51895
57237
425
97817
57054
85459
36532
84093
13856
99948
60718
90778
39589
10433
55175
97698
91771
43332
30972
93874
13053
60857
98895
19797
8520
85278
70116
2138
55904
28836
34405
47220
30944
40760
99891
33120
97061
71980
50300
23517
38272
9896
30343
31121
35171
15720
19247
47426
4879
64693
36427
61527
76847
57253
99899
79958
69463
53869
4431
82937
38736
54210
2137
84242
45354
24216
40926
97708
15122
71698
51166
87163
37634
33839
86740
36394
63300
29719
56115
8604
90329
17914
22130
56818
1205
65765
52864
93730
11709
7824
36005
81629
20413
50848
83784
24247
72195
31716
66421
8163
71029
51732
35587
75901
37200
84904
30689
83858
18582
80487
69394
75124
77909
26646
5054
31015
21108
35880
15300
33700
22252
31349
9243
30257
7629
21072
88951
68050
93821
96052
41302
23479
79649
19376
32536
68727
41636
80735
95493
17355
5012
83388
20871
46258
95972
83718
14028
48669
88464
48517
33218
71547
54835
41890
66060
39304
23106
10424
64361
48550
45813
31586
96410
90369
97760
18629
76653
25270
29834
82067
80109
25732
2880
72486
9189
98805
98510
59565
18211
22512
12813
7858
83474
39615
10552
77254
91378
45736
81170
82957
4715
98873
7353
88212
52391
74963
40074
79252
21675
25367
27902
50690
92498
86869
2110
98709
68375
64004
7539
91031
24868
31033
32178
81493
18356
67496
21480
91485
44594
46337
72476
31355
8235
38829
70839
18923
79867
60655
96928
45365
53531
83043
98549
75991
90845
13645
84636
97443
70333
60795
84606
58181
43287
67098
29931
13751
95412
16916
14775
42771
32735
1758
96871
73979
62497
78345
88786
1591
67758
27377
14856
31303
51084
9778
86457
32568
83375
58961
77629
66374
70147
95300
86891
16537
97545
24366
71431
44779
91906
4712
52479
13377
6131
36889
26255
80608
41141
38450
75921
46139
28255
14343
26251
97096
20058
53754
5932
95572
72758
10323
979
1292
65799
24178
63985
2519
98661
18682
11107
56729
69390
87406
36196
51142
20368
93363
29407
56287
81831
85705
57894
30700
14595
95138
58391
93088
92743
32270
50244
46254
41690
51994
14371
53066
20760
48303
86159
65062
35452
54529
94517
26426
36111
99188
18107
85318
9158
42357
44274
61767
20378
38132
99243
2545
12674
82498
57143
81420
95109
81547
36956
9554
67330
97971
22061
14923
20491
87450
34918
12724
8145
76970
15348
86384
88646
51457
16886
53328
31184
61419
11694
48144
99553
94802
40178
52478
45492
78383
39493
80249
85842
34276
94995
92236
19512
46424
32198
11901
44793
65733
10115
54427
37653
43966
44621
10196
43085
39884
24194
40420
55313
70428
84233
73152
37288
22490
42973
24632
14789
54559
13523
59886
80640
76200
6684
80366
49025
37869
98890
82156
24948
53356
57202
80648
35761
13919
78938
31225
86815
20549
37513
61875
46395
55477
42743
23709
67347
48270
34571
93247
21486
7891
74610
65903
31859
45985
16473
76316
19037
47425
73499
72127
97191
61519
33838
60940
7820
75523
22273
38549
76430
44772
12555
55866
86191
30761
99703
26256
64653
47269
8811
78
58266
86724
63325
6319
17663
6442
23981
38930
84624
64203
61035
56499
40128
69916
66698
38721
6871
87854
78465
59085
28001
17198
14151
3079
99608
17918
91095
73517
53704
35963
46247
78804
35434
37613
47842
22442
27880
34508
70395
5122
83502
94868
51017
25727
85377
61833
99812
7851
67396
13900
82690
92282
19563
17403
69609
36804
46050
94559
33629
95354
2824
21324
61225
86473
51118
42116
63430
62880
21023
89558
48872
11434
97802
75357
50309
64137
51200
81399
26213
10252
37909
52177
41627
19577
49824
4343
70210
81590
48026
13376
76841
52239
22341
62385
73685
35852
7090
52277
49551
57622
66200
63544
59163
76770
90275
64689
45234
83130
280
50649
63380
30307
58676
74686
60545
13040
5443
53189
82905
34165
80674
8594
55924
54108
9934
40630
12138
70615
79243
3791
36990
49512
99353
62159
4698
58545
49005
89512
14352
35444
33814
78107
45823
96065
91733
59627
88004
53462
50742
91038
95483
85802
5441
37540
36045
31056
54282
7631
77928
67337
64003
10950
9570
30602
86518
40275
84210
33873
7791
85349
81901
52897
39290
81806
54771
47789
40865
19878
15645
55307
88725
93206
44431
22117
55736
86534
16801
96696
30943
16654
6490
39976
75545
52257
52031
97434
29661
3552
55462
29633
32250
32600
28225
1
59100
43903
83261
77787
18066
91349
16205
67937
87915
88914
98134
49976
21813
51445
62083
59802
66979
36016
1206
59802
61246
69092
94267
81069
92537
35710
87648
65940
78284
23815
52127
82907
96168
59148
81096
50603
25244
30994
52891
74826
91224
5580
12681
36475
68287
22669
81154
99681
47330
95970
82467
45442
86539
75843
88089
20017
52688
74456
96752
72587
23161
38916
49022
43676
83794
5054
15135
93533
43246
64430
2516
60561
71198
51145
15805
10514
72743
96639
80809
48456
67074
99336
5669
14539
12540
16667
51596
25879
29425
74757
49113
65972
43646
13963
74284
24744
54326
58287
92115
32081
88711
55782
13203
26533
64740
71166
46600
56050
48088
90015
97873
83422
10861
69407
67102
90662
57962
85714
86387
84438
2754
7008
68881
18040
33340
85304
45767
48555
57723
16707
43433
68848
48325
69085
40840
89197
20994
31429
73934
33642
86782
44476
95105
36315
52156
38589
52771
15210
77215
58310
62408
75822
25189
79818
73365
3538
81868
78563
95457
30827
40031
71203
56693
96894
65910
76391
9738
1006
41992
91777
60227
37308
76508
9018
854
62171
47871
93323
69145
14413
47812
55343
80234
35699
67461
32388
75138
17582
28764
54941
40700
48373
21023
64090
83914
34662
50459
49827
22720
2862
22439
35561
64119
62067
12272
98806
29978
20106
47290
27682
4007
66583
51918
54067
17133
73652
11515
88601
8979
62494
92452
66624
7162
68762
32430
24713
80456
82001
61134
71853
66743
4943
51716
64387
97122
31501
23542
7812
9376
74148
86560
25430
33188
94831
83166
83638
72946
75253
81495
2286
16983
68143
82927
6272
59410
46943
70156
12476
61214
55925
32880
88980
84715
28240
80927
16233
71738
21533
73975
62008
2958
32878
15400
72357
58079
64185
93724
60206
2949
48788
30462
32370
68557
46629
60679
85464
73596
24489
2814
98112
84180
16568
58001
98685
97442
68597
7450
88272
83934
77376
52718
2088
17511
63482
86329
40287
80709
5388
66487
10595
97759
41295
77877
8836
72858
80729
71643
7947
48089
26092
29336
90721
45353
4506
80648
21902
22150
77089
40573
65649
41559
26875
55986
50161
73490
43147
17243
17457
74661
73001
91789
36233
17050
60381
74753
74915
90661
92107
81436
18143
17227
93209
92916
26890
78809
1583
35685
29277
32840
81666
21189
21247
15508
54778
27406
7631
86003
71560
10992
43827
30668
16782
2921
16203
82361
99206
88654
4377
85559
99483
23681
56796
12234
25888
90997
69013
53707
27365
553
78928
18070
92363
47730
14870
24054
66531
59341
65467
85578
76983
6034
92049
42720
69620
25475
25661
37632
80886
93101
32753
4394
6548
51200
54274
97457
40005
45600
98681
46896
31013
22422
55441
92804
15120
39078
39593
25871
97530
83130
77600
32326
83616
93217
30717
17263
87907
32540
50927
44185
96362
11983
49991
59677
91291
55085
17830
26574
88269
97432
20180
93231
6931
57905
78515
58947
65415
76936
56095
30915
41539
59020
81751
1927
63481
77689
69711
63971
59746
57690
58001
72560
74131
56549
11758
36983
98380
1717
4008
14366
7706
67080
3675
86865
3662
38591
34122
26917
43915
83928
26241
88188
29347
98626
15677
76606
81520
29036
58812
68561
97544
7085
30488
44916
71749
67712
36645
48323
65127
19605
27360
12968
49428
93166
97587
3325
4485
50252
99935
41919
37310
22952
35646
11483
2435
51373
87368
61981
57995
72209
9565
9945
40000
79358
53306
99769
70649
71272
89106
33325
58316
22014
97515
45745
81268
55392
7991
2982
14465
16577
53093
55385
50658
57932
22622
21381
69902
19247
24441
32178
63615
50853
84562
38246
13932
38967
1951
76455
44303
23185
99927
51815
4426
19758
14006
46244
51536
78996
69779
60222
41557
66773
47136
26806
42684
83685
92907
27078
55591
19045
64722
90379
58113
74049
61337
85065
24161
53921
44225
84199
33644
76180
39724
85391
1665
60246
61045
43336
16380
34008
96981
41352
5769
15004
39949
51518
54774
72938
90975
20229
98078
40595
57227
93895
86271
70607
31922
55088
94866
91629
5679
72609
40138
28437
90253
2826
58798
42500
73614
93276
60367
93168
19129
63964
34595
70125
54503
99410
36305
31258
4776
70264
18511
1365
88329
58004
5395
24789
66818
21630
29534
71036
98417
56673
71595
62760
73290
44912
20799
91529
91762
74627
30975
7369
96527
79842
44865
7561
33712
94723
12546
61459
40816
10396
18624
38297
6806
38768
26379
48410
36575
89274
19118
62048
19257
30738
67307
21728
15358
53573
64093
46348
46074
41505
75619
50159
86475
41104
2841
45037
75581
53948
93624
4554
88481
6333
95650
50275
82681
34909
45787
15430
10674
72948
40136
13609
70680
64909
43833
4643
67998
68974
29837
14869
34518
31794
14903
46772
63821
58814
62468
18134
84423
89331
83042
45140
6350
84666
69207
99374
51082
55185
88828
42971
79907
34794
49424
34561
63363
79221
67348
94960
53279
19105
64509
8846
79807
97847
36275
60314
56382
3863
6540
89457
76725
7412
36873
45971
46439
93304
92629
21120
29449
57374
88179
15724
50462
12251
79482
98484
17509
55427
51079
79349
26883
79629
84127
17872
51026
26238
14628
83835
50390
57346
3326
20687
97472
6136
20588
23050
37607
20886
9101
16808
89283
42115
25840
96822
71472
36375
28619
48434
30493
61781
14508
37803
65009
6395
7288
27451
27978
36450
62538
28847
35661
72435
96701
52388
37794
71724
80834
22953
35364
36722
14147
44044
57703
37260
36633
23161
78760
20806
36418
54885
14544
34654
45133
41105
60649
93343
68221
18780
60331
95825
41379
13017
39269
88713
44266
87062
20600
70499
82000
11952
94006
96877
47229
26620
20123
98411
20288
27841
69275
76111
36987
89738
68351
60847
12388
97875
60952
93106
1229
56404
16236
26905
92607
64891
16446
31673
96292
77479
26667
81484
53378
13889
53133
14718
42523
66465
32271
15948
69672
67568
93148
57405
35866
98829
98151
92663
518
78214
67597
87093
95894
97528
50641
56051
57999
57030
82920
32347
24265
1540
21106
41846
88740
44117
57382
24513
82376
60532
42272
99698
22998
11219
68782
86333
84205
23332
8434
84566
28935
1595
39386
10634
98366
25154
84696
34907
76358
59038
82292
40698
75385
21835
7836
1610
96667
57370
53391
5449
2312
62373
18355
44652
79130
56316
4996
89906
35559
22736
4077
5123
35220
53017
15508
71882
15113
77067
54996
90182
84130
77364
60529
25466
67232
10294
45922
96698
40744
68200
98390
74917
99793
3635
52457
27110
45143
72015
56378
72060
42220
59129
70160
92523
35931
73292
36799
19983
67466
94798
60078
16578
51985
85057
9066
28291
20071
35790
29324
38589
5627
50527
69420
65404
47330
66578
68307
59012
50613
44665
34979
22251
53321
25601
5787
64581
79997
94837
13837
54312
96562
18112
58485
15059
93458
40553
74307
37678
54309
36983
82682
53361
7905
23164
26750
12534
99793
73528
78103
47698
63518
35687
44655
3643
48830
85829
1504
57091
93037
38351
49505
55983
50668
42112
34849
62357
5562
9399
67416
33284
82918
76180
4450
11189
63086
51305
21722
95199
89086
30629
81739
896
42870
60439
52541
54710
91973
5532
78052
94983
95840
43484
23411
61567
13052
93981
9278
21975
34183
3354
28736
17789
72226
12118
20305
3390
21194
23006
65886
15001
2685
51646
5013
56156
48278
2132
97763
49395
2280
62466
2335
63213
81490
45587
81769
12453
89036
92931
32419
73724
40341
62701
36106
91292
3086
74354
80942
59090
8732
92300
62416
70111
84408
93847
5988
72282
14515
58777
68734
86573
91054
58374
85642
75569
3662
94256
77725
72059
46386
89416
1240
59746
33585
23744
10839
37770
38094
57580
47251
7854
46745
46045
67431
93561
79620
30289
2092
59815
95392
9737
10858
76454
50800
80559
2077
71359
11633
88883
48592
35887
68265
9002
60380
23110
83311
90979
57219
61533
30724
19849
60018
89705
50691
63686
513
37914
89768
7667
14843
73827
62962
23616
78274
19610
26750
39186
54392
34438
45351
71655
15845
53253
80696
30318
30437
15217
56262
75355
89260
74430
15908
59615
14043
31151
4239
21123
15807
48229
94199
7975
7531
31105
93129
21376
37700
19786
96264
35443
25583
76957
4118
66932
9950
96733
60132
37180
44202
11933
1707
99595
7762
88506
76640
48632
8162
41978
77505
27511
14187
81948
4705
97060
44419
68001
33100
52445
64705
62686
89240
25184
78522
94545
41803
8231
50148
56741
4209
45184
20269
18743
69867
36964
14807
52461
93643
61654
42830
86103
98319
14200
29152
98667
13748
84002
48035
7933
70928
746
415
47126
99939
81612
44386
77920
6552
63886
33635
78482
65374
82328
76828
63907
68342
14552
55065
14580
62846
10068
80797
81593
54793
31789
92378
48787
59066
14661
87438
30325
45447
53508
37448
14203
28406
21536
90290
64229
90236
17095
7794
87807
70138
86172
95390
42728
61490
87449
95570
10673
94362
90482
5765
21163
46791
49831
29744
87130
58723
70935
98533
78098
99649
35878
17307
61097
70883
79615
38699
93637
46373
37423
1981
27002
77309
31643
99507
48362
30479
86423
92071
82033
15271
84669
94484
48599
91427
33518
61430
71957
39588
41216
40011
82193
64594
81948
34141
59182
44373
80777
53257
75559
93448
4255
36683
88369
99733
57187
22421
28539
85511
2078
62153
60516
48082
14440
6560
11726
38780
96417
73710
72046
96425
13842
97926
83301
66029
7179
17839
72924
54857
5611
68985
96113
89290
71519
47188
27090
75146
72202
5256
17215
1889
95657
98431
63088
62921
37737
96418
79834
87692
42728
21374
90539
84505
28421
46626
17164
45173
73549
67728
54614
23103
68542
59493
7686
44891
64414
58853
49800
3667
6499
30588
11818
64327
92883
79726
36924
3280
95380
53024
13502
3545
93580
74174
59648
86976
81756
13060
55417
47779
41922
95644
59404
94834
72621
70526
27342
3219
20066
44806
30492
25017
2331
98700
38831
5118
54744
96113
42438
62296
88280
27445
88728
41735
78161
96412
76385
58159
50666
86175
46704
84070
86075
47104
3883
73053
83338
44302
46878
8913
25784
14687
98363
64992
32787
40885
5035
8
11493
3158
40126
21473
59860
98739
43296
99095
46995
10207
65672
91550
33463
16864
98316
50438
57102
46157
96778
88270
38152
36939
10903
75791
55922
22140
63202
70715
45760
15095
40613
21988
84419
55723
36533
46781
38697
33993
18937
65305
70009
65130
91748
51033
6258
55057
80794
25647
87105
23707
57513
4494
32606
58019
63565
38601
53549
37970
68192
73715
80936
69513
85225
28887
23411
97666
78633
28293
59483
9253
31212
15416
60517
70945
50855
23551
37784
66062
26488
79750
84885
14539
46493
47040
54245
29979
25567
11118
26941
21514
6126
50088
37739
57337
28639
89830
8641
49401
44528
15711
57812
31619
55426
16188
36934
49421
71782
30318
28148
55508
51361
43911
70885
11393
69256
74487
65142
4203
71345
11417
54909
29447
36325
99756
57707
69419
89715
20421
7320
92970
8058
27825
7224
75146
93871
5786
88296
85519
88577
44958
88621
56458
17289
45949
61988
90068
4699
7247
67863
44682
53976
64496
14700
76545
55809
29701
89847
72022
69289
10003
72208
16491
42383
39378
84116
44611
37638
9617
31636
46428
91883
13045
99235
48685
75110
27656
60639
30678
93077
7249
28258
46
63854
31887
34506
65602
75500
13394
82232
27417
92094
79364
95530
93972
78596
39861
61115
37801
3674
73348
16352
48228
90051
19415
85767
60618
42647
6739
63630
49764
49017
14323
94451
3965
71717
73905
56839
87848
22082
35290
36065
10037
16186
90055
5129
3405
12454
51720
38512
59123
42299
13131
66613
81188
50412
7972
31515
79756
6752
35302
27313
88845
16609
86470
62019
35651
64691
6799
26606
85147
15153
75044
27427
34929
19498
73760
19502
58089
14216
17968
59396
22959
7360
47893
28786
11814
97877
2960
67548
5274
99163
41691
20699
41121
36866
87119
7291
4180
48735
35287
97281
51181
48251
56757
48955
28639
66594
92860
48811
23034
94246
92931
66223
27579
2008
11776
6915
88013
6472
79669
35964
52716
86192
7516
59551
56137
44308
71282
56770
6654
69389
25870
14208
43908
96693
78361
91419
16332
11692
55193
38486
9554
81941
4100
269
8221
43707
5777
41702
2802
66901
50011
89299
51445
22836
13334
84196
66900
25867
63415
94505
48665
41896
22997
42444
29996
10238
91601
6973
53658
20062
70627
37342
126
47066
55576
69781
93940
43052
36344
22924
18737
33372
36553
15170
98510
47461
65862
24113
70442
17914
6646
40703
53159
25897
76735
73076
40143
76208
84373
66717
98068
34142
71213
38055
78324
95576
60741
46135
93434
99253
27284
54024
1223
77780
60414
20060
83244
93481
26443
50506
49595
26561
96834
85795
72233
9674
74433
76146
24009
87405
26793
7345
30024
90784
13360
94648
18988
75974
14168
6781
6686
50531
15279
72462
43479
81331
36215
74034
34847
55906
22501
66743
67807
59686
34747
9320
37772
57428
85340
41632
78691
28585
43813
68100
54148
80337
65490
20251
5242
64232
83757
94482
8794
82026
14383
70827
86938
58462
8642
72818
59077
97738
62591
72806
24013
31110
88193
66074
14336
2890
61057
96898
26225
36982
81526
50298
61699
11184
38316
79395
36254
18701
63540
47986
30605
96075
74600
48405
51945
56459
23590
45785
14097
8288
71065
4636
64813
81483
6227
27795
99123
53446
8663
56654
65996
22213
33144
79386
13364
5279
7473
64260
58765
18447
49541
75690
77415
9676
9074
71527
85553
56
16844
92944
29834
51138
65269
71628
73396
64281
72137
76438
473
87081
16326
74033
15845
852
51303
30422
86808
6415
17128
18291
57911
26144
50757
57914
38172
11997
39858
66055
40173
32450
62424
41350
46904
3467
94131
88224
75700
86426
4331
8779
57701
14902
82824
66501
72392
91814
64630
40623
93460
82657
20958
60104
23321
90794
55055
16691
69725
83395
35992
28280
78413
4362
18448
89401
81055
84261
87401
25113
29262
15939
12479
38598
49933
90707
32996
37767
6146
77437
46742
9441
43590
73004
30932
87026
27238
67295
54123
41894
55265
48950
10207
60198
47926
80581
6777
54441
28807
11360
7191
86030
57229
7156
95512
10383
25163
66721
51377
87688
13724
23490
87759
89741
32989
3643
88443
92829
66538
34026
90713
9276
24498
58105
80484
36989
6116
50061
77067
96327
18153
31799
21249
21795
41199
24782
69130
45221
55509
26365
10284
74745
75019
10684
73245
58810
44991
24536
80301
86523
26867
4501
45261
38796
23936
19729
69310
88491
70591
81914
68598
61213
12319
93160
57582
14470
19332
7630
97901
85626
72236
85578
1480
23538
40574
49973
74039
89186
80546
96114
86317
23209
95774
58103
16929
56563
83060
37957
99909
89185
11006
6750
32772
80701
49861
93537
20311
27787
51556
43621
73676
99001
49067
39513
6120
16118
80309
25188
60914
3248
28252
12445
82940
37173
9403
34037
38260
73764
68496
73798
18550
19346
25697
17343
92220
64033
54862
38512
92818
62510
18387
63252
31977
51544
42685
50259
53422
20921
61576
94777
56064
13995
23045
44996
18594
29225
62730
65573
38869
90746
14885
96760
85160
23304
50270
49866
1303
54439
86628
22372
5872
88639
91011
39556
99514
94181
16940
40379
50661
30649
37723
33075
68790
37790
27657
83923
23960
42764
36653
6886
42119
94000
35781
89982
50588
36835
71584
33870
65918
22650
2282
68991
34792
67657
37212
54714
23351
44455
10591
18370
13608
90133
77764
82206
71626
68747
41955
43183
74413
44725
73794
97790
14159
37416
84598
48332
48283
82077
92412
71113
75806
57732
21289
20907
4359
58478
97030
28490
75807
55257
53969
42597
13678
52554
6346
26243
56388
56469
41030
36716
78065
37286
92292
79356
51520
33185
44535
95531
71047
45824
70234
77341
6317
45135
5370
75773
81573
99775
14861
96278
37490
35158
93466
12535
35798
50401
42533
68136
49647
45372
25088
34975
12831
86903
25647
77136
91035
71310
63988
14407
33119
35161
35362
52742
81278
46556
28767
8991
24044
83671
46151
19579
44882
79065
83139
9550
32316
81224
11980
4622
24528
56193
87400
79296
97064
39813
8157
60500
87690
90063
92837
62149
75128
49884
71719
34305
63487
20715
48239
47525
74693
32324
82670
51537
64452
77002
76696
13717
49974
13643
74649
48906
29131
2496
96205
8421
38447
45092
17330
53679
335
16993
99960
37521
49701
35331
72001
44990
70392
20975
19194
62228
7483
63548
22585
19395
26794
56514
42933
35374
48565
76193
13522
41261
20836
644
88866
28501
36937
65270
34266
30241
39976
38433
9180
29433
49228
95646
63955
45176
12979
65687
18278
67722
71596
9585
4435
82644
22751
85191
31094
90284
52389
39039
17233
47641
38705
60757
23135
75909
4439
3358
79398
8980
35255
29210
11003
32614
46723
4562
25939
67675
44443
87154
75652
35721
32069
41640
84129
65113
96537
19667
20663
63351
74752
4729
65062
9550
38522
60955
78317
71220
63645
25098
56704
75386
45873
99556
14074
37643
8419
18414
64561
56635
17075
53189
56474
72013
24031
88215
133
93706
34616
13053
48009
68872
20196
50921
5428
43747
71426
78706
85119
20337
55564
3665
6537
98245
22510
85258
16473
36772
15448
49475
30468
10614
26008
42354
59330
95272
16585
22943
45976
68475
14756
99053
19705
43510
55965
6169
84626
36194
49574
63613
96552
32538
56501
53532
51767
55909
86330
3206
60074
41444
96837
29927
38083
95198
23904
48598
24414
81028
93305
59437
14291
55044
58973
3680
40683
46961
11907
11361
10981
15447
98194
41316
28168
18526
36873
30535
53956
2530
94757
73479
89365
46300
30230
80194
65135
37216
69401
91299
36459
63302
83103
61017
39657
86140
89230
38321
22229
49491
6687
68289
94070
88383
89230
67189
68086
90472
52963
45840
52965
80525
66406
22362
90539
31789
19975
14157
40150
83292
18332
43819
43123
59110
28339
19721
26884
18219
4059
1257
93481
25389
13910
46244
94519
49727
49395
92240
80416
93991
58451
87376
40496
71200
20920
83563
37466
75044
68255
97569
36147
89638
62704
74101
79957
49575
22557
11267
73743
83167
81934
96595
37442
56825
83452
39087
24655
8690
45927
5545
34192
19153
32222
67328
43424
79061
41781
76635
53886
63206
13504
84374
43925
24301
95086
94883
63393
8710
85991
28655
535
2859
23266
95148
75658
78090
72878
87799
31229
83470
41149
52849
75289
1243
61211
14406
81074
69047
84329
82607
29015
6254
713
88688
71025
35144
75738
57827
31249
37597
27245
14543
48970
97922
50784
27829
37918
40209
66531
71148
31135
52428
24858
99373
4913
65018
35593
58080
9620
88155
84933
83207
42473
65341
9484
83556
84054
87733
92510
74839
70670
23174
404
32712
49147
48574
52285
33096
67695
14896
96100
58967
81720
40298
98825
57113
65615
62236
38921
18763
16229
39496
53803
42730
80663
19146
33382
73575
23722
67072
62085
17956
32135
202
67321
69306
37298
81879
40060
23428
53879
52812
74357
60211
49271
52443
4126
51754
68453
10304
84414
60081
29362
49164
16849
31878
94864
53889
33144
70603
55284
90431
67797
50771
49533
73362
13872
78435
28150
6010
45290
44182
50332
72071
36590
34660
56101
77489
53217
64405
79882
89793
7321
7693
25870
65699
52606
28643
89454
72937
25782
1696
19238
17849
46688
76321
47328
46482
91419
9126
2294
47679
86992
8629
83523
75937
14645
94699
28219
15260
3912
92025
7183
21656
76706
83356
61127
27670
22654
66050
88831
28635
74573
14339
63612
62738
35593
68514
8070
32674
3225
67490
52898
38598
24810
80815
30518
19347
27445
89857
85174
51063
36297
9164
22400
3573
85493
27180
2812
15527
75088
61198
46908
99222
58591
94338
99959
17115
38682
9822
92908
66469
74087
4436
62264
93805
12451
54263
84867
12757
64565
7873
92465
28026
72623
11304
55848
89921
98553
22048
35406
20307
29669
4758
6624
97346
35437
90630
83734
14959
57085
65972
53807
83128
68592
34420
93609
74990
18380
58374
39047
65538
87799
7694
84098
64479
44548
54369
88107
66001
28878
90535
39562
91204
80263
29612
4897
82116
36138
36953
11020
53851
5976
13040
57517
89008
3400
91501
17987
54232
26696
12174
17801
98847
65288
69606
87691
29150
76175
5135
70143
11186
97986
76633
77214
1381
72
37893
67193
83689
91659
75047
36010
98918
55472
11588
26242
1029
12209
97080
89543
74218
24716
58888
12010
26942
5352
88804
73471
77346
2660
79381
45953
97635
88744
83028
98443
63846
23798
71836
18099
16964
61344
14270
44136
38919
96510
43612
59267
27174
20848
24423
45714
57146
29322
79755
23884
7500
23911
42816
99275
52599
34280
16752
86110
63013
91862
59343
85216
13302
26735
77872
7375
52575
57467
38073
40410
32907
94606
84831
71524
6218
51059
86707
5515
44056
27322
16031
12391
76092
8974
6153
14974
24227
70423
9645
5163
21987
37477
17492
79111
57348
96961
46052
41614
93164
62268
91042
5811
37184
15826
47321
20835
29626
80180
72880
4109
25853
30520
60254
44371
90250
49109
68107
60888
30645
23954
59614
47594
38754
56907
44834
97505
89516
62682
55544
14498
91097
78012
66807
7807
59032
19692
2269
64468
52815
85934
11385
24535
90898
57914
40199
17473
97861
83921
77755
26187
50570
17681
20564
94663
27005
1320
28715
94449
73862
41203
52712
29141
38665
79227
74113
76743
57901
87596
22425
54481
99406
80366
18110
369
75344
11622
12231
3202
66555
86067
84945
95784
17499
22821
26764
59491
92092
63466
38396
49881
13402
52730
59755
47043
80757
65937
59391
85069
81951
89133
40223
3501
14567
94453
68207
82120
27832
45759
25368
62447
49120
76773
65121
41305
62050
13524
65579
48510
55968
54967
10267
14675
8657
87494
19943
82052
77856
88886
9365
69804
39910
97836
11915
9873
31871
12615
4603
93430
90550
97379
79505
41349
27772
12499
73837
44291
16306
52101
5587
69457
12551
9625
6179
97577
76990
50330
33297
92914
32990
95964
89062
63657
94288
88643
51286
99676
63226
10722
6486
2799
68073
93664
38291
43509
79058
23488
66873
77706
72418
68300
28785
96336
58812
31966
75639
2704
8280
2038
19142
55161
14426
33301
90867
35911
80708
26958
91517
11628
56152
36178
89233
61922
70912
17783
48054
99875
11591
62133
20597
53895
15168
15734
42565
87237
51307
3197
80463
7116
78236
93627
3409
28232
65006
75266
59665
18359
58313
47974
56322
59937
81938
76286
21282
83122
44850
73690
97623
94620
87300
84892
98313
72627
79359
77647
36321
77309
29502
94972
45139
3762
28833
904
68944
157
23791
14956
52076
46802
57953
72305
1785
90141
40576
468
64685
27667
67470
75291
37169
45511
9971
87406
99464
95544
38762
88110
31087
80912
49846
84369
25494
10845
62948
39978
44341
69635
397
8097
4579
86224
4837
41523
68186
96183
76942
29936
31888
80968
62948
14084
79181
43391
16661
96651
64778
80348
19587
3868
87586
6700
75564
86484
94274
98970
12059
52186
48459
92997
85682
79600
63636
1748
50794
79874
49740
57253
55358
36107
97336
6090
54559
17823
82318
9994
91394
45285
99732
27496
1727
89878
88785
64024
88815
91006
45269
89265
60364
76053
29950
53937
65971
83147
25088
54694
6968
49605
51049
44870
57910
96067
82610
18704
8799
40589
36964
34289
29037
91070
77085
12047
69208
47814
63871
34102
6219
73015
27825
17949
36458
76680
8234
6619
7964
48079
51462
96483
9943
4869
43950
54734
91341
52602
49566
94977
16309
3565
64860
91882
48798
63323
28727
5449
8898
82063
17586
42548
54190
43743
8354
75119
60023
92079
72456
49500
45099
79247
53987
90226
14505
61319
43141
88839
3490
88954
47056
64128
49808
77002
42799
64014
80815
99196
98871
61032
47303
9945
11594
85831
97333
65138
10790
1466
52399
81897
93556
97718
81950
89005
48504
34069
22239
38420
91980
22148
60468
30683
52133
50702
85835
95350
78937
71644
7578
20537
33403
98583
98833
93679
40931
74348
74227
30774
91139
42431
59426
75921
65431
2582
50652
58080
65045
26922
78968
73518
90045
84912
59285
28047
71086
13837
81539
92928
66261
14320
75297
80541
14616
12032
92532
25491
65975
75644
1756
54871
80529
73449
22433
86829
6491
56592
74377
26409
80835
36769
15103
23124
55948
10136
34562
79000
50638
43109
14530
28118
47324
33982
13631
6004
58209
17200
22511
4823
61508
90256
24834
76069
92675
59175
59730
1801
36017
401
63143
75663
13447
45015
23976
96349
4654
35116
47651
76055
32666
38542
62748
15775
35104
36064
56332
19918
7148
54032
27299
20450
84729
68947
54655
17932
63919
78353
6093
18862
17742
36924
63826
82528
36795
6837
7772
55406
81768
90918
36729
47154
51012
84494
83661
29412
26330
57013
15948
77684
10113
23206
26467
42516
55973
68117
49722
98235
72572
86657
28461
72652
14570
28886
20187
83022
4477
72394
80759
15565
76668
31157
73768
9854
24911
72249
27712
93608
11134
60328
12691
78234
11885
15979
86582
79260
41906
99792
28608
92111
29841
26573
34305
68272
2936
94035
20348
83729
50725
30396
98179
18011
87999
13495
78981
20505
39583
10379
92240
1212
77803
70425
68179
33105
33077
48108
28027
33853
50896
58616
37710
3396
68554
92546
10432
39161
45854
94925
33476
71526
11574
15686
67071
2128
42776
59553
43158
82863
47927
4924
7357
39079
59532
46795
4904
50137
71915
16518
73321
91861
96819
94720
31270
38698
52902
66327
48608
4334
88173
66431
39580
16807
84253
61372
66370
76500
688
58370
82955
7178
84401
48043
8465
9988
27980
68212
32933
76469
93837
79178
17471
98714
41569
58717
38338
32812
47306
49416
31380
26738
5867
5147
78580
56587
43813
77813
26738
3912
84616
81630
89827
87392
33263
58367
57417
21220
69141
41917
30985
60279
46201
86530
20905
72866
22240
92481
18848
47638
31786
95270
79336
41832
1115
99201
41887
22766
17243
93529
75559
13626
74022
92322
76429
81288
34048
10429
13825
93583
2501
8555
63741
85600
68598
55186
23847
96437
94762
55891
46656
2389
67239
76489
77849
43045
8825
67100
3818
54212
46960
47853
52231
47753
45442
40646
30825
45786
23746
20476
54288
82742
89753
43496
81953
53977
71382
24170
57577
93102
3721
41883
60670
41278
21704
17900
25884
46660
11938
22502
32151
74818
77458
35383
52599
34851
77080
85327
8050
50858
23467
88068
82184
73718
60073
74972
66224
30228
26719
62219
45345
50851
60703
99971
94817
33282
59784
90051
12974
54395
63705
69887
12414
80872
90157
29467
69040
52778
69941
60456
87290
6484
27488
54427
77375
38838
6741
48148
33233
1546
17072
78194
11401
32898
41559
89013
32011
37586
97729
18293
38364
66453
41026
12185
49786
38194
40451
50705
60940
11225
9647
49732
77176
86801
42077
32406
22702
80339
8341
54834
22680
98076
37308
43714
36860
29910
80244
15968
48701
27009
9759
32899
8095
1456
3319
40053
94976
9354
40387
66908
82074
64417
37344
36146
59168
53387
67420
23278
36393
99673
25143
23174
43540
9652
25920
36392
88261
70175
63166
34425
61003
40787
2031
41915
16763
43373
3505
89111
82498
40000
49415
77677
10156
84446
88388
17679
64155
82531
41086
35220
3924
58910
41344
35024
16478
3150
19634
94391
71120
92540
8776
68340
18364
22397
65883
73528
59060
4861
9266
79661
86878
1996
29600
91548
12133
64566
1340
25280
63858
64649
79056
92938
54158
25085
20388
54569
1763
70137
16332
12844
81740
98963
16245
42500
59983
8566
17704
38518
27606
38144
44489
60555
74666
41198
31008
54139
31304
25715
57299
89826
67827
40939
42343
5328
65497
64790
72572
70677
72828
91692
53114
3032
76383
2411
49471
5657
4609
29839
21429
62749
16828
27294
33364
11751
85222
15599
31286
87895
35490
53035
59075
29981
74930
12616
6999
38231
59968
36717
70443
29450
29160
34359
68898
50541
94573
53829
84656
20012
72598
83936
26379
30993
35914
84381
52751
98193
84847
313
83973
61816
35309
71092
41795
46233
52460
63181
8528
21680
97596
80604
88806
6608
59438
97418
91472
90193
66908
1167
44545
67063
38136
37886
89991
37345
22307
39240
22113
43846
30127
45982
53412
58205
20840
65371
38292
2524
8878
26852
12931
4647
60514
3059
91658
56822
25313
22076
88855
19355
78177
46082
99812
1535
69021
61474
63983
53730
1259
84732
13622
4036
12355
66563
5989
93806
16957
39841
95495
7346
5932
62608
18072
1399
14651
65434
42682
47385
56716
27653
87786
34782
18333
58337
89015
96769
71356
4566
48791
97935
67185
92950
33527
23845
4514
47129
13651
69965
34468
57093
82946
36442
18675
91665
31305
17263
78514
59378
82516
6155
19329
97725
73275
83527
28842
54915
16541
59666
10559
858
55025
42347
43414
56291
70319
64475
18509
99142
32669
49733
983
44033
71215
61165
55156
66516
95297
30336
17828
56864
47771
52004
80059
88272
48146
89386
48859
79936
42511
16635
34046
75867
35394
47533
79258
43856
15966
47780
65857
87005
38348
31524
95476
8545
68498
36208
14511
45028
51095
93510
3400
46730
99477
79509
11693
17572
17828
38383
30259
16324
32541
15798
21412
16900
78624
41604
76359
76477
82901
58380
54671
50198
91848
48824
44899
19968
36552
67619
81384
67558
80654
98509
10563
95256
8660
96933
2121
48476
93076
39106
32477
68456
56770
77387
37497
3948
65453
24840
94007
3634
76370
72373
68262
35432
78177
45172
49508
63135
73022
50418
18935
35779
5141
82456
67230
15556
10991
74156
54402
76367
3176
6042
60513
95901
12344
94310
6021
12465
90638
30511
43129
79131
33903
16441
14736
20804
87245
27646
58109
1418
90201
52748
75196
32716
69055
88979
65072
53278
80335
95538
95261
80774
2142
55374
21534
94866
6394
43947
80071
92856
56917
65539
50496
35590
52241
38257
69824
23393
34653
34002
97323
36125
35206
38442
47453
13642
99875
67325
48321
60734
87079
30180
79556
52866
41341
71130
68213
25907
4989
91356
97983
44062
62280
71509
4726
43327
27655
5579
24406
76450
67713
65324
11002
5775
93543
43758
68549
67728
63419
15218
76051
76244
7398
42318
89906
81187
57517
15648
97022
11390
16941
76623
82196
45704
79753
70532
50552
41276
4757
53543
92504
50579
11153
30448
21177
13444
45201
21984
17520
42091
21705
90987
35321
85670
38484
25825
38866
76753
94939
79730
19355
93562
76422
17451
11773
7292
30520
57481
79735
26425
68547
65730
31159
41781
96243
19308
16043
14725
43147
72844
4421
3616
51867
59655
92529
90249
41781
85980
86104
8118
94842
3785
305
16605
22608
61806
49210
17824
28290
35476
29020
19893
68457
79482
72527
56420
62938
34129
17334
44664
8590
29679
60264
795
2076
36421
25091
45596
14471
34585
77390
22130
83078
64592
49476
98456
55392
40860
5646
18533
2716
63198
69477
79791
40315
7003
35417
67932
85720
20291
26259
22922
1749
94589
72758
16184
66329
87180
14585
65654
96108
36944
95692
27221
62468
33766
97273
58453
29559
61168
3094
67230
66531
43494
75854
81427
72252
83118
58076
718
14046
83392
67887
3472
20942
24876
7641
93609
8578
33252
56597
4414
1674
71808
69139
7515
62987
69170
6820
21342
20379
21433
9959
75571
41195
6764
38851
91341
83208
31729
13088
61886
45952
29540
73695
19954
2308
10650
25048
45521
24791
90744
6656
86608
51799
67154
52254
70168
83475
20532
70411
59845
85521
15409
24922
49304
40345
86752
42191
69221
65788
32542
75924
79095
63626
42455
90460
80812
62372
24088
23993
75270
81382
17318
14756
91974
84301
63561
2203
12855
51279
48732
11660
51536
813
28806
80248
38941
49453
41534
18084
57227
54693
62530
61782
95539
20549
53395
49972
33547
95530
79408
88918
25480
270
22709
67220
69705
64011
36527
55436
30151
88790
81670
2483
25054
5156
33732
13127
97932
56679
87664
91707
31488
57631
24115
2645
26728
52046
46919
42309
43142
29881
65974
97112
84276
40880
71821
82099
33288
7963
39827
86263
20807
64194
74292
53827
70277
84080
36955
42139
17674
84061
47790
2678
4499
2817
67140
56929
27981
10214
25947
73355
82794
4985
66335
52529
21485
12976
28880
37455
13831
97603
98399
21270
20823
21055
45613
38152
70901
33599
70452
42847
18136
45661
46861
74801
8938
23201
72076
43459
13943
97136
24001
78580
60597
37620
75854
66869
47894
52774
16912
25084
87614
53281
38875
74339
14697
59551
95473
84150
29277
31151
69020
39024
44508
39461
94835
4017
9379
27318
27491
17732
52596
61038
47547
52375
57246
6489
53845
84657
72743
19482
48505
33245
64840
66204
31621
51098
46369
61157
