96806
80833
3257
84978
56259
77305
44195
75421
56645
20841
26284
25599
1092
62530
94643
4410
7533
99176
28063
25809
85051
79976
56632
8011
99687
97998
77565
10001
78632
67131
14696
99879
33720
57421
88044
94336
5155
77120
84752
9267
98600
66551
86694
70177
17434
86890
877
35285
88651
97996
89119
77288
9784
57569
79971
36938
57646
92411
46953
26077
49985
12932
17876
42801
23007
82751
48555
71610
50099
56232
53330
38307
35572
67395
69538
30571
75469
15629
91485
43002
16819
72979
22510
43939
24654
80243
79139
19977
53524
35800
78707
64806
61532
60723
31368
81000
70190
83736
9510
40429
87289
84951
42131
53791
23049
61834
72479
31592
55656
82247
81506
75946
29975
30824
13899
12129
40448
79607
49862
27126
78422
26355
98329
41256
14964
66770
37360
11091
62005
7755
41482
52371
27855
47031
75741
79858
55803
54544
99266
28130
91490
5421
99245
96602
3452
15700
60958
62161
75260
67853
21340
88269
90753
20742
55523
35281
46191
60102
86117
47745
56530
6771
79884
97033
63741
66011
75475
56911
42907
12478
67099
26735
84975
20568
7791
46061
80221
77584
44634
94698
75097
4105
90018
27129
98400
80418
8240
81694
17933
40848
90283
75674
55955
72786
22531
92790
18918
90133
65375
94451
56515
31211
7540
5725
6305
21008
92294
88232
95562
54844
59277
68563
37951
63581
47814
43208
60234
9224
94121
83466
7375
86953
12187
96806
44328
67599
26316
24308
43108
43712
70140
67074
84261
24771
18853
8701
2471
39494
56563
13294
57222
65355
7351
55821
625
35979
43689
51157
71267
7733
79353
46952
87539
61082
72143
42405
92669
67390
61203
65688
39447
31381
78324
94242
78092
41662
45039
82414
15728
13631
48928
22145
67521
17742
37223
94828
39543
41146
14043
85367
79002
28658
8124
96525
90826
18270
87857
71452
81044
66196
85194
58903
7235
89702
78051
84440
29080
62127
13639
99138
77029
96649
82617
90044
12256
66115
11261
94481
39991
78545
14437
8720
58172
36700
59123
21544
97096
74643
90718
10058
44441
94285
33857
72410
49170
47657
85297
14024
8027
53941
69153
14974
22020
48019
55051
23807
87877
10346
71498
99151
1415
54792
70824
11785
6906
73723
34647
28622
17925
46778
72640
40778
43462
89769
98986
38316
46756
36276
84721
68157
68695
98783
47344
73128
47306
75231
77788
22243
93903
97616
20242
61058
90364
6268
2621
11207
74604
45093
9505
68626
44848
39698
5835
79295
27992
20786
7826
43907
75510
23542
44750
85288
67903
68467
39662
98755
83301
31673
37899
27955
76092
52474
44156
28364
91504
72965
53339
7527
4957
94618
74740
77556
95416
63292
82637
67470
93694
96315
41297
99496
37127
76021
90844
4958
72422
78263
18947
56568
41300
32380
1104
87971
48718
41767
57915
78842
86470
63880
77558
58535
98269
76801
96539
92866
26045
13805
34039
77272
63952
4171
35059
64953
53666
64261
17931
15107
73989
267
90700
67934
69832
94201
46075
50478
10687
96686
15697
61436
31857
65071
62702
30666
93372
23981
22451
65578
79080
94890
32747
91000
62588
93257
58507
21283
28571
76095
21982
73576
20211
83647
50803
9768
17120
48305
87484
7100
95731
22172
43424
27665
10278
65259
79858
96516
67064
53981
96750
51403
24798
43300
2146
27763
70863
58288
44583
55470
32236
50182
54823
89726
35116
83211
75269
36127
67651
23323
61996
67608
92495
12524
10327
51003
82190
83508
55913
7203
65636
63374
77306
30664
40505
59429
41586
46370
43791
98686
28457
63067
4383
50205
83937
30207
61903
64751
96868
39576
56195
18403
83376
74034
55400
67177
59165
13998
6315
40316
96478
3949
56517
69984
84911
65540
94358
8288
67922
24061
42989
95184
44596
35327
52240
18505
71727
85500
34231
45136
46538
50099
14512
91769
19609
27212
90618
64951
15494
31969
87844
83679
27679
49257
1983
52456
62075
97785
19938
88608
63573
95892
95299
55930
6922
819
28624
38271
14688
11754
45851
82849
40938
95463
53819
59288
12612
91520
45106
39326
14333
97868
42156
95532
21939
93818
18538
88986
94735
1730
68297
86478
71135
35872
49874
783
18784
63557
89732
46404
28769
15003
92668
63471
18426
20692
6990
75344
29286
73939
51700
63105
10406
56098
27290
79980
91065
8823
38531
57733
60339
93580
28616
62274
50070
7878
21226
68023
55666
78498
63708
3916
33074
84305
23121
43939
90604
27159
88277
34347
46861
65626
89021
64652
14649
45549
64492
99204
63938
58341
40346
38289
27181
41302
40773
62571
16165
34158
69341
8872
76169
51795
70323
89008
26907
62410
6978
66773
27335
90009
73294
68830
47228
48214
62456
20087
83712
69219
30324
47503
25416
11434
57651
24730
65030
17308
35882
19552
54406
27172
87951
97296
96309
57102
4248
12411
90661
68024
77659
45990
67377
54455
22380
39828
24508
13104
70657
68463
32121
74427
14400
99499
15387
60648
80201
32177
61662
79978
76348
69162
93811
46800
15832
89731
43535
28313
49129
18481
26390
44289
59893
99835
55188
92095
79388
60141
87193
93465
92035
96395
74863
25051
27924
46052
88287
14261
11936
9998
39329
66559
47699
46600
58331
70544
20120
59968
47738
42050
56154
40702
72165
65590
40212
8641
72521
37416
92578
39788
96344
24661
5023
18517
75454
12262
58260
66459
60244
94381
836
90075
29085
79182
96017
90969
779
5142
35679
5970
26160
98455
17111
47006
32793
46042
83986
33511
68399
85326
88671
60269
41705
21710
27614
27687
17025
21274
12927
39711
28209
55290
96757
86790
89731
70805
76086
78778
185
22835
47047
27783
62073
43315
44519
2732
56036
39306
20898
93080
9734
47235
91995
78723
77273
53054
25584
89979
16148
41929
21760
28800
86007
44359
84230
11116
14811
91192
69118
31117
15496
55293
9233
26295
14083
65096
54176
37145
73862
79848
26857
22794
67464
56019
46018
66073
52977
7389
99783
74476
57780
82484
30815
36273
89048
93255
91025
963
10578
31955
96852
52597
78828
97997
82070
84885
44559
84015
37948
97890
74768
56543
13447
67267
4212
41461
35857
62446
71731
69826
89609
28657
58263
78405
13924
13686
13187
14592
99498
78425
80718
77855
8471
34235
88227
47758
50990
56431
47486
8452
78127
95943
14107
51678
6552
75916
624
71874
93569
90306
96726
33295
32855
76242
84016
81715
23056
50843
14433
13239
86891
64996
56899
42940
77480
95293
65029
88967
84752
85500
28013
14561
27280
15131
22178
20477
86007
67905
35591
81060
11846
46420
96738
80973
94120
16721
21637
60279
7041
691
98336
76740
47128
55945
59276
1591
49618
2091
34524
70330
60840
2786
2665
5973
53776
57682
43274
91175
12034
17972
80966
25652
2515
93467
3895
39434
61895
20633
68549
33436
22359
8229
53003
58601
49204
28222
57178
9239
76472
99752
40068
75363
11027
10423
96523
18295
44946
61905
4965
5243
57615
51806
43267
73101
38739
4703
41226
5488
88549
91209
12407
61998
11839
71510
58663
76469
23420
70165
64653
10980
9103
24754
31179
14320
21817
31920
95950
58705
13802
64860
27685
18150
8776
89620
47829
75852
33097
56912
50522
73216
35970
85267
62745
67707
52777
30184
16529
15053
23874
69188
40273
96020
67382
40995
86640
60871
33065
82962
11724
80935
37117
7253
3101
49075
73757
63094
3059
78324
33228
48634
94094
49404
79324
24167
57772
39740
33399
41010
95736
2984
8070
71547
77535
67990
31563
47866
99250
51431
83879
94491
44726
63005
80433
85385
34042
70131
53343
35413
6102
1497
20808
48334
1298
24559
46507
78080
15799
73040
36298
78421
24285
49245
45042
83679
4148
41194
7722
97619
74010
28354
47531
87663
82412
72881
11994
94896
48629
66720
37575
53781
79873
32006
67599
5688
51335
35541
61028
15866
10923
81993
58748
80290
55049
77971
34360
99606
2118
19207
13470
62327
73799
40986
9306
3097
87674
92947
56109
84593
7786
56274
48829
76649
467
86273
22409
58574
70237
90452
15399
83977
44058
74408
22896
64019
16860
35078
68613
53517
40331
71395
9751
45002
44135
4192
50588
7083
74053
69490
94261
9413
20386
30116
7421
59310
81116
79230
35772
29510
75363
85077
69749
50279
68478
99700
80261
34282
8480
89268
60563
25117
87464
94554
38087
65290
94340
7546
74059
61796
78174
12192
608
98922
76462
91864
34844
11147
89427
17680
7992
5668
42922
10487
610
3118
94386
62937
63620
22252
15579
36982
68055
54774
81468
48585
94689
61376
1645
74111
15546
67925
96492
93985
19535
92552
84526
7
86593
16331
46276
40626
39729
26654
71227
63989
41006
44181
43888
21891
59892
39987
85441
39483
96934
7798
80253
39932
51145
2688
51077
78483
35737
97536
37397
50251
82463
51099
80208
58467
28310
79415
19868
48158
60154
48376
40871
85585
42571
25122
2429
47128
62437
95962
72446
46423
62326
39391
79902
15209
29114
98248
41607
10089
15753
67276
98815
60386
60841
49366
4270
42682
75450
84146
15001
9760
91967
67732
17981
47386
13140
20582
86196
70429
56185
37892
42266
61537
81483
32552
70800
9346
60493
24555
3706
41365
58128
60101
78763
15867
41400
72770
34039
6314
30376
67620
98971
34778
14787
60790
92239
8018
87363
10007
78134
2546
11228
18941
86139
66836
32122
65576
34413
34925
18426
32697
94413
91091
90561
73479
37818
97562
69356
46322
85142
5451
62960
54288
10766
59393
49043
75187
42910
25640
80094
5921
42267
43867
81336
85638
58639
90584
29875
87974
23869
94331
61292
66699
98159
13099
15913
72720
4156
2971
63266
47835
33823
88930
21218
40931
64190
12387
69438
94333
82352
41369
16889
13747
3611
45607
21579
86820
61188
13122
85688
11347
92496
4357
30343
65232
96809
35634
83068
21660
94611
71342
80352
94389
81695
96764
72694
20109
43965
96653
66111
41352
3487
9849
64556
53317
41672
90399
20213
96210
22765
58222
72337
65733
87647
78795
25666
34034
50051
99734
32489
91056
66031
62241
55666
5357
33477
93320
93153
89209
7413
30618
32401
82964
22321
34822
46345
58277
67753
18930
60690
59801
73056
85072
425
74625
15117
39490
56812
92785
43965
873
30096
83638
72066
70194
800
60040
24524
28476
80070
25283
28917
34158
68558
70913
29175
28996
56183
76372
54674
72850
28658
17199
55981
32693
9897
47437
1312
41725
79084
14218
11076
17915
77509
3867
42167
74654
61027
47797
5959
38116
86905
3795
96356
33737
93726
54547
74504
61557
70719
52496
28089
19147
10737
50494
88261
42001
5646
47176
44590
67543
34489
10583
95955
93675
45620
65144
69593
62811
41881
89255
84779
13850
63283
98258
54271
83150
9920
98419
64761
50101
70944
2694
70613
39304
91849
99394
30507
39097
85071
99030
42164
49305
68581
8053
91146
60329
45578
76871
15494
23008
42063
85519
8441
42108
87333
46767
47339
23079
50832
56957
51076
61113
51258
48194
7324
9983
31673
34579
18991
11029
6507
52222
39586
23643
80574
3309
24488
58582
50753
2858
35575
80203
12279
29213
13140
55476
21128
45336
14441
3059
95184
40286
55918
30252
68906
96694
71236
21947
27711
25492
64313
82908
9
35764
67973
28766
25787
94428
47199
75606
65855
21763
5927
96709
36987
49125
24900
32012
24823
31666
32911
2811
18662
37483
56967
47214
8635
3686
88727
94713
34232
55965
61358
50786
73192
92177
14031
58748
67688
75120
63337
80422
3314
45152
13638
84394
71849
5128
22472
20883
63749
7728
83035
68431
5585
12151
4354
58415
2999
96786
88868
39304
35571
64782
6014
93469
3221
62944
21214
85371
90845
94006
11416
73701
6917
28075
59331
29523
18748
337
70024
48314
61491
49339
30332
40637
74002
79512
34434
55668
16928
55189
78850
15399
1522
85653
25356
7651
31575
48294
77305
92885
90891
52925
78499
38773
48661
655
74980
62062
37356
89147
73793
74799
27671
53511
56461
38941
96575
45554
51153
2405
74249
9186
35793
34285
83563
68639
16398
37683
47930
31145
84724
77821
76100
52975
50514
3283
67446
94602
35774
22231
25824
70516
425
8229
48634
64923
93111
91109
82528
86556
89011
2078
498
20307
1415
13208
93398
7812
62318
29086
21146
9224
38437
22751
32104
66709
59225
55083
83639
46160
55413
70938
48485
65520
33885
10368
89100
31414
29984
18863
33424
77047
10179
34452
45747
70778
97392
47777
38675
20962
64338
6999
44877
18229
96795
92722
86397
26806
96182
97393
66096
10126
37332
86879
69138
91159
19351
47220
23740
70985
3898
21297
18363
7845
10319
5743
83025
52944
83780
11020
69297
62681
7256
34611
78245
92851
20576
33449
44661
79216
27265
27877
46341
91922
53830
7545
74017
100
27750
61397
69689
95727
81186
77998
22707
71189
92607
76405
93526
38786
91856
5594
35766
45277
2947
89472
12467
21602
51056
60065
29172
95762
53101
86719
82663
96286
96381
6895
40141
94621
89686
49664
49924
62636
72969
91725
93961
13179
14247
87668
2035
47957
82514
75507
86511
84446
12798
90416
32576
17417
21698
82295
72210
25803
82748
30325
41293
24755
92054
91966
88996
48892
42923
40738
97748
48143
48181
44412
2876
37352
21809
25510
29525
12333
3529
77734
81810
78523
49529
98419
63490
8434
96697
62999
41400
38473
46719
78887
32493
75385
71999
28928
92022
58985
90482
18418
2557
62832
8718
45502
3705
28304
62501
5483
79876
88285
18041
75884
83183
95389
77512
47015
54330
70635
84242
60559
70294
6256
76631
82670
40820
28824
43254
41637
81339
82966
58884
77102
59870
61715
85570
16965
65450
88518
9895
7209
68459
78674
66548
99766
24877
12527
93934
73707
43058
75989
33937
66927
39662
41380
96007
8546
6744
94839
99122
57193
18624
43541
14083
49896
39781
32114
60712
94912
2863
18034
84674
73473
21938
57227
57667
49271
59262
79312
95247
46413
60375
20828
44148
3370
12112
12890
77651
11194
60564
81796
99645
86542
47487
56299
30443
80786
17412
22479
45549
71676
30807
18437
42985
51035
87571
76879
86320
81709
19178
46675
60717
33116
70202
4008
22352
71745
11984
45166
86416
36292
28585
34763
92787
75784
78348
31371
92973
13555
91996
28708
49855
4328
66233
44749
87143
90185
4787
51761
35618
41492
15313
49109
68534
99318
17514
64050
995
41727
83144
82258
82978
13086
28224
86958
91846
40829
10354
77195
11574
78226
30625
25733
99080
36495
17554
32915
2883
92166
86731
88835
9741
79893
45809
34922
46939
49765
3461
60675
92000
51378
91286
76588
94520
69848
14683
94111
89120
26393
60982
81305
24842
77007
37317
65619
42248
77131
35287
50705
41168
94316
36844
98931
55992
32183
14743
92226
78978
23325
97059
23313
52366
19286
89956
26128
80296
14584
7939
87497
69722
29545
25307
7990
2462
74498
38138
76636
36868
8647
56533
48840
47718
96946
21657
19173
37207
82304
42956
28329
88482
57559
49629
49606
52585
1723
24278
90381
68790
49746
58822
10342
92490
40041
15998
67296
37777
92921
28208
30444
81299
13347
55956
68573
19547
42201
94549
89998
20694
22209
23137
69739
67269
24029
83389
2009
83383
3288
76283
72124
57947
66932
95772
7165
20562
73008
13828
87035
15451
11966
76389
24613
41199
54667
23996
26798
91397
12654
49316
36503
66417
81865
63250
86161
57181
37335
75894
53684
10799
70898
41353
89114
35682
61254
29684
32697
29962
77016
72827
12847
4465
89956
44127
33109
44572
87610
6457
76109
56072
12418
10972
7696
47678
20851
11247
12608
6634
68214
41649
23937
99005
40920
14174
49093
94748
38629
48419
14133
28273
83590
28992
75477
7791
54315
51683
76611
67297
3225
72963
94283
43863
24500
90228
60261
7522
22967
48287
25288
62603
41684
4211
30526
78383
67226
29597
21469
28167
75172
23279
39842
12661
99479
60466
54718
24641
31301
61460
71618
48505
17273
84573
7908
40936
20565
53331
40329
46762
72801
30177
3787
58881
1597
65365
22442
52736
31235
76108
15792
36801
15904
663
46699
17964
53478
76072
437
5315
39982
45119
287
85360
24910
12947
42526
10036
84321
7158
47896
80975
75671
50210
10715
59914
14194
70301
87923
83702
60255
26391
40944
57054
54021
40041
32821
74378
17279
63433
52415
3547
52605
81294
2630
28901
16525
55313
74007
18292
34495
40427
21271
28940
30364
21467
59224
3026
49411
47209
69337
62219
40538
89745
40629
76298
49681
10784
65715
88705
13292
73245
17001
60002
80568
12363
32779
85583
87641
16040
31750
38543
22055
33613
88973
9664
80518
23123
38585
90326
45419
26671
18350
44497
79776
29551
94629
16624
47571
51217
41455
61721
5538
3345
32152
97730
17514
58546
72932
39804
80503
71712
72987
35630
9362
48021
94758
68403
85791
12367
27187
3112
70842
83828
21808
60801
92591
63318
47427
68404
29650
70675
77987
55848
69780
99026
88179
32060
91051
10168
86957
88707
39755
31474
78624
59101
87537
2057
89037
78182
66314
21453
19856
89867
20162
17589
87837
39119
12237
45013
59167
57847
93722
12361
54589
12092
88236
88264
77471
57415
49545
39623
14273
42952
35208
86921
75888
11703
60959
92563
3325
87749
30770
37942
44037
87680
89848
91548
25774
41077
19683
88436
64133
74753
58925
48287
82535
96689
28146
81498
67988
34588
9993
69565
93506
46847
2779
93518
35560
80464
12834
13359
73113
32256
54509
87206
42595
78756
56273
66831
11693
27660
78474
82601
74585
8054
62019
89495
3988
16347
72706
44898
14826
17671
10766
8257
50623
54486
24849
26961
98351
44542
29854
13251
51081
77129
63004
12439
82972
75631
49746
95625
8086
49931
16428
62733
67136
27494
30846
76080
47084
65206
45004
24709
47141
89994
32218
13934
33218
87761
10423
83105
25827
20447
83025
57363
52614
39955
93180
93444
86180
96434
50852
63875
57634
10421
95890
66013
44916
68804
18239
94200
69187
33780
83444
48087
81451
61707
19332
71672
70478
31735
93804
79570
59174
34356
19510
79700
40573
2174
14873
54944
50281
9551
15758
21060
57088
61446
56081
21525
92183
89422
29312
1619
84734
95438
89071
1914
56707
66978
41040
24002
22088
58972
33912
45733
58448
5161
28342
53298
2312
57374
20559
23806
85416
38284
10825
83398
13723
89543
49
10041
98320
70350
23695
76641
62323
7706
57857
37900
50055
25512
46459
1687
25739
26117
22565
65055
76727
61140
51594
45007
41015
22995
15991
85820
6724
85274
96654
87589
46602
25531
15524
20940
91005
50478
10879
76263
36757
64932
23514
35527
28141
13012
80711
88579
53814
10025
84100
97752
58290
66904
69743
8322
49560
28050
15169
34147
73888
46998
13805
41501
5315
18459
94970
94401
65750
8290
75876
40052
18451
44275
69851
86418
11011
11253
27555
18599
19517
82377
48046
66308
5654
85925
49117
13993
92229
3489
58229
12605
95577
16894
31815
35083
59278
80313
68559
43924
19476
58497
71076
43287
78867
33015
83370
24317
67667
71265
98233
29385
70451
43722
5066
91471
71242
16685
19978
13621
39098
56333
41668
95115
18822
5477
90790
8718
717
17620
32098
72780
84623
89740
85266
79365
34877
19672
94898
65477
16222
90990
42525
15903
54606
55014
25025
65196
11976
2729
92984
19501
1796
67508
31813
98507
92200
73464
81939
37530
54444
25957
49077
29757
35227
89151
24356
23700
86117
98268
43930
54775
16824
39606
22615
40683
81011
16643
79777
99251
12522
18899
13073
14357
44196
8581
86465
72845
53770
82389
42455
93747
42109
41000
17940
53274
9206
69655
43100
88774
17281
62853
79499
53597
54842
6362
28650
79440
46240
11453
66468
65658
85469
32313
30540
30446
36869
78862
61228
48556
84995
76860
27832
72823
31485
21356
76715
6355
61728
90395
83259
92848
44465
90982
90852
74803
19765
76372
60934
22946
54249
80187
36732
13663
35667
23312
15494
3570
5399
7099
99152
85492
73216
5636
94288
94278
97002
50490
58819
99719
80179
25186
87370
67332
62361
38778
65935
50846
5544
76334
18909
892
97403
19890
89941
36951
55124
40952
69442
77773
47885
38998
93947
60986
38238
99500
63546
45066
43706
91078
32836
21987
52453
71092
13645
93242
83705
76883
6085
95844
42797
63690
60827
11361
16611
5838
17475
64256
8049
89233
31494
81569
35534
99194
67751
65659
72162
79393
1534
54525
98897
3738
29056
5172
63467
45587
37295
69860
63169
63391
83714
64701
95281
7349
71599
80956
52362
45596
32868
12090
68300
32462
32877
96251
22710
25545
27700
65724
8449
6560
99270
59024
73322
63804
17729
66989
45708
95073
17785
7443
65229
58744
29916
14043
57881
20936
82688
99374
53575
89134
70252
42460
37219
757
82860
93299
45042
2892
68853
34109
34547
17363
43730
58866
83238
54534
59984
9008
56044
54963
42089
45460
11436
52983
49729
34223
90058
93139
93243
24510
50403
85360
53405
7408
54337
70376
23445
8232
39948
72614
59758
480
73000
22460
25474
38833
77933
80772
85885
23256
27965
59620
29134
1475
99057
92602
81661
75756
85924
53691
72947
35401
57920
9526
36735
40750
29881
52136
60613
21210
16225
12313
13042
37448
36931
51100
17078
49738
61750
4702
20202
9709
99459
95835
67984
3357
94624
77485
65768
11338
97149
12437
81284
84935
5404
90743
11157
37724
22294
40612
28501
59518
72684
32075
12938
75645
9034
41575
69586
97243
9129
48661
98694
34440
84071
99101
18006
45926
52142
68610
71301
25575
99254
56870
47811
34049
46413
89995
74339
16417
44017
47626
28538
70375
83821
2863
70126
44153
28398
89431
33308
85452
67463
4721
68846
62077
29804
39341
60796
5451
74627
4297
93724
30615
11867
76094
85091
78612
4353
30453
5846
25530
69064
17559
85999
96921
54814
8727
13458
62841
57835
40063
97415
84420
58611
51009
64014
21214
99289
1742
32274
41981
8759
3233
66642
88172
86359
19697
91808
83576
96386
84906
18349
86498
80656
20831
39506
45994
54226
4637
91802
29550
4924
38966
93974
94119
62275
86873
43340
93581
53954
22790
92331
71136
90680
5100
21303
3525
99148
28795
39581
96905
51106
5260
43845
20182
87210
71304
25863
13466
49321
81766
18822
74308
912
67931
73756
30775
25333
60936
25552
63431
17984
2022
73187
78613
67531
21489
95068
12842
28663
88925
30352
35021
61922
48371
13716
81876
85677
6493
23269
48071
96271
2714
97873
83625
58979
20888
14502
1681
55996
14651
16462
71723
68180
17539
54345
41292
13170
30856
95507
5540
71481
38633
42487
21120
34820
81992
24816
81470
3747
10217
49948
36189
7586
74668
34736
76859
96489
93111
68691
86614
65094
97836
35317
83584
25137
70893
75646
98876
24009
4617
87915
67975
85213
56594
71063
31864
97884
55119
84873
49095
95523
75543
17788
26862
36456
21035
28137
47635
27657
75324
21318
69398
31926
27826
39406
69564
6231
35274
99055
98140
61485
84318
62106
43681
70476
13548
77288
37862
86869
86632
25282
68480
9302
18874
45667
52145
53411
57850
78162
47741
81181
1301
49326
60560
23288
49058
38060
29741
3187
17399
98060
54771
88789
76746
34379
98327
32516
94914
49866
44508
46079
12493
10111
24028
50964
4403
70557
98445
87129
23751
92874
66941
39557
77460
12601
63548
37441
21755
54392
22209
88183
49725
14682
29538
5554
64955
44972
23155
32433
51823
59474
31192
9674
75662
37601
89890
21002
59973
71922
23267
35460
55406
69308
48420
90546
46938
10527
20757
22506
94403
26655
48150
3132
79025
9761
82697
4683
29430
33488
72604
4701
35931
48376
45309
1596
64894
65266
22219
35695
31484
78305
62901
52207
24184
7584
31847
29267
14650
62715
12963
38970
67610
76868
79442
66336
38943
61201
63523
47140
99600
59717
24407
42453
65814
37156
14908
34405
17159
11549
86011
68982
89721
63301
21002
70607
19161
74070
10625
11639
92707
9534
71261
64597
89708
47208
43667
31666
17866
31346
56555
68618
41934
84221
60405
73318
37550
64295
49644
15034
89256
55062
51165
51465
3798
79975
4390
70024
8043
13373
92130
68613
86086
74339
93977
37655
2730
7825
84572
28862
8825
81907
12283
43146
59193
87164
75152
47553
80488
94092
59094
6410
46985
70255
22407
37948
63360
63468
61993
86252
89717
76034
43042
33128
52496
67842
45544
93638
44597
53366
36805
758
57927
52193
95392
69319
51945
14232
31402
17218
86030
70244
96549
46358
73533
80312
34833
70863
16626
13114
90757
60223
96446
42675
52902
48558
57610
48856
89167
31041
72690
47562
48690
97140
17880
26939
17591
98899
35636
93126
95036
26863
98726
48347
24794
65042
76667
46929
53177
44746
47440
10706
93900
33896
133
60682
53895
99436
26550
90391
67943
5559
99056
43708
44656
7527
70154
49965
23280
43347
47830
2850
60452
76637
97369
58831
44837
82166
97661
19693
29101
8944
1572
28669
78102
56411
90571
51895
63505
53709
75151
28905
84426
62777
97916
13667
63962
94447
60197
28298
96838
23387
94091
55088
68700
44624
49648
30616
45656
39422
26352
6704
20507
41276
83338
58767
23587
35768
70380
32176
5772
89263
23290
65759
39888
29115
84751
32365
66960
59431
35825
4832
10795
47007
29201
69834
22379
52332
97118
60188
78788
14029
96963
51328
36205
20919
81660
56734
20442
68446
70191
28291
78106
4176
60107
91341
67995
43308
29601
63787
74508
85875
76553
19111
57688
83218
84151
89207
62182
18058
74174
9386
4305
32043
42925
39852
6272
65647
98173
68903
52134
37166
86230
18739
84091
86629
39449
43391
31933
93466
17108
38814
76538
54755
15633
3577
31758
11614
66208
75768
53664
75893
43993
29865
20699
31221
56456
71969
1065
65064
40821
76646
50899
27992
81045
27438
91281
58572
89019
79195
98549
75349
65796
76709
70641
24045
66543
2155
60908
97157
18393
83354
931
51443
20370
56214
57390
85299
77741
63127
63082
10305
70874
14003
73241
96671
18850
45800
29824
25941
37850
89420
37363
32783
65706
14276
55730
51332
61126
71357
58755
89355
19847
89041
63711
4316
84946
19993
65713
42460
46667
69788
88503
16831
54038
33605
45822
41624
73127
1009
48509
8318
31899
7973
42714
46899
35569
23217
94625
15935
81802
30451
63319
37276
25375
86309
47797
62747
67500
15247
56347
1615
84356
66004
72321
9070
20527
86849
32683
49951
48932
48658
32126
97313
44477
13713
51184
9979
64120
53424
51598
67505
3849
844
82013
50999
18335
6875
24336
8827
3007
85275
12495
33619
52695
80683
97836
22571
82308
30266
34582
21586
67028
81858
19208
31759
66383
46821
5431
4298
38364
93836
75900
19552
43798
81140
67731
96966
69068
58436
21989
68373
89834
502
2719
40625
57641
14995
78080
23489
67394
55149
1122
51993
47275
30659
10161
15977
89238
33825
36483
84638
42617
85328
19263
39561
26254
89308
48310
91864
27817
93662
20172
5538
428
44755
73793
86714
65652
3242
79005
33964
36364
65688
14365
99772
6153
130
21776
52096
75554
73155
47663
50454
99595
15083
12238
82982
23543
60469
91958
89460
93697
80730
54141
69759
66545
10797
17316
37844
63005
23509
7486
87932
84809
89287
77921
27630
37669
94451
92449
45690
82296
71940
22053
243
66897
58630
27665
56766
15824
66858
8385
21402
58954
80236
72602
12029
65768
23921
67543
35583
30696
37794
6071
29541
3565
53493
52785
70526
74409
35148
75055
59418
53455
56466
64427
28041
19851
37131
45905
74166
58952
24856
76615
52552
79725
36780
61444
52578
4659
68860
28446
37923
19498
28027
56003
49243
69470
16722
47843
77740
39443
49529
31218
74519
90750
66288
34234
54676
12444
9778
98648
16742
61556
71455
24546
29045
18319
48620
21829
13273
51375
86759
76914
86723
13
54242
95650
30791
10378
97014
66298
97078
84504
70862
1885
89440
8676
39793
83396
8000
63888
12962
5606
56986
34846
76863
92773
58222
27549
33372
45244
88756
89084
44910
78674
54112
51702
16065
96448
96882
35257
12132
89139
12107
36144
81426
3162
30870
85323
84348
42385
57433
31623
93895
43465
98061
17759
31491
51095
38221
97612
33099
35330
52935
29604
98582
61614
76024
55467
12057
47076
87390
27748
24576
14354
30292
46046
89617
255
67060
29906
91879
14226
82477
22215
49506
87259
95001
28029
89192
41921
74890
42390
41793
50239
64911
21067
29711
47752
39990
69567
81028
1255
8180
81931
32396
38047
63851
79096
71066
40986
2476
32581
11773
55558
98285
82444
87725
75129
44937
77191
73924
39721
58840
82603
24081
81189
28729
12663
19938
96051
20375
47888
45514
79906
70342
19549
62138
29546
58441
21078
19527
26198
60932
24794
2818
96519
16380
38004
8315
56908
48846
51489
83217
25076
75581
7346
44409
8918
51984
63545
82190
59821
62406
16986
38287
37579
89369
32898
65872
9611
34934
21873
64535
78664
29326
2688
51249
48266
90947
27761
22561
27761
38317
20348
74036
84916
36617
80465
63982
75159
67503
84354
18262
40922
29671
34703
45451
74475
10792
14078
46065
81913
80381
11717
62901
11700
51566
65961
84919
35855
90047
46854
55177
40756
18890
69127
5493
36048
77092
99287
737
14394
35065
92248
23384
47986
5547
51565
50396
46185
71883
15379
68979
42603
70448
76321
83587
83002
2708
7811
42000
61553
87741
72348
99549
29408
78617
97950
56587
83052
21415
45853
43436
60781
58651
77639
41370
7549
86254
39505
1374
68878
10775
84335
66948
63080
1920
51064
97838
68776
25526
89157
37794
5593
76117
59094
86740
62332
86785
35680
64538
69109
53830
38834
60405
60395
3693
51656
60200
41928
15398
27952
50531
19594
47815
15926
16302
80246
97551
39764
60196
81079
18615
9013
68978
11262
70105
20080
98609
11020
52711
69363
68621
78972
90698
58576
63258
71304
11361
50790
45107
72663
82883
72488
60477
13904
68776
27541
31822
86304
89033
73738
31777
10054
9694
68135
94266
808
6669
4413
42234
27979
50793
14481
83548
19503
66459
58891
6442
27155
59749
26371
38822
83870
63306
43932
97441
52414
67396
76626
23382
61334
26155
7175
25349
98911
76902
48285
16967
96561
65761
18822
58836
9368
1521
64638
59803
54009
41434
7154
61740
91861
37009
95034
82413
97282
39977
68854
80795
64993
26138
5878
71704
91311
94575
63054
32652
60641
47326
50591
97603
99064
7955
8092
55761
68239
77860
45339
5756
89656
83055
32257
95480
73393
88715
43035
71797
8109
27965
37258
80970
5441
33638
46025
67134
48647
22920
54518
46042
25659
15866
82964
59261
13584
53453
45053
94892
52751
95734
78930
72270
17325
30114
58715
31149
84331
39428
61658
96842
10065
34172
68349
97145
54999
24243
99347
85
80946
4835
33725
30923
59990
19688
33767
37230
86914
9995
47695
80384
15917
27642
77546
7180
1656
91461
38426
89540
30167
75151
92233
26618
96059
2867
27530
87261
84946
965
65517
86660
40979
80183
59747
7566
59238
53592
11103
24159
79158
56779
95769
64607
52598
44322
70942
46271
97824
46521
53107
94681
43479
18647
98054
10087
66751
16678
50877
33314
98746
44306
8789
17352
32498
43510
83690
75665
14345
90189
54743
97987
70537
61260
34345
81197
808
37163
51095
20781
38117
38508
2180
81135
24697
98551
56223
13183
84967
36279
993
39545
26994
18819
58758
21188
35409
79059
57868
5213
41476
18307
75794
646
84164
2247
93195
97560
9632
13063
26963
68167
57830
47643
3879
92018
62181
50964
55573
80053
79455
34358
8296
84069
62732
58393
74291
7564
2862
78876
76656
55724
34848
41571
51273
82059
83494
42179
1693
44530
7283
52082
30555
15130
57118
11911
7097
98477
46935
57395
73995
87469
87720
4559
26581
54408
631
98352
57783
73527
17590
80787
62965
7247
25194
67460
29004
31406
45861
52833
85931
71941
48530
23568
54046
79881
24280
81995
84953
24235
88857
90567
48905
28748
88256
7248
51657
68876
21603
23589
60950
60625
57411
78629
53813
6413
94985
34393
12105
24757
78770
27005
27467
16853
38439
77967
89499
89273
79733
3836
26113
39379
9997
17958
49771
36442
35814
18097
31796
18580
24300
40929
44375
86720
14709
36372
93343
37957
75651
92340
10015
33429
38183
43806
24575
65522
14090
42124
91609
81792
90302
44429
11415
11359
53287
37878
26017
33141
21611
36324
75005
17631
94106
33497
22849
90476
74371
88369
15728
15687
75744
17443
40810
82579
99107
99005
72842
58684
93062
13009
81247
2783
58745
92191
20564
31021
53113
64693
6813
5086
90317
48909
39243
3516
93115
64773
35610
10839
45680
5416
87206
61898
53265
44852
94197
41944
13944
18967
83783
11301
5054
98267
59478
40537
36374
20175
64607
58622
6384
19759
55809
34771
54637
90059
41009
1332
3327
58023
70868
99248
2576
63018
25921
68435
72906
33994
20578
72458
65439
7735
14860
66569
17446
29918
31993
82587
61081
64018
61315
98432
52050
30620
61016
64106
97159
5134
32570
34703
5260
14726
26719
65755
84464
90079
27204
66005
57300
79942
38589
87103
67687
67775
34994
56696
84192
93059
83666
8873
10041
9826
33355
53717
96047
75705
91542
78066
9150
88988
14995
35644
78020
35173
98467
82756
16278
61079
13993
37561
82130
40925
76492
53399
93279
35154
74440
92791
13458
25163
22480
62078
6226
5220
18603
48895
56201
40661
2293
61488
62482
83787
88130
21521
76860
73715
36
50981
68340
66064
28484
47695
19856
13322
49646
41512
74628
6195
72501
91113
79475
7238
80058
14813
39871
18982
41421
95258
38950
99280
32719
41946
64139
84930
70828
17732
72717
42524
56821
56557
40712
77267
81051
68865
19439
6499
3025
58885
97560
75557
1578
94978
75990
11469
50383
56265
11004
79693
9611
52471
24505
14849
872
5644
32881
86447
19304
72831
35731
16011
41003
46282
23959
22807
90662
88351
18388
81528
99861
71122
29237
60126
44477
95262
11064
6550
92178
68025
85609
68129
61293
78428
63566
55700
59369
6645
1470
1577
38114
89977
44149
87299
54657
36605
87696
16249
54384
85690
26603
50667
16140
67137
75384
52931
52234
5747
94354
38249
90876
26865
81511
73530
90557
40742
49693
5353
14871
37274
17217
82531
91759
46755
61929
73294
60315
48888
99426
71186
91711
11772
32668
44764
35198
80298
73962
5865
70355
7087
92508
88613
54883
55763
7932
16603
65190
13222
58301
3525
31829
70450
8354
15972
47032
16469
19302
34940
69656
58150
97089
14458
52875
4652
39256
93196
73855
71520
14816
86781
30877
60234
82167
53945
52886
22736
23189
54248
75798
6903
58478
48428
20289
55492
40380
77256
73728
86240
56779
93448
7672
82443
89653
47276
92830
76713
38039
76213
70557
4681
6633
15916
53115
86539
31571
29223
36494
9910
80254
40683
3693
55377
74229
40139
59585
39947
25602
21824
65056
12821
12016
10735
90429
73298
10092
31577
17795
59587
13055
3001
28402
76565
62001
46416
39382
81456
83396
1465
15715
74125
97258
57822
14959
85899
38531
15334
45123
37946
55796
13164
5618
15895
77457
6217
30429
33571
55072
18046
25192
35794
30887
55576
625
79507
17461
73489
31159
49681
56202
44937
73094
74933
33847
31441
61841
44791
82826
16134
90946
38249
9632
33083
81348
13298
69551
68788
27603
7248
88831
168
21273
93847
34883
18992
55962
61939
3965
75978
37640
88521
75019
3553
24504
98903
5867
18457
37433
15165
36132
99036
62153
19094
14747
41572
62672
11798
52301
80434
83387
28284
60910
31096
73522
14422
44902
74133
49783
46220
88529
33491
61474
77169
78577
75498
37972
15405
65633
56810
15331
78785
91262
40076
23420
69532
50962
44311
29129
94790
74165
9246
9070
12080
35081
50218
48776
19930
80496
88767
35600
91197
55762
75449
54346
36535
56506
60936
64998
98488
38012
69701
37779
98639
52783
28462
44945
52054
80914
86205
67957
11698
30418
5798
9933
9971
42435
63870
4223
8810
42573
29840
61848
66777
72399
81906
2171
60544
30736
39502
18803
51335
82535
44066
9750
61774
55060
29415
33740
89448
9612
82191
41598
91764
37017
8965
51019
22068
56696
68354
54429
31772
93436
45736
69430
33876
68496
1160
33005
31597
65269
74589
82582
53232
78089
36111
12736
22734
17240
63747
72070
32588
77101
33997
16778
62633
13614
72798
49403
27100
61383
37648
9590
59130
21710
34364
74196
50770
84744
99082
52388
20099
43553
12406
74462
76722
40932
27725
17022
5738
84567
22746
81271
26483
58438
82830
3764
11103
25696
74768
94119
79832
43037
26766
89205
51845
86718
49514
85671
38641
48433
15241
6037
12853
91248
12700
68597
61231
67862
66162
91601
67543
41547
23864
4987
1252
80269
53594
3544
73246
94235
65307
45976
32011
41487
78499
37987
31443
14816
19545
16251
5156
63913
85145
95315
6035
56934
93345
71988
45569
52246
35276
82076
94544
48854
34386
81832
74909
53929
86068
53888
92889
6041
45107
85604
22256
18275
13295
44554
83573
5135
90328
42373
7622
1654
3808
45807
46574
91176
17281
66303
2580
25348
85264
26033
57542
82562
92672
21542
34069
49130
14042
69089
76784
10049
40192
87912
51964
25663
19423
84917
66547
2440
23542
96708
31389
77092
16000
10944
79127
37801
85397
23724
70711
93325
49200
47491
25713
66806
33303
33266
23541
94497
44740
72200
60143
91794
33786
77440
12898
19096
32468
84993
70548
93231
71435
997
76239
34616
38573
62512
67894
55232
75903
76519
96045
27247
19130
86458
51684
23205
98327
39391
26032
45499
92364
30772
66640
31420
14623
51145
65252
91198
73512
11980
11527
86838
91656
69919
75165
94819
47024
35329
11231
84923
80272
85577
55544
9534
38785
62887
76991
7480
83419
89163
41530
11560
79641
10366
41452
97800
91406
42171
90534
44184
82098
96926
37476
30569
89417
22538
767
38247
59723
66301
94210
54743
66058
87180
38683
91626
10760
34958
52754
85245
26483
30095
29529
81158
51660
81020
98337
28093
90059
87162
48966
81353
89965
37161
86373
15721
99251
74804
50917
12158
72832
21962
70855
78381
35396
24422
67198
69742
92888
83199
85534
32652
56437
59181
87410
69559
49230
82499
84512
36618
10735
9382
31268
17343
56143
44401
84026
3029
91074
36525
33162
47130
89844
12977
86297
58870
32851
27691
8052
94864
58432
22599
96165
33213
96676
44852
97741
41459
52064
3679
80708
46712
33586
4982
92591
90177
18255
89327
14464
21110
92496
60186
81830
25723
70454
85514
38504
64417
81002
80960
85793
28230
37287
32500
42444
25872
12456
83658
71169
99780
57913
24064
4726
36909
4969
54990
29051
86211
48739
86612
92532
287
55899
38922
59449
39983
15254
21834
86323
35985
23197
39321
66646
97658
20001
51440
71413
6304
14489
4704
1252
84614
91505
69782
17466
27481
68502
19800
1763
41481
32925
46952
58910
30230
86641
52644
18013
77367
67032
62664
95422
51781
74147
27820
30222
82694
51955
55563
53694
97610
84988
35849
48631
91789
7361
78304
43335
70408
81539
43326
97540
52794
90318
31712
36953
60286
29001
17986
17348
79914
31822
80151
36433
19097
3895
96221
26528
48348
55338
46237
97758
9829
64549
44099
23567
20332
45734
98427
26859
79239
94735
63860
46364
84740
49517
48002
84313
79810
59099
34004
80027
42088
84683
8739
30990
96071
96178
33425
94046
8097
11579
23925
22690
61546
9244
1491
9276
86419
48344
83550
71697
41868
1738
29877
51812
48253
77920
14081
11019
75669
89463
23465
32034
52731
87803
95746
78850
598
37043
65597
90616
85812
7117
42243
15038
86643
88384
42100
5340
69541
25016
11677
16162
15065
67089
30130
72950
72895
85235
30323
73979
11021
19405
19516
70305
33629
41347
99195
8150
23003
10659
38384
65642
38433
80032
57769
56840
51035
6936
46386
74190
67018
91583
7553
72903
98545
86957
22089
1771
81760
74578
65525
18976
41740
66703
80249
25023
99107
73259
21508
58644
5120
80169
83228
56669
66710
3724
17317
6731
92339
29252
69689
87826
98087
85981
15903
74657
6703
17577
78923
92696
84518
65918
81081
47110
35569
56391
3182
2712
6910
98149
32155
35139
9096
23317
73427
21972
18555
95621
36626
85797
1252
82737
82330
18200
5111
88307
8205
73232
9661
41961
30931
47821
54571
27191
1115
69079
64374
50732
93822
41300
9638
22406
85319
49700
50962
88262
18766
75170
97945
1947
49220
48597
13423
76581
75024
39156
518
26587
99893
64386
32587
67800
50809
77872
12838
74476
82273
92509
25801
78158
47719
39838
7932
66523
82276
15415
43035
21421
59129
54491
60974
91748
36338
15765
80064
17342
44259
64464
25691
41151
37599
48874
39464
38497
76192
70106
87063
89025
80619
78275
7842
62867
210
63885
37902
65559
56584
8107
24992
57638
69549
80232
14281
19892
80801
6176
15175
31621
63317
51180
38415
19120
43272
27651
12935
62918
33818
16717
18107
73943
68303
41411
13627
38910
44259
42264
71674
36738
64511
23585
20379
38888
96169
14799
68306
62593
50287
4564
16828
29566
57030
63874
46884
17051
10796
49235
1239
24652
34397
31243
56272
92309
66357
25594
8932
74385
42423
74377
50630
33753
16901
88140
73161
96591
84070
77185
1321
75364
64998
24657
64242
61580
28522
79331
83941
30651
75574
82276
31944
85519
36920
83270
67107
32613
50329
6928
1486
19508
57712
6020
92589
3534
58892
69504
36907
17309
41873
50519
6339
82118
56621
33844
72251
6848
54999
81424
29097
85998
93414
60052
57715
92974
94398
22779
51
40806
9774
9060
91839
185
82503
21825
60242
99393
31621
52884
29468
45751
75512
50949
59717
75363
32677
74761
59686
58006
91905
59496
51090
18276
77555
19491
50446
38376
47567
77382
44501
85761
83430
59719
35076
41651
91256
34501
3992
44125
97336
94233
69473
97979
24299
35205
60027
45853
23396
71858
20595
96396
5374
6589
67853
45130
60357
20477
1306
36394
28431
23822
64716
40203
13584
99300
2665
33339
97936
98584
46676
44965
51194
3495
98456
36743
16896
27488
38225
81761
82395
23612
51440
11207
32235
11027
44896
28375
30951
27286
71896
56666
70791
54742
20181
53539
35830
79561
45311
80134
64631
26948
76551
52143
46263
94423
80419
23390
57334
70779
76528
13306
33121
97264
38035
82118
44250
20825
65482
9644
88927
47575
18338
51452
42535
55170
68748
68899
84416
53153
87093
49723
14573
22660
49333
84779
54842
44907
2924
4541
3175
19538
31552
35884
56074
27528
7967
58494
15469
59048
82185
35614
44264
87423
66323
24369
52108
57100
2806
67060
13760
12706
77243
40786
3151
86741
92755
67806
42931
40041
86884
91853
68376
2313
76572
2242
31218
30067
42945
60167
80822
5328
60394
40491
48955
38457
99146
23325
5569
21163
54769
74048
26567
92482
27105
77264
14089
71741
37011
58757
97992
64965
6087
47572
81679
18978
16572
54769
6689
13017
1210
38195
39597
40166
18867
89117
2254
72091
20534
84532
36318
11818
67722
87269
15092
8921
10093
44294
30803
73213
7132
97945
1950
31510
99721
39156
22396
7927
58474
15109
31931
6902
74148
96913
99457
95159
98109
19062
20981
44896
43631
50195
12042
68630
91214
70557
15767
80799
30042
36576
65282
44676
5400
16167
54796
52916
94381
51071
26229
5686
84482
24505
54344
54150
39753
36901
25206
48717
94570
60494
12173
39329
27480
71492
61132
31969
7219
74214
17974
14702
26574
31999
78618
47835
59883
43189
55658
81861
12206
70687
11556
61365
11262
97382
15824
7013
43
23602
85773
25212
10566
62198
98598
31297
61393
49287
87058
96059
57708
35811
58276
25911
65267
76278
18440
51301
20872
9647
65898
45527
58951
53230
60861
79823
68198
5148
87697
59451
57611
18911
87559
87349
37217
17435
35370
96947
27924
96483
94003
13672
14466
49178
79513
66751
79121
86528
81082
59264
10137
9207
62295
53090
61689
20794
83736
78427
84145
17909
32677
8786
29038
66827
44093
81837
33828
71189
44073
64807
2767
26393
91815
66655
33434
49608
74461
8070
24743
52735
91912
7829
93211
36102
9462
18110
64052
98270
90123
21977
71197
48335
22002
9283
63969
98728
69301
14927
51937
8444
33474
2796
39994
14262
45821
47911
28508
61578
71174
534
1511
34875
7106
67126
74065
14542
29746
95161
81963
50566
45971
64431
81806
39097
49783
58590
66079
11895
50006
1192
34531
80672
37132
80594
80758
49571
15488
84823
7227
18665
16387
54946
26617
32171
65323
48519
7729
16155
50441
47538
22947
92898
32226
26937
66467
45650
84556
90474
89065
19263
42305
3444
74160
99736
94085
40305
92942
43311
80116
16296
71311
7609
53092
7641
35268
65710
64277
31676
85637
18236
14359
13789
53545
42994
49772
82780
22141
22394
79865
92644
27594
8427
19810
32799
69066
33649
97306
45752
79324
94781
42890
83509
94387
82655
2103
61683
56364
92677
48411
19371
75163
75829
16872
15823
50753
53670
79784
58412
5542
4549
54221
93671
61327
52452
72938
76679
46885
89480
56994
82473
3255
2225
33611
96592
48734
28830
34878
81518
41099
76063
41697
77271
91968
55058
51242
85669
43993
60859
13917
59478
92929
99541
89592
99978
56751
8051
6482
7242
55660
57965
33688
35759
38021
36085
66952
47673
9711
44731
70002
36787
79623
28793
73281
9312
57142
11622
67797
79995
37729
56284
88439
69598
63365
45042
87425
75476
15993
57359
24569
74516
66451
91155
83131
20085
30210
62734
60479
93280
62769
65543
17085
20732
62120
22204
47434
16983
67188
37731
13028
98399
40907
25116
55057
54046
85435
47679
15112
57883
54664
69414
69680
93926
48224
93454
4033
29010
42055
65170
94103
92105
30215
74915
27358
49934
82347
24035
20441
13851
34137
76552
6026
23631
12624
23061
34806
70360
37347
71477
14723
80450
75620
15278
45295
94707
75752
29404
81702
69338
46209
91551
99185
35490
27154
50711
52989
57248
86784
32442
16438
10743
6915
27829
90744
73692
32414
19624
61968
50678
4555
83634
52372
81222
50286
40824
75997
79878
30049
52966
775
59305
44539
71917
28128
91889
8670
83318
37869
27200
96854
91242
38676
46642
19042
77711
58777
35800
20455
3252
51313
97786
19340
22207
58732
10918
7323
82873
50065
64237
83577
80676
13042
7885
99068
64528
5858
95471
99060
8020
42915
42994
23804
4431
20060
63845
8790
61853
1654
42305
17325
32334
35987
73443
57605
26594
59614
15220
34257
21469
83576
62005
4428
12953
63892
75675
38137
7898
18494
14412
99418
90899
76569
53056
59332
12481
83459
78930
67418
95524
73184
77062
70360
17153
48182
69647
73441
53462
82669
22666
18075
50148
35799
49792
58192
10145
13070
88238
65875
38352
49601
48336
75778
79559
97760
19180
73863
42605
1844
35899
98618
86303
56962
68476
6347
28584
25788
9196
70138
50127
79639
45953
98748
64890
20554
46847
12202
47846
24820
61579
43400
81206
17519
59966
30443
83233
80259
44932
47654
88883
13858
784
80775
62854
25767
5497
21648
59471
12706
75801
43374
60265
16723
72438
62151
83318
59964
54792
91823
99560
15894
5002
60061
44489
56856
93622
61229
48791
63085
48263
91892
94677
41847
35598
44000
37701
10832
99991
10955
84484
44402
90872
75515
26853
24134
86722
89525
47842
50575
59456
34667
55785
76610
8287
28923
75128
94568
99205
34394
44394
7187
63634
24117
22016
85666
63273
28836
78803
38031
54782
64355
58499
55166
24132
85156
41846
46723
82953
96356
39845
27141
79614
3187
87757
94387
79018
84172
35824
27220
92109
81801
58140
51144
24645
79629
21623
55418
97309
52302
21144
36380
70881
94969
36291
27232
9329
58681
70950
28616
16237
93641
64170
48808
85028
36501
78353
11085
42724
78074
25504
44935
92774
58382
85282
16415
15918
1108
91554
19814
25921
78338
26892
21453
86384
31582
10126
55550
51954
42566
96127
83806
90633
75336
73933
59558
97299
22437
42498
9007
46865
40160
71177
4961
50879
58235
34695
13201
15121
62043
25175
84394
86433
85116
14978
83259
56931
31094
20885
40309
29375
21855
97434
64125
6264
46900
5683
51589
79770
5861
70710
26316
55401
9072
60013
70744
98193
39965
49260
89392
38991
68459
94519
49350
50828
63870
35954
71579
79912
25456
82382
38265
61925
3775
55058
16727
51674
15846
42910
30983
42961
66523
98538
62798
6237
8620
29749
71053
18142
83636
89624
65442
10443
27144
44883
87289
99993
35960
16951
89046
23466
61677
15851
15139
31576
63973
71949
88676
83336
1427
26919
80858
7411
1962
27132
7427
99895
59941
48080
92709
65920
39296
70873
43258
31033
62949
93264
9070
28523
85552
68597
25095
2656
8842
59376
61411
13165
75058
80985
81324
52892
76927
97449
7836
7006
8832
414
73000
75616
12676
58290
73172
8654
38892
27812
94419
88850
16718
8710
6290
19198
13230
86393
6306
45877
37813
78702
87557
68679
74896
31921
71362
72654
39531
39449
11019
55532
54179
77141
98868
52219
78736
92197
56328
79272
28289
896
96142
88190
35043
8167
24024
42644
27132
68518
41994
35548
30534
62289
58207
45215
51961
45830
59614
98429
70228
75139
20877
64696
39603
46221
96994
1811
34446
68583
51016
36447
96394
71094
9669
3268
55996
77591
3469
72274
45679
46431
85207
13817
88849
80155
27152
85812
17330
18197
40394
11450
73650
87250
82254
96095
59734
55675
12339
26164
54290
79904
90193
2617
93704
17953
87584
59097
6856
55286
92758
76551
68487
79973
97771
49858
31469
29211
93753
76118
11123
74954
1664
50875
94292
18039
25242
70203
50999
73471
40794
18102
21926
23260
99710
975
96040
12742
20462
12447
2212
9502
32643
76911
60003
90452
44077
61095
37713
50064
53162
91147
52942
22949
50379
96655
66744
23635
65366
84682
31968
79386
31281
38063
11107
42747
83658
57914
33256
71689
30589
22774
83773
49744
46968
74154
1576
67220
99777
25686
79288
19669
89991
14699
1650
60535
90362
58119
14315
44495
92333
23546
57924
65181
11534
76508
10824
38547
13
90860
72082
18319
43741
76704
62377
21398
10981
38297
27522
88094
53945
38538
44786
97899
64456
39452
42802
2575
37525
39683
83885
63918
97345
74875
18786
59632
19195
910
58849
26366
96634
20333
2779
73454
99839
94653
65261
11841
9237
94635
40829
66868
81871
26023
62412
39188
49810
13278
61667
46354
40387
15376
21313
42971
23973
52352
58303
65035
57552
79083
22955
68295
6131
44938
97814
31530
25076
80346
23225
98473
98422
8221
77557
41951
10159
27991
38345
37090
5652
47899
33758
85656
68453
57610
99262
36672
96467
78409
87683
37774
19834
16634
6223
86784
38881
21436
24943
39059
51042
24334
11558
36632
1340
59828
90914
61906
66024
7055
55562
48908
47232
71068
52506
24875
99119
760
30825
18837
52095
75983
16077
63500
85509
44332
16201
61996
15584
59946
83298
86938
40099
14099
2539
84154
83178
37593
10445
53274
68976
33549
17424
23923
56247
95349
92397
54109
81062
56499
73539
86219
95879
92098
22670
30690
78927
97806
78404
83630
5861
98644
40425
74136
38908
378
81542
8741
33329
75284
23040
12368
49020
97072
37565
93041
96344
45171
85027
8020
79703
84544
26460
57590
89366
70781
74873
57595
58544
14165
34166
17675
23242
32481
79312
85388
34236
28090
21813
8975
68685
96813
77888
25598
84646
62610
3555
49249
14039
70536
29165
62899
9602
14716
16092
40822
26772
69157
30447
96503
98579
39380
37104
73964
16412
61210
59543
44331
24301
19861
61039
43715
6842
92521
10244
52589
32813
81091
70227
41158
63939
34933
17317
97365
97101
93086
47466
25909
1085
73441
18234
82018
88627
87705
35336
80385
85496
92081
60268
56544
99481
64340
10667
86674
82619
45089
43788
64629
78888
65274
30756
94488
78199
35492
2281
78621
83496
81749
25081
34749
29849
28883
89880
56051
72183
57981
84127
27223
33415
70526
27420
41615
82286
96772
7723
42806
33837
15085
78387
56953
97984
6384
50410
52478
13030
79426
66244
96508
74869
78869
80977
79010
9805
90774
71209
1855
78487
22244
60523
81599
14883
8830
24406
90116
17460
80049
35747
20345
3514
9709
33967
13668
31195
30862
26197
86021
92359
99739
78806
94242
90693
46269
81526
56054
54112
42645
66856
60785
13589
10784
47412
67428
68952
45640
2954
2897
82099
1078
57167
92818
44746
53572
90278
64665
34790
62012
60209
9340
74319
36513
32536
195
41054
13305
49780
18432
71783
99573
6083
76404
84989
35991
64831
10699
40718
32421
29252
23265
95573
42625
78562
4657
77892
21002
81230
48891
20348
89687
84010
56554
86599
8474
1338
71564
83064
41316
64033
94017
10656
85802
8575
77723
28143
49873
38387
58610
41241
62529
44951
97629
66663
34740
14367
81710
14034
47798
93668
9582
39357
95281
9485
77437
98592
30061
41291
36582
82732
28375
92305
32241
38411
1366
74782
3028
43457
83240
937
5468
40564
53834
28253
72534
42385
39141
29447
83079
99963
88236
57833
98163
3202
50852
53190
12210
20523
73736
39140
26332
72724
83408
73127
65109
49386
45451
43830
49402
47846
61063
91044
84177
90121
47882
8403
74792
64080
96215
39156
34950
1765
76515
30974
60239
15328
26954
40870
76134
11641
99596
50259
86520
88888
29694
32605
80502
77355
46229
7194
78521
36691
21279
66453
83594
89623
6044
68388
50541
22897
68709
32924
86471
94788
37652
41863
12964
61029
67094
65238
74429
3225
47804
16402
64219
10722
29637
6818
21272
99084
95302
49942
12165
380
11835
71801
52713
51594
11915
33645
83292
47942
92926
77903
6215
75052
96097
25905
2861
92740
27285
35524
3134
92176
34674
67767
75364
10023
53347
95403
81395
95155
55361
89080
46903
58915
40624
52998
17843
88739
60608
8386
79293
47208
4224
63706
95267
56980
86260
23297
33723
92007
46862
38066
58402
27878
23043
59720
34097
88363
67196
95748
44237
86581
26957
54559
2950
58329
49880
30000
85085
75114
56530
55386
96259
22435
3832
38525
52418
31853
18316
53475
6698
2909
91761
25916
70349
65057
87218
73349
94395
519
79091
48845
81712
50409
49806
91913
53802
18455
63400
40812
38997
8388
80892
6350
74814
1605
46110
30150
19372
338
66582
88011
89997
32567
94509
49630
69185
8793
39551
89723
73642
82933
79309
82893
69214
83752
82936
60234
23320
16642
59488
75102
53268
14422
41255
51237
93901
67855
76644
2374
5419
78541
2994
38043
41437
37878
85838
33069
86453
46533
31853
93793
67104
90781
67599
10222
52588
21939
50527
98693
1270
34109
88422
79222
26587
42267
15076
63942
84904
76342
32411
59281
32525
18927
87424
70544
38044
14049
75080
93984
64845
5444
33310
90065
67815
11605
27064
29804
34706
9887
7974
99057
51028
31874
73976
93292
65718
1026
59445
94047
25590
90655
17362
65065
22632
12833
47539
53023
39696
61096
58811
53736
4870
45191
21134
90525
49020
44914
72823
34444
95686
10116
24271
17291
45595
5931
87974
76251
80493
53434
60167
58172
38147
30508
75683
36505
90150
62635
32783
82811
47637
4941
46829
73298
47098
80237
97220
78703
43340
18984
45076
64339
76562
76822
82360
3813
35388
52950
77036
69132
10731
60584
96570
22069
83941
77280
8073
76931
42629
93909
5614
32597
18144
59707
68516
55892
2180
7978
39428
56577
11870
39605
83892
96874
42891
70608
95459
33089
30118
45809
36652
68451
36312
84590
69845
76462
56326
50720
52653
88551
56578
15857
71792
47537
71462
89007
30643
1710
80102
80928
27978
7993
80718
10220
58997
71434
63019
31823
51256
67414
55306
50181
36501
15445
56914
57077
28421
69583
47542
90563
65258
29608
53993
85403
64293
80258
47760
9825
49645
47035
21661
92740
97410
9024
51862
84963
53703
97813
50578
52873
63275
55289
3904
65494
52867
66485
92359
60754
89055
87183
179
72376
3487
36665
2215
62687
88774
30552
65932
6787
62386
16974
83614
84119
80771
43802
12436
81575
90603
8952
6925
67923
16273
18056
26501
72325
13976
39910
56674
52907
68467
1703
39177
9728
54586
46979
71023
97272
89323
95545
43843
79924
62918
59965
45186
84906
45531
14595
55847
88637
79128
834
8933
47849
68432
8686
7982
26757
55030
38723
12961
67330
38989
99999
36153
64793
3632
56101
80381
38944
65145
45860
98574
94732
51996
22514
22887
46666
24447
9324
54585
57275
35991
88728
67610
39954
27015
76494
11882
87032
87472
94466
26311
32995
85355
91916
40003
82300
894
32213
79429
7827
47688
11412
81280
30227
97149
74227
70091
75690
65560
83319
82246
39217
77010
96417
77307
14461
82164
52530
93376
89782
71659
64262
40748
75903
69766
19897
36714
94350
68827
1927
83243
55628
25836
85533
35960
17219
19673
73504
11666
66556
50820
44501
95952
21125
13825
24094
65507
22969
81490
14355
27496
67699
68611
99149
28732
89770
39
34267
27312
88950
42009
70924
14038
9350
72836
92812
18624
80052
31823
72624
14534
17412
92537
9633
53624
87471
20003
44436
50389
19661
77070
90674
49090
22185
66064
61760
87443
54257
76053
580
89677
42419
61505
1928
33219
92690
26325
58787
61344
13967
77439
46829
20372
12300
19893
52486
58344
15324
14216
15778
49375
76610
47462
31406
85181
19874
83898
500
49164
84363
99845
32239
55382
21832
53551
92345
9796
71408
47180
11968
90358
82000
15135
25283
81396
42875
49694
17659
17187
72286
26830
62225
92718
68205
65568
46112
68062
39163
53392
44877
31465
86714
63784
12694
53595
26835
69392
96589
38353
68526
21502
99213
85773
5789
53123
23479
62295
56842
51269
73433
78921
59360
85592
61673
12705
43522
726
18692
63512
99706
74289
25845
94059
2523
77243
29269
99290
32196
80434
2232
60764
14256
57233
14253
30451
38806
68218
57444
98418
50604
80557
52509
50304
86516
19336
91360
93713
20617
60242
38333
46636
50940
28150
970
11149
38791
73530
13227
11368
14084
36204
51427
24710
33647
8736
79917
22955
21065
56133
63295
3770
23672
32934
22181
54773
79795
60724
80540
80868
75173
31551
21118
1564
85516
50899
28047
98921
94258
64424
71576
10642
70453
64570
45352
59829
58419
5760
29304
54949
72453
51472
63682
50663
95440
63221
69450
39259
94046
9218
35008
30613
76447
26897
47671
57988
72650
31459
55961
42506
13206
17864
10139
22577
27847
1180
70205
12969
25649
8620
76118
69594
22018
3218
59152
62952
24694
13123
30274
72668
35742
41404
53057
69460
95162
78175
2315
24295
66939
95867
32473
88932
4817
57052
77198
93448
28978
5846
19323
56233
37531
11588
32110
99378
57251
50997
20823
22958
10334
59831
70894
82912
73061
46695
25938
62011
70224
98446
1723
40467
90805
89525
21878
91705
32996
41372
51501
79730
80773
91009
36781
99727
70829
95411
80479
97109
83827
12971
44574
16395
10579
65074
31779
91909
32771
28908
4802
85782
47782
78864
4944
57746
78620
47751
7523
74909
69394
78261
83287
34875
130
63069
10560
8807
42260
31326
23807
45404
92176
33472
71769
70985
37342
89136
65787
2845
78004
19412
25864
7019
94493
93912
64900
38509
81843
88257
70244
56909
76904
1153
28081
51705
87144
22260
32469
97249
75738
33782
45978
85978
98350
79281
1722
69790
56716
15741
28511
75541
35154
6316
56086
10234
54849
96821
2474
94988
38341
82450
39544
6774
80324
6740
73918
93218
4504
80908
93004
18781
23455
66065
95240
57900
2932
94388
82391
17864
86581
48732
35682
12840
52662
8318
40205
23290
92089
9643
80900
4413
7562
59745
9577
69531
39700
48746
70027
29440
36579
72358
34061
47074
22520
68940
60464
4539
87797
94997
88229
82874
25821
25080
76693
50823
88331
6565
38691
38448
54175
63731
49885
79146
53031
51117
80125
62578
93546
92019
87182
32783
76078
48646
82963
69274
43920
50057
23417
77980
91288
94830
88207
79293
47896
36624
70270
2583
12373
24866
14092
90711
25772
76191
87685
61738
69483
80185
72647
47130
75254
45584
29243
43365
58279
84086
85197
77315
86515
80942
1926
99596
34006
17683
2601
94243
52538
85924
97658
76404
79799
63160
48374
76089
21228
21879
3563
93191
33299
71444
37549
17805
40741
11723
70174
57568
47383
91387
82216
18302
50790
71992
61222
65247
88966
52260
39817
94395
93604
82471
6284
30458
49440
5583
35765
95139
26139
24202
60982
16534
48579
42975
52652
56277
50978
65958
17156
47891
21074
44664
16103
36653
52158
70126
23940
11612
73515
16176
92462
7020
79352
91665
46085
30617
32068
13227
71183
1777
29110
66336
42072
58332
82656
76558
118
35766
66768
24303
7139
77683
96818
47346
63975
71125
1650
24317
26605
8928
83435
39664
51071
47597
30009
7816
10214
82450
78697
915
92888
93476
75520
57377
71030
54117
78684
7065
19042
79639
49678
86563
93135
79230
73193
90287
79594
23297
91759
4357
44542
66526
68104
25337
18206
47511
19690
16897
69908
41250
94882
35009
6874
56496
92556
22592
81385
65419
4390
98408
95990
85350
67314
8831
48439
11989
88977
87591
70854
62235
34412
20284
84533
7143
26180
74686
98915
32455
58380
72498
59523
34542
44570
44874
9527
75538
66454
41045
5930
99420
21159
57225
4894
84699
58327
55797
37628
49263
25012
66823
19841
59932
45501
12924
92599
35242
98320
38530
81164
57198
84528
18120
29724
75170
94610
94235
79399
29931
28132
23014
87570
79526
6909
50355
44978
14370
96610
43966
98666
95384
10014
89798
15081
31520
72556
65751
11907
57368
74840
72444
34334
36169
38525
84971
36645
35942
70970
66948
7148
21525
80184
80048
79669
16432
17960
92976
27045
82662
56507
62422
33081
56783
22468
12890
60273
98969
91196
65450
4573
38980
51116
56350
68803
93300
78564
1479
25793
61256
86633
97258
76460
96656
60173
31648
10015
76951
73106
91357
12170
961
39138
2696
30535
55593
37598
22698
80091
75880
12267
6079
8536
20802
2352
73863
62422
56268
79382
22316
36292
91333
89622
33355
41704
19532
96470
43470
34068
41757
12739
46665
98016
87976
45311
14305
85889
15915
54763
36833
99889
49043
94344
84471
30279
46482
69731
23920
14299
89229
75269
23347
22287
19481
32390
84792
21004
1018
23858
24323
73700
98713
27695
53615
98705
7339
89047
71476
12590
79028
65626
25008
96552
8803
84657
59026
9220
59045
79424
12037
45573
12486
19613
69687
75307
57770
31167
31499
63031
72444
99392
25730
44408
68541
83652
22985
4907
9369
68677
70701
8982
67024
17961
11878
6780
33754
86001
66361
39089
47000
82054
75164
1055
74870
77518
82560
12435
84503
30043
95702
15188
56336
35480
27729
84853
90496
49944
82355
30596
13117
18571
86707
15054
81034
65778
68917
4261
566
4665
72987
16991
31556
36792
18818
62448
77663
11282
93785
81615
72490
87451
25214
14043
82092
63766
20522
28111
49910
50564
83403
92415
91650
99691
6933
87994
38535
41667
98567
31372
74800
85934
49380
72256
89346
32678
26617
86216
54566
7323
45240
41854
13291
57639
2356
64514
77546
88267
58629
80593
4887
81251
16694
46041
16936
68561
15145
52012
88623
16055
97568
30806
25044
46702
44588
66723
61977
67417
2303
21709
84064
59783
87288
33371
17285
465
42487
2009
54072
85199
87815
75041
99773
36216
9940
19354
28550
10199
26888
51054
38774
78717
82894
53077
83063
44739
52884
88239
7297
25264
66820
63044
22680
16105
42339
42532
60792
96365
57960
62884
74501
89560
62110
64473
91013
89808
53698
34099
18794
54403
36007
10024
39965
23974
75596
471
17936
38090
59116
20885
76027
55537
53517
17642
58346
95667
31593
38901
36433
13968
92909
70062
63694
42197
33551
49273
85064
59817
44602
98836
162
70016
3726
23896
44986
78740
38889
38920
53864
74152
17068
90773
71804
58420
78433
4090
2920
54750
48542
57685
1144
49984
1075
78888
2233
70958
56596
29205
1949
94601
93688
62590
9415
19396
97274
89687
11930
33722
12098
11641
56620
31723
41115
32047
72760
53953
61373
34833
98358
99361
48316
54088
4352
63621
99850
56036
61575
13870
64129
38637
15984
24921
73410
37065
92413
54958
64838
27974
41833
30273
57662
44883
41207
96138
35011
99557
13933
95475
16985
29358
86674
23073
94228
65036
42368
5288
60061
88572
57743
91797
64600
11860
25144
29730
42681
1253
64184
57641
90614
46894
62452
34192
31275
64712
12508
81911
74520
82674
73938
13882
81247
59305
45160
88156
76482
10140
17519
971
9019
30028
37191
70455
85179
77783
39687
1460
96907
67428
79679
6430
78231
24618
62445
8046
21360
22137
28482
84192
96610
3948
83282
10186
44127
25523
94170
40426
90298
46918
66812
79991
71541
72147
64438
30646
1570
99985
55118
37003
57008
22214
34035
29152
96505
81529
33805
42197
30391
55512
70085
24515
8880
837
73162
3668
58411
91108
41402
10601
54801
77642
63438
68128
41785
4124
48914
87181
92305
20703
62844
18811
60521
71853
30052
65208
91322
