65162
64359
90723
55713
47538
12004
47315
80865
34761
77177
34393
35273
57351
80516
80542
15742
73936
37141
89631
53216
91408
54024
33901
31114
48568
40397
62621
29290
28200
78404
37402
35072
82797
37312
16042
20364
66859
42600
97260
85342
13993
86869
56916
14563
50222
30406
67723
62915
15737
9301
58844
2714
94175
53671
89190
31970
58072
78996
38815
5369
35426
31439
82095
77470
68362
42068
28529
78454
68128
12419
42939
93438
3054
34012
58219
95129
60177
36957
24536
67228
46644
122
70955
10490
55147
80778
55304
43235
40278
70435
99445
19225
37108
89863
49821
31084
27634
11979
50434
25073
30138
4759
73769
7034
6587
17682
45897
24115
17884
36481
52655
14159
69797
30807
87331
38116
54556
4192
7034
54421
26983
58869
28269
95123
14332
57134
96916
62830
43666
84211
69128
99007
46178
63722
15383
41099
28477
97189
11430
14284
59222
83335
38392
30476
94729
41998
42332
65013
21210
96815
28346
73736
13680
16705
70298
64232
33345
23618
95967
99413
15687
97759
29365
46507
85430
73471
74655
19244
64169
70821
69972
58698
29580
85870
59390
23324
19182
79271
64498
87846
31280
75220
87123
14204
26566
79328
11284
17488
50420
91582
43680
19285
22698
82407
37194
8594
71049
4339
67577
16645
54346
46868
60932
34542
9796
98611
94216
44161
81469
88654
70503
33296
95916
27437
52974
1214
19582
15496
13889
75662
85002
44055
84315
87374
14559
29531
92004
2925
39489
27789
44657
34106
23344
11471
60518
56704
13343
88040
26810
69852
56742
87653
9769
99003
3185
17921
27780
15759
87916
25726
69300
22564
50261
78451
33060
89380
78092
47419
28461
33409
42595
38681
98674
31657
9695
24334
71018
56383
85048
27911
49002
43229
85696
42696
69344
9088
28205
17638
31554
86460
30934
207
80991
77024
24764
48079
97552
499
59694
45011
24292
50144
84705
68227
70607
45806
30051
3356
71676
87116
73127
99876
19561
74655
41645
6750
1158
70929
77496
72241
94546
64985
6674
69564
23227
34953
57444
30958
7430
30238
99135
70259
7340
97086
32295
14351
25618
37683
96480
37623
17281
32355
27694
32775
93155
70154
73148
6496
22769
69322
52400
65451
79108
68449
37582
87460
6707
88967
31186
91558
96054
61628
9061
77568
41280
8910
4329
52940
91422
22103
97133
67266
34969
48075
43704
23761
82988
20636
49273
12446
75748
67646
38249
83735
72102
71244
37300
42462
39092
76433
93431
87871
73762
50664
40364
86117
11651
98076
63668
25820
76504
4278
49114
14744
97568
30762
20572
79026
52392
71148
81810
51970
47120
99226
84673
18209
42151
85252
13567
2171
40243
40757
67150
52826
32919
93625
73329
67384
21532
17338
85230
55510
86645
65356
94837
91548
47854
77810
65990
61428
98018
23196
78906
7187
47480
18295
80950
80914
57351
39194
35530
61222
93074
58142
71700
9894
93526
35159
78584
70585
30933
24042
98196
31627
21409
2941
63349
4124
20500
97686
36174
57964
5640
19763
11957
66228
93645
68493
54311
98567
372
62076
83282
64054
11372
58641
77252
54695
97447
79074
18002
57000
87108
92734
74275
76014
7020
94974
10506
12647
24823
37360
19937
14628
38340
2826
95677
46207
49374
76424
80623
24459
4034
3225
51915
82966
74144
10107
41386
89573
54105
90132
33220
10299
18695
40866
92328
78261
92616
43381
92205
72801
59441
29625
42522
25164
39551
95266
32169
93411
9817
85865
33047
24411
33231
22943
76271
80306
70641
66722
10871
66352
71335
4443
12797
663
77650
61727
11867
88798
70410
10669
41017
96619
27843
6468
48831
24892
47070
96846
125
90052
33531
48382
78276
123
84762
53672
70356
95219
5779
86953
52331
68165
27403
84682
90040
69117
55209
67753
69988
89123
47199
53565
54310
45859
24215
79125
11099
60647
15618
38796
25184
34220
36328
86717
25977
70350
33563
1887
80078
39655
80255
20820
93020
4293
58829
44557
666
10638
74104
9381
65083
21439
65564
461
99540
10958
4334
23246
49853
34748
53908
5342
15155
41015
25489
35288
71731
41891
67988
25558
40733
43820
47924
45617
77402
39252
5035
60255
56072
65362
7635
10102
57955
30328
61773
60785
2110
43467
8332
89772
14146
19804
91218
32453
75398
16778
70441
63804
32856
27772
28957
71871
72506
40359
67173
44874
95596
56104
1871
10626
54129
67448
18936
63282
28810
80644
38158
16950
41455
45486
20239
19499
12486
36218
8307
61594
61959
78620
3580
61614
24004
37056
8338
68773
78813
55484
35173
1901
30777
59626
57822
41571
2920
47279
26655
8511
51089
81044
70087
37556
5690
41221
5774
2076
68345
66545
25355
50803
70611
169
94523
72776
6859
27042
5158
3731
81030
9828
64780
14031
12169
6002
50930
13276
65020
48637
24540
24799
24275
10861
48272
1423
84231
67627
58683
38877
92366
53748
47281
67800
26267
22692
90540
22087
22061
2933
28787
79765
13387
59590
21533
92213
36939
14407
40257
56313
18910
15834
77636
84264
16963
88656
12024
33006
1310
76185
2975
25386
30133
6301
27533
21836
26392
74715
27656
15423
54319
15472
12774
57891
63984
40574
79373
50706
35965
21311
59615
10033
45215
52431
28587
30498
8100
14328
10640
93900
4948
54699
49579
97397
31573
7587
4053
12898
53534
28484
65295
10763
55941
45901
4742
73321
71734
22466
69827
16172
15978
78887
38934
31720
68906
29170
42078
42980
53861
34579
79555
86283
91402
98503
62116
71827
71343
42373
28880
34434
80957
2190
59857
90882
53342
79244
12880
85157
81839
85328
60648
56652
79737
69391
75626
40298
90684
23764
78884
91231
55635
29033
75289
12764
53203
83139
33843
88238
2058
20106
36739
61309
7243
74587
2061
80016
92251
50444
61659
30774
16195
87981
19214
2673
51065
30721
47844
98805
6436
96494
34449
73076
89619
5737
48393
29522
18629
22297
59438
16247
27549
99885
16828
37442
84295
41133
92964
8055
94314
66196
47011
3814
51273
37772
61881
68583
63934
54565
89121
33306
90619
45080
46176
26525
65711
8193
74696
38260
91282
45032
57337
75277
55946
85980
58277
6882
93555
97071
5604
26470
83102
46554
13791
8415
62679
26040
342
97910
89245
39406
13836
8088
75016
97752
6532
39353
91950
90199
26723
73873
55013
57003
6769
35805
56563
4424
36100
98838
46017
55730
52814
89625
48894
92033
55290
66364
77640
12144
5489
70000
94059
91568
40896
39798
24177
65684
65301
15206
75467
94252
93497
36127
48109
7987
37942
39717
46598
68055
49226
38214
52883
3450
9900
33822
31816
27686
59957
69397
87633
16843
33435
30854
92680
50903
1291
17478
5833
33051
27360
66308
77058
61951
78771
418
60204
63863
45864
18827
75746
69595
98243
61165
19323
31564
4608
21132
43704
1394
63546
88465
30623
15660
8057
61058
4144
48839
79345
36415
42157
3921
55841
26325
71111
57972
58190
19890
14984
68269
74023
40206
28228
36801
30034
67452
93802
99309
22761
4241
94620
23275
18037
94580
68522
26762
91008
71350
83512
70501
30237
67136
89134
38894
8177
39585
15604
34921
61002
82925
70231
91479
27242
17563
58142
54033
96254
75326
80186
25521
72988
64185
73038
37815
37290
55214
72755
76047
88083
68587
88067
86818
94382
42340
59921
10865
21353
54620
17033
97718
85274
71008
61636
15270
35846
5911
26719
37240
59027
69532
47055
69156
5588
3723
14089
13193
549
51281
34693
99839
69825
94067
50865
87666
95803
11817
3659
33830
12591
3531
23581
97562
3948
30235
50264
64078
21321
72331
6676
55568
87485
54020
61444
60978
54455
85771
19655
65986
73779
65354
4818
20673
54041
4371
17428
66097
56864
31579
99186
31601
90493
57185
9964
53706
43947
74061
9607
60366
840
96258
72375
50281
87733
39789
63217
72328
26351
37065
32927
54291
11541
76873
20575
90829
391
62608
69402
65190
61115
20979
62994
91559
62873
51530
2055
97591
19190
84862
5845
41915
88383
32290
27938
96657
51182
23863
65778
8088
29189
59552
59463
16737
33272
36409
59346
53615
98190
31664
90971
68867
45805
62030
5214
39168
11445
16208
47825
70492
42287
44318
90744
72010
38034
78942
15602
19252
43548
10950
52722
15713
32841
14119
27490
65669
10910
88133
86817
82700
67415
84084
12199
38986
2683
19407
60519
30372
58749
89563
58135
32903
76468
80616
77745
113
89734
79711
6023
16945
79345
69756
46400
39082
26035
75279
40405
67542
71456
9883
3197
9873
88163
44753
49624
80729
46438
13863
59414
18022
78575
89715
52921
46073
70928
65656
47067
51419
36568
99605
56440
49271
65216
42694
85754
43987
85432
33547
83299
91844
49704
72563
68587
76874
35568
42603
27390
77649
83411
56500
45921
83980
15955
40284
25925
57614
53112
14007
79947
95117
75118
98810
69541
87974
84827
97895
50348
12758
52705
21603
2426
49006
10538
72683
51586
99129
14330
74044
60993
49906
10314
57239
90119
2257
50997
53190
83218
32627
69144
54422
21986
11010
73327
3761
46060
51286
93614
19136
29114
45823
34575
2239
22896
93096
40961
23473
90203
37238
99862
13691
93555
96005
99108
16610
10286
18555
58265
80773
97382
30643
16057
28901
67460
65394
50182
94807
84342
65014
70581
58202
14456
21038
78644
52060
33142
65841
81707
40627
50549
67778
52029
80271
27435
37456
6525
61498
19614
52335
10645
4024
33371
97087
32735
4606
67710
8252
54032
55005
72088
54078
86015
51295
28108
7208
28556
43361
29746
33954
84869
37182
9576
74661
71612
34862
48286
48035
54649
77495
91515
2815
9544
33225
38408
65187
93367
14766
10879
2577
61705
68949
31575
10384
60557
82055
54804
28238
8837
35624
91253
37565
15963
32890
37423
92473
53543
10467
69410
26936
25951
57240
94317
97212
53499
29092
76860
43611
98853
18149
90407
88303
99350
91542
22630
46764
92459
92519
27718
53587
29701
23362
44609
27567
59606
24129
90135
5776
17320
66472
99141
81396
33265
93118
86567
2267
36554
44239
78765
28539
17465
63417
23089
39278
21031
20733
79690
41934
83454
79676
47517
97171
7874
96148
77158
44292
21297
32134
15524
20350
16916
79358
88748
57354
58878
17135
43786
55414
39335
17220
84354
4216
65093
51182
69413
24219
94349
63823
70535
43253
11556
90093
86799
84990
97228
36360
47938
40800
82777
92794
43598
43091
81327
88693
3264
12641
737
34002
58658
5108
52906
3428
27708
71480
2970
83068
99586
73015
89126
93379
54378
37702
9156
36594
52971
35628
10051
28548
46570
77056
81842
45213
85622
73212
88586
13849
37274
34566
77795
60628
77052
67111
89982
83516
40534
43751
13249
28737
26108
76034
26246
61955
81908
83751
86008
86271
40984
85926
32198
94177
39124
8968
23428
54247
98371
52673
95912
23521
13436
78485
70596
52902
18426
46954
21046
70627
83321
24664
74360
35104
69957
93892
59205
33093
41301
87990
11218
37423
22979
13750
40640
41215
38519
64671
27963
74130
47570
92350
98822
85851
92416
83176
87989
38279
40986
31395
63783
66966
72896
34273
17485
14231
88394
45453
19364
61329
86177
95990
5174
61378
33384
29470
88550
58678
32474
52023
89775
25717
57921
34487
42994
24610
8268
10324
23725
81197
52381
90726
20919
65576
22334
44997
73013
96954
50491
58750
27212
9557
7537
25255
358
65140
88054
71269
4658
27635
36977
72199
34519
35983
69300
15440
84951
85440
41067
93145
20850
34527
58966
99001
16734
59643
93125
98476
58169
60417
96521
74378
43024
92171
75963
82436
56756
57042
75702
60323
52984
86378
61992
77357
72100
20738
47265
68235
4605
43014
64198
80690
58419
41987
16476
45744
19843
13609
65444
12073
33777
7351
3442
90479
40376
40003
93501
72927
94765
28606
31433
69928
80846
63986
49828
39541
32957
19218
85035
76221
24092
66303
66722
77317
85184
45284
53417
40727
69487
12387
19037
25172
22635
88680
24234
55294
65338
43369
19351
14747
33225
16844
8577
25840
49833
49224
78416
75066
23830
7308
75577
59777
47482
84787
21646
27209
10693
88911
13826
38760
35901
85241
92316
32433
75761
63101
88100
18871
13449
71283
36335
6920
46112
13659
88402
56920
17801
96446
67148
1627
80544
1700
84094
99341
67576
26463
76448
63053
61880
80517
81056
96882
1428
46381
42808
53222
85010
54301
17929
20943
75260
45510
25023
92452
72525
75070
58645
28719
86997
43066
27050
88897
47166
30788
85265
31948
99510
20012
59655
72022
3069
35268
77955
5451
38201
78550
64335
91612
87821
70221
42771
40125
10581
52966
62445
82155
11492
91786
42317
75384
62097
66113
63820
12120
82950
38999
5151
7067
14405
65855
37260
48418
50780
46464
16125
88691
59274
98472
30584
12015
18390
3251
11515
32040
43119
52633
47680
95873
53077
93893
88962
54200
88775
69496
74495
70516
70585
74989
37694
95553
86581
90945
64917
22285
93521
94160
23009
18568
89985
2106
83249
93787
17778
64203
21439
91113
26674
61346
44677
45311
72429
82925
80086
46072
43246
82844
66518
32174
19207
56967
63416
14211
29974
69655
61366
89127
2636
433
74591
45299
39463
26721
81286
91426
71146
12157
56229
95638
25791
57254
64182
13025
85440
60528
56509
11383
72354
74122
31065
56952
6125
80102
44499
57682
11175
52614
3723
78167
28750
77339
10607
37851
20756
29616
93441
9802
36925
82818
83137
48280
16255
56384
23444
123
79786
13476
20541
29688
75791
98795
2552
99118
38969
89803
41337
12597
35970
40043
30014
66715
82537
59438
67257
85618
67025
522
78496
22702
8588
59532
42419
17894
40866
90480
83373
36721
35255
63743
9392
42927
49284
3126
18173
59429
39999
289
3936
99655
42669
16315
90634
54801
49007
89725
48113
7073
1887
93212
94853
81047
7982
84763
78660
18453
9343
69327
11312
86022
15856
20747
63623
79627
65724
27694
97594
90362
32172
15988
45415
39401
99031
94174
47856
34892
77077
37239
34995
90728
40081
87558
89997
38320
94413
70683
36686
78398
77791
19527
91243
66540
92699
31704
29058
64528
80089
85590
18119
19907
71114
6376
80341
78186
34693
96190
81300
4039
89411
2420
1497
47336
20816
92355
94852
26485
19450
11513
9523
88375
36147
22524
15661
38104
6943
17790
65100
9232
83033
34493
88351
45537
46294
35650
95774
81526
2004
95653
91897
75379
4328
8462
16599
25826
31648
77154
1132
80479
53448
23265
45834
71537
8384
62894
58537
67496
14202
73885
12369
10635
20399
39381
65672
8646
15118
95515
68457
62129
94329
35807
40619
52674
58703
52535
35653
18032
30991
427
58860
41023
24569
62643
23828
60523
16320
29044
14110
91018
28371
44336
33717
92634
59008
45852
73909
90539
28505
53856
44479
28428
57594
72329
44187
80202
5595
40659
33433
32713
80176
79891
3248
98492
1763
33627
49383
1698
92700
38937
45075
21791
73579
38765
33766
50689
64201
98718
31715
58620
41596
57602
81130
7335
24907
90272
522
21848
11449
93702
62360
52625
37531
43095
43279
57601
45513
69300
32538
24480
80632
42828
55329
44449
68302
74831
97699
4731
71972
94062
65374
67677
9579
34219
75845
30005
54547
68797
62652
82901
61567
3043
83249
73573
71072
48054
10053
50967
34124
87133
8019
43188
69051
8385
34792
19187
27066
75327
79719
49326
37758
94388
56613
28197
14417
38840
20689
64779
42420
94073
16676
89488
65112
83852
14272
87781
13988
49869
211
31357
29965
6500
39904
50533
13395
563
55187
92572
58093
76494
29861
1431
11232
48592
76096
47239
49661
91699
4809
23743
36136
7121
86180
31728
253
13008
53389
78138
93756
63712
18660
61317
8155
51563
59647
46835
63415
61041
85200
88028
65646
13055
31635
88532
83676
48050
49036
17272
61399
56903
52099
72457
68577
25876
90389
77996
43711
70855
50855
53007
42815
64712
21051
23240
89959
18783
40373
22447
9467
1120
52090
50793
83325
74371
2181
78953
52224
9238
33385
5320
2721
51362
90464
96311
66748
40586
39105
31055
66415
85613
82559
92618
7727
19672
56777
65196
33285
83344
48770
38581
49543
22621
11011
7982
58790
289
450
25532
29883
6642
55398
81082
93907
59749
84851
32136
43672
90566
25630
79067
29774
54016
51458
35938
96526
78308
21009
59523
32495
88454
83112
66452
91553
93168
7740
30564
41920
39517
50078
11674
70091
34214
73111
13166
46803
41892
66198
63327
48247
66989
75927
49404
57632
94563
30804
51674
3333
30240
27409
11322
3263
59360
28288
14952
78704
76161
96575
87946
49705
47521
51672
88526
80557
53209
53432
43106
59472
37047
22283
31402
75036
27867
63564
90979
45297
71434
32590
23075
29233
82057
91131
48089
61558
67225
19111
75905
95021
54210
19180
68821
84179
30435
34619
88121
68653
12297
63150
3364
24301
26697
52517
92544
33186
20963
54815
57901
38440
53510
15281
89040
61204
43443
30393
99632
89764
94789
78511
76253
90831
98298
77448
23728
82764
37110
62987
47919
84098
61337
41952
68806
45905
56150
32334
66174
64882
94793
84879
16166
34191
16032
76506
1650
55351
87945
58122
95871
59143
83302
82681
29166
54326
13680
7092
656
98361
42071
68532
52683
15120
44199
68698
56701
65295
97212
76669
9305
33492
93811
63016
8271
59704
81909
41203
14994
54078
91668
41718
99937
23921
27722
72526
34874
86286
22711
56560
11316
32366
90749
88330
22230
19714
56143
22750
41069
31603
45375
69616
56453
87293
41458
36896
93735
65817
20642
5521
39988
6013
35556
22644
26460
16144
35917
32395
65811
65650
51143
44589
69353
19315
69898
34035
52885
45095
37063
53114
46104
91339
88733
73073
99474
13893
47957
92776
83993
40911
6496
72005
80475
18359
98496
19252
3970
95859
64623
80241
65036
50452
9668
80801
6075
58470
84590
71089
69415
9882
61424
47348
23901
91052
8383
92394
14860
1625
77115
7285
77791
61772
9261
58227
18015
70598
21689
7071
11202
20503
95725
71608
14060
78288
85021
63345
87998
74106
77316
74882
64595
33590
47573
27775
45399
53036
10707
40325
95913
93659
69309
49349
66614
41063
27734
80356
37689
59650
56054
92044
48883
53501
42231
42066
57737
9024
43000
15388
39672
17579
94471
83405
96352
52779
7740
70932
36579
1829
4837
7614
2433
27211
13830
89301
76030
39447
68773
64850
10489
68351
16474
68272
21235
79289
51950
79240
90174
78371
79873
39888
87291
62406
20214
34518
86434
73876
78769
7706
4685
57780
18260
55049
62406
88692
98871
28029
19894
77656
99625
26380
29640
41478
46839
52230
98834
85750
86782
80513
95053
35592
37297
18270
79518
92599
50804
79321
81556
86960
918
82907
5319
69214
15303
39914
75421
8892
19037
43582
35071
20612
9560
30339
77991
40499
97159
69649
14979
83868
75490
77291
18990
58258
55794
37665
8911
54602
82932
38087
18574
16723
23467
21929
99578
82947
18334
36145
11793
71969
87668
24215
25126
28972
10175
60341
12684
53672
74316
40428
65087
53589
57786
46023
33695
24457
55599
5653
62598
84729
41743
1219
38498
99629
45129
62272
56801
41331
1739
25821
81902
54481
92721
11427
34230
83898
60674
56241
95481
28817
96229
88427
77024
62636
69930
50939
56327
55415
19246
61481
64238
17802
79630
63776
58191
29799
59211
81581
19517
16442
52682
89614
19862
25849
49510
91417
50449
50731
25330
22936
70123
35428
81532
5944
37631
55176
90205
95891
29576
99156
73374
65286
9070
58118
82709
47392
19614
6291
5397
85342
11474
67148
9984
9117
35599
91923
11075
90981
3992
1496
34825
70733
75171
99502
16288
76989
88709
34592
73608
48508
15851
41955
57092
2475
13274
96631
58603
83722
3220
46765
20029
46071
69219
64695
95242
70564
58629
75522
88214
62244
22444
30461
54426
58398
92390
64045
98062
6802
97772
28622
20902
16150
94528
34180
89828
68917
23232
49813
36084
63087
33855
77645
38155
638
69693
77711
19782
87190
40158
1373
4801
80436
13128
80837
15908
38016
24715
11212
66569
99761
65527
53674
44775
42222
82063
51006
8497
92368
18296
82996
67276
38461
25223
19182
94225
43121
4783
53627
15935
97230
38499
50035
47491
80592
88278
16875
17117
84388
84663
89915
26272
94186
97437
46691
30051
75365
60025
64687
94864
22023
26774
85824
72820
90407
25375
2277
54527
35943
84829
21107
94093
61615
37798
5722
15221
13951
79283
37254
71636
66112
32097
21498
38454
75558
29183
74178
64693
27603
65210
87976
27538
33587
96413
73575
44073
38232
92963
63151
30998
2401
68505
18050
98427
71383
47511
55151
81693
33404
97640
75906
71197
86937
77348
53668
80839
41378
28169
59214
96770
28627
18657
33910
32860
5730
88684
28571
86129
87411
92186
60122
68570
19534
8827
61761
38612
97696
66760
29375
41994
84147
10284
14006
89235
63205
4730
7229
83173
19566
2160
50901
91530
72242
71746
27635
90167
111
81718
13072
54511
88582
56215
9540
34583
15251
46798
92915
8217
49714
70832
23360
20307
91186
27847
74069
6082
80333
25493
14328
77959
28893
50546
24702
52848
87256
63367
22217
46505
9156
21954
73588
89233
62793
34247
8812
20665
3010
47888
9295
47136
34262
25468
86092
11471
93403
80711
58817
95506
36445
80463
86311
23418
78741
53340
37762
5835
93000
12653
1274
14593
89219
40589
3325
27801
91164
95425
50961
16611
54452
93123
75879
24742
73420
30534
84862
9014
31556
76904
62472
67927
57576
18023
27033
4983
64012
91695
25077
97622
11704
18503
99142
42377
52382
83363
54170
92830
41762
96948
98551
2335
98256
54983
36231
46287
90619
2681
52436
84161
37785
51627
61541
3540
82191
48176
4256
13412
59309
50140
74625
47748
60001
43211
67684
22523
40615
92078
14403
62696
88481
40041
51345
4159
9011
53699
48491
66305
68036
19139
39730
77988
60285
88698
88426
82723
8558
19047
94547
74583
53649
65013
57716
9626
10453
93414
61079
23113
30828
18598
69067
72572
48037
50476
85667
24065
92202
48926
62119
82654
59149
84169
39708
77454
47942
47236
91533
97597
49638
57693
55823
23569
48483
41024
5744
81262
63280
99507
30399
74321
56565
71561
39369
11833
47926
73998
38644
83260
83249
39574
29420
57942
5471
13769
68863
98479
7950
36299
67688
49183
43146
54186
40221
53541
11141
90566
5293
52180
58186
28851
53142
28153
21481
2404
85612
81685
25982
84960
6888
67580
10760
925
38136
80010
27060
7909
39686
25854
79470
4099
7255
48776
2712
90652
38895
73729
39354
94240
14241
91550
97766
53306
68104
66463
92051
57817
28889
52033
40452
68701
97528
64334
6660
64763
51314
87088
79135
62607
90860
57605
25942
94295
22978
53566
59048
59735
14832
5548
21659
1991
5968
80403
30613
25901
57844
9916
26608
75205
3973
90328
54992
91047
55808
29235
98029
91833
79638
68702
90619
81636
37621
86933
56368
29519
71967
35
79330
24521
60185
21910
82899
46181
58109
49927
6038
75089
43391
1414
83268
43354
45910
19245
77997
99963
30487
98896
19302
42959
44199
68256
56904
75134
48354
6498
27279
43076
89453
8002
21035
33293
2744
90233
35076
63620
55571
29657
97545
23309
37522
64849
46957
68760
12878
90819
57782
73736
42027
14859
18594
31988
17598
91403
41108
51122
33153
53863
73735
89866
30867
29880
1493
89765
87753
89228
16497
46973
62804
80878
45422
55387
96993
41056
74804
48833
28453
6684
4960
23131
68129
11457
46615
99644
85181
54208
30665
33931
93503
53737
86006
99445
48467
67230
17540
48338
75381
31303
89284
77393
10636
25163
60555
19812
12523
8022
63613
81115
54737
71951
64622
99535
95399
59635
40284
87637
8816
68682
64262
54988
3173
67782
2295
9950
70931
27004
60398
39791
75858
58330
13135
64213
49534
99586
41417
35685
72221
6550
47445
41554
79660
57704
54387
13558
74785
34044
88739
25383
8823
40693
39110
62903
45526
49941
74463
79523
10086
44428
94887
69076
78614
39130
1787
31000
5852
5397
72442
77392
57701
86231
43264
93948
70034
90955
26802
22460
82316
72759
99681
75751
27820
26892
72135
63991
18906
78534
56645
11455
72611
49308
44981
5511
19617
94296
10341
68216
929
75587
87245
13449
67191
58459
8347
15788
21537
84994
84544
46786
82461
8910
43589
21089
9245
55371
82961
77810
44029
44674
4598
93265
60758
91291
92284
22786
92728
12088
93204
61680
97832
68778
97666
4670
56911
95184
43768
47866
96783
81137
4058
36018
66344
40499
8088
89031
99484
14625
80660
55003
25684
66937
67979
88169
87075
2447
97022
76868
5976
34392
33187
96510
11378
58813
54933
45054
74140
2373
60570
64055
23779
28522
70436
2013
73023
41847
84959
30288
71590
52374
95996
76721
19623
16650
68922
91418
78310
36018
48846
30389
16098
52297
85995
11360
56638
8783
96125
37961
93952
71831
33026
39325
64880
74217
93035
18332
84345
25609
85792
16240
24456
40540
80074
95673
40555
44012
82068
41835
97385
29813
63999
40135
72838
34756
38608
32411
23582
10421
49165
60516
31944
56129
61891
84830
97365
39478
41301
39153
27375
16348
2051
73005
96875
92530
60873
7973
743
11940
67990
9680
99676
36033
26498
70556
59739
93574
1707
3917
48141
42259
7620
62036
62970
55371
37960
28585
5879
38018
20331
88141
29775
37666
1511
1587
85796
86648
10891
93727
7035
25952
62569
14395
26033
70778
85423
25907
12204
58529
80807
38590
33853
46320
5087
22016
19964
23390
2382
46491
28578
40907
67753
11838
97250
2845
43973
76863
43873
91141
90501
25021
67417
80060
66264
57568
44769
93630
97256
9352
78906
7561
76846
62341
13641
57721
25586
15057
17473
12199
57422
15353
54475
4584
87352
95872
31151
7921
80672
77674
71293
1847
33842
87379
86070
19490
93533
52772
92872
13014
38543
46150
29634
94055
38950
1550
18647
88246
78679
89591
40385
96760
32019
48309
21221
85449
36138
23317
93535
79607
1148
33611
93084
19853
57020
56029
59389
5549
85417
38100
56709
95731
51747
4218
9173
51248
80950
79388
35730
46505
97301
575
31005
6395
19128
12010
32518
22057
63570
53691
48866
36745
15332
24238
9831
43009
17377
7948
52325
14783
50509
71143
73026
81781
21406
67232
29457
9933
794
18188
65936
91487
60736
12006
86399
11728
4354
42193
75415
71483
88342
61112
41007
78636
97824
60106
88112
5051
81138
92355
8155
95031
84570
60892
18220
28390
34949
10295
20443
97245
35817
89885
77651
66986
44979
46065
93795
2066
86460
70079
74153
43768
63974
68943
99689
49458
99072
89197
86251
95225
40657
48696
98181
4092
30713
27718
49634
72879
77582
57829
11598
90678
94584
41358
31614
9540
10345
87600
5688
17254
27924
55215
2521
14818
46357
42995
17725
63171
58246
96730
57775
69797
42474
21676
15592
21367
28854
6348
4395
23031
49133
59153
65596
23830
28730
10617
99827
52966
19745
72747
92386
82905
30677
29768
86597
29147
59300
584
70335
96780
56095
18054
28273
96221
40106
77269
48661
79364
94389
47599
84592
2161
63318
66650
99060
45103
20501
29858
88180
17288
98172
13892
5132
91931
12636
72466
42079
38386
99374
32138
25876
36521
91766
42185
96805
83249
72317
51479
83590
52517
5887
37835
4003
75557
18027
24144
14238
90499
71169
20178
93933
43037
96166
72069
28875
72094
46226
48851
19255
54306
3004
71750
26640
69335
62353
12195
24564
98907
21698
97590
63857
54523
55193
32815
4727
34966
78038
54558
17334
43678
9734
83615
36355
30286
24255
53084
79568
65471
81405
99253
42269
88153
21727
13496
57132
65981
97420
42014
2733
6889
69728
83692
64250
62672
64956
43154
75528
10345
18803
1434
72554
81890
39412
7144
76610
32733
11129
78692
68033
33235
53730
29322
97979
41949
4456
65222
29828
1863
96151
38105
12767
90754
13487
71403
59194
15891
1451
92992
39125
90536
87881
72483
40725
54598
2410
47531
72141
42182
93681
42834
67770
31438
92537
73458
12953
66426
60289
34605
88625
59784
19137
65456
18467
39494
81474
44673
4136
20555
45357
52894
54329
5087
47058
32220
90337
10665
44128
896
36927
80500
75897
46400
99997
3253
74659
85967
47796
40855
9813
66384
45167
39993
31961
50831
95769
69603
67680
84255
76716
98774
91604
10954
21237
76721
73164
64588
46288
74547
8584
39676
14749
32422
17862
35280
86392
69877
53249
9087
29855
69519
83948
33368
62144
9912
25696
41768
96242
92144
80469
98089
96692
95648
23950
26220
66770
5356
31661
51285
50776
88157
16695
36180
40489
88824
97611
57187
80592
68745
6307
80554
43130
5112
5635
92043
43273
23664
2063
28911
31090
63016
79303
91902
73872
60922
41842
31943
88659
948
87542
14210
91753
46804
16706
98091
55503
92764
6930
40336
87707
59087
97839
53804
57146
18398
90343
59640
30736
65291
1290
41270
83890
28483
22509
44297
38281
95495
7321
93070
90886
46990
15036
97978
71983
90797
61267
66377
74755
81487
9253
59281
348
84071
78199
98990
61854
69126
29307
77026
12775
31576
82317
52988
44036
80417
61924
75909
49148
49881
64240
67966
82237
41728
33422
9624
65157
57762
98101
42795
38110
72385
52523
305
64575
596
85691
34893
75362
36184
24875
35819
44025
1771
47239
33630
95394
35559
1041
83148
83514
73036
144
66130
87399
46935
52282
34333
4940
63660
76557
45242
55430
71089
33800
78324
1688
57934
11869
64190
49208
94942
80603
86152
86079
98416
81785
66236
64458
26241
48383
90671
81678
55801
68651
91262
48560
8837
59110
43509
22838
49747
38884
69352
76666
95668
14778
11435
2696
67765
72512
39746
33255
18445
67865
3995
77279
87428
31252
33707
10937
20052
55005
51397
47048
95798
20092
50395
55033
63915
91037
6995
52979
67921
54845
50915
17981
48564
98632
16910
57169
46892
81003
70221
38305
1871
17343
50547
44060
35183
41999
68407
6001
49283
5661
69293
89084
56767
10237
5108
83286
9264
66418
51022
28738
21301
63563
25433
36102
1551
5914
76202
62167
34096
82539
72030
94533
17993
71923
15216
10487
58431
46310
18498
63558
78567
40112
44765
32614
16394
36127
72846
65418
88925
46874
67546
58706
46150
90590
73688
30792
56327
15198
90300
32115
2787
58763
78440
85975
32053
51960
99528
15809
39776
70495
27392
51700
15860
53389
41865
83864
62872
66159
92277
61244
15899
1169
53873
28153
47302
96076
86391
64386
971
30837
46844
5708
24550
75838
75854
27742
4513
49192
77489
3460
93226
97881
76111
43683
5592
31432
219
79223
44842
96501
86366
92766
23954
28394
55647
65932
6252
533
84269
27814
29058
78615
79710
9894
17726
33383
85268
96782
56299
30820
75058
53547
70289
80645
17045
84737
31308
86724
13138
82802
9510
63046
97892
40975
50336
9616
27691
6982
84576
1297
18061
16907
9007
96819
53533
48897
30295
86606
5862
89467
84092
71103
15411
12886
67050
18320
81480
16842
58205
65899
23784
88656
35300
8639
68708
98326
28157
40339
761
45899
53218
12750
3693
86911
97074
43645
32966
42914
12261
48645
20821
70316
42622
2138
53320
62702
67445
40129
35732
54384
28567
95495
7063
2689
49627
46188
27128
80419
18296
91258
38526
5178
89668
71138
38651
20535
5655
66624
21577
61187
69298
39445
98330
75813
58054
6288
29361
28712
48240
82036
38721
42252
15665
49868
37089
56716
31519
69191
28699
12829
78660
95597
93768
91802
30257
35259
97236
70404
97856
61438
174
76410
36762
65033
68983
30923
5142
26140
16472
32806
1994
48480
71213
78646
4540
43499
11040
83068
89805
42593
17111
49357
65721
78054
50288
94589
42481
45013
62449
80882
52645
32522
91730
3414
3346
81938
37682
54891
57205
44872
57251
78097
66452
73518
12159
72596
11044
91399
9010
40693
80364
24732
8804
4680
4765
9752
39491
53577
60350
82960
55605
45559
75477
60484
33647
1859
60838
6861
20766
22841
61124
97620
41929
78020
25316
95442
27547
77954
98968
56232
68075
7240
42493
21777
25583
61382
34390
34716
20463
50953
43413
92903
81045
29111
71101
29313
58850
9156
19806
76672
20360
75034
71031
43850
10206
56258
25056
63550
73683
61515
52002
12286
37984
24951
20341
52293
28919
54536
29783
7960
30174
91799
48760
93397
5949
58906
89217
89841
70721
3289
82880
93374
58144
7141
27804
9878
33847
94399
17294
66738
26946
25479
79636
92147
99506
19613
11391
21698
20463
16030
85954
43811
59130
83838
60746
97035
87784
15574
60127
37373
11212
49604
79348
71718
79735
72956
1365
48369
49988
71116
15000
87676
74692
61724
71643
65807
34040
30976
56873
26309
33414
11968
14341
69564
2885
25192
27378
15809
92306
86339
98251
83922
31028
36987
90840
7173
68500
78037
46710
74828
77163
83817
75617
29780
57170
91005
95414
23908
72283
6199
39845
66229
15678
76318
21771
63889
86305
52096
2822
19804
30609
65761
85389
69015
22746
77045
84795
14565
38898
12700
88056
64329
17043
99965
23479
52725
91352
35397
1255
76446
27751
78315
70788
59709
54330
19122
48740
93631
56475
18178
54619
52111
86267
6440
68943
10727
6609
56147
56824
75311
54406
78518
92905
32307
81815
78407
38009
4696
93412
55890
54753
56730
15593
40910
69701
17305
30901
65584
19223
64142
21089
30149
66879
96370
27014
66988
80784
43549
25380
2013
11228
81564
88015
54318
21449
72002
85943
78440
29199
14172
72317
67348
27056
22145
36938
64935
4463
22457
60286
40211
56108
43376
71317
12475
21872
50248
6776
35529
29358
43395
30775
75695
61912
42831
49210
97584
79155
49606
65830
11321
93129
68985
67157
83965
67305
67508
10979
24706
65146
13290
84013
42877
86188
67785
61945
79993
81129
87187
12783
1376
52719
85948
98786
87244
36751
31276
57307
8752
86236
36951
69418
65617
54823
98779
73222
54561
37611
63715
90043
32705
1962
93858
45388
88928
79157
84305
61533
13572
98654
42373
64990
9068
6608
71958
53720
53751
52685
18152
41707
64417
40581
94477
13120
15251
49848
88671
19907
92713
91657
87237
13420
1162
8466
64957
50639
97684
58356
57329
9992
91936
32716
18953
54320
87179
48460
57257
27700
19995
67625
93307
93349
54472
6911
21398
28102
62807
1372
59972
57769
36072
86421
8370
70347
93423
30542
77017
93322
38089
65244
81346
80393
72860
22600
27917
36765
32933
97295
80209
57285
40572
16251
69768
33325
26890
69153
90458
14903
46996
43411
78845
77238
3239
98071
84326
1660
61205
35779
21429
59972
56229
46197
93044
55732
39156
87559
34835
1926
57056
54413
46897
65501
703
58629
73010
88003
45896
55896
4214
32932
61085
646
66047
68657
79081
47486
25338
19946
60151
54422
65859
10181
46059
48410
99927
7819
66690
55508
7005
45521
40422
21716
86563
58558
24383
11543
12986
4120
98958
56013
84109
21499
47039
37389
88320
85323
24513
46992
19498
45370
41172
75994
31634
12770
67669
56038
44060
23248
74645
1810
38688
94532
547
41082
5381
79090
81602
3720
66420
4014
88244
78528
50385
35480
64239
40513
42497
95770
10547
42930
21849
42657
33092
38513
72988
32519
7811
64230
6255
15
38753
48055
49495
35291
27954
69364
68776
31947
93293
54683
19723
89663
87023
74125
94828
63631
5313
36953
1260
12296
81528
74824
89064
79141
41540
98301
87976
84805
74992
26703
93937
83287
25846
77557
62933
73057
541
25838
70788
41220
38099
76205
72527
56997
39718
64499
784
74113
25294
78760
93929
3712
16443
94749
95390
13425
73516
42662
3375
45510
14317
47893
88219
45230
24607
28932
25682
11141
29234
55122
90871
47967
57131
20194
34706
14469
61519
90596
42502
66422
70079
97329
70386
58394
67724
84104
48568
15887
77773
11326
63207
36203
16461
86799
99111
35408
63128
27160
61203
32894
67247
81519
12970
39135
44430
51424
31240
93261
35687
94828
12107
56901
53291
2990
1108
67298
34034
84158
19892
51113
97753
61328
4388
37412
96249
64752
56981
38172
76287
1846
23049
59869
42637
39063
70226
53639
15180
3551
90314
34709
13424
87479
80862
54203
14216
6415
4167
90048
92062
40525
39755
57730
76243
28987
47186
41699
53414
48680
84802
91955
2694
22840
40206
40416
57967
11893
11798
21597
95730
46182
18965
97712
86414
52325
22804
33820
53311
5774
57701
79577
78162
8683
50858
46470
15942
79893
5521
50766
5054
48831
20868
28999
54902
76343
46417
4348
30578
26857
58499
31467
31657
93380
47346
92229
49341
68714
49383
22136
67875
34537
48135
13003
17467
5142
34920
37775
36699
48751
11058
76727
81188
70922
61305
43111
11526
22971
1596
63901
3418
68568
71180
44492
34735
86107
6322
63858
25644
8353
36687
21317
29336
48900
9020
63090
50377
95340
3004
86944
34560
95746
67572
60140
25859
3398
80586
17665
31012
53996
16054
47390
9823
86441
56776
23716
86329
75987
52578
66139
20515
27279
25479
65741
97540
15693
77666
4282
59003
23463
83531
11267
4468
51006
10004
63251
95590
16298
11174
69928
33556
14077
75141
83282
91286
80613
72688
91992
99834
39686
28359
56980
20765
46670
14319
61922
86632
53748
54749
43185
26304
25418
49395
91396
84606
34061
36598
71986
98436
40324
36957
27566
80099
20505
88158
53211
57885
97446
74815
61940
5794
71363
56172
43910
45809
57643
99730
6789
30241
67341
9693
29078
45229
29482
27605
32149
92137
67855
70221
90808
9995
70549
88918
71588
68888
11098
63947
67325
63168
11720
7230
23839
48027
80884
13903
32402
91789
55662
62020
35545
77221
42928
52997
83419
85201
80273
29861
34717
78680
92604
70038
1363
98661
26438
10825
51367
22374
49038
34062
22678
90938
27227
90875
62878
99987
98432
55912
85538
78212
1488
6489
70182
22606
65116
232
2998
36925
4132
49700
45279
49833
33067
45927
8939
39451
74905
4117
67103
69603
94397
4841
20723
37598
52767
35425
68337
65935
87130
34575
88473
66337
62922
18615
63956
74477
79294
51353
21528
71537
41643
56109
62014
51742
38284
94134
48161
78956
41084
57796
85385
67409
835
16339
80687
51739
13507
73063
71221
44465
4878
33917
17250
70897
67532
26238
91079
74963
70123
82810
92291
24049
84930
8138
1541
79855
91267
8569
3109
78533
74750
62896
30331
65483
79633
80699
55386
64497
39666
77715
29511
75757
65628
95924
67510
34416
38658
99363
5525
23086
7575
29150
78376
95762
17672
83916
18081
48892
92309
44348
99855
41652
46297
383
49456
46164
76758
90630
29965
81526
42718
39998
7069
53420
77087
13775
2691
52128
8312
23700
14598
21643
83704
15300
84820
24742
52242
51538
38304
40402
46996
43086
79983
36076
34125
86712
2081
32908
42354
41081
62053
68573
46169
47992
45606
5372
12528
36207
77285
47521
93754
52674
19304
20763
86514
41160
63335
74970
62657
71329
3597
73396
84010
80221
5744
44198
77159
71744
38778
97032
33421
14963
9371
90511
7557
49007
6813
58041
3835
49649
1356
39079
74433
81547
78032
5767
99893
17185
32674
52261
77371
33636
51558
85661
10988
45593
18135
85247
62195
22194
68674
94986
54996
16716
99131
89384
79427
98949
96197
3801
82503
36530
96723
65661
1833
98521
38925
34638
81172
77448
81266
62733
68916
13523
53527
98185
47260
87974
78428
82463
60467
96131
75469
69419
90744
19468
5771
24314
65671
5478
20262
74147
19904
36867
22420
38111
10524
93022
90201
88512
46757
31388
18660
63894
38204
96599
49856
90121
87365
75364
18455
2651
57585
11964
26842
52376
77
10757
23389
63824
47964
72589
40295
61168
6469
63363
6316
96124
52004
46342
49333
1983
51276
82547
10597
82510
18267
64304
38983
35386
34158
96541
25881
62704
78909
29692
71488
66624
11758
84192
67499
68049
66770
13436
38518
41360
4621
40643
65978
12369
89841
73128
6120
37582
33674
32719
84117
81432
5638
82009
78028
5208
95305
68735
46506
68970
38016
55393
24948
71131
99169
64915
13178
57479
32081
36386
90175
43817
23599
66256
69017
27728
34890
88807
23990
39071
13809
39142
82916
19294
28748
56344
96906
22056
36725
13104
58745
26767
19364
44565
30372
48309
58329
39491
58512
43233
67559
7678
27344
75232
81410
37699
51589
53722
75779
28222
11561
85612
2381
45595
40865
27867
20424
69946
57572
10651
2490
78603
94171
74720
89661
82338
38095
28394
82248
28909
1329
36545
72268
89297
74986
64646
50616
84081
4985
55238
81364
63820
61590
63376
3478
50614
65698
30771
28440
17193
41529
38564
65719
13547
46630
25421
47552
14500
32407
16822
24660
18541
7083
12351
85901
80692
96812
11945
28043
95892
81144
86326
40284
38638
85196
38441
32417
78519
24933
91015
37311
7714
95556
89350
75317
35527
56638
51803
9344
7651
46030
42833
80621
68696
41314
79812
46954
89587
2398
52548
44718
39038
21786
85822
99286
7097
30979
72328
39134
43261
25270
6306
16807
87994
99614
66758
18477
37368
79207
44953
6832
62845
46949
35506
81646
7489
95678
5055
31742
94103
70977
47382
26409
64364
99325
78628
81190
87327
88564
22139
3164
77994
52181
50424
6709
67082
49789
15267
98892
94959
87998
83829
66474
90486
82618
88425
39769
54058
62380
60802
9574
89824
29089
93845
51045
78023
88336
25788
43864
21491
29137
20580
80037
21826
27239
73236
1587
4931
63726
47167
99768
67966
44277
65965
85337
48531
92469
7936
78441
13321
58585
49833
43825
26824
77062
21410
21445
54256
51361
40440
58383
50815
56090
81108
8044
14752
30765
79321
75251
7090
9230
91714
76
98138
14913
5653
80162
74761
70737
85264
698
56811
22041
37641
62350
88651
68396
39002
86339
52183
55274
1773
50055
78476
20983
762
44862
95109
87951
96528
26241
25572
13227
69323
34290
32556
74805
46433
73486
61045
36080
54298
76525
59260
26464
67195
43121
94868
28045
72168
5571
7053
19990
24238
95006
92918
43827
67113
82175
22496
43172
76170
88920
71678
78011
33831
62356
26483
90749
77664
65552
44030
21890
57383
53257
82386
59587
79719
76546
58924
26457
39166
3415
28115
77173
97088
54492
42361
50674
4977
38431
28473
34164
91402
31607
7155
55148
99370
69896
46799
63728
91615
7852
85585
74287
85251
13421
69746
50451
70077
94530
83024
26172
71657
74257
54381
78511
38300
44686
7127
17100
97254
95066
14118
96021
60970
25306
26974
76662
61903
91104
29914
16313
49234
44551
48275
79393
27216
16334
15758
11691
18187
91739
33634
97264
90167
88890
10561
87406
32042
46538
8921
6378
86797
61815
78043
77940
36734
61607
70450
90937
61367
55101
61061
94273
91918
70759
76074
27069
19238
46019
89558
26144
65884
31335
61950
43788
73950
55236
62364
89014
63586
96455
9208
43854
88283
10426
73130
38617
16250
44128
97300
15094
57427
4732
60328
80364
77371
14038
30793
8379
21215
48178
86034
75991
28319
66789
82545
80692
86389
40301
70894
19740
7916
13580
68607
10484
4773
73167
80050
67120
53209
21568
10578
19566
59882
2296
58268
97423
30018
74144
60093
90281
96980
88927
25786
26228
43958
24934
55821
40619
75354
51804
65665
95767
99345
48822
35127
12881
28722
61544
60777
96059
16439
94020
48404
11860
34459
65480
77734
77095
68525
62879
63803
14306
38054
66810
86902
47590
75260
68524
46340
62656
37299
31206
78053
93806
56620
87508
1580
25909
16616
35343
5831
79775
69560
9129
44061
19200
28045
5388
86243
50582
59243
49496
62680
14248
31848
72534
59900
94040
58094
69663
68137
98583
33385
71814
82480
35109
18501
4357
91483
20762
9838
40832
74265
69852
48723
94977
18020
90588
28241
58975
22701
45254
45718
47673
47029
33015
24378
81719
56976
14630
80109
60224
12480
93208
5559
34528
36737
92529
24440
28762
29526
40302
63182
52977
22540
37749
32005
51866
53368
19457
78440
48500
24099
59241
90292
23477
60817
33159
6100
99671
19872
57948
27022
26049
84649
9381
90382
98308
18873
40237
48107
61944
79931
97181
35555
29140
20977
60207
54553
18181
33570
28882
6611
183
7340
80846
92121
37158
31202
96901
88703
91093
34477
14556
86142
18448
51554
365
88590
90990
15864
23261
83684
62059
98910
65462
67013
83670
81754
14651
84073
7024
51787
26758
59675
40741
4895
67055
76230
10577
55689
29086
76366
39329
33171
29294
28054
64409
70662
52550
31047
31805
65883
78102
83475
2196
1247
89765
67521
27891
55079
7302
25465
4734
57913
5539
59965
36316
6968
61270
93589
17491
14302
8476
54051
83537
2897
8922
11805
6468
15468
44946
98492
24423
12850
22956
12139
16389
52185
44542
4665
78072
9822
64087
7663
67986
89595
75441
44063
90507
87826
48269
45878
41185
24817
6810
20444
13581
69191
58283
54550
58791
13673
65147
81897
58956
37439
77261
59727
15383
21373
9775
25098
60054
47084
85452
78830
87661
77677
68777
38801
31481
77777
84188
44617
36745
78600
92961
85722
62881
66654
16523
44172
93775
47749
85180
82802
85100
77394
46715
60956
40474
37105
91406
32897
69412
2914
85077
16531
35166
81672
81257
87819
12243
27534
25677
8816
46725
58088
92757
78757
69069
86193
75544
32469
61147
13139
76604
65415
43383
49011
77003
54561
59589
72276
41891
93786
28956
11028
33400
89504
43975
4947
15415
77170
27991
41700
46617
51625
81701
5564
10194
28721
29918
6679
3895
69750
73990
95793
91230
10839
26841
43136
60414
67735
58006
62525
12108
62516
3705
54833
68807
10245
99983
97975
82702
37222
48534
60184
19167
98423
47927
63646
60600
81973
7323
65694
9085
2615
89503
7718
8331
28848
72230
50155
36728
27058
96478
48874
41161
8104
94855
77487
40605
36892
69863
59395
14826
923
47247
87887
49936
66085
14207
3096
23711
71951
25974
65400
35951
63919
46560
21339
42253
53039
84937
28951
14020
9370
51268
58149
76263
68770
40308
4550
89259
20176
49508
55934
57635
27909
54999
66641
43815
75331
41179
34581
40840
81139
37902
49610
68179
21132
41086
62672
23306
26824
83316
69423
4627
25629
18975
26713
36793
9645
34132
17137
34180
54217
82974
51845
76585
17512
52311
17348
20897
91771
69655
40236
16948
52719
44907
21633
30068
44582
23142
78045
73031
52391
528
91196
60326
29462
237
77460
47539
66258
31127
36824
76058
25285
68410
26229
2162
6421
30836
31111
92968
72189
1952
20621
3591
3634
54844
19553
45827
47753
19835
81865
32582
26028
35395
72484
93566
69988
74764
20304
12822
95218
31232
94020
9625
89269
98002
75634
94025
74926
10133
29188
98101
63386
3673
57407
63138
20544
91851
87216
60307
72155
60221
84077
15639
30665
56732
28465
5017
8943
73202
31449
50199
72669
13538
55209
2724
92004
10761
12134
41813
53010
48213
88166
49959
7274
57171
14663
81553
17687
68539
44154
46453
65138
14673
30796
47093
63135
68550
12559
40091
1611
1196
42010
73390
14957
86419
51225
35227
17281
51542
32586
62190
18883
32490
30769
9155
99924
21107
91729
45359
79980
12090
27668
46798
16186
63951
46229
37935
5938
360
63893
42375
85734
8085
95175
80275
95730
46226
35895
55626
98764
21553
61139
59232
95
74999
63170
64892
10547
59741
62395
42827
96575
44364
45642
62928
1124
29565
85117
20788
83463
53049
90483
36229
66863
88492
80210
21378
22763
89015
64586
74888
2966
86597
40062
26052
25328
68823
23236
12004
44194
95024
58353
22795
70647
59489
23764
12808
35827
4598
33087
21933
74237
80061
33229
58966
10305
42410
36367
93386
44001
96303
50011
15245
91898
7749
92495
49834
72565
65136
11578
49151
69050
57547
56311
59586
26033
76084
7570
94534
16644
67907
16699
13725
14132
84309
88378
51856
28985
69656
52791
69179
81849
15266
91296
4395
49110
86222
74780
36895
15753
81347
87026
4097
56160
39498
94943
47162
32199
33270
3911
93619
96363
64366
21431
15265
39116
33668
69183
3371
52333
93512
89363
30387
74026
18446
25373
35829
16444
44808
29666
74855
71618
25268
52900
70480
86107
1305
48366
72837
48754
73386
86244
34665
96589
29055
12772
33775
58820
55201
48862
19827
32244
41569
73007
53965
24640
27479
64151
44685
26138
6151
40373
97101
5514
17858
69020
28402
53957
62757
34291
79276
76284
82979
74444
38314
52468
54776
36327
3867
29280
85681
68484
45766
98405
10991
24067
85606
37752
73880
76679
33126
92061
28590
78041
26075
91641
74059
13292
43338
19777
80707
55777
98689
10890
59152
16637
28202
3244
86994
93459
22138
55466
29093
79002
8982
17463
89998
80730
46902
21302
53199
12432
53683
77100
11266
29725
75570
99937
12477
85448
43205
54711
97039
48042
26937
29601
8185
36393
26206
43247
30406
52589
67463
47177
65485
78226
16017
26655
96895
1205
15929
21349
95279
78429
96371
68141
91018
68838
82862
86022
13794
64193
82236
66063
67927
5737
6881
94980
49442
61621
98385
42297
7319
37039
40527
22275
94003
13255
5533
29150
94927
1234
41953
73838
476
57389
13847
73461
88274
92920
96533
74497
66939
87003
5352
30098
5573
20776
68847
36543
42420
80470
80239
71650
39488
37970
36168
73828
70519
11009
63519
65919
48207
40349
94545
42079
15111
1712
7290
84829
91942
81129
84464
63606
66307
857
96351
44416
98674
8741
90040
63041
84054
55700
22896
91354
7052
2456
75940
6061
31783
83447
88667
78767
36012
55968
10388
75335
40469
86860
56485
9508
51657
77274
3410
41373
66246
6344
8944
80332
96412
59023
28426
19343
57326
92129
13698
66243
43887
15451
65732
75030
72003
52241
89907
38722
774
75465
38743
42543
2117
49636
32196
51351
41009
5358
3974
93619
72324
69868
72240
79105
80098
81716
82508
31928
37115
61703
21573
93808
3215
33304
81178
77956
17421
35668
84843
18489
20247
48293
34255
40516
69433
2881
87563
88178
77561
91134
52646
54956
69692
61828
46348
40472
65737
84286
90814
19289
31136
47399
6867
93408
16251
62757
7205
52581
67174
87641
60007
39078
64437
17714
65767
56157
93677
9204
95904
45357
33345
24043
74658
40604
55859
41933
15482
92189
59438
21918
34978
17627
70466
41833
20988
19050
43471
72937
23357
82113
9293
52707
80273
7806
3492
57448
16708
30958
28104
15646
24945
2313
34927
51184
29700
35576
73036
2585
34324
28943
96335
34357
6484
54871
54297
39292
79930
29811
6610
5972
78838
82665
16697
40919
45934
33472
76072
33784
39534
34774
33695
71948
48804
99801
62960
1643
14393
2160
19493
74688
63270
49908
34706
22961
28184
81398
25890
45003
33563
69595
69187
13661
77247
13543
17994
46643
6559
19200
42261
45654
2173
72048
76136
23728
67311
35818
40372
92992
50363
99288
50425
76099
88129
12570
38654
76028
55604
26901
1565
70250
38646
3996
53419
44602
99136
66477
33146
54903
48219
26207
93109
54857
4659
60809
30015
13567
78591
2855
80422
19618
4157
97561
54623
45874
49528
46284
50950
70049
30367
20304
15654
56865
65513
5016
12914
80152
94172
23628
30871
41118
91437
89355
52442
3297
41033
81386
57400
28325
79137
45104
73500
97746
59139
71822
46720
36388
44557
78971
43498
40758
94243
88918
42762
22946
7237
5349
75308
16907
9179
62075
19166
24949
14176
21966
88874
72024
3304
39761
82630
10270
14692
1430
50086
77583
43465
75714
33372
60201
90139
29489
54229
13776
60439
95708
24413
21295
87660
7557
55889
96857
51752
58781
35674
63171
82189
69779
2164
21061
56585
87819
60157
21310
65168
58615
83274
53142
68518
36797
62232
77457
38465
15476
99503
48390
43810
37436
40458
34874
67325
9364
30256
51258
98672
79322
21783
86579
63326
34582
9491
80702
90397
32864
78062
16923
32286
35814
17828
89731
52172
67696
23440
57324
98414
7331
36487
465
97962
99645
10455
83495
5936
38065
62310
49066
43585
30744
36600
69841
29464
42535
29912
82565
58489
15842
85404
25466
88144
40465
63515
81943
25076
82769
94676
65955
92321
27230
39607
59601
59351
21501
55026
73705
35454
3758
44757
65771
19601
95166
7107
28490
55749
86094
9547
44579
36043
72949
80248
10122
37914
53392
50003
42475
42801
38917
11728
41567
24226
43129
42074
21978
9753
17138
24229
15621
8033
60802
54994
76367
76800
51868
61922
22427
63245
52033
40275
89118
58308
85808
62313
20346
3197
83296
35338
84289
3760
45283
86127
40902
13966
79659
97682
58644
29051
9234
30784
44006
84980
22178
48317
89310
64108
29399
13972
45892
92322
81957
57844
39983
36781
2532
89432
48113
28391
83395
23396
64578
22794
28889
73687
54656
80939
44689
18282
84412
99144
22144
42288
8480
87714
63391
59514
81965
93765
90252
82557
74355
93006
54905
84573
70466
7093
79219
26243
32078
41706
33873
30782
27183
84293
16285
90893
71483
38790
58057
79016
5384
55742
66144
66379
58114
25138
93838
3748
53851
61634
23865
25224
45399
1643
31228
98413
2777
41527
93730
56424
2898
42575
76557
61569
61651
99697
20016
86796
67942
17064
71032
80708
97779
90949
790
22754
39406
98149
3676
70239
41664
51129
9764
22209
99004
644
92975
30504
84360
64966
58068
81301
3323
23931
63923
67239
88525
59709
7581
16415
51521
28049
24797
60923
97961
44311
96558
87066
39800
78302
17952
40920
25788
2358
66352
89318
39803
90746
8369
63332
85475
16265
1549
83127
38328
53787
20794
44475
52182
55014
50320
33933
81151
1980
10485
63224
46332
90640
92031
65998
13518
22376
57394
76315
61254
30864
45830
34335
55904
72114
3817
93529
35208
26530
55572
57426
32445
24951
49571
83251
67409
20382
85552
28792
27536
70842
78381
87697
18686
20446
18353
60975
32735
23619
98218
40557
34341
73720
40493
1524
91066
99117
91305
51493
93050
62691
87191
69790
50091
44550
36606
67533
44607
31437
21411
21286
49116
25494
40394
78319
25597
74986
22468
82899
62392
46149
68547
39454
5533
55531
88576
36837
34014
21425
10674
76081
10971
42689
98081
34587
57878
70588
56324
3926
3033
4355
59390
15559
84228
84570
85808
77571
65928
72185
50637
13750
36927
84236
20256
91778
1407
31512
19275
49235
11217
49577
90411
98952
19975
78085
8492
725
36987
34096
2211
80515
33979
80652
84946
9244
42025
42049
5759
62990
3784
14161
96540
77066
11
15838
94474
63709
10966
49185
68690
10113
27329
87401
53239
28389
33960
103
43449
99079
61861
61316
45894
27805
86719
27963
39642
21992
88188
98367
58996
91556
7051
8373
91470
18562
46505
81497
19540
46895
16091
99990
16268
1157
75226
42699
16512
98052
30920
81085
51056
89974
11878
29545
44534
79335
62125
89969
67184
53910
2116
70703
56759
33274
24727
13703
95718
9048
70624
52100
49219
10343
22436
35397
41668
96536
40591
57777
6814
31526
76287
66807
60949
25175
21673
51353
40877
20415
71433
2750
99597
14925
14699
14660
10950
62856
68195
92482
98546
65616
46068
9751
23414
10375
17637
78709
35159
14817
33228
74018
86096
56103
82930
88680
76029
21260
24405
90494
15626
57572
33622
92746
14185
56182
32593
14970
2617
12892
44378
63362
18589
15683
12067
34531
3293
97196
88458
33303
66484
17804
74321
65614
6252
25577
24138
94279
6091
73479
89690
71712
90448
71872
78027
99817
49702
17577
91698
27832
34657
63906
90057
76652
38555
98753
88985
43633
3807
30688
52665
10718
74625
6857
18398
5456
61502
1890
45407
41168
92457
44373
9701
4037
43365
6588
86594
78540
12386
45975
56106
97769
6801
92640
13009
89860
77317
97390
11882
8481
31233
34932
31578
28741
40947
34185
48115
4905
42501
29667
32903
17359
52473
79061
45753
31611
80944
14473
34378
25226
13363
75535
39644
3741
20578
26876
67713
78683
59096
55327
61248
47562
58284
43848
19026
25627
34502
44825
55599
33290
29990
85023
47777
23221
7752
36089
78170
4228
32024
97170
55022
4364
99177
12724
67097
49891
69205
31393
50521
96515
6389
11914
65388
74364
88091
24251
69664
40334
16642
90235
27857
79083
3716
19085
44391
270
17659
59518
17310
48513
6723
70717
1392
88723
74765
41322
69739
28595
43626
36007
17601
95020
44019
41070
23734
79048
5202
14212
92736
78208
10860
10656
1056
59591
22966
90994
25878
15080
91109
48826
75770
9798
96010
57720
79167
24644
14117
55539
26581
33553
1010
43519
53666
12029
40890
62632
60940
48786
29728
82297
63315
29087
84067
89446
93432
3803
34106
35867
80287
29386
74216
313
11102
26077
10920
86499
62240
62141
92916
64514
46172
30001
47901
15702
9405
19142
19156
69326
23017
75734
69979
24021
78661
83290
77675
41084
61202
72001
80787
36394
25235
42745
14382
46928
47739
97451
18442
10044
50760
12459
28743
77384
96803
31279
22265
82507
67707
81952
17841
49
88099
92501
24406
32557
66425
66769
40304
94522
25333
68199
13888
2205
81313
93042
86789
96183
58616
28216
80855
59741
50002
81055
39140
15411
15651
42054
7859
97626
30018
67192
68290
14058
80705
54193
16771
51369
73204
14588
30537
8747
99113
71897
96435
92057
82226
34803
55572
2131
32551
42154
29094
32753
88506
46562
88373
6861
26832
50201
29863
66951
80460
74962
46401
68538
61511
75296
19449
47
27605
91839
30476
80607
8086
90184
82131
77156
9530
75964
72073
88639
79456
6365
97848
49626
89531
78870
36389
62316
18917
90981
79356
72710
3196
3755
3736
95040
73099
7525
27323
18536
25481
85131
94582
2164
81402
90986
11935
40355
55424
33473
71660
49715
36578
31130
50443
88255
43730
24624
2207
95760
41285
43544
92255
2560
72275
21403
30337
53730
76166
69160
32990
38181
5748
100000
49142
35072
60477
55526
39740
78251
57304
11460
47434
96040
43285
93716
83850
17791
30075
11693
87098
61164
61633
96956
8010
7811
50335
7197
62727
26058
44816
26638
88866
91188
26674
1500
47120
85944
6011
30371
30608
28395
52438
68566
38064
77174
99021
73514
64827
14240
97234
30599
58699
57647
64463
31691
92361
55735
98349
34863
27394
83959
3890
71154
10540
46171
36305
62263
91309
34215
99360
46801
43788
16456
90027
1487
46824
97079
26349
68331
41460
61468
50128
92885
4340
2463
69615
77871
6914
23629
40592
99388
74785
89917
67601
66314
94614
10182
54359
8798
44742
89924
95284
57102
87420
8638
37502
85232
9570
56392
29716
62692
50953
31490
31894
26694
2367
75677
91133
66002
8242
47350
78040
6415
78984
8479
69114
86230
61309
16712
65827
76181
60650
94139
66879
62350
85981
25681
87076
79131
27523
73458
3172
11171
20173
55136
59359
4417
27145
77231
18315
63373
12115
46654
23622
95344
76461
67901
57463
66102
60948
21685
91906
24214
64486
44994
54032
86114
12921
66345
2175
49787
36699
29311
93879
80296
40321
43775
71857
72964
42000
92238
30373
91737
6421
3911
7039
36371
38478
20408
25549
29229
6919
73221
30516
50793
22984
2844
46553
80096
18233
1690
41175
91215
74458
21437
47751
13827
41795
39465
7723
16394
86250
95643
26092
96779
92572
72242
8290
57830
37451
3550
51944
26867
94651
20723
27208
91608
31310
71459
10280
52300
23469
14245
63431
29020
29198
78314
45768
15806
34697
23617
39077
73602
82434
4092
66947
45379
11944
39987
51695
54938
83741
55198
30157
69622
53854
82647
34951
80430
30178
27484
40835
59058
90152
27505
83029
68588
9854
29849
45981
17046
11664
23974
3036
65333
16816
43007
91569
64591
29702
48792
96900
81628
70259
99939
84816
16115
92600
51141
12149
48167
35666
59301
47519
10485
39945
32929
73808
20445
61564
21607
33109
34510
40243
25565
1674
78264
63820
91220
74653
80237
26598
11649
71769
61064
51429
51009
47062
64322
35938
92913
13140
83966
6226
11860
83207
98606
76911
96266
3567
56409
96930
20991
32943
99052
6973
18924
88647
7338
65900
93439
36104
31738
99064
74740
75052
31929
8426
23994
71572
50694
67271
31498
44277
90764
95519
32793
15260
37792
75662
58762
39413
13163
56958
65158
86403
29297
71920
28983
28369
73116
95567
91427
43067
87871
26119
52798
21931
10624
55496
86629
9543
1064
2932
26350
36413
89605
48076
45266
92520
89116
38891
56802
88423
21494
51593
15438
94963
16369
56554
90547
5617
5823
87467
7926
71992
71152
73650
94851
10565
11143
35586
61511
35289
34523
5666
83036
6842
56336
82113
54383
26426
37531
17153
31454
48676
18067
77329
90482
63281
61561
36312
92782
34210
11125
45981
18215
71398
2828
66412
8398
85626
35371
36690
65268
59376
60003
32147
84345
62230
40637
73510
68857
23106
89864
51606
39867
32915
87019
51527
76665
11012
60756
9156
61862
42952
82787
12307
80311
40667
65267
48816
38851
74205
36672
61497
85251
16703
39494
24655
80967
10409
47950
34707
11862
67125
73029
74919
35489
18025
93354
28448
46020
99048
27357
77627
54880
23983
62816
47128
1118
10230
72028
12428
16483
35053
69926
19944
84484
85500
20421
66903
36427
73456
15544
78010
44342
97296
39749
72196
37129
30090
92429
5669
58985
9605
85006
71828
27506
27158
94274
3958
85474
28177
69035
72600
61614
11217
13499
7677
8641
5164
49170
14091
9448
29702
39717
53274
93357
30395
40562
81685
27876
96243
39154
86301
38799
21613
55604
3547
16231
43124
18578
29545
21524
11815
61100
36955
48823
37120
80013
77161
38440
83366
99007
67750
85623
54288
29858
24458
3589
88127
80072
49627
23854
29398
87253
51541
51748
66007
99860
40171
31564
56026
10738
84768
12905
288
76772
60983
89994
42447
37260
2567
63266
1147
76132
51230
14894
32178
58763
95183
75912
41092
20455
66423
80867
8956
16253
82560
75704
14269
65633
64872
21208
83696
74042
3165
82205
66838
18494
47759
17040
23265
40553
46677
90920
69255
17693
60055
79299
350
66020
88894
13335
8753
26659
46992
8310
78154
67377
6900
59165
39136
62836
71904
15208
46831
84950
71817
61028
38421
27351
58636
36986
80653
62523
14237
24100
73673
80198
58612
11141
90427
48112
8507
37812
11033
33126
28489
64623
59273
41397
77152
53799
41039
61328
92404
18489
27604
11267
40988
66212
2539
83323
1014
25861
67312
12554
87156
51484
61202
8263
8994
47518
49950
9451
93270
51141
28709
21534
34807
2163
43885
62394
73510
87985
45040
95637
27983
79147
88175
78134
22433
85645
77320
86784
45767
23117
96693
5391
30514
81459
96997
44063
22229
12418
41637
85280
44236
39545
85454
31138
71703
22140
43934
11882
65478
83289
84578
83677
91477
7303
31708
79767
98120
21139
88254
35981
9785
37823
19202
59262
38308
85267
56579
63583
59289
32858
50256
99814
35939
37732
20570
82687
80013
40472
12434
91454
14230
65826
85064
50298
31654
62303
10166
15369
68442
52146
4604
92639
90020
79416
93791
77420
36526
77161
43812
78997
27648
21839
29353
14996
61729
95356
2367
58244
23100
90172
11953
21905
54513
64542
71977
69483
77395
47963
20385
45215
52255
95820
56245
76926
96803
11382
1041
43537
338
20894
42277
99074
87086
99329
53825
46770
62569
69985
72705
23000
41533
19181
12090
66490
34934
33540
99907
53005
55517
47141
52479
96983
69893
18534
50546
19381
13364
27094
60148
58002
97141
74364
46717
56638
49461
90160
76693
73284
20477
31634
12897
49877
40442
43954
48395
12269
93329
21404
73115
7362
9030
26182
20472
2651
98295
93670
47871
21472
62603
71085
37128
62870
61753
52461
49553
56235
41444
31913
54129
56442
52260
38916
68911
70803
61586
30744
19904
59827
76613
10026
58964
91186
40432
82249
36321
33165
12983
79020
83621
28248
81029
18770
67245
44174
62293
27654
1436
61784
59267
94459
33637
10384
89981
76983
62552
42054
26148
62739
25387
85275
1661
82473
41363
70762
61274
14587
81627
58400
62695
66704
29443
50993
97723
17232
83714
80823
96660
54892
96909
70103
8270
41137
50665
84559
67193
3365
97704
54444
8791
81704
43095
94424
73404
8173
42940
22802
94184
79083
38035
78682
34502
26597
70427
10379
41207
11233
51585
18755
74203
47064
11712
76695
31447
15112
11893
95745
99481
45395
83478
28139
80053
68622
63197
73031
48943
22157
4833
84259
92237
62958
27654
97905
42592
19556
1679
49605
56123
67741
91567
19639
77051
89859
67673
72022
80053
76584
93356
90335
50211
16157
20712
44394
70837
33263
58835
87949
74236
20975
28110
73101
28961
26448
71098
18763
32492
57355
28434
33409
15558
14867
4477
22887
20422
34469
70559
1995
78394
8412
57488
383
18634
20828
7209
93628
11791
48611
82916
82177
81810
78529
10382
87011
92007
99974
67054
52966
205
25734
5304
74547
1577
40260
8362
92652
4859
86697
63905
83581
70631
1887
74582
55034
29565
22082
77948
19334
38103
40740
93074
50465
24309
66377
11452
72175
75927
58255
37367
76033
11244
26398
50681
38120
63753
8490
15033
95949
12171
37722
54867
5554
78984
621
41236
67966
22521
66249
25395
88878
44190
94599
