82667
46441
28469
98535
3773
30801
24997
78317
89047
56243
69574
41767
90262
34279
70744
17658
16850
58758
78115
62314
52289
74900
24781
18211
53
18831
5307
22139
56337
9153
80033
35474
76807
78443
1872
7181
73956
44337
59261
98635
44387
6131
86736
67222
9531
42469
5372
57844
38676
26994
13661
11777
79686
74574
60389
16488
71744
96266
59105
55397
93017
83777
30050
3743
22687
18486
79334
28535
76166
63240
3632
69967
66106
24480
16189
52662
90298
15297
64008
64786
63705
50854
96367
55200
81351
3685
66123
27141
42313
82494
74291
8770
55383
45437
37827
84206
14468
3260
65840
59164
6003
61022
41182
569
45150
76820
76504
80721
69734
1535
84285
47843
74083
42896
52245
15244
204
63192
63318
13763
74288
53238
38601
24653
53626
82479
93654
82869
3366
45177
94749
12046
5809
5340
15935
2725
26643
12780
92609
40729
78025
91417
79834
5008
84054
36306
2548
58074
87187
47291
75720
24336
56661
32047
79550
34889
65225
48642
93144
37771
20872
24621
61444
23930
13992
11610
46623
5116
74258
39720
77137
83512
81401
3193
79991
96716
60474
7476
52447
86054
34895
36887
66638
79092
8750
76687
32385
93860
64082
66798
13454
47171
65329
51467
48220
15838
95144
71567
74591
35820
29635
10131
10337
32619
83290
18035
14665
93243
23462
79573
55641
75562
39265
14656
64441
61251
37718
43389
67879
29394
43950
78534
65776
37057
93968
75265
71122
59056
22873
99460
64903
1793
96430
94838
14457
60030
14848
59288
83071
70950
99811
19930
60897
83442
73521
28537
23689
24819
82692
6039
89043
90459
49071
21331
61237
55562
36039
64504
65495
71236
38241
35118
73228
42932
46481
39197
16225
47537
47293
10501
11453
15060
27947
79669
61435
37332
49774
39451
99367
86183
36815
18439
7023
66382
64275
86021
90882
11037
72997
15219
93412
43006
49948
8787
57168
7517
11757
63182
63554
36544
63175
86315
90956
24588
60952
99028
34173
24734
52563
54236
34743
39376
40556
89160
62180
85401
63197
86138
84885
18782
36387
76443
80399
24718
64753
72690
83766
46768
20839
48583
14456
66144
2128
68883
62344
79636
84320
1440
47952
33973
3677
43377
20407
53907
78958
39418
20724
98685
75902
60969
43785
43610
89636
17435
33972
42543
94959
50863
5932
78100
84308
47741
65800
13719
27526
16990
24159
25986
37441
61510
47952
25201
79670
24955
45192
41025
21475
522
62794
49509
74592
58605
6446
66409
75513
63749
87755
6630
50777
34883
19436
69617
66086
45854
32824
36887
79036
16972
67236
31355
3614
18829
83461
92892
64472
12252
4007
37207
39403
32858
8154
11039
6212
13510
27932
9832
90578
786
43902
25575
32744
27207
10988
88677
65488
96220
4003
23701
76731
70256
72152
46460
8156
5751
85650
52097
63052
27480
38528
86511
36856
73769
20495
94293
8953
21727
53981
66271
86198
86102
21903
89590
14603
71407
19834
66805
24045
81364
63952
30500
31196
14475
8455
33903
94378
80002
6269
7099
30607
80082
59316
21439
1003
62115
57736
79300
49832
37786
68154
96605
21255
50164
61380
68767
96136
13992
64415
52431
21445
58233
23004
93456
13818
27356
13036
92265
11803
74053
80445
42551
20302
12146
97787
7366
91663
2352
39572
6161
86973
58407
57615
96160
32849
77018
64128
2216
22144
81773
75776
76170
66647
27806
92305
1319
43429
49385
51945
75114
34157
9567
98862
66566
96363
49141
21399
93772
47474
67502
1668
22623
53903
97663
52784
59502
11522
11511
62748
33899
39504
88433
59627
53448
36128
23607
31751
31113
64303
86771
13065
88747
88137
7909
62141
84655
62395
9822
9363
31033
73161
72563
3133
95376
75818
30489
62934
59514
54175
40330
23970
56743
11981
40388
44356
30825
96952
5748
74064
77423
57115
38806
97776
65958
94375
1655
83369
83604
18441
37734
14759
14816
30296
9377
11306
52878
38542
36661
5849
85632
58557
30348
62338
75938
28117
53308
9228
46921
31077
61976
6044
88435
5676
69546
78589
38626
43004
62511
5651
42142
43420
27254
90788
17556
24110
4300
4626
58648
38701
15613
19129
60705
6718
65669
53215
91530
31879
62780
58961
43930
28743
27638
68600
24797
64807
57824
74203
72193
1835
72788
21734
35364
57102
93771
13787
52869
43070
42620
47220
3133
39579
19319
19875
59237
11070
46971
83517
36749
70555
79929
54238
58443
40350
25075
85086
92566
50700
24986
50680
93750
72493
25980
83183
50891
10641
23908
96264
61989
96680
70211
13141
20439
314
47991
13275
21606
11725
19434
89432
54624
8387
76290
49041
77422
18796
21801
65232
91514
56155
58033
99713
64403
35760
24746
70455
71928
20181
70961
79090
7796
81590
64057
86045
76958
51275
30732
59133
18539
86647
667
22197
48699
89097
13156
21594
70115
17846
58821
89502
11702
67296
57570
83412
51241
16982
5434
34370
91098
14620
97322
34252
69396
69812
62829
19187
70337
10446
30160
15287
54578
17636
83796
40937
35740
45784
51075
9795
82622
83951
57033
82885
44609
83409
35948
88405
3910
62083
78516
89794
39718
79746
45145
94999
70129
30009
1001
23303
73816
51065
20919
23153
62245
26755
38182
65171
95019
85929
4328
62018
29468
37057
91912
8959
98001
49905
15582
43418
48152
99446
4299
80470
11353
22186
15845
63527
89663
36480
41107
35521
74754
50878
62466
26738
81328
39505
68149
48267
69724
33573
71221
65065
72685
87405
69068
89799
25872
15122
76167
56299
22283
8671
71185
29493
78795
13099
87711
72300
82507
68597
38189
90135
20316
98107
57929
36110
11876
76060
53995
86220
89428
45481
12103
75077
66173
65788
14961
71976
3087
44919
52772
95895
46042
82224
75880
62994
29452
69783
60579
80769
21299
91363
76060
47715
46460
73365
43903
65047
32542
34595
59273
62337
73479
64628
61438
74280
9926
59119
8661
50043
49327
71799
76596
39537
14386
29016
47935
98323
62092
30364
14960
74458
8439
52102
20977
44350
64314
30389
35749
47216
10999
14682
97010
96646
11422
837
40650
38
39174
7690
22718
94973
98033
14511
68695
28205
25841
5713
6993
23122
75363
7953
88520
97462
61330
48275
59170
40308
63436
99983
85470
53183
79395
83042
31105
86423
75189
38003
43245
40774
95188
89680
71804
62626
25692
35480
83619
65387
8255
16695
82656
13933
82286
30355
49878
3543
87005
26134
97282
7437
13776
23858
19722
93653
42785
60092
12233
26970
56431
37829
95907
88670
76337
33594
85977
81163
24656
7550
14180
72989
15411
40544
9601
48301
5658
35327
22069
50516
86171
43152
50154
58839
12204
11015
70392
45371
85521
45175
40419
92856
53708
92109
54104
34381
72815
63278
42202
24405
23041
59389
74923
26369
50235
66306
77609
21470
13376
58863
63607
48203
88892
43617
96359
87091
84098
55192
35451
91494
97304
24966
42883
39781
29571
49788
68681
87954
4951
1158
22014
71567
6447
68729
31637
58393
38580
9852
85250
5557
85510
90830
61433
31584
138
73995
86110
68227
13321
97235
51020
5743
72427
99415
97741
27245
56847
85767
9489
84126
24020
17132
60450
45232
48201
46613
28133
5710
20068
15736
82333
32293
47728
43954
98335
6145
51234
67750
61549
64386
17988
58015
49968
23248
47556
24846
48320
45646
83370
35605
62183
78917
45814
40547
45000
49830
59739
78496
11020
44864
54314
31358
67330
1090
23375
48151
59950
12712
2454
19352
19861
92687
94661
98411
75736
65859
6619
14436
79205
77945
47307
1466
99815
29863
48568
16523
91567
2883
39957
46169
35604
42754
25556
21911
16443
90882
65897
99392
77784
55793
4106
26824
68262
29614
385
82134
23451
24237
10380
68010
82106
65334
83853
82480
78273
94032
12463
68135
25338
63957
86714
9015
29599
97747
56934
41349
86913
86082
63195
53974
41637
52123
36081
42515
74209
61668
70484
75095
33671
36288
4129
2120
52702
16370
51850
11568
8781
51422
89057
1897
78808
52314
55486
81243
57845
69527
57841
88057
14083
94334
94931
73299
15892
7823
77069
25851
69655
78984
61581
33664
88784
64417
39899
78898
16913
48086
9765
4589
21053
10981
39076
28135
49844
63864
79774
76283
19453
60880
17354
89145
7503
1802
70673
29684
32892
20243
57967
45032
29226
70230
27279
26725
79234
30587
5105
93691
17031
90556
66732
92994
53407
86471
46477
48726
26239
37235
19182
31268
50375
58572
15500
60316
18556
80667
74194
47326
90258
31939
95268
94969
92745
71808
91104
14685
62869
59595
81594
11905
42099
50159
39688
35745
24012
39195
12909
36901
970
24814
37255
72321
22847
33202
11561
48278
85511
95299
76434
24884
4670
61973
65909
98410
99274
48489
41546
74145
32979
62606
37593
34033
66517
66198
98096
92134
45894
42202
68239
62287
78771
72069
20925
9851
28317
9353
91725
37061
99438
90011
64442
58975
78710
96983
474
76543
95554
20759
88950
93021
22257
36813
49613
24862
9345
11296
33386
57991
17286
44873
2503
28309
60141
5745
17265
69565
62078
21835
74119
68005
18219
260
35769
19120
63579
29199
20176
22393
19625
75868
43805
56908
53262
54034
27685
21933
12482
30575
66612
56601
71924
98530
43572
27032
23498
58027
52598
83136
59285
23895
60510
57930
10975
3097
73691
3983
59751
99491
89570
50697
65173
90647
73970
93066
95361
14319
95548
83436
80986
847
826
22418
61131
98523
57019
5759
11936
32229
70813
65810
20528
2591
79851
77297
64727
53913
35495
25747
96297
95504
41264
14726
95854
1379
83019
78386
62849
88670
13655
58373
74675
78357
47128
49471
97123
83946
6966
47158
39440
30964
32619
35259
96935
77968
46532
62039
9605
74574
34562
96585
92690
43148
48814
95760
69481
39060
19752
48192
2325
39049
62140
79684
11978
13270
51931
10945
18187
98580
23877
92868
27689
26551
29770
60391
48514
43751
30988
86671
18750
54050
42925
52611
74931
15770
53702
96965
58085
96131
16059
34475
58389
88432
62985
57353
63263
97296
58247
64567
3143
30688
65334
3160
6144
74382
57827
59807
38557
7738
60944
17571
48524
54840
12438
71843
20169
32626
54859
98847
96829
86293
99509
58329
75074
87612
4834
49796
39546
91767
39645
3964
17126
99327
188
40161
92215
99398
78878
68624
87502
99271
96757
50666
98568
9412
7914
64864
61520
31560
12039
74319
1972
33056
17998
46608
43069
29529
37839
62948
545
55389
8534
9868
72835
59888
10155
12392
47517
61811
60274
40820
73869
77456
32800
35770
78030
16077
59020
10027
25128
7213
8493
19328
2982
93325
36611
81085
42871
56712
23022
67533
74266
6661
32181
52348
70242
85908
15860
4574
22774
55278
28872
72592
30328
83872
42804
8683
25444
5169
71774
52580
51389
52599
48067
54351
54655
78245
19938
85539
47692
36338
28673
35167
93301
63647
49025
62891
70722
57203
12654
87604
16054
10082
68713
30708
54162
5352
17788
85326
52364
72745
97402
20881
97642
16730
78004
81460
31162
53005
58571
43127
75806
45771
388
95030
35686
14874
29398
27474
85858
5723
88315
49249
70916
85548
55670
15222
45844
37736
63691
24452
33615
38127
86118
47254
95689
95445
34676
95554
89372
96274
32885
11354
34206
26631
61527
87058
85375
21614
94153
13875
30953
93498
74010
40110
72535
64635
89214
20973
91235
48525
40747
25255
15302
38531
72444
52119
7272
37862
76639
79255
53532
83903
55552
85151
59551
51396
15530
80583
60269
23424
56490
67477
52523
46026
54601
55309
81901
73454
89981
12785
14483
71511
25750
51902
37115
88500
81726
62274
36700
45990
40325
202
78870
43411
93556
41444
42646
19090
4827
44514
61568
43079
44853
51565
32658
40155
87070
22341
53856
68981
88409
57237
93583
20333
85955
13681
46863
54870
12006
16511
61955
57193
89790
65967
11221
71190
51459
86483
78743
8818
82238
68563
87244
99819
98150
97748
65604
59724
78914
7436
38994
53617
13307
98790
67572
40639
46960
16685
12510
49748
87089
92275
49180
43154
48978
79863
53675
97688
67908
70743
65938
29663
5155
61768
21436
41466
6515
54694
22395
45138
79239
33588
44055
94137
59671
59012
48195
54363
15322
10709
30493
34075
13241
84192
44193
25946
36874
50511
96939
80842
92739
53045
40281
12297
91295
39931
86946
62348
52185
3194
96409
31820
99742
30323
13096
69525
83930
74269
64486
9378
38460
64888
35025
49108
32392
93475
54723
19117
33773
63976
72675
34193
78562
93777
47782
24068
60935
21380
10462
83977
12028
10040
11951
67637
72508
66714
55126
29214
41328
66410
96690
65818
73668
35653
76305
6072
55885
8976
42058
38743
89524
70566
41871
53695
11234
9541
8476
38525
68779
45976
6183
55731
50626
59175
14757
17822
32118
44681
96707
97000
48932
29329
96976
72167
41022
20846
62205
92369
60104
62730
52360
49376
72633
38296
92649
73871
35917
83997
10502
63494
82411
83045
62204
4017
17301
94335
69284
99825
91669
13725
15451
373
4415
9464
92835
51521
31945
95041
57798
47953
81725
93688
15386
78206
97214
14996
62413
86525
89116
20664
30503
57174
75555
91974
195
3227
92899
80921
60804
76990
96001
25074
56444
10852
70613
57858
75331
59549
55705
34929
95574
6821
55515
6405
42842
398
38165
66823
81343
39471
50486
6894
79633
12262
12776
17622
49286
41831
12258
75402
86429
37643
394
76036
51507
84192
40460
56068
9097
90523
19304
68864
32552
71990
89511
60028
73912
50191
77634
9969
4798
61716
43305
81845
74869
97434
81327
94443
34764
15395
44273
31495
5906
24152
15558
29616
68901
63858
49623
71564
57607
55362
37936
86063
37258
78702
96274
66456
77105
67887
75662
9654
24235
52710
34770
34759
9707
87558
13824
54081
1401
91320
14893
40864
68885
81698
94374
68197
96268
35704
89314
81731
10075
51678
85
64445
23048
21960
12487
56353
25786
49656
54459
86716
41786
9402
16031
66838
33994
21380
18919
82343
20182
40123
34613
16576
35560
13608
36197
62652
7104
49705
10758
48453
73727
14414
15404
68055
5099
1068
95443
73794
75565
21936
25088
39469
63884
1324
32139
16033
65970
3613
21615
49616
37347
65976
49402
33700
85299
90594
24035
74241
31388
49006
6868
4506
90487
74428
28851
29902
65332
93610
63675
55586
40082
60741
44028
71213
27065
52086
31939
80832
15130
50378
1586
96114
29526
71228
40703
27539
69402
54880
19367
76720
20118
99665
10470
31462
81990
42837
48262
12119
99286
12830
53428
81152
66353
88961
28506
30337
13237
80159
95703
15888
12016
97675
30721
49797
596
61548
30099
41394
20748
82528
24873
87899
5700
27983
83425
9929
17945
42993
43446
17647
38594
34365
10180
67101
7893
69332
67205
41812
42379
95642
13306
3322
53150
74527
20773
15396
93809
62520
27820
94040
52780
73037
92109
36792
51858
38480
19454
85512
58259
97703
30423
8944
72506
56102
85252
99094
54126
92502
98793
67437
20398
39087
30833
92980
84642
92649
36923
56748
16628
70760
93010
80014
45208
17989
8482
44715
31731
47274
62148
34789
83745
37512
37007
65307
89702
87073
43497
28446
44245
42832
49222
64636
51564
5847
56384
85928
69320
45970
70380
19754
39310
60302
73626
97781
98518
2019
41713
7947
205
70482
82351
28121
51335
62015
35156
46658
7614
45035
81493
34681
68377
33733
17978
65464
4210
81402
16484
68880
41317
66219
50976
35893
14185
31695
98542
59030
21226
33907
90454
53199
8853
73082
30997
9441
68835
11198
447
78249
90769
38957
56768
84201
10083
52568
14926
31216
84712
34410
39018
5899
71922
68573
1846
62143
93295
92140
32494
24237
66662
52576
7721
3697
2876
69266
51434
63814
80287
97110
30155
96239
55829
26490
42523
31408
79319
22186
27673
19784
87851
30680
27671
90806
66738
701
84489
83587
85040
12050
46881
15035
7814
3745
67882
66500
87312
29476
20471
64658
84585
34687
55730
13829
21982
88482
91865
90996
41611
11021
84302
9235
46149
98070
91998
45385
47052
93440
39074
56775
34036
98621
92529
2123
72013
43863
10261
36079
11245
27490
35678
28681
35293
66628
5632
55192
76448
18337
57608
1991
21108
1174
28492
32
47462
35965
36775
23550
57726
21257
65872
83814
79635
77908
75330
83052
35950
1810
41929
38874
86795
88895
14756
75352
65593
26149
67195
53230
13863
23189
37046
65980
16484
82229
79083
56344
65513
81301
8622
37756
85707
66717
82456
32199
97986
22448
68789
62486
61860
99362
83010
93347
55506
56566
8311
64841
6834
27547
24761
30818
64988
82885
63056
42656
83991
29080
78622
24725
11544
92612
22638
4725
89331
49715
65708
84474
82880
6613
66672
48270
29109
32812
26051
89702
97360
83746
26455
40221
99823
94193
29107
6151
55987
43775
94228
65167
92326
76973
89882
68563
79529
62864
98589
9212
11591
36616
98316
5492
51885
98403
5227
31751
38382
36384
627
58001
96035
82158
82658
90197
83039
51399
2850
59504
10445
4349
1418
14166
89555
26898
46183
6341
74268
58692
70125
55215
16873
56607
10717
63664
85447
71956
12598
29386
33330
230
45809
30905
94468
97897
95367
30351
98470
74534
71019
44124
55217
83276
47853
54000
30946
89069
73700
59914
54350
7409
90986
89597
45798
33227
43913
42618
88607
31399
81350
31925
3984
93369
43857
10897
37858
23308
71961
24512
95011
91629
24133
95339
71884
60190
15379
38863
57993
23935
87813
17185
64382
40220
63466
53451
50763
32303
2254
21929
56118
70970
23949
43043
29072
89964
58419
51860
59095
2316
52534
62394
40270
5112
51453
26155
32286
62791
49207
73415
8962
29172
69443
68764
96273
12046
94972
68891
43197
51330
20074
99954
97666
18413
36734
37825
47951
26338
88527
82141
95864
33043
28852
23555
69116
48630
10902
64380
36272
42583
90321
29334
39086
71075
55434
67964
10725
11015
20059
12749
98912
47921
674
85572
98782
19056
47876
53609
34720
90350
11685
25584
47686
72745
1267
99801
44319
53222
42075
60882
73530
32415
48665
83905
98785
60917
649
54379
5254
45066
12865
47726
46002
83379
2370
39748
67022
679
55367
23868
11971
47950
52708
14863
19789
50951
18787
1137
20372
38693
54146
23891
38259
11975
77344
90678
33457
61489
6479
22991
44225
2160
47209
53690
67822
3979
3974
1357
28638
88761
85683
89378
66282
54403
1320
85682
48980
95378
66399
86079
72244
59431
38613
66840
67912
87042
53962
14662
15006
338
83250
62860
19427
35730
37060
6513
89811
60346
86583
22275
54544
26808
36893
61662
40431
70430
40203
17120
16350
92991
97227
59100
46527
38003
90931
75998
92868
69117
50991
37125
38091
25554
61644
9841
60029
18583
87930
8163
17317
96639
63834
49291
77236
32184
45494
65891
31240
23647
26923
55663
63614
31049
98120
98538
13396
85659
72886
43697
92590
38809
36380
60896
72475
99745
20928
25873
39034
67290
29173
28168
1466
80786
43315
8758
38312
56570
10384
8554
10818
25260
61582
70612
30418
91812
66603
70373
93317
57231
71647
54842
36289
43218
82148
26643
52928
59638
60263
40009
12182
51505
57010
88114
56550
26703
51600
67515
24798
40128
77734
14933
66960
62681
94259
10372
58793
75697
19148
67637
75188
88656
16689
38551
71839
19249
22400
11492
66047
77081
42298
13401
8001
40384
55225
30274
83391
68820
47897
61288
401
52438
38633
68369
85771
63241
5574
6398
9270
31784
81212
57719
72673
22581
33348
35382
25359
34647
67240
8367
28529
9138
84075
47950
20632
23932
65666
37413
51946
53178
1774
16840
66651
91839
73103
56798
777
86382
42706
87863
96598
81870
99853
25010
41114
60154
46174
76834
4864
86243
10333
82079
32640
87042
87865
66327
59465
58706
39201
53278
9384
71503
94109
26838
70373
83271
85981
33903
67788
20866
97836
44860
36779
60591
55130
90075
61851
8510
37438
34423
86724
21072
5677
43495
68407
18291
42279
57874
64550
49324
20072
28301
33111
41999
64301
77515
53707
17817
33833
31375
1157
60295
63114
27788
9826
39807
19134
78187
39578
42097
87018
76507
67363
71313
14797
97845
4622
29974
25127
52750
84449
9194
75468
35835
56834
78477
71677
16528
69301
15816
66175
15941
22585
213
95302
2528
34241
44925
21943
34743
20756
26908
37044
27426
80438
84212
23119
40241
76325
50890
40451
78546
75422
17923
72484
84073
61939
75211
90158
95348
23299
83594
27327
22063
98768
89713
4043
22059
76556
35082
97129
96842
23643
39637
73320
67180
16389
60947
83326
36648
68857
33392
86266
11549
42661
42294
81752
46632
68260
99682
94139
94603
28105
68222
551
66737
70180
93133
6948
92350
58754
58152
62342
3624
52656
87587
8153
94611
77790
45940
11788
19521
72282
42611
41029
93688
13965
50862
38192
31581
92779
96906
31626
39028
85833
25248
89889
15922
67964
10405
81698
72680
79637
80433
46242
77004
62578
58353
5158
70849
13585
5266
58362
86478
1250
97793
70768
46253
81950
3139
23768
75555
48731
99658
4435
26818
26833
39907
75216
92871
77302
58742
41437
23371
82755
54362
15860
421
88550
77346
55279
50082
15262
35463
4899
83908
46716
11485
5477
86714
42426
75233
55367
81
2457
195
31088
86397
30391
14406
70079
91670
97174
29463
30687
89750
76176
72782
55688
32670
60728
89625
56243
20176
39328
18134
4351
17303
59968
40573
80602
3888
47610
88117
35761
15353
57968
4994
82529
4470
50124
63061
2573
453
15143
82025
81377
30497
76086
22889
87266
79301
12411
2690
73740
30404
84895
73065
44630
89755
85339
24574
50795
35957
23954
72432
97916
68885
72822
16809
83753
66403
39072
8994
14732
76907
90788
76029
29521
97723
52754
19451
66258
61667
93480
66457
15004
19175
73525
92518
63158
91781
78454
41080
26065
20589
98798
5027
93940
15256
81356
537
34247
46108
26256
69548
52349
28515
8898
54251
41980
73291
21097
76524
54218
22316
49038
78571
99320
75245
82443
811
4123
987
47257
18861
41622
66762
32105
15742
23228
8913
82190
49303
58326
38803
33461
85813
10765
69892
6356
41784
19432
83480
29055
23472
33338
56999
99817
10305
57234
27032
80531
6099
76612
6898
51681
30573
56621
62716
79652
58913
23684
21672
93447
21365
35750
56156
81641
6113
1672
73757
19249
2202
36611
80218
24898
15468
3115
36494
96451
94301
56934
85932
146
86331
71930
95701
62093
53406
62298
76957
29078
81976
48994
1852
54250
72037
2958
42899
22050
75636
55475
76521
53799
73008
92148
96403
44846
87653
12436
31407
36350
50164
75088
57902
93527
48241
82616
25828
44222
4957
22909
88510
45909
97361
66752
6861
90253
53345
24023
46065
28869
12397
96420
52608
68495
71066
95199
21219
50774
70990
88558
98412
14703
67662
60715
64988
64392
75515
85193
27766
44360
13899
81233
11516
23915
4382
92357
51735
93386
75666
87417
27192
86166
815
53800
74496
84044
24822
61944
11895
51209
79995
58667
94880
57543
24607
70386
17233
51315
51280
19720
73150
28746
74253
61235
29969
83711
65292
49374
21075
49523
13347
4138
22593
46191
85510
24259
92016
46942
70861
47203
34462
15171
20473
74559
44810
5931
99675
38766
91283
91689
23221
45938
31728
21079
18728
7716
65348
91359
38066
78536
98783
21908
81352
62128
37600
61245
79399
68002
5525
60954
45000
3
34707
42475
6095
92354
95635
49819
81754
93162
18014
82264
50802
47891
80690
28023
47495
25386
12133
91999
80872
36234
46298
62289
91726
6493
25789
98758
45062
49940
19415
12057
83817
61968
42612
85573
90465
70031
52667
98513
15216
24113
41404
34078
87006
23772
57438
51634
67824
93620
51031
43791
94009
6281
36223
99525
27389
40159
75061
34588
76673
15251
20443
60102
1945
93093
68523
23196
6347
29692
80016
56751
40562
30880
70245
33582
93790
57592
29350
19194
55415
28729
5179
65203
85461
16184
64885
36560
84056
78047
7710
54389
10439
46255
91973
94813
72208
89277
27088
92565
6768
55387
46358
35112
12575
17644
6208
68775
91050
19703
5469
311
57535
55456
4473
86352
20563
6798
97625
81459
1091
81288
44735
2121
87663
99084
82829
7900
91448
89449
29707
59825
38193
99763
71962
23896
86639
10238
82185
284
74034
99002
56178
53019
74183
6014
77341
49331
53895
64442
51297
56284
81486
8419
91177
47470
12207
43640
54634
37814
81479
62500
63597
2616
68756
75441
30638
39171
92121
30892
95061
18182
41012
92579
57029
94834
72671
51493
37423
64228
28505
98852
8396
71434
49741
61459
46237
74020
52447
2793
5254
1717
74979
92788
48600
27206
10772
55459
79091
88332
32420
88187
37727
87498
22786
7427
82560
66647
2272
9620
44988
22598
60907
44958
8017
94043
1444
56461
71554
51094
76620
2388
23196
5059
62258
56982
19468
36034
13333
48996
85749
61137
34939
88403
47037
41186
39216
98066
34475
5451
70554
12441
6471
60676
19741
5015
80395
21402
25665
1296
35724
33475
10334
46649
85838
58608
59690
95394
28517
14395
830
11895
29274
40251
38899
93097
42615
6664
57406
27625
54517
35225
7047
27571
95057
42512
97591
61563
41143
34598
18388
96829
36498
85880
49116
29855
51510
5973
23032
56773
91087
2103
50283
27455
42667
3860
82439
89973
5732
92492
70112
34249
39992
31397
71615
42120
3576
38850
70328
13168
96395
62027
54640
46015
54950
46478
66236
29821
83304
55640
70466
62903
20486
34365
43248
7703
85246
80365
82031
38515
86234
46907
14137
85275
29720
62332
94109
9820
1755
68787
15856
9514
12386
96119
36523
24687
75720
22932
25083
72546
42452
16027
76136
70506
76289
25024
42876
70347
62656
35563
81544
73719
48536
64449
64669
45512
8451
68658
82203
75840
74945
11732
46975
34410
87580
50857
68420
98470
50935
62497
87216
31710
76163
57977
84158
16451
30465
56040
83798
82744
35068
20402
59979
59810
22196
77803
97978
83920
53105
83579
68004
98644
69083
55789
85774
62956
68106
22981
77845
60274
59726
25975
91061
80702
95284
82755
54356
7312
87570
24269
95422
42269
84024
80064
54996
96130
13402
3182
64517
60768
5217
10079
95850
91406
40629
31715
72137
85149
42399
14148
69258
77456
6226
52790
79492
14102
3138
30800
15089
13001
29936
69353
42951
97268
72521
21052
95637
13791
96490
36745
42545
20592
26596
16029
272
6777
51340
31826
90762
1835
66790
67310
91258
35107
96379
57694
66815
78237
98818
2801
816
60272
41643
8811
21155
1407
55032
15194
94185
75209
76974
96446
20063
68774
19520
79842
42100
72232
76394
76876
7997
52091
29763
18387
8470
80944
23357
47728
64415
55513
55792
81295
56022
53183
70414
66821
60341
26908
67337
68998
18119
744
38406
85731
50304
27741
37876
83343
4048
15476
20295
46764
80470
92798
48916
37167
66218
55548
58323
7982
38602
56836
43024
32390
27554
25628
10038
79791
92415
20956
58682
89826
78242
91237
35251
27051
15314
78426
53606
38550
91522
79050
58689
71901
67451
73832
70040
25925
37986
68591
95929
24736
99453
29935
36659
67289
47858
15644
24722
26593
29789
34299
22463
69354
82869
51534
23206
78201
82165
31574
55291
1932
93420
40626
70269
55939
4179
18098
27995
56996
53523
33874
56149
15882
88490
39651
83268
7731
82486
78377
498
6856
24033
18338
72959
1809
32467
59625
69542
3451
78371
12452
5911
17078
43719
21987
98691
89232
96777
64268
71774
32101
42752
9012
89375
69457
38311
75538
52540
45139
91946
43975
18310
5029
24377
78278
39729
33908
22467
312
68886
49102
88796
34389
72648
4780
16146
30225
74834
47652
81711
25048
2301
94842
69482
3704
39801
70780
33534
88494
4334
13362
98583
46334
92132
87573
81459
49508
37027
79494
35389
29504
19266
51691
66158
5360
59375
51053
38030
16132
10901
52236
42249
76325
21977
80043
88848
13384
29365
68812
64959
91652
26537
51112
15636
47225
32725
31342
97413
59237
3875
48928
97071
99290
40002
96141
22306
35523
65485
63948
651
66403
99350
92680
37433
40823
89438
9426
42470
52982
30661
7149
29686
62654
36073
27898
83568
99916
23341
35209
16145
77579
33493
15434
56637
90561
92837
70619
82633
67798
80095
52071
68574
28034
86360
80701
30221
8366
60376
88394
5669
86081
10170
86239
68736
75528
75649
5813
11558
94511
69540
96901
33956
81483
23669
30757
16975
71280
66561
53184
12229
92399
57219
30816
83753
6544
36329
92704
30640
57559
11012
68013
63556
45928
15341
45659
43841
88835
48830
30681
33583
3472
9694
81826
72223
84050
98375
19611
82088
15646
97684
45996
5878
90104
89533
20070
78956
59215
37138
98735
11558
99942
11318
56429
68238
44017
13443
5864
31901
52856
83325
54455
53853
70664
2590
42443
54060
33986
42521
76380
73808
94570
53598
8418
48442
78859
43969
48374
80599
40730
93444
18225
54895
41448
78257
77876
8685
39695
32630
74192
80950
54594
72629
12292
25092
24476
47149
93435
36227
23043
8928
89932
62835
94576
17387
86701
41494
27708
64588
87700
80347
74036
30997
89198
30686
45298
60011
48083
25242
6217
12027
27078
92000
40508
31844
38931
1040
57708
16891
98975
49090
76347
67101
84415
28368
53884
6983
80990
72457
2072
95136
47649
39116
37028
74103
43900
93120
84122
85864
9221
83674
229
44401
42304
44975
51293
10490
67994
1630
95572
86851
21193
77720
19063
49683
90391
56024
14628
83884
69067
64934
76315
10365
60954
3870
44270
78499
71347
36225
23658
26099
91373
42512
61810
68892
53781
32704
49660
86187
36703
43692
54737
58100
22663
92762
41662
61306
61365
55355
42796
26918
60427
1618
39504
67333
74990
78500
63032
91009
98830
63203
33764
56004
83545
6353
91269
38420
85431
90202
62014
18083
6374
82805
79841
58333
77007
73845
66333
91461
55966
22521
79022
85449
91575
42781
58643
86652
95392
98455
22185
77743
79131
90014
57247
61530
20808
18146
7686
93779
43190
60319
56739
42453
66570
75276
84986
8038
32398
770
65490
20785
6114
67787
85170
53204
77844
89514
60247
34280
80964
42223
70194
46922
5286
59391
86831
42914
16261
44736
50496
71421
37782
43404
71035
55864
61839
2574
90864
1257
37567
92827
95026
30961
96892
11736
43540
10013
74567
48350
65592
75136
25138
32687
12320
57839
4474
62683
34303
1830
64885
81837
37243
79359
82053
95162
81187
79881
69616
12523
62087
17052
81489
41567
18560
34146
56555
90527
96662
62541
87922
5494
33852
54262
96553
55527
71862
38584
62201
40342
64150
72476
17634
3821
38365
84352
70210
4686
46917
33302
87179
64111
86809
38873
96452
88765
43698
23689
92060
28967
66190
82010
68700
26861
1784
91708
23952
68326
54967
20392
53476
84510
58896
47518
73805
3216
83989
21947
65312
94396
75037
29912
87130
69345
67186
68696
88368
59877
43576
61446
58142
30468
33002
99049
22424
55426
88710
74455
33706
75478
10111
1377
98020
27157
79068
64443
15471
35590
78272
94089
1104
74042
79989
92750
97924
71287
9273
66341
10068
69054
57598
18104
9403
21550
35705
59802
99080
92653
7212
34652
17282
90063
54072
93645
30339
34705
50349
54462
14358
48621
52869
82628
49719
72171
17825
43618
89150
82026
93926
6960
79579
19436
76666
454
11396
24698
96869
40446
94504
66308
25044
69511
35140
25713
76964
39231
7740
88371
72546
25587
65589
75716
93320
11470
6088
2414
2132
92073
58766
48645
4628
56087
86660
47453
62056
79942
41494
36998
41956
71479
94797
51911
82881
22951
91768
20658
39398
14218
69262
7657
42104
66581
19445
14561
50764
94551
95691
85648
97169
74285
76753
18633
8651
85992
83687
35853
96761
89005
24903
63257
5072
64328
44166
48065
50809
77172
96568
61587
88812
8618
25865
85607
48517
19018
65952
84750
69198
43003
72527
3210
66669
98459
76153
10542
73189
23216
98118
34793
39806
71869
82760
22615
19012
69677
88252
8682
30962
63593
6623
32268
66404
79063
89036
15971
73574
62534
49249
19253
65336
67129
19992
5916
19468
69700
15704
5384
5871
92135
79021
40510
90273
89450
25506
49995
25635
46882
71851
63146
75477
41526
40827
9584
68814
36277
94280
76603
75644
35658
24549
93489
65241
98044
62891
34793
22171
35848
62660
84505
79872
14065
89679
84178
65232
70651
17688
60937
15133
49403
9035
35525
95126
25826
73364
20881
95366
8804
76004
77308
23537
33998
2659
3804
85180
67057
15102
68607
57855
66056
8761
93526
1007
99201
91721
75308
27433
91192
35580
987
29127
70644
32223
72456
84934
71376
56335
257
61545
9031
42320
88077
38602
28817
77922
30854
50217
21726
39159
11151
74713
13563
93144
32126
28041
38679
93630
52375
87216
29124
23202
6856
32575
72855
41894
79463
57396
13085
70688
88458
1105
98494
11693
68605
4713
89826
16730
34351
31121
76090
12209
36499
56465
41049
62240
17829
17264
3680
16493
76698
78673
62456
96922
3666
49960
25750
43983
95873
53311
58182
95620
59657
50620
83872
13144
22695
87220
88617
10462
9147
27444
93916
85979
12952
16453
97646
22183
159
47893
85644
96000
66626
78393
58679
26096
25842
23196
78669
55976
32118
13973
70176
20924
44170
2820
15087
37079
51128
79779
95235
35440
35765
5626
69771
88470
58290
71316
25632
81782
81915
45052
13057
36990
63340
91454
75202
73310
60173
81433
12613
57681
48689
24611
16596
31382
30680
87933
42864
51584
44531
31216
62098
75180
31885
46899
72600
67177
45761
94191
94120
80564
44687
1365
18119
54778
6058
39500
45953
69837
26410
1839
11126
64083
97197
43197
79221
54071
72450
4843
85597
92838
2207
34405
88758
47887
69979
9041
60974
86466
67022
2051
61720
5834
72931
63128
80780
54188
56346
46107
93027
23979
38585
77526
11136
9689
2402
41543
57423
74331
37883
50365
48599
45012
64416
38763
1120
78362
9578
17024
51984
46705
53843
31737
46179
95523
5913
69710
81017
38165
72812
68065
57638
24222
50601
85831
91485
95560
71014
94217
37855
34334
52977
16589
7003
83436
75541
98755
52507
26402
19628
84786
67550
42306
32433
1846
61378
58238
39904
44657
16451
23413
95394
18323
50963
66120
49330
17590
26961
72787
16969
96341
48300
89025
87552
74713
91175
39148
61730
59470
63741
98242
883
19646
1974
53777
2256
2292
35415
52206
20546
20859
49931
70791
67548
31634
57171
78974
56214
34021
11223
68054
27967
85864
12433
11748
6933
74983
78630
57117
24071
14149
98511
82135
91038
88632
4879
34427
28192
33755
50326
59984
83463
49511
81773
87975
3522
12213
53869
27450
28705
50023
84660
95892
49682
72848
68717
67968
4971
47799
91484
25340
14875
36599
76130
88159
31755
48512
49261
14730
49472
75041
95587
98504
61399
9613
61980
20012
93803
82074
86736
67761
83608
37468
70939
25867
84723
92395
49344
18106
22223
33269
41517
59522
689
98232
3310
85780
5481
77520
47126
76949
91279
69783
35798
64929
54504
59741
34664
31183
44275
73571
67492
33838
91114
43765
94465
46076
97818
13241
1345
21849
75477
2465
29174
35878
60385
59539
73449
52537
74590
31642
12568
53179
9833
7313
35673
26493
15073
26586
22541
76083
81235
13983
91632
15879
65351
144
84170
1831
88318
96388
18802
65803
89158
75399
60154
45138
60059
93725
71380
29315
72084
22692
14308
53595
14602
12629
96488
48890
4125
33743
80228
57070
7044
84011
91258
56117
76972
99276
39826
67612
75839
11009
47666
84387
71596
47123
23634
92601
91496
15864
3596
42979
77337
65380
71078
14953
7759
64607
76412
40921
88190
36453
52609
66299
48035
88786
58674
74873
76408
67343
74398
33560
74930
13857
5419
94864
69528
64630
92851
89506
57473
60188
74163
36345
58818
44093
99052
27440
96189
68581
18423
90722
74124
84844
54744
67564
73150
74812
61246
23039
31238
72431
15878
42027
72285
82839
43504
62719
71631
86300
33518
67709
64359
79381
89277
47164
83906
35106
72701
54447
44730
13282
40699
91920
79865
74863
50130
55412
81291
87112
35956
50592
5975
88923
67870
67329
38730
52346
38932
6928
42787
84622
98970
67434
30101
65759
79773
22166
58949
17995
24966
24550
58808
76950
42065
60626
71715
57850
62052
86868
19584
21371
69683
48419
52608
98097
40620
96243
60644
40283
61359
97498
83532
12672
56180
99928
87016
32484
4331
50294
50431
84077
19631
15552
88282
4986
48471
3862
1180
58637
68065
77141
47061
74065
86599
59251
38818
76763
13772
33390
69039
14674
63855
38203
97542
57537
70317
78992
91468
83517
53881
33582
54669
47112
80736
55057
54813
42936
59831
49952
27409
2165
16920
63728
16557
31866
22766
32737
99277
45655
69571
82419
27452
76939
9884
25985
19152
74811
79729
88533
89624
45658
43694
46964
19077
29376
9746
49697
13929
94979
92464
96123
22179
80603
98162
9090
94926
12626
4923
79107
56535
27976
88925
85087
26740
68443
22876
78386
65922
43864
21443
57069
9631
47287
56713
23367
37475
73619
70613
80584
18923
87605
11868
443
21632
92617
84428
4053
95616
11527
24164
4236
17061
76969
9185
10138
46206
94999
98621
59168
86985
13789
9080
72102
69380
18250
16339
71139
80774
86036
88334
36746
65842
77167
14033
98710
89199
25650
28032
11633
93827
30002
75407
294
65795
49143
69386
54717
49315
34133
13088
10699
86017
4904
45027
31513
80830
15312
88354
376
10905
66758
36848
84569
72920
32729
11154
56591
50821
52874
58882
68820
46287
84856
16722
9603
13385
56862
67666
49937
8011
43345
22178
7496
651
51
30062
74012
9789
53379
18931
39252
40283
70985
52238
84038
85042
70381
40767
41497
41872
13842
9572
13597
70909
97454
29693
25208
56960
71038
30040
40408
5986
21855
24280
34669
93754
32275
80384
39581
69307
61755
49569
88384
82701
74834
92175
99053
31733
53467
76494
21095
49188
85493
69309
73989
73606
22841
65599
81600
31103
92280
81808
547
40034
97952
40638
72264
60439
89095
1231
85957
16022
59094
66401
99197
11791
22677
67141
23373
62251
77155
32478
11234
80153
31687
89255
63286
973
4233
52856
67424
59843
65329
38749
58751
31242
72714
14463
4798
84863
82248
72587
55756
42443
80748
4596
42386
18368
81356
26266
64557
43729
68123
7920
80793
75870
28108
73454
27728
63127
68559
21544
55981
13779
58742
89367
56648
49513
29615
90948
64626
43954
63851
59039
23767
54087
85057
79108
10394
30956
63805
87930
91599
27953
85329
79007
24882
7686
27764
10042
44926
99486
99762
14916
31085
32753
23053
55606
62432
1094
27371
43926
99216
75443
32888
49172
97232
22875
45270
79244
85149
90577
5982
20517
98471
71149
86605
17033
75625
45469
68229
31432
21719
81317
69059
89957
3895
30152
30468
46222
77688
74590
331
11393
83178
67839
19174
48583
7518
70895
47555
60555
40416
43358
70251
55476
46452
48393
21482
70625
80391
44404
78796
20797
53905
22723
57637
88951
40206
98705
65163
6282
17057
13369
9321
4413
90015
97381
6018
22584
84972
46365
80148
15176
70384
14430
76306
36514
69972
61985
57123
70161
38159
49236
30041
57918
1965
63988
16868
76070
36845
57859
44967
364
30085
94962
15778
29268
89366
21462
14856
50733
4401
96650
92198
64287
31122
20921
22404
81771
87394
27704
13580
46242
27461
69060
32581
25105
56944
46647
60656
29709
13310
3335
54854
94629
86816
36511
42980
26526
22069
43805
28743
95332
18183
60474
4683
65028
55846
61246
47714
85557
17860
67695
59347
60017
42940
51002
23826
64509
9010
64299
65669
15662
97373
30576
37618
15455
7534
13094
2102
18156
71592
26399
35307
21542
4458
9099
69502
3134
69158
31281
40981
83002
92607
50544
67845
38437
35693
75637
55584
78547
33039
272
74280
49601
10370
31802
63138
1810
64477
7035
34517
5385
61508
94255
91023
24426
45976
6890
21974
85503
7127
95572
26671
55901
56111
34757
11289
24185
99506
81433
40574
45266
57599
45488
11718
21549
64420
20503
64692
36595
92597
18816
859
51434
97149
63698
56783
25306
70820
40089
88321
40842
55364
22456
52436
58130
40613
17999
27521
72511
24511
8132
59341
20162
44413
59891
96923
5065
48693
8189
89767
80789
99924
24378
73645
71650
46354
23684
58821
28573
67108
19179
6316
50103
88120
23627
605
24574
24485
38319
23024
61436
40281
33706
47344
17353
90648
1631
49093
90384
29564
39110
15343
17763
45825
8837
54001
74876
372
74583
11836
60738
64958
59525
76789
24391
36957
30226
68756
63407
78419
37831
59549
56074
42484
28872
67697
4988
65596
49975
56133
70725
95566
4598
82571
34171
10028
87177
67580
99329
25013
88937
99720
40352
1952
11531
32350
93816
79747
75425
62616
92674
3276
58518
91615
50544
21774
76658
8603
94358
19395
34334
34019
89782
84679
72879
62627
66303
55154
28990
84606
77445
25565
84616
12303
29647
25308
30283
98602
66555
85579
38928
70442
58904
3802
10906
88612
90746
52263
98130
92901
1024
58355
56850
24810
80343
57574
77957
66050
76126
4106
90782
25039
8446
5161
1174
9996
56245
70957
27977
34981
3689
39113
43448
90306
70312
60505
94389
30903
76026
23661
9980
12748
23240
46560
36888
87579
15843
14083
21493
22575
56569
18421
42249
39664
71309
15531
98326
93333
10835
48669
61415
27203
30527
88944
75382
84616
41387
62006
82513
35788
38873
7715
92211
41045
87727
53455
23330
93379
45049
82266
69026
17457
2157
10313
42603
41992
71019
70244
82640
32976
98966
72383
33685
11440
84744
28359
69583
56090
63400
16436
33593
89566
29797
32398
38297
93565
76938
49707
27605
78864
18207
51288
4288
10495
60154
78279
2221
24966
23192
44191
56321
43389
63973
75928
16145
3107
48034
49097
21299
41512
59915
72717
5335
13702
38144
86956
41500
72103
20998
87274
29306
11263
31705
39564
53515
37370
43253
54373
56062
11079
83753
76509
64791
30691
74212
99499
54984
96735
16765
4469
74450
81364
88827
96187
44774
607
3460
57727
9431
63596
65923
55831
47379
66612
99329
34695
92580
56781
59479
7985
34850
95679
6740
23229
80618
63881
20892
87413
88277
44098
57185
73874
50343
73178
15053
64426
55724
65441
24848
27234
51100
24460
304
67248
74691
65244
45241
55081
69653
96009
937
39625
67274
1259
24038
77713
25559
93921
23068
46000
39376
36768
65295
47947
78324
76053
29240
46070
81154
64582
49066
56463
93774
96981
32318
93125
58695
13159
93304
65594
35957
32505
35718
77446
12646
65307
14505
1094
78939
12465
34813
5839
91476
1347
73039
69802
30287
20964
54400
20270
80255
1091
82062
28572
60405
1271
85853
30188
87333
59188
77881
80420
64455
97083
71921
70677
66630
1929
66060
29512
57886
79659
70714
67227
8433
70593
17392
45074
84501
18029
48000
6050
67970
7672
77020
23279
41044
68614
66055
57198
64878
67509
97266
79249
16871
9441
59142
55824
93220
70240
23878
97608
93674
65998
66463
91226
70092
49929
98812
1296
61664
64961
54882
64044
53488
93374
59178
81141
58439
73558
11460
27203
33151
16240
60145
68286
58374
62115
30747
61529
95886
96377
50894
50551
184
45434
83862
39724
89504
46365
17005
45807
13901
37844
45959
32143
69375
478
27774
79457
83083
5442
52008
50819
84380
91032
617
52954
10080
58144
75654
99274
27401
63993
19114
91175
91887
96750
13689
5223
42920
91653
66610
74740
90900
4734
50947
67125
61381
57457
24678
1803
58188
55874
68186
97147
27085
15304
65742
67154
49032
88062
23686
63130
511
7479
2642
18130
50618
25400
70536
62595
19468
58702
11854
20872
94978
37402
60192
12779
31892
15400
26046
43374
50310
76610
65335
50053
50084
1424
65881
81689
10570
17917
64718
58389
28672
87650
91591
56641
36509
5837
13497
87798
75096
36801
53444
60527
81081
22028
59188
47717
78123
14562
18890
46379
54453
75032
48559
20296
25362
87820
16698
23250
30577
71044
41021
62104
1214
32921
45155
2671
51569
95274
35482
94748
85044
51887
48441
64334
17398
77870
55445
25768
84690
87402
73213
96546
57053
70977
84815
56825
15532
8265
20647
69035
16043
68204
6802
48674
37639
93399
87317
67946
70266
28513
28180
92870
38835
95869
26098
19988
70337
51460
18355
72050
25019
62561
96303
44684
65672
4665
6609
30949
10949
1408
33801
92218
2119
94574
58005
32560
51118
20723
44164
65208
69295
45403
66721
79917
9858
47577
23142
29772
21874
92191
7264
291
13530
68356
47021
50460
13301
81611
39846
40413
72624
83675
15173
6829
53892
50736
84226
11204
79331
62343
6319
6230
8043
48057
37241
49629
78913
15734
19637
80504
19086
91849
42575
81075
32865
30982
53198
15256
88847
91445
25577
5791
26970
81165
76399
69868
56490
35041
90856
36143
54197
64047
51970
42754
51422
37700
40942
26181
14593
4895
83102
61792
11297
17013
72649
89271
95468
89069
52265
1309
91607
87020
77000
91403
49104
49889
74100
11744
42135
27987
71821
63252
25820
99577
1399
8086
49957
45664
98149
60624
54188
58444
7601
68317
55359
12770
73883
76361
26174
870
18643
98457
27365
44538
40126
96907
93423
99657
14016
75838
38288
10043
33852
37644
22103
90542
75932
55495
41836
64762
75152
9117
12203
11621
12056
79816
39562
89209
43756
76699
54435
93714
55379
6397
33028
40883
66893
92685
93533
56314
93821
39344
47624
19160
87116
49035
94970
72947
95010
47196
72040
81584
26748
89674
18790
9128
41586
84679
7670
73541
92812
80811
15284
39861
32619
82537
25289
4527
67571
30447
14363
78856
87550
77179
99612
3747
17867
18786
52215
34006
41342
44754
71348
32648
37812
76707
22791
81040
91019
10944
45596
43785
39158
48809
42579
4204
56924
8869
47487
76885
821
46429
67923
25369
87370
81811
18009
22949
42152
46259
71029
62621
30676
10698
94373
75413
50801
94958
25152
24785
27800
90712
81889
60890
96079
92099
48701
99423
9217
71829
95408
29786
47306
82949
50158
74159
5201
63471
94431
35829
36595
78780
84072
95094
65989
59935
49691
38835
55202
3100
10982
35041
36483
55227
60209
89534
80296
23666
83907
75368
89766
5781
54567
72953
53208
38443
80073
92082
93231
56499
88311
52848
483
78686
7774
33013
11745
11720
77560
28810
22407
51557
45600
5187
51454
68685
99597
1604
90867
8946
31544
35189
81757
31873
79320
58830
55714
50170
69999
1780
70122
52752
65885
27682
47129
90814
59249
32094
78930
80372
90765
67715
3860
65492
11105
7627
40865
73479
90612
40508
91127
20546
21620
70124
21341
20390
64682
27868
72895
76540
69754
64317
90530
49339
86435
72784
26489
31911
67405
91484
82669
60992
77985
84659
77876
83478
7829
69496
31928
99593
41280
32137
84908
92471
74985
23559
65049
73159
42026
81294
4773
1319
98593
87580
60243
55414
65582
43719
39645
94055
7411
25542
32053
90517
50948
83226
40694
87505
16131
53504
75417
17833
12178
60510
98705
83236
57973
46154
56465
24609
78155
27647
50688
52372
83938
96066
5466
88343
36678
37022
79128
95702
33894
72600
11600
47954
48369
91331
96462
60311
95621
14877
4249
81179
33374
24108
46861
74864
27241
15831
19106
81732
83238
21533
34765
64188
35106
10334
76912
18645
44978
64760
31541
22117
9865
78986
97184
59387
55722
21088
5305
14006
92184
67730
94218
31420
96590
19712
68476
51031
76715
7905
85515
97911
66085
20674
16823
7839
50005
85511
64347
99796
50888
72627
23661
26068
74349
46915
28693
52964
4393
72779
76489
63451
69470
31286
61787
7003
46119
93643
18432
3820
6192
16123
83732
73237
81605
40337
83944
63900
4091
17500
17598
28489
2188
9190
75143
48476
84397
23133
42237
52135
96890
69537
32895
59168
20099
9542
26378
44660
2636
48132
56386
57297
29839
53298
70229
49505
31370
96378
46595
34304
17597
35154
44544
45071
90741
99785
60386
78321
36082
34892
87310
34184
59526
25249
28922
68213
53585
11807
91863
49967
93146
91554
56936
58080
52596
83178
82160
29989
67498
65218
34443
35623
54421
40259
8207
11246
40704
65776
90046
63678
13868
89840
36808
12861
39101
83461
27872
63223
46849
97880
1537
55901
39377
86968
71536
29217
37253
79408
29898
8251
41047
90708
76599
78854
58485
30579
14544
85256
49409
85112
81595
13420
26746
55127
91295
95035
60538
32297
57851
56943
1298
59485
55228
78440
79716
99745
53837
19280
9025
98284
91060
18828
61669
63025
30794
37804
40352
514
18200
18023
28166
7801
71012
4050
7338
37793
45615
63326
23037
48605
6662
68179
76174
19032
38835
70256
83256
42597
83683
61657
17448
60636
50206
6229
43631
15882
72340
84257
50808
96700
25729
24911
53837
44030
57047
31967
16412
81257
73450
97809
22404
91351
19580
4925
58719
61799
98428
52607
83157
63826
13332
15263
26262
55315
45377
17522
55944
28147
99484
55144
97416
48957
51585
58447
42754
66466
81173
31774
42342
61836
20880
30563
16769
65746
73504
93041
25747
5966
10053
18533
88528
26826
9267
46887
34630
72682
40646
37783
25472
98472
90009
49773
8394
29089
52153
62352
13152
94703
95987
83016
20585
35019
24213
13622
78464
65928
85767
21238
14625
8986
96800
60322
47613
68489
6493
76705
72083
18934
2761
64749
17994
85410
88115
49995
39477
34619
57569
37257
30780
71181
7397
47416
93090
80795
8351
27919
37443
3015
52894
51657
87358
89465
26248
2664
38234
20807
77295
81465
41186
3415
47407
86950
83552
16046
30948
18110
43873
17109
52208
66919
43828
49322
65221
96349
24514
12597
20372
34972
55001
14177
2942
941
44822
53627
99469
12979
96592
42124
18880
2056
75628
67811
56884
56667
23590
91063
68472
57731
29889
8702
20294
89242
83991
61959
51670
36418
17432
6383
58198
57774
55243
43347
91465
42288
93406
24506
93796
87355
36873
43090
995
99562
29316
22406
4066
32980
29377
45815
52510
23668
48124
9181
37593
67621
20839
52758
14169
32136
21836
78638
72914
62441
33576
32912
86843
58609
62033
32473
90031
77258
2739
71370
85659
78207
61005
76071
32342
26916
67825
12044
46708
41612
77550
61913
84492
1172
84606
90315
64045
62873
1916
46074
71722
48550
18473
30491
8132
616
35400
89552
91537
73315
2651
43728
5048
46530
52107
23914
72022
22825
51047
62813
80903
27782
24598
93084
95336
72580
32754
23642
23947
99658
13660
14118
27661
68389
43326
30570
92902
49480
61888
25979
19955
26394
10037
90836
26761
50771
54377
51563
63144
75115
93764
60105
58543
28316
19421
7212
78349
60506
28861
88120
31091
12414
40140
94478
74880
22436
33242
89852
69098
40185
86022
96330
848
40343
70193
42076
2405
5000
51249
39842
76785
20509
27877
13932
43738
3280
28247
21776
15270
83324
66281
1158
94884
43514
44696
28500
7338
61079
42164
4253
74548
84904
19343
69675
98238
60402
4785
46520
67120
43637
40790
80169
77080
13044
58134
90271
26799
28869
52792
56987
18660
29611
19137
30363
3112
52530
17580
50922
54037
17690
86176
91530
78683
67709
60808
56773
72522
14922
629
55097
43888
6160
55208
21703
31357
58629
87884
81537
30550
61512
61621
46508
39483
80161
35573
76812
63151
41115
13352
60475
73468
91364
34537
87372
80648
28772
87240
49726
74809
57098
89780
31183
5789
55217
29679
33145
2162
59959
37490
68980
96534
86416
55624
18062
20261
67685
2128
54525
54821
19326
59170
53214
84851
39486
16359
90121
99125
31359
23950
92674
93274
64006
88817
9044
98698
8539
6390
83054
3233
49064
13801
56140
11918
65864
26185
43887
84674
82885
98551
19266
55929
74551
62146
58012
75165
67036
77579
48723
64603
88540
36918
28569
87229
90067
72557
94457
51254
46761
34628
65274
34244
53287
70268
62499
19852
36156
98292
37046
23028
76281
92996
77844
45403
56203
93291
89716
2080
44374
40352
99747
59935
53740
86079
27224
61267
23343
81658
35502
89422
92560
26043
38466
38350
5616
67474
10358
66188
30973
92285
72637
27566
1347
62577
18751
72654
41741
26718
48214
21836
58066
44548
87535
37346
27287
72804
43668
49254
45844
28564
17300
46255
56153
62712
35893
35770
59888
22083
25457
21039
65139
71657
4471
53221
28673
35983
4339
10837
57431
10835
38948
87414
35810
9760
44430
89312
6291
18318
94653
90107
83521
50920
46769
57307
12564
22332
80110
25505
99820
90869
1099
79586
83751
66290
92549
9752
5732
1899
55984
35471
22468
14109
77066
50735
54215
81805
72891
47375
47953
6966
79864
69950
75511
4847
94975
41123
41141
90231
44317
29542
32947
60645
45398
59916
41791
92705
50258
95105
56340
23251
17007
97832
28453
84494
21140
63482
34119
36428
37572
63914
99016
58078
99000
92262
3706
54026
76799
48672
20979
64338
6172
77036
82154
69753
53512
70715
63994
75954
48594
3575
27559
46544
61575
10615
56806
80475
13323
62253
96135
97014
53967
77284
96053
96358
73354
31689
94632
89555
43142
22991
12303
39547
69234
31808
39339
46005
40005
52968
64881
77009
38631
50699
59093
30423
84905
81059
62003
10986
32726
34314
16042
25481
7759
15677
78215
60152
33887
30326
30810
73323
76847
22037
96359
9222
9943
30553
33419
99790
94904
12421
55592
87661
97060
10450
24575
52749
48652
50934
42732
83819
40588
12132
2336
39186
42470
48124
36556
66599
81802
63966
42270
9973
42133
10820
33117
61627
66314
91021
2901
53463
76259
53084
55413
87593
27362
10900
65898
66591
2111
42701
3255
84614
45291
95235
24056
24451
99265
21922
86254
10509
57498
69273
46451
25689
3510
17600
96453
85602
11418
58265
83038
55382
23037
94853
98871
23751
79789
24126
31039
92445
68069
25964
97514
72022
75044
55559
37544
65677
26104
98474
34466
52392
8200
59584
99818
14206
10757
99448
52210
55565
23591
30490
33395
93683
99342
35850
86594
22023
50887
84196
42865
78486
79394
28492
34126
39467
21755
89103
63281
92414
71764
86725
35192
21037
90338
27080
60508
14560
7348
69020
67035
42762
71482
48252
61463
32763
61520
68216
10124
73030
21452
6364
14494
37774
65787
8832
89260
20092
2128
64959
13200
20020
26692
18217
20562
80283
76749
15463
53462
28069
41225
56588
21000
42707
36771
49790
15891
21871
90840
60579
33962
84883
84459
22317
54123
53978
4030
80426
35661
10613
3947
40889
77975
25413
59555
58356
53406
32391
94074
39254
76337
26407
20345
43036
80787
50545
17011
31387
93400
18796
14975
93143
63894
10035
87825
22096
12953
61114
84072
36838
8905
16932
30405
13328
69390
98706
2886
2569
85680
5862
99664
48439
40578
15252
97316
89110
56319
52932
47036
80737
93056
29991
27609
28754
47693
66451
3898
66338
25626
13784
49680
21597
15582
69580
6205
58447
88430
12118
99118
9898
72954
15549
13951
8467
12091
73192
35657
11825
74466
99905
69597
59582
67561
73551
58585
90121
51563
15847
99037
21720
52456
41654
85717
78021
47285
87776
24961
54187
64826
45985
4355
59007
11174
79332
11784
42973
85483
94626
90124
73989
6643
26218
34304
48971
56068
33540
14044
61118
83924
9364
57012
88653
3135
790
73433
17709
23680
14581
7944
56932
1543
71688
88929
56978
32417
26009
67646
90160
91094
24578
92405
1381
87863
15120
62554
82863
39523
1311
52407
75280
25989
6070
53042
21046
68893
45835
33344
69503
77460
95902
52527
65740
58517
24279
57571
46511
68135
65759
11038
42439
6081
67689
17546
37508
9708
25613
69670
95377
99657
66331
47606
95027
89875
51621
81411
59606
27101
34733
41587
8199
32448
34347
19234
30488
36518
45295
96807
96716
7035
32195
25121
39586
73570
75002
94214
12017
85315
93268
29423
86176
96369
95922
30310
78448
61307
17460
3541
58613
84061
67094
49277
44938
9642
3794
56594
71950
32295
84593
64404
70820
2866
19521
95616
21993
16216
81655
22982
21851
94950
94108
50851
16834
80129
77277
78521
35616
81637
64809
92517
41242
29148
48696
88719
36541
67177
11149
59745
35857
6507
74196
2127
76697
4130
82509
90371
96510
7985
53937
55592
80897
15713
14269
18140
60093
65001
97136
96189
12629
84882
48357
25533
22509
14986
57135
48601
72501
38194
51587
85002
93007
65105
77769
81064
81776
30954
3257
47852
87823
37738
20295
99158
5499
42518
17324
38550
3180
62285
20971
55807
13518
76884
78973
41397
15209
58948
52251
91960
3423
90829
19635
16532
25536
37189
87916
23204
11894
66852
3732
40566
29563
12433
76281
70884
20126
38865
25442
54095
41306
73670
19181
29238
99355
75577
21364
67944
32512
86512
95811
90960
53681
79782
7319
97543
34069
34151
13746
18305
72059
17733
24324
86744
76791
75247
43153
83083
29018
98512
40209
60295
87826
16000
68172
26306
90291
78876
28276
59552
97349
59239
77739
17874
69602
22531
48432
42936
13886
47223
91523
10179
26069
37066
13858
37311
17952
37934
4207
99578
86628
72407
18021
56620
28821
35722
95759
38268
66177
38421
40946
2264
18615
37285
92847
69296
2009
91521
2505
90010
39698
4125
18102
22314
46871
20617
10343
2454
68722
1246
34939
84001
67887
17254
88768
41499
33746
20370
52064
15560
40913
41955
85706
90092
40139
1329
17116
55694
13083
19608
23913
68298
46668
8649
93334
56745
23557
46485
76534
66532
82405
55305
22452
4097
67823
46282
19690
20678
58221
32717
53774
7633
73411
25420
70996
63011
38010
31879
34072
15573
54930
53589
81248
72435
86109
16313
70105
93507
50981
71493
20627
97781
92165
19094
38069
95338
53953
34608
16254
91785
4640
20697
29427
68042
88062
22803
40133
90999
60777
4875
45389
40692
20336
13928
52598
98119
65997
49541
52106
53200
17161
18555
44624
19248
39320
22354
97421
8116
81317
21665
95914
73804
69252
81650
87572
59040
47950
40990
65111
66310
36520
37873
76662
39742
11267
99
67398
36484
80511
18592
40095
32459
84149
60672
90238
68372
63246
22439
75039
76092
36690
90364
50669
66612
60777
52592
61270
44004
92101
397
59469
48868
8316
53421
75718
91435
28966
93804
62953
25262
35941
90203
7170
16939
97362
8942
63214
23724
1970
6523
79229
89835
24394
92056
70158
15430
44268
24472
95858
62669
45616
2267
47911
34181
61006
15270
51794
43996
74653
5834
61798
91531
95261
89117
38764
65924
71539
75004
11575
93374
26634
9126
54367
47790
95061
5278
86200
19976
36750
87556
89423
56825
2840
44924
38145
40806
93411
43852
94961
17395
31487
19519
53530
18768
6889
17297
8399
92732
20953
96080
81604
77873
94903
5558
34346
29750
63116
57427
23760
61327
93974
66822
90271
28371
35991
57538
84454
19822
56166
33839
76542
74651
86069
87506
56300
74033
89221
63506
70439
73646
62308
18238
9042
14490
74491
75473
95914
61039
84157
62182
32431
51677
93444
27715
11955
34931
29547
58384
64831
66167
7836
37678
53600
91078
2454
18855
51560
57122
94061
35284
16558
10525
36321
71057
74981
13655
16671
71730
38770
96553
37328
53870
91129
60217
41255
5267
39043
95918
99396
72535
459
98830
51729
64178
2429
63150
21900
57019
80070
10784
80411
70696
39175
1105
9660
82131
9010
74743
1161
66351
24176
9878
40077
55458
22585
49266
57197
19253
82308
88363
32302
30956
86271
42239
51626
65019
29676
38947
67461
11997
88236
21658
99771
56453
50401
85985
53205
21935
909
61496
64601
80589
51143
73599
48920
85139
67292
53832
72712
16577
1358
37911
76876
62579
93648
41396
27967
38974
86434
16203
80445
70970
92391
33751
71197
89257
82158
67224
26988
81413
33968
7655
14344
16254
33873
10457
18223
6736
23041
56081
59087
84368
81430
36910
94282
55620
90997
94220
39247
44693
49326
96765
3218
31633
39627
64853
29372
11285
23059
53776
24517
23883
34691
89554
88171
13464
38998
8391
32638
14717
52200
10994
82496
26907
89193
74745
70122
24561
635
72248
59733
99354
74462
41542
58428
74486
56136
25159
71770
81463
96812
78174
57990
88602
99558
21585
5092
64311
12425
73462
74014
66154
95544
11012
90596
57429
33477
95252
85678
73619
71986
71870
59914
1717
80804
60414
66418
19124
38945
42250
45903
61057
80968
16873
44454
13665
29594
45896
24854
14998
64698
50763
27201
68497
22109
60587
3474
95559
77066
39800
47664
6415
63847
23612
97754
54172
66974
45250
40718
68268
20142
98238
29892
13531
9931
56603
19391
23736
81175
66301
1400
75388
55183
99899
81259
21671
55929
46965
35377
29507
28405
29180
48492
74808
70924
34231
85453
55992
44330
88375
5534
5755
49230
65684
80790
59795
94048
2269
7978
65486
47071
81433
60745
70609
9471
13464
99068
25207
53169
53922
52604
40655
91663
72567
59782
13825
9888
95723
54741
17280
14178
37458
79886
10844
18208
89333
22427
37019
66476
63237
4896
32287
16465
19384
62287
85864
77756
52718
65934
53354
27360
5116
20426
63914
52513
46274
6290
98001
8001
72683
90487
65019
97137
64436
54497
74554
35506
30893
71825
8316
77541
17503
63438
95341
93556
56472
36020
67721
5007
33836
43219
47828
52517
38097
70561
94010
99150
6765
56444
83148
95536
95023
45322
2672
26914
19118
67738
18650
50295
50343
21423
23735
94584
48123
63610
54034
40255
99383
48496
51164
73439
47451
85136
4030
89374
85156
24132
89622
48819
68512
76706
99992
20011
99707
47181
87565
36961
34657
86767
90030
9972
11878
10088
2347
84714
4222
46249
17423
55634
42174
44268
33311
47987
62329
53887
45550
48068
87206
77132
90013
15889
48687
89444
54870
54646
15841
40987
96726
36241
14812
48299
80470
12327
48679
99199
11385
88375
56596
69849
29532
64339
93547
48525
23954
15676
31907
85845
11158
8242
22453
33836
64427
99678
61370
24142
42725
4991
93520
5735
28525
62728
54162
97649
20993
72749
17407
45802
62185
70768
8596
77007
47723
74851
77584
6749
96754
34386
26434
98254
26876
8562
53865
10373
17707
49337
95295
3285
99700
18709
91545
70597
42959
30667
99328
26933
10190
41358
14115
5885
7154
58833
53546
7887
43155
2187
26238
89433
21933
44237
23300
64246
90966
33
684
25078
20730
28666
96442
90189
90482
12856
2660
31000
21050
88862
60215
41499
83023
28989
19879
3165
21680
17999
28385
8668
8400
91919
8055
69552
2058
36431
9886
2894
35455
64504
61835
23905
82719
13869
65625
44339
97234
84551
77402
33293
41060
46829
28418
27733
19024
61709
16987
52924
33730
29840
84912
95457
83204
13531
29102
22002
76145
49667
29591
11882
28087
67473
76357
48025
82652
26480
59536
84272
6675
76337
15680
81396
26690
70459
74086
50656
8300
18712
59634
72368
96715
11467
82563
36060
27607
26927
97047
89008
84742
43743
39487
82404
65754
43388
24052
36761
69056
31743
3404
84240
72492
63479
62304
78734
85193
92209
66811
27000
63622
93360
72377
48524
10605
65983
34413
6672
3165
19708
6027
19236
94552
88500
47465
64447
4375
3043
82061
77961
60644
41555
17897
70834
2119
79581
64730
78509
4295
22377
49486
99252
69899
37817
84547
68923
60420
95489
58093
49082
37516
89359
12682
59937
30250
6174
50318
67284
43945
3574
83025
54999
73213
59244
85171
99368
37091
31717
88679
97241
71049
60465
30150
25083
52041
70203
77607
34012
12903
67442
96650
69703
68896
98392
85403
52855
45936
96924
86922
41491
97245
34375
6872
55852
37487
16477
87678
64102
99646
75192
5451
42104
68214
44013
30866
80108
14134
29505
17984
69898
84779
66906
26791
58722
62402
8493
1099
39303
85234
60566
69470
53070
57449
50735
31978
7219
24706
95614
50204
45880
86217
14248
82400
80704
91834
30292
38464
53379
19874
5343
79369
41297
51918
52658
1267
68079
31865
31232
41902
3336
18932
51938
37892
67409
57932
69139
88932
14177
94288
6368
41433
97176
95110
28956
82728
59265
36678
24699
75049
66455
93728
9407
15039
20765
12497
10570
63185
98641
95799
54861
77265
18252
71768
37972
6201
26887
85346
67254
86971
34699
8266
87192
31248
89126
44754
63075
35171
1863
27516
94388
7054
78155
39581
75135
57653
69706
45899
23141
18090
6323
88314
59654
18834
28683
62536
6508
56397
46266
85164
93878
39250
68470
93098
24598
90886
17945
47614
16315
89746
20178
17002
19913
7674
58574
61395
54849
89365
89045
54784
29771
83171
9126
51521
41861
79784
38296
1709
95444
99376
12359
29326
84809
96387
38236
12426
96629
8954
75407
64298
81214
45695
95620
65194
83226
64819
76936
50822
16668
98714
62083
50131
42274
27347
88636
67190
3213
1190
20437
74069
21084
48539
28279
63562
80769
17032
2562
41717
79394
85502
45334
70635
38085
51280
51549
83973
66466
51127
35184
83494
90302
52842
45120
26296
98393
78199
43297
24615
91966
82450
10790
17718
88913
50913
82586
68270
90782
43513
71562
89670
2537
47933
4360
44958
50087
764
69981
92664
67961
50130
