41337
40428
78389
15593
44277
12299
94627
48961
70645
57249
72313
26925
85164
26602
73402
78997
54171
60569
96570
37086
32271
28843
46119
60015
6426
80256
76686
98689
81414
49730
6695
72779
48928
28483
43085
31007
11566
34253
44831
53469
99060
77350
57004
84851
60570
44160
65476
34876
16896
31447
62516
2965
23443
76682
37722
40021
7803
87176
61244
23305
57313
66020
52732
94841
53206
83457
75226
37909
37864
9841
5665
33585
5981
63603
35762
24125
73622
40205
75648
73296
93922
80286
35767
22891
2184
69176
81840
5035
79156
61905
56667
63096
11589
71347
34060
10953
4903
87142
86291
87331
44547
10691
95509
7877
74470
66552
88895
50281
18716
791
22205
2389
83316
96928
63200
85516
96410
51932
85711
84376
70850
3205
15756
72127
86610
61524
83918
53317
8477
52047
4088
84189
46845
58165
3125
77104
79507
4704
67087
88874
43571
70491
35197
55097
9471
91987
35989
57502
44271
55132
6074
33984
88317
65067
6444
39224
67265
13358
95036
25472
20676
71091
39856
53379
53307
16959
14480
68312
55476
31872
65673
15063
26037
22954
70098
95181
76195
39144
93953
26646
26681
17044
56944
78120
60533
85373
59393
89375
92464
40290
25370
43520
55580
5506
44812
29490
77646
76237
98177
1858
92113
34465
36670
18187
76000
41994
5695
36599
30419
10286
33713
82332
44435
25374
82199
77167
50323
85820
36820
3651
95735
1105
2973
79156
51112
75244
93034
35576
65939
81327
51004
40749
88488
87737
26137
94039
91421
77299
63483
75543
50812
7272
98188
26274
63877
61346
55801
44537
43836
80296
94533
84342
49441
2669
38730
55250
8011
58798
34455
17238
97306
63933
92510
74626
91020
22312
2177
47298
8979
23806
59807
59767
17469
73665
90323
4350
35746
86908
2331
74174
5783
51761
16301
25565
84183
18953
59965
45257
38831
81930
1887
92994
45592
53870
23308
22909
45080
58033
85438
19694
30364
83674
7405
27891
24608
91743
31315
84416
66847
18936
19289
68294
19851
55057
63804
26488
52979
13016
13528
69249
67670
74529
47649
80901
71558
27511
21849
3330
63329
55422
84124
52928
27058
681
10032
81491
57832
58013
49211
917
99704
89013
8434
90757
23041
22981
90310
72119
76242
20374
37950
35856
52471
89483
78346
79049
41217
73895
14863
1365
55270
63514
5621
77583
92260
60877
22600
76166
33654
46537
83501
30660
26631
69637
48419
24614
62987
57225
38301
50916
56751
65244
90533
91696
63371
76046
20268
55666
81341
66849
37122
36427
2784
62757
34747
21451
14777
96110
28549
68674
99703
86007
21254
32756
87014
59635
3375
9316
20829
92488
94278
28759
84362
31413
25025
90569
32882
21247
12875
1803
52237
76014
62341
7847
7205
50982
93721
66904
93862
19567
88903
34816
6685
92735
88588
55584
64582
75561
98568
84173
10669
53307
69268
97249
40742
33400
28604
19979
34996
62280
24984
38559
78133
8313
42834
27279
83233
8135
34820
10593
51816
41795
26648
78116
14629
20394
83955
9564
6202
93387
90755
69250
71798
87252
5169
13363
32522
43850
76409
51287
44985
55656
24534
33117
94599
10055
40714
36547
15053
61127
22596
5595
23547
19791
42839
28598
4311
89792
80065
38691
75914
94234
34190
18950
55725
49296
79125
12444
76570
51695
95548
35920
24148
2382
68677
52123
78107
30958
69500
75651
67982
3820
41355
58441
58155
25192
82058
2054
60442
92421
64980
1807
34885
831
82122
72663
89026
7255
62041
42537
60269
51629
84756
12080
69505
75884
23267
90506
94673
83577
84631
84820
58774
15344
91159
90588
77915
98122
61126
29530
69609
59072
68184
65097
23906
12809
30488
14271
77808
39966
42653
34059
69188
24184
83504
77704
43271
65756
42105
70735
47345
14520
48441
51254
41018
19114
58012
30817
76171
72663
187
20598
99034
28476
45416
93072
24237
84203
82454
84117
78265
34815
88658
70019
79675
12985
69368
40839
70812
65776
92713
70553
7599
64626
77077
21587
5934
34696
56162
37071
7341
31977
9158
82860
84351
61372
49440
43999
27260
61808
52407
19818
78026
43186
59560
41951
45493
79186
86376
89789
21649
6636
49637
2568
98413
62532
30181
81860
36610
73280
63021
26597
32703
72306
40218
37591
18677
43472
75877
57120
89813
282
19430
1152
96498
83818
76152
69981
89601
5442
75652
64660
66845
46899
73872
19647
5314
64715
58170
73677
55912
95048
46468
16362
34322
99532
89760
502
12155
89560
27028
15770
74432
38961
21704
26295
39768
26381
88978
73283
92590
75736
43639
22802
9331
79475
41160
40403
41570
89554
70954
86554
75826
95246
69276
18228
7215
28580
67482
64069
74469
25562
70529
15821
35918
82436
99889
64549
12509
74496
72204
52578
71659
67581
15227
71547
81191
9544
54147
63527
6443
82963
26935
73979
44201
83770
37174
10665
90420
97546
60713
67366
77648
42017
37944
83770
66676
84273
9114
63803
44335
36666
32233
19716
30571
79586
98724
54039
65911
49503
97422
28888
90003
9047
97713
26273
15195
42220
36822
97743
96021
14891
85886
38701
94395
94619
53474
37153
32354
9905
55149
86008
20008
7728
80732
39413
53691
26723
33204
67537
24802
79303
17696
62292
76794
92909
33849
3859
76275
60487
90275
91302
76882
23146
25776
39232
44894
67379
31667
36410
95636
87657
60464
64945
83804
87684
16256
83603
92611
32707
4062
86158
87408
41106
44572
42162
43465
13232
81899
55108
79610
15980
33464
72873
38155
56105
71963
29236
32689
73644
66806
44584
39367
73004
79959
11625
3150
80770
6049
915
8972
77071
62375
52000
3683
48362
93340
90580
9663
36807
41082
43281
81588
96349
39514
669
44729
87629
17609
81859
89911
48370
34444
26653
44710
69910
79411
15889
70933
1853
6581
44045
70297
1508
99292
90354
70929
75383
13237
23467
80121
39012
29317
46518
64900
47727
73968
50457
43288
77028
91184
24900
97456
32469
12785
78282
46256
4869
47068
12785
75562
33384
52954
2327
91126
91314
37589
13754
53471
14214
91949
41392
9911
83549
24793
93788
51540
76547
4022
97990
36039
33336
29042
27953
53237
44118
58298
1741
80664
41004
14660
14012
90560
14589
38531
78614
91134
36778
43299
77604
3128
77735
42870
9272
70473
77148
97515
47559
74663
88298
30397
77409
54913
41167
40242
23455
82065
66992
79894
54329
46865
97715
24370
44414
79738
58921
63561
44053
16261
10750
10355
62116
19111
40603
61873
84703
5672
36282
46936
63510
47973
17051
24339
52729
71973
89007
87890
85542
54746
42757
22784
81645
88407
18033
24282
44143
98443
48253
89328
11129
80320
12463
6665
94231
96974
86286
6661
22864
30240
61039
90167
35374
39366
78409
9408
1345
60098
96479
11326
6925
83009
31858
34903
76274
75436
2127
33122
95493
65354
74918
5304
66332
29134
40
79251
54180
4509
72436
94353
55861
4071
43080
86386
94997
2263
2338
30885
80579
31550
33466
80753
60194
1325
10008
9346
88169
79188
15608
61998
37451
22601
45094
78755
87869
83246
91636
1933
37777
28884
64019
78035
35735
88369
88515
29984
20121
47972
30913
64936
4622
92113
19390
74639
80796
32875
91288
82498
63047
29111
39382
7985
11345
92723
22965
12226
67723
16906
40392
70778
79324
76958
6074
71643
31665
5958
23234
754
68762
95736
96349
99384
67082
91951
46658
41785
23573
55380
95782
53009
91755
34573
30959
51320
76553
15632
25562
24340
61501
1149
4352
86101
20077
52979
70426
59775
51661
60341
49702
32755
48135
95528
50886
10570
25485
24810
61257
79443
94698
72592
22149
31823
94613
68364
13357
10382
5491
5306
88989
93872
9642
22668
76049
23679
80308
51136
33607
38223
63963
43018
3151
31625
6706
66962
42375
14863
96988
33699
31077
2923
28939
93354
22097
25107
97234
10331
70337
94848
37727
79380
70431
76192
74552
18623
28917
15441
13847
37409
54219
65997
97904
23255
96811
94299
26517
61588
56339
88744
57904
90748
22460
91072
24183
28118
588
6104
73817
73134
92226
85005
15474
106
95874
42546
5089
30478
59477
56693
63462
89960
20731
73151
78525
28824
99470
71432
34889
78217
39562
49559
94398
31636
99184
50628
92017
13106
11844
43612
8222
16095
74729
16858
55835
60181
21391
8229
86070
13034
12942
89599
50251
45086
63239
55602
3151
91527
9350
35761
36609
8928
55988
3786
53349
66189
30704
2091
22860
6217
81467
52366
99696
84640
28489
8874
11839
13948
74421
47186
40289
85891
3115
30103
44975
60346
71526
7824
53070
44676
38211
39894
84084
33987
55553
85472
59659
88468
18871
79415
47862
42221
59871
64015
26039
2082
50318
81115
48396
46954
5351
85270
55264
81094
39057
28176
75049
68401
57330
20428
86096
3245
19871
56839
55839
82244
41907
71447
25981
94120
48364
98962
19714
80100
34388
20608
17892
40083
41142
30154
3578
68143
72892
29957
24923
26029
21435
11081
31640
73089
4997
68975
36436
27806
4217
10258
20662
63899
32230
62660
23595
26594
84467
89774
58627
34822
94371
86985
96701
33855
1132
14410
69247
72459
52244
64476
20078
12267
38657
80395
89428
69589
65154
7862
81883
99856
28294
48334
34472
30490
31322
66329
96771
38364
95363
81933
90015
34371
21329
89391
90573
83225
16592
49645
64589
15572
60553
82635
77276
97019
98909
88396
91867
8834
74959
21976
54075
18970
90502
36503
99633
29624
16562
14071
71583
39697
14427
68853
25832
48953
72660
56433
9487
70912
69508
73197
27154
27873
89463
41250
43794
59676
16353
92038
98267
61948
71206
75103
12553
38078
70076
40260
28459
99912
42324
46770
49188
84480
38887
75733
98920
93587
81013
14888
33421
40935
87738
33800
9187
79152
4474
93590
19322
83275
10736
81725
48332
84473
56709
14350
77392
73886
14143
82212
34748
96408
78753
22946
30597
90165
27858
74349
18601
89848
23615
17776
76185
20708
25015
94349
18093
76476
8860
3362
38983
78024
89438
58003
60259
11933
14942
16779
39524
75899
22955
36815
93676
80697
11484
44308
84093
11783
38367
12434
84642
58708
2372
40617
26829
92536
75413
50264
81243
59472
84302
11950
35765
9792
33532
10284
89618
87342
33233
89253
61148
18795
19411
57409
42047
61841
63041
74976
16838
44575
6257
2760
34599
27184
88461
14013
12302
13987
15487
9192
4187
89348
50800
84027
31859
22663
63613
70587
12244
76001
76348
46700
59875
59148
68630
28834
89695
73799
30391
82092
72833
22222
3231
33180
55494
64328
32450
80279
42506
16977
84143
21461
97163
46131
23485
53728
44752
94218
87508
79198
16334
96301
91178
2977
57124
46629
84134
14062
60764
47206
288
80427
10052
90164
13816
99979
12587
59086
11501
32789
68925
72587
69174
23661
97032
66435
29406
58658
62856
69047
94303
9592
82042
3991
4170
96729
12099
13803
21126
51098
74063
88593
83278
60295
73351
71103
62766
72620
52946
67296
41355
24278
76660
58844
9811
55688
89778
85105
16024
39277
76200
34519
92146
73451
90882
90286
92928
63019
57769
64659
18793
37742
52768
28222
40018
57041
11340
66132
56007
94105
18434
4572
30457
31803
58334
1342
31434
24958
82324
59776
66490
43920
2356
90384
3183
69912
39626
43034
41891
76638
44842
19844
32905
87750
41759
85676
60641
98456
56017
71823
24304
18245
30613
11896
38930
76010
64179
22866
36113
23833
55054
93900
67344
61734
83995
25335
47095
32637
83374
80076
21096
5960
9184
59763
33686
57704
6258
83586
50521
61122
53922
19371
816
19960
81277
46457
80966
24626
72009
42656
48726
66256
84966
15623
33937
88072
61341
14919
70038
93775
40185
51128
21654
78565
380
41349
14080
55846
40467
77776
61919
10808
7535
61935
63382
31356
68267
93672
63239
52813
31387
58114
22229
27243
1488
90731
7593
75405
95720
97015
36869
80973
80230
4294
7067
18841
15289
80887
6432
19295
24492
43170
98345
28791
88623
73988
80592
65000
93182
29328
35527
50456
74138
50917
62650
58652
50203
38447
520
59964
21950
95044
45014
77297
35995
63542
57672
38902
23035
69913
55988
95785
14936
50708
25705
50215
53024
50386
11436
16197
53262
1875
68973
84483
99776
44827
50334
16947
96484
95306
88130
51604
89153
18708
79981
30403
49197
45572
80144
57286
94708
97191
29261
80492
64474
81843
43721
77979
88958
69674
18985
75414
66014
45423
32712
18291
93182
41686
57697
10361
38214
14477
62910
75966
64262
33828
95282
38469
32907
31737
19112
37236
2806
34258
91558
73218
87599
38365
65731
34731
10566
26871
23692
86930
42755
72537
22399
46294
21074
94374
10110
24028
79934
22378
19840
88976
75303
31114
84246
36683
92909
1299
81591
34910
20902
3804
66437
2088
71922
98785
6437
89234
4920
25376
65779
86015
98527
89427
40767
60254
9376
87565
34632
8603
88050
83806
3977
7114
96316
67300
77011
82974
38740
53259
35472
12467
88821
71549
64246
74489
73715
6612
87862
91488
82246
54865
47819
33550
63979
69970
70374
13379
36387
58827
28555
32428
68998
78083
58336
47014
79723
50896
11622
80324
16967
2565
77998
36021
20688
93149
91687
1067
92824
15151
69758
76533
91510
11466
66989
42570
15434
84775
38907
24570
50007
79817
16274
30736
83938
51184
54145
69569
74290
48625
14395
62966
33371
86126
39322
72563
25706
64543
87672
41546
55542
94354
77126
28954
85181
98475
95762
54074
71304
14441
5030
95141
62122
65717
95703
37636
52216
85623
48311
76842
25702
58641
83102
16371
38966
34930
6635
23701
76676
56429
47236
75830
80020
44460
30875
43498
94692
39000
66745
84726
98175
76164
56937
19003
10457
16950
28475
42786
62097
20367
10054
13966
18335
82291
47802
24390
98316
64232
68008
2701
25442
73069
43929
11775
82708
16951
37729
37335
33077
38972
20950
31761
18420
4348
95309
73278
14561
21357
63639
61062
55833
32143
63817
85164
37045
73930
39179
58848
2768
97181
66066
41676
40374
18460
60304
39145
94478
74502
31996
99139
75797
30583
92643
19468
60389
99671
62400
14793
23473
18975
27307
25289
1561
83033
94629
38142
43847
77151
54734
76513
78712
21492
52597
5542
66149
98381
96538
80134
78322
99361
17742
15472
40168
20927
69642
66348
75254
87149
95775
93754
58631
7027
80052
85027
2273
73206
88129
17050
85865
18965
8830
72878
19211
25698
17446
36574
55500
33457
46083
95477
20969
75159
5487
44007
81435
39269
24197
22383
36236
4818
35494
39519
53808
61726
52593
79738
22577
80108
37125
64629
33711
38039
51945
45350
53576
80540
43697
30520
87030
46593
25807
5807
18568
14800
30743
88969
95500
1226
55817
92176
8431
6474
56140
22661
47315
85237
1004
9677
60546
24329
61336
26295
86319
15171
1743
83798
44169
91159
70047
65237
1291
36084
10207
37492
1444
98480
51123
50365
88075
20649
68555
53618
12248
6484
33045
54355
39658
43960
65535
46630
99240
97596
89155
89757
62986
34213
17186
55063
98917
90454
21934
8351
20544
35044
68355
82786
98744
36631
59748
91769
11470
27810
73758
35536
82369
37755
2807
32070
82148
65976
88118
46649
54424
90058
36942
51121
45187
53394
7394
56645
95351
27211
61905
6655
74955
73022
1700
89989
72229
48170
62175
27357
68488
53995
55306
96409
15130
17381
94359
40587
25574
74797
96669
8867
24862
25456
13629
94881
2281
65898
20255
47953
8091
98966
58755
54357
24878
29835
45298
30098
24507
1964
77419
56142
94987
56595
57608
96335
92446
6027
55655
13779
70324
75460
19602
27282
61329
13151
86738
42938
95079
55180
92494
30983
39672
48061
35210
47189
11174
7222
60826
61995
98162
82853
40205
51842
21968
89797
68789
47413
92368
59024
27765
39875
76711
64127
16191
29962
46810
79278
26841
28022
18447
97153
52166
49630
58338
96007
96475
40706
20705
72914
46317
56675
65484
76138
15127
59972
96257
5981
47518
68337
14236
3095
76952
30348
55148
13542
19099
24041
66862
34060
90111
16939
18766
54236
30316
49122
92464
11321
70313
54856
96808
16756
97695
76308
97537
910
57497
44829
93279
26329
60499
99462
39240
16819
10520
37843
99739
74003
95878
7796
22434
37035
24001
62975
28226
54239
30292
77648
74236
4600
84180
58713
23160
90283
90106
6017
18583
90701
69191
16888
88839
50905
54134
26463
18010
54368
44962
78271
81021
66591
57692
96292
42516
49052
70120
44306
48283
26212
62923
83437
38164
46689
69388
97195
83790
27305
51055
31900
3018
68301
7875
81994
34587
3223
90169
49138
18403
72429
13264
57562
32494
14639
27298
61656
22204
62290
16366
52048
26304
32835
88420
95780
96653
20806
24801
30107
15262
58292
3195
86121
55710
85566
32496
91541
68384
73654
83209
99680
60173
22769
38168
41815
38400
11619
35963
17194
94789
50530
59624
5825
22166
67574
39182
47334
93856
27898
6244
57513
97712
95957
25528
70729
52962
81715
61894
46427
35704
12989
87021
66044
16399
36253
30879
17976
96141
23372
63294
97192
19781
58353
79916
91093
64750
81932
28152
7343
89101
16780
84241
73810
87427
91042
88070
42489
92069
36505
99881
36427
74070
16484
96452
19443
90273
82655
91014
92376
27078
6325
97868
67884
44874
7335
41875
37234
33601
20338
58128
4031
89765
11720
88277
73146
9258
7730
43446
65193
28563
87724
30884
19921
60072
59443
86196
16479
31218
47912
44627
56420
53798
2301
65845
6334
29757
19793
54622
28441
19447
22234
54994
9531
27411
34190
79876
57447
82122
59475
72275
74768
85497
56626
7832
41979
36395
6762
4497
91909
16143
62449
70856
39374
6620
36285
29919
86055
81592
98977
25822
13168
20644
75304
4167
48549
54318
30293
29163
68420
49350
52568
28885
60197
46042
74702
98521
77875
40554
11305
58492
39866
33335
92152
29014
58324
36972
81719
8001
3090
54842
99805
48048
57773
20335
23197
76185
33630
97437
86127
54599
13811
20441
61632
92150
41525
18055
61923
26907
79896
67330
47955
11533
42003
59714
36288
30386
25774
51572
33609
51506
65295
34694
78442
58503
59097
23443
28318
37958
24635
67490
55735
74350
40844
46855
78342
19623
4229
44515
41861
50305
36802
92113
79615
87410
78188
18232
3833
15527
45492
94407
34308
63640
95313
9722
60592
85279
99986
41487
72517
81740
8789
97653
28297
55253
42647
69994
12281
12604
53053
92366
98579
32250
71871
34027
14520
55962
90486
76795
80530
93410
84073
1973
24436
64376
95116
56923
17066
80345
56282
39724
94374
28297
79736
74503
42902
32381
815
3182
68600
63358
20380
71089
2970
55721
26473
58795
19490
66460
19877
21935
31260
61245
11002
65437
81070
28588
66223
1358
34345
20127
70744
19258
87222
52519
59690
16893
56437
15661
64603
36285
59520
33793
4079
91337
22475
80672
2893
54649
50651
84932
7610
60644
36520
90478
54006
98607
32322
61324
60877
67325
26295
33624
85789
98364
72903
51129
91453
75706
4999
37657
34676
81934
7710
74607
75522
33001
96299
28817
65093
63034
59340
9681
82643
84119
28286
32755
40469
50663
28103
83577
21316
35864
68778
26554
69257
98302
37048
68566
97626
99645
32746
94003
64151
7104
82480
6957
64264
10230
31121
15268
72400
6207
10237
57059
17573
48507
11295
40761
58955
93342
58511
51087
64745
6631
73954
25955
6747
24202
12843
83843
45106
81584
12307
64355
22932
81991
75062
88665
77965
79983
73975
91880
58628
86025
41009
56732
6842
37711
57436
45206
5132
56084
71535
70180
99336
63014
60285
86557
57593
61897
63556
31403
93366
50418
58831
57448
49933
42267
17404
65134
10603
13375
36631
11725
6327
4500
16483
48335
58180
99987
53547
99944
35292
75706
44242
4532
74943
9016
97291
24755
60495
13233
19987
47949
30897
11456
36156
66277
56157
87490
12164
44967
34406
22369
84067
84440
87893
83190
40235
52019
56937
93385
6269
10853
1455
42997
43236
74312
79706
3168
98022
66693
43699
27291
68966
72754
4707
66094
53140
81951
86834
15649
42284
76690
4155
67803
26226
98521
33050
97921
29896
19968
64846
48325
58934
19090
98602
32515
23399
11487
35966
89518
3997
19675
31926
9278
80294
88539
2431
88448
32312
82042
16955
92931
87019
51637
9325
1644
45930
20741
59054
57310
26896
77441
71927
25715
46032
55255
43840
32439
83402
11305
32609
4294
4012
83920
27797
15949
18343
66882
75285
5203
12244
2995
8128
70691
36452
59785
98606
1106
45476
12677
99196
49395
94313
17970
20910
62873
77343
21940
44515
34923
93017
56848
22903
75429
58297
11452
74864
49571
76840
67192
65720
7558
97195
76378
41398
78155
929
29335
82499
86531
68708
99916
97091
37002
7206
24682
90845
87134
49392
33819
52541
51426
44043
81719
22726
78286
68959
98465
76935
80482
80317
94423
63707
2935
34369
22621
79846
83769
98001
10058
50722
4448
72702
48736
25996
12040
15760
48000
10460
5076
91036
95307
74341
26222
2328
10521
9787
85669
82401
49610
40016
30899
69253
86513
60716
58750
51522
68895
96881
33146
56198
19636
84831
36513
29578
25764
98482
25169
53813
60727
4791
17115
48173
58700
23734
55419
29972
35416
33316
91012
23828
35903
41455
57824
95753
94321
13704
73975
41064
83727
5118
5795
44761
54096
27215
51157
1154
13024
21160
2084
20640
8296
27893
20892
36447
88704
48434
76911
38538
56200
57109
49259
65755
36452
59107
11726
81356
97175
57052
23784
59365
86610
7212
48414
95082
38962
6763
20675
51996
76621
70723
43622
83921
42747
8948
83807
76289
76786
38262
60271
18874
72119
52105
21721
54543
43856
86518
96681
76445
3184
65425
2049
29236
28301
58026
44654
32706
55847
98943
98134
30868
41165
62144
29238
66387
32268
53141
4012
93926
30441
54066
88323
40308
84092
45075
50068
16594
13182
72462
72390
88995
62598
60991
75214
28386
18011
1029
97524
17870
15201
99297
70033
15828
83857
92239
72542
12936
60703
20397
93139
59629
316
21712
74757
13849
35000
15909
25376
54760
49372
66884
73867
12014
227
88332
22700
55875
9678
43041
33801
31155
3397
39868
40877
86358
4118
17277
19351
77139
25391
93692
52187
80725
84389
3748
46872
5202
95797
44826
31687
6915
13233
5775
80218
34390
38874
40674
50682
9307
88742
36424
41328
6066
91856
13919
30138
33087
3367
6716
71966
25918
38522
94676
83970
44109
34770
56949
5455
52975
12638
95022
80814
10295
81800
49671
73454
62242
8240
94465
12443
40741
55048
78297
20879
57330
1855
68983
38133
81402
15717
29057
4101
21148
25894
11814
63979
17351
41614
46417
61428
98482
19441
75190
14482
24218
49271
41464
5859
20613
27608
43841
97302
57278
20402
39865
1437
96617
47194
10641
44081
57425
85388
33169
11020
67786
43939
66009
76457
94585
85259
95607
62614
758
15907
83365
80293
76041
16884
93372
5570
431
92511
29694
81941
76244
78572
9369
31495
79684
91498
14411
40310
39719
32533
79892
85686
89764
65638
17308
41273
43807
7623
89936
3690
75055
24169
5509
18738
61704
47767
26643
6132
82842
71586
28658
92966
90918
87628
90027
92908
49784
45098
30059
31925
54293
56943
2473
99053
66929
41461
40509
82259
45008
30738
41446
47274
89876
71344
54241
14027
58239
65323
89508
13064
64891
20204
87240
61269
41836
83980
67338
59058
77810
21312
65711
13248
62410
28410
9418
67947
33306
46235
54762
16090
89384
3445
82386
80262
39329
62072
9442
87151
44675
42501
55472
24903
5253
11874
37933
25348
78110
8159
88146
94923
48903
10965
12497
73270
26704
53913
34857
3706
39456
36503
44172
54703
17735
52326
39285
33093
40460
88700
59017
82003
56744
59358
7440
83138
86520
37846
99248
59500
38159
67139
57817
60714
76152
86741
9634
44194
38776
26591
98101
59024
53014
12719
97664
66188
42692
50595
98140
9352
87133
20594
59754
33740
77427
26410
89669
60160
49628
79723
58126
29248
94926
56386
70708
34541
1457
12753
3930
59915
8096
81826
97138
76594
28151
63920
67289
86222
92446
59590
4385
46563
34303
50706
76165
92785
36919
23110
43421
50979
58367
16586
20167
18205
63355
53472
99014
90752
31435
62957
10514
40016
1481
3354
26926
50415
84297
63172
32574
79836
82062
1126
17317
95010
52938
53004
67477
96870
70670
77481
22811
19655
42167
57096
95867
62104
76477
90460
84227
86692
425
67059
14856
19935
79391
42857
61367
38875
77630
15588
35112
45163
31607
86124
21336
58009
51341
97061
54573
29419
70214
12190
39147
33712
2256
99900
82532
86652
81133
5753
66442
87474
68942
98912
47234
76753
46258
46930
71427
48144
20119
39560
90060
35572
92228
76210
6791
47104
96071
89109
34439
95341
46808
39044
48503
63358
30665
54555
27234
65231
6531
57961
56729
86287
77810
77394
39368
34216
96280
91414
4202
97892
20336
953
84835
99808
24741
58270
80923
79626
19881
39616
37512
50758
81791
72002
51958
52722
5205
44252
23021
50313
75981
41174
61302
94470
79137
81253
50570
7873
14303
67577
69362
6377
58160
89811
90836
22412
9163
66125
3906
32098
19349
77882
43091
9032
45885
31122
59851
35364
43212
91274
12125
99599
85485
5286
51291
30251
50952
69884
10657
67593
22177
85842
14043
34750
12364
22565
93904
16921
46427
28370
45344
31301
42464
44017
91292
14803
71867
59260
22754
13577
88742
65253
60054
89728
85529
16390
71476
40781
91581
1716
32528
17721
58693
16903
55748
37331
60622
84351
73439
91608
11831
77382
34866
90673
37214
98438
17224
45593
58518
8310
10540
7852
79062
49865
6582
65017
97204
5739
83227
26847
8695
66879
96832
18842
48290
19288
21757
26591
42864
26710
30661
70708
79716
37828
73604
90661
88343
7953
55270
89225
94262
56659
20040
63253
74490
28265
66702
14881
2377
45873
64033
13729
81772
89907
36545
11472
42681
39673
52896
79129
49432
14509
18475
54902
15336
14850
84925
88990
20393
30113
79816
94311
11481
57599
26779
98438
16876
34489
34310
89702
80233
13361
65198
77030
48176
70067
26037
40236
98563
90552
44342
25321
40424
93592
44753
95691
54712
24349
3668
25838
85706
37659
10924
39592
89437
24968
43014
62332
61716
85103
59232
32088
27943
24433
31030
65241
26572
8466
37213
47782
54921
9851
94980
30558
18371
1954
57864
40420
67708
41853
96486
57206
14035
6863
72219
3775
60009
62892
30797
91044
32577
55050
77228
48235
77339
245
2445
3307
29972
64724
32551
52110
59386
69792
90935
46504
32119
63691
14258
38744
11639
35625
84661
66615
5893
55669
76953
27149
97415
6259
41429
29206
29678
11539
73708
74240
3106
22493
86153
43372
12147
19451
53444
88835
35487
67679
55161
24936
64252
9722
95838
51408
83117
86548
21787
47914
53898
38262
40334
94944
60445
53427
93788
90214
52439
49813
61394
14583
61408
70436
66040
46280
10094
48726
22720
5731
68211
95392
94722
15742
8626
90754
62094
21359
17762
12008
74166
86096
50571
41661
25273
77748
12472
3124
17676
43851
3978
97568
31804
66991
64611
93566
79797
40196
93369
12852
2195
4855
38905
71447
55240
64333
51931
83791
14270
18549
88322
5912
51213
52943
85552
4615
78435
33228
9847
55615
78259
91715
18521
83056
94123
95150
50818
31595
67917
69894
18383
63346
47854
48573
71944
60357
86070
77262
72188
90036
11488
22718
94976
57807
81002
52724
90995
12113
64173
29474
29572
3922
76739
25279
18664
59411
45114
19749
28999
62243
34532
37574
23562
86148
5817
95853
48701
8061
41275
91650
66672
15018
50445
19482
38953
22821
15886
71794
67002
56784
44674
29800
25509
75206
70113
13862
1675
81413
70246
22641
49645
32475
43875
43183
75630
71287
68708
62454
5419
71330
63354
91492
14553
39036
54565
74450
49437
12486
75033
48883
14973
54843
90694
306
63391
4854
43201
27742
78751
77022
56299
50398
19604
2035
95432
32834
43168
75528
17876
42489
26742
37302
49029
28275
79470
19409
83329
20682
3213
46930
25722
14209
44060
27085
68520
13663
56976
82505
35978
62871
90791
9553
26987
47938
32735
94766
50891
19490
7524
28335
57065
48179
88565
45560
85193
58051
95918
89197
33175
41250
51209
57874
58133
13672
25434
4193
76902
69782
98486
34405
49756
40094
97806
37965
75837
79718
67340
26609
19372
5897
9268
62010
28739
95561
57296
79712
78301
50059
79969
37995
18253
72553
83478
81538
51033
83168
42610
62564
8161
73742
96178
6079
85307
31516
46065
57714
54393
24581
7041
78713
33671
57406
54117
85875
21811
76562
32233
60763
1670
22872
89737
73799
14244
82861
24179
71135
21332
57415
48847
42158
77599
98836
71710
75999
99016
91324
56143
12068
89155
36630
76577
29987
19932
99315
77413
72494
88076
62857
56300
42451
97656
17475
55303
92598
7315
17918
19012
64716
94637
37892
36219
52897
19823
7767
9279
81988
28875
57123
55246
49192
96797
56552
82403
20793
46189
80085
54431
63408
7978
82486
84863
37395
31427
66730
2499
75802
72429
34923
55596
51454
56059
21489
68352
29117
105
40040
60727
16862
13330
25224
35763
66951
48969
38991
65251
25707
87976
15315
63354
74095
77354
93460
19152
65429
24580
50160
75395
61768
34433
94733
70968
45787
62969
34245
25300
30152
50137
15273
92746
87080
60439
34526
89366
37548
48608
89428
26941
6255
16155
67096
88810
66600
57612
96689
40315
64816
82428
67162
65878
29230
21446
57281
7598
37432
25194
13242
87924
81987
19516
87054
80482
84897
61829
89643
79509
57930
45012
27154
69732
96408
38714
60881
98634
20012
48568
5900
12098
51482
21429
58577
15225
88190
52961
50115
15066
61099
50696
1556
45635
1279
29916
25595
48622
80457
44860
82075
57205
19262
32143
76741
44482
41208
28081
29679
23098
52775
463
54727
18815
66317
11323
84969
17448
69905
10081
87070
98143
88453
32881
74037
65275
73196
98648
1920
71227
29794
88696
89081
61958
82376
9388
76945
73713
74205
74531
61459
90647
40886
49446
37330
53923
47827
30591
55675
77417
20056
50307
51482
94589
1919
99302
54135
40930
92431
6388
40514
86102
19798
36243
14450
28790
41109
83876
47253
49049
60630
16974
72773
90428
60342
5213
71457
74025
24417
77550
12431
31112
39494
25756
90845
16323
47582
88890
48041
20098
64
56676
34684
33782
72253
19929
31299
40806
25727
27298
61165
38631
7631
59163
29074
39038
45966
31715
39020
86752
16703
83363
74667
35282
6951
56799
38916
78809
80058
81479
61538
16368
5964
85010
17191
63898
65581
26874
15347
22035
23814
26376
59495
88381
22011
99023
10321
42985
67580
84109
66575
27854
43272
23491
44812
74613
35365
93626
34103
48515
48996
70323
66795
9504
80758
74105
31601
8614
45402
36013
90646
61347
76390
39402
6752
96151
88626
50456
56799
51588
2082
68502
61203
77839
42238
23458
77647
13202
21048
64259
59509
89814
96296
66938
79681
62876
62591
35556
54888
48970
28125
14445
65639
29472
2951
50923
5382
78630
75573
79611
18285
87100
12375
40700
74049
89124
57026
93664
82051
34736
90262
50359
54519
78384
6470
36839
36082
98501
3664
47740
62443
20747
47732
2870
75601
81278
86088
97383
40647
50610
7851
22158
71706
17988
26158
82611
35710
97218
80626
41215
41598
63900
52511
82176
8601
42687
96870
92525
63199
30692
50801
31678
77234
39255
62260
47591
83040
34299
38286
62295
73508
79256
64867
33801
45898
93375
39323
1656
20066
6634
66257
31522
18196
13127
90814
41769
51314
78599
41378
77048
27328
41893
15838
6877
22585
48762
57508
33696
62004
62348
68824
74018
23693
94558
24427
59103
24647
43046
37939
95175
94310
41398
10886
48769
28839
27200
79911
14574
9656
40679
81727
18628
25895
28184
99910
98706
43579
75064
65484
24196
98495
36406
45647
3333
68410
36718
50070
47258
18371
19209
46913
10584
759
23603
40764
72328
18058
29465
75317
86538
2539
27148
95473
20706
39650
14031
13077
67509
26867
65486
49098
12427
33712
16761
69372
98362
59384
81318
28513
82865
89695
41392
13631
8562
43023
63867
89107
97588
17088
42015
59882
13079
85802
62231
24791
18838
13194
15957
52351
52783
8807
25374
65151
67731
28007
76533
5906
63234
94191
94207
54632
32912
80656
73609
50995
60164
51038
38250
62575
63443
25411
94783
39165
99517
69973
97317
82108
65706
15971
50276
89151
56280
99422
88903
49714
90103
74147
6151
59910
71395
44103
40028
41683
96941
89917
6193
33791
36605
48280
14392
20283
25371
23912
82064
73349
67821
35224
40425
17492
83151
44481
93998
73302
33461
86381
63497
72965
47120
61968
90448
88106
38777
8687
57589
59247
86849
74846
16444
99211
934
12010
28563
19045
38702
64374
16240
22714
64094
88444
99701
54608
1492
70417
36139
35423
34274
28075
41314
69944
41914
57504
60892
63292
32478
341
43489
49348
38733
25524
79598
34241
22056
4860
1701
7063
32600
35824
92507
7725
12372
29829
38239
34142
81405
44642
68819
13398
16234
33472
2749
90606
46845
33404
97695
36457
14351
37258
34554
97542
35462
283
65312
96807
69893
25024
9953
22899
76672
47769
40740
86754
655
8219
18239
65834
624
13558
21868
89529
25824
10371
52186
37002
83338
32722
20482
84567
20375
41017
26385
1514
94752
74714
38768
62674
56666
71277
44068
83708
6000
56997
82724
8276
68933
41865
82871
30247
50970
47092
21066
25454
61560
43691
15650
14196
44765
41213
27414
16951
77881
67617
33299
84884
54143
38396
38698
47855
29221
50189
23014
11843
147
69115
78420
51202
76560
21899
87619
19372
29374
51973
75708
64029
78579
24929
82850
33235
22246
27824
16435
96359
93952
24858
95751
48294
42836
99920
22083
18911
79260
30032
4962
58398
5080
686
46787
6712
97129
72921
74504
7507
81343
9241
89612
60860
70655
71751
57989
5410
93939
25891
86764
48398
76668
4059
49561
23678
46697
81505
91670
61831
50056
38398
56840
44457
95537
93500
68567
11471
1280
91441
59575
10726
82201
11886
69229
15336
21911
76838
71444
65815
21760
86949
2811
94315
29769
70632
18333
65671
71310
45860
90472
61867
9374
79555
22779
90379
52567
54981
8747
90675
20814
84420
62985
78587
45803
69014
45583
70263
3190
54150
5349
53921
28644
63452
69733
78266
96021
55764
15646
71676
86907
64689
7266
87933
15960
27783
86872
84568
31404
41181
28786
16788
30964
75584
24194
95877
74133
16703
92913
35487
84712
84354
89166
68014
3155
63948
58394
49582
49374
60715
9498
94944
94509
13646
66465
93481
79889
22451
44508
57408
52810
15791
38029
87715
96954
95899
84739
47319
16537
47930
37056
19415
69694
25341
26304
57011
45448
65502
93932
79195
44180
76366
51536
72277
57221
64785
2346
79833
68861
24186
44766
63450
18114
60836
28262
53270
31439
61932
67128
27638
97670
72074
2368
43336
31223
44500
11334
85487
89164
60127
69851
35814
12349
93373
71024
20648
2688
49923
31126
66140
54156
96328
28580
61497
96030
6662
10229
25814
24886
91433
20525
18552
39212
89223
41728
29548
32909
61708
84647
52145
25666
69197
63834
56813
38986
4842
88559
71966
56390
40362
57669
3148
64934
71768
76317
99902
62209
67763
25732
23925
60111
44163
47864
41989
70963
32296
55071
33110
80204
29505
93794
1210
47767
614
65836
65670
2314
4541
64512
31923
25024
99484
80550
16954
43896
46704
64560
79613
43720
36593
9063
74438
13625
85453
14441
37758
57304
38890
5189
20215
42065
56362
36664
89741
22871
58028
16140
85810
88801
27195
53327
68275
95027
80186
87179
75674
29800
31818
98615
32094
50948
84759
40054
43288
16579
98992
24984
48137
60985
28437
45885
74590
38044
43410
39810
48406
73714
67457
85316
16600
97606
54791
51306
80889
87314
11126
88472
20914
40753
77849
35758
25968
77389
96116
63797
96474
43936
44382
50113
50843
3212
34754
93872
56790
6990
94422
5650
94776
29111
21776
44038
49218
11147
8135
64710
49946
56503
10825
61318
2603
96174
68660
34825
83152
88803
99173
90749
46159
53647
91106
58624
84465
78690
19632
73550
57432
55889
17115
77191
12220
21253
47970
86236
64343
92356
32795
30012
76308
72503
15344
81776
68457
12646
99866
9552
59230
86283
16266
99020
91532
53408
96425
1494
38494
48134
50975
31715
78906
24620
95569
55611
82684
53227
40473
56896
1330
36676
18907
56215
65695
85666
807
5821
53893
93600
86387
72870
68558
55199
44791
64259
27393
92415
47596
2198
70336
2665
44040
70357
76338
78528
55501
16064
58326
81005
11512
15685
87452
67127
8319
84217
94754
54698
80400
82727
87231
37755
38660
38386
43525
70147
11780
63052
69524
3366
76732
5957
77275
91295
58848
63024
63021
31071
4695
73934
1590
58166
27862
77570
46921
4269
60572
29319
36143
61770
54097
30225
9203
8647
76686
50651
15223
63649
67065
65305
71708
68034
34007
47026
77809
51340
51890
46585
5275
39350
37592
61189
89065
77004
96568
42568
44900
68948
24828
76955
55300
59698
36162
6110
9021
64459
10088
41538
72393
44634
27366
32153
36150
21503
60312
74132
55676
98411
22201
68318
54020
95461
61170
63525
49504
68786
95570
33228
87108
37185
70377
33259
78482
20808
11953
80339
97643
46381
10125
87181
85206
97651
37740
80478
42943
23191
99084
66493
3817
91914
30548
7166
84741
14359
45304
16398
44789
50304
94985
70378
94558
98070
42134
24041
33504
11250
41909
19837
83113
58519
16658
96690
54326
36062
64954
89095
50055
8070
74169
87743
13317
13358
81754
90571
73
19737
24838
85890
61597
86214
51673
74163
48692
73181
72135
77839
23089
56863
4644
72621
79626
23539
15685
70120
56769
85344
79229
71940
93839
36114
73495
94640
72389
25467
70209
45221
6310
91373
81914
40149
12556
76267
20561
83943
49232
32936
63931
45903
21263
64645
18864
11359
58964
8142
91355
98088
63151
77963
69896
18256
83025
61297
89491
5144
36506
72020
68117
34062
53172
34143
84798
60001
58696
21863
11861
3899
17414
75212
94813
21079
56722
17355
83452
62422
65370
88627
59014
33526
46332
30721
54050
11466
30210
55214
77286
51339
66335
46124
61354
36755
81115
31504
40006
90085
3327
74737
30978
16862
60264
15346
77502
27179
13498
28005
79103
50523
91802
8307
5163
4854
74856
86947
50315
1447
70712
77139
91487
35631
76291
5161
16540
94510
62016
53926
85359
49642
40597
21924
65195
98315
40014
13979
85921
93397
30432
72742
18842
55089
95919
63268
38195
37528
60143
26897
11937
62864
93737
32266
74219
32417
73373
6021
3340
65067
99698
71571
2830
65617
82394
55674
60692
65455
40529
24111
85741
6785
87270
72907
49424
1754
29021
26861
20121
97036
79796
50144
72574
24494
39823
27999
28391
58702
35442
13251
91214
61586
85557
48955
62110
72028
44668
52474
92125
48026
46137
32950
41742
72380
13341
34694
31934
55457
96809
71454
36019
35356
70297
35622
74002
12394
16175
5686
29513
6239
19217
28144
20857
31354
4129
68018
45169
81311
94205
34078
86712
17408
99148
64094
12344
35465
32328
35983
11876
94646
40538
75264
53554
57537
88815
22735
77334
45567
79240
79470
86591
35264
58664
30862
23843
13292
28311
56519
71763
63136
72205
8323
52789
32152
23648
50793
71364
69554
81462
55754
26831
22231
99135
726
58106
6187
87979
44431
25146
11816
68075
22196
5840
58312
64399
2076
87766
22197
46619
63506
75035
39435
45780
12682
55687
31210
69608
52785
74686
71096
759
3082
7041
35817
55418
72176
21210
29564
9931
46198
88645
26920
47990
41730
14133
52935
7088
6456
40986
99010
6264
60250
71399
84839
96632
20120
7406
30497
72083
28866
10328
38393
19264
70313
50219
95334
54877
96568
15697
71085
83387
75902
13516
22454
88540
41713
98384
41145
29701
5730
17065
67566
14972
8255
24577
57771
74945
71211
30893
66250
3746
78634
44942
3540
37207
76569
70177
43493
70866
12111
38354
58193
37016
21853
927
46513
39800
62322
11433
13677
38535
88659
71056
55666
16331
51078
58434
81917
68640
8372
2658
49602
46994
17830
95902
99968
94830
62735
47291
39523
99208
68667
40201
98530
13791
86029
85543
43033
67017
52230
23739
78187
142
4680
96972
18235
47439
39801
69949
5153
43584
88414
37056
30561
77921
61264
9048
2782
54479
21299
18139
62419
72668
31894
24339
91148
49493
52648
79784
7816
11038
4605
76125
70624
47079
71411
88229
16028
14372
9355
84253
75818
58916
46784
70059
90518
42171
8729
90092
71771
62897
61056
84636
1441
60619
71267
39391
51549
11312
10740
58060
62247
62636
16297
48183
99936
49685
11050
42836
6416
90120
57165
32237
73884
95217
87545
10952
9265
88749
36616
21455
10564
73240
35474
1037
36929
64792
34413
69737
75785
11669
15892
65125
3627
75340
19894
71136
97678
72159
80263
44230
63441
3134
78203
45828
19344
65816
82786
67132
58019
21447
75027
33756
82114
86281
18304
42476
7455
35876
59359
27427
74616
56116
54255
41103
73455
3448
59460
54875
50200
53360
30665
89735
23258
80837
33192
426
25268
9352
16333
93603
56887
81104
40047
30413
15920
49655
22661
39750
12973
63225
73727
49475
65671
38474
9595
77013
29955
85318
38942
34915
41922
69783
7655
24385
56254
18831
3397
31574
65403
87305
20009
55120
81107
82774
75313
91326
25952
65701
28103
97333
63713
31391
37042
96951
87811
88850
80974
15474
91986
58455
27856
43642
32275
48165
49578
6189
43002
87330
72888
93554
20233
13276
37451
25332
70360
38930
52967
80145
37020
74839
94610
42207
90495
51849
66228
32043
4641
89972
37592
15306
62733
72253
53613
83685
64149
8874
34357
84840
23132
47607
38442
68908
78695
32063
62255
7524
68454
24773
99434
16511
29041
70830
68897
35857
41732
77187
72206
30340
30972
73956
7450
47975
11526
80489
90695
72410
21950
21711
45517
73493
44607
32061
91702
83452
44905
70496
88915
86551
62319
70669
12895
45780
40941
61516
27707
44864
40152
61176
32318
90799
64348
71331
35437
19115
33584
33227
20759
72563
43006
41961
70176
84572
53046
45676
67534
87081
97885
95269
83689
61491
70693
93889
34678
50042
72043
38978
83038
18784
2535
25584
45026
59432
28673
15051
9406
65649
67268
60722
18579
65560
24693
14020
73235
64136
49200
37453
78121
66782
68552
84705
6738
17897
17619
97612
56702
834
19550
50186
90318
77515
44480
89237
97016
99654
80735
80752
34678
51760
38850
80410
47408
10077
18570
98736
17752
84436
17330
37010
45914
33504
66246
15160
57451
10530
53796
38830
82945
79231
74751
94582
76133
29779
41526
11941
43475
38221
99847
54741
75912
33248
92455
75227
38270
62658
8881
97210
25793
66809
12202
87045
62760
97969
15758
44183
31963
85553
47684
49713
90028
60014
25670
91150
43269
44687
81968
43369
71987
79230
12233
28310
15987
3717
44544
704
27728
39693
18601
59223
64337
39698
92805
69632
85449
23962
18103
31985
38914
4161
46043
63153
27725
75176
88723
38476
1571
25905
78273
99755
84398
63921
4904
60978
8004
54648
62973
7218
56048
7945
97493
72028
72500
12855
19490
52942
54195
63121
89278
84086
16750
16035
78549
82832
49051
71454
86145
35743
72920
90488
41249
53466
5369
44757
13631
85131
46642
25378
41455
82193
4688
13356
32600
86805
96253
48312
88019
99002
68547
61793
89005
16723
40364
17883
61534
29240
14544
2125
90377
46585
87682
58625
41888
120
81414
7965
64459
61307
64233
25633
9211
24113
62192
76597
18973
69223
4318
23431
19563
84685
98493
26950
65669
49523
72278
72672
61206
15574
81863
79988
52394
16870
52751
66900
24045
99099
21694
70476
81564
55225
64496
12797
24229
12609
1266
85316
549
57448
48373
21020
30085
59379
1730
39178
71065
88592
10706
4720
68125
55331
14064
90157
84595
50827
42493
55315
87217
24908
28151
82965
79888
75949
55123
50267
71863
96074
72823
21886
4876
81656
93477
8459
85836
20144
31652
49610
68616
93751
99391
57901
22227
67874
23548
22184
82412
43219
5800
66630
60295
54950
87436
44453
88821
86163
9383
83185
59727
52534
84422
94424
42467
79276
35940
43717
94932
9727
95884
51102
38630
47168
75945
88531
47151
87869
36558
43020
95123
44471
62088
27491
58017
21565
95336
79464
62502
20794
32073
28412
22624
62209
90754
53865
81722
73682
90583
34235
49905
73341
18065
42810
31363
19483
66874
45292
63311
77967
1080
12315
28920
25288
61319
44169
3951
66139
56973
56109
31898
20627
59914
36721
81920
79633
50049
18263
94887
65123
77451
14497
89110
42266
78268
36943
34151
26301
42788
78379
46234
87535
19839
9052
46260
61136
16294
54505
62285
41717
97022
28906
35001
83453
86055
89495
93390
87697
67342
85694
44557
95684
60316
66748
90365
26107
99840
53325
66466
8439
24599
77347
66584
21004
53058
50590
56585
6799
43154
32869
50111
88376
5462
8385
27974
88903
87630
63532
11862
77190
43680
94241
20223
94181
44563
24712
77222
87124
22109
32680
68870
11507
61300
84107
98379
60186
24551
90438
88962
97003
76286
39281
33468
60571
94737
11586
13873
94291
99982
76926
91830
27432
58056
87734
6189
93103
71110
52021
99817
71854
15433
8812
72643
20867
75349
93173
79491
50342
5858
59457
32190
16908
64299
3
67370
48062
10452
17504
94466
56374
4176
78932
71704
57324
78451
2281
40772
23043
59829
17055
94315
11281
22826
99650
74503
95908
19706
40687
27757
76882
96720
15825
97827
90564
21823
76365
78173
2828
88740
1456
48986
6219
99756
71902
18036
85417
53151
50601
50519
30221
87500
93825
2236
46733
11872
32250
5047
4645
6887
88942
69338
10701
1620
29002
7905
8025
19915
41904
95205
70385
31869
67593
40686
57651
50156
62047
84951
9143
89537
6127
59862
49291
57943
4760
36917
9343
18316
5247
4101
30064
46411
37794
58816
3634
12457
77360
77177
61970
18473
74665
72384
44936
65419
74250
66582
91961
68099
32309
43563
33796
30943
60807
3922
64626
23693
74077
55310
41681
51448
62571
89931
75786
39328
93556
79309
85617
58031
90348
48678
3215
10357
91314
61423
43640
19931
87930
59361
90679
11957
1243
35619
53695
90607
29963
47681
69368
6204
96373
79376
55050
65790
16740
69236
20262
55283
72936
56333
78729
93110
86769
87067
98956
3180
95376
52458
19089
49876
67185
79341
7450
11414
79139
31541
38130
24253
59090
47302
17471
29201
63595
28342
68528
85615
13129
14646
17821
23773
38030
5816
43475
92357
44310
55218
17124
57057
68873
88881
26246
19845
72454
78478
40680
67151
79961
90277
20683
21244
89913
3969
18806
28319
73749
85009
80310
45232
71187
71875
76463
82322
85179
88702
25918
96199
69756
63702
83849
91088
97328
62482
28056
37566
39247
46990
64664
97215
42369
59506
23556
65691
37246
1562
89554
80590
2367
96837
11256
6565
82365
3007
68869
79716
2144
40284
38021
47014
459
63328
94990
69006
78373
32582
71757
19310
61404
89870
22199
9004
76104
88733
78581
98836
28502
97265
22778
84373
59938
22116
26764
9017
94215
17145
98577
41706
19322
2246
72908
23985
2656
84107
21810
16763
86193
97025
10342
50664
86689
78808
201
31310
31491
55368
35685
75885
68258
93774
9064
16345
5710
1126
95652
70625
54256
28853
26847
77415
89326
69653
97020
64768
18535
83369
50707
8002
47414
3006
30564
70261
7864
8469
2939
78429
42221
2507
11711
98698
94534
6868
71817
25052
13684
13011
15719
69690
39811
10275
19544
60529
44610
7461
51530
91171
76327
31876
30882
16258
45563
80440
67798
94703
2401
39109
68157
22040
41584
32332
88748
63645
49258
70855
24877
67113
35589
98199
12395
361
99388
26334
7334
70137
83727
12681
50741
9752
26934
11488
36461
74853
45637
28635
65838
70744
69827
28926
83348
19868
12635
92789
22761
8643
83429
775
78236
1787
50233
97442
21867
59902
9328
46269
91231
9216
28285
3369
36605
68516
90744
45651
32686
69068
87843
54324
42921
96876
7572
9960
87539
7815
37766
58394
92816
83259
55419
41486
61418
64240
76948
84771
44372
62982
99064
56910
71056
13978
69448
91064
59654
58889
23168
56050
15478
48804
87875
11996
65694
40486
20398
13571
72945
15756
94598
38308
40383
56559
26151
39620
60617
34759
51181
41328
43068
80606
88322
17221
706
58651
72382
21953
91644
66222
34144
49230
79756
76570
2200
80484
11711
6020
19154
38232
68194
28536
94689
6289
91392
33978
9299
51410
18441
21479
88821
10018
67337
52742
40754
72966
83837
3044
24633
71943
49265
60817
84831
11784
14540
79660
52433
92718
19217
11237
289
78343
48903
38543
71264
53051
35390
66327
65321
20010
54805
7758
34634
46569
848
97805
32691
40087
57830
92041
92568
37122
92736
5070
73589
95824
75608
25189
97503
56262
4468
90247
87657
24625
15255
6551
29011
66378
26706
45642
84241
76629
58591
6346
97504
68401
70350
95073
81752
14872
45347
55838
33889
94462
19870
12716
85659
4762
77542
77511
26735
42523
90910
25013
23209
22
73216
65558
62825
39836
17026
15250
61739
21447
90043
72408
85485
51973
95886
47854
16719
34259
15097
29214
47990
14180
72345
7281
19225
5449
69099
70431
30079
99760
24248
54285
26831
9499
48306
99528
99602
39030
60796
52057
96204
34173
80210
28244
86497
66549
46775
57954
24872
92804
64275
72161
62561
57770
45364
87376
21192
6295
39043
63052
71670
73862
13035
35322
60017
72677
90489
23821
19488
20552
45119
36846
65789
90683
37170
30775
5039
24212
51974
4787
62634
43540
91560
37201
12565
74556
49617
64413
19297
77193
89066
53007
9976
44908
71905
48184
42486
26975
20951
38599
95381
59366
18378
64883
13502
69481
48979
27428
24716
13354
91463
27609
7584
86447
84036
1661
26778
96597
17704
22034
63257
69634
78298
29365
93980
43805
46027
72868
3331
68201
5833
55121
62205
74000
89788
66706
40571
82318
81790
5955
23002
49455
34104
53896
56511
45918
92871
15955
62547
31265
47122
31479
53488
89054
90771
49692
19974
9905
79028
85206
75722
49995
29580
49604
17041
75451
50732
18057
18393
55740
89753
72568
77246
66388
15139
93386
80767
5735
80805
63839
52224
20389
65835
7780
47318
817
92633
66734
3056
68953
60105
16056
88994
79170
5227
70006
94913
66689
69427
16403
32171
18687
58801
92646
97138
24740
18542
18225
68554
41577
57445
46982
79223
4364
13396
79728
10136
82575
59098
15325
79092
61075
42331
51576
31498
82732
88109
87692
20020
34361
60509
40036
50062
2503
20583
6792
74930
75354
11823
53557
91670
10280
27008
69343
78488
37326
77070
82080
69234
50532
68456
54571
12491
55534
77038
46379
85592
69577
5279
5908
73298
27182
79519
78964
79924
63243
88341
54032
41157
687
25436
38081
52629
4652
85669
80222
89800
93850
83905
11180
56421
88734
71196
97773
51339
94273
70756
96865
78346
79491
43640
78412
87746
57259
72298
12873
23255
31805
59621
89307
24898
44577
52394
30903
4615
34345
82031
13654
52657
68836
55416
26797
93067
33801
50794
67242
90366
82274
46654
92791
12674
30943
52252
60298
79904
87850
2704
89691
15793
12415
97384
32499
48262
68476
97133
51142
27226
69128
51045
67507
7048
44003
3938
99006
38932
88791
43900
60013
77164
88212
24387
95224
70356
32412
57214
46018
20271
64492
43242
83638
64513
44390
50408
46511
70121
95910
54166
77903
3937
19728
88200
93665
47987
82590
69649
30421
37284
39181
90363
80917
99850
14585
14846
31281
85306
32943
16484
93059
29579
93872
19763
17384
99853
54843
81544
58412
25385
5987
7514
85922
18409
11395
49782
34329
17593
48446
25698
33083
17986
53121
40380
23381
34292
90515
72201
59651
60116
55412
86189
66535
68363
54377
55038
8028
64722
96812
6753
4651
18695
54377
27322
50628
59780
23155
99761
20303
24271
41103
97403
4864
47787
96173
70409
46356
161
40031
93190
27615
43122
13571
55904
93250
92157
64591
31053
22847
38365
61365
9426
67851
40509
23542
80487
42893
162
18856
47913
23736
36772
16930
43101
10478
72820
40583
48406
44949
97645
90983
68735
54559
75604
6770
20843
52571
55913
14594
88855
53685
8853
39264
63083
6978
50935
83436
91778
54849
2445
78742
30425
49078
25915
10831
78317
62517
94910
66530
3559
64845
85547
59256
5840
22526
91909
7131
6083
84276
50168
24697
49145
4172
4490
92314
80168
71426
64170
55458
33114
35738
89172
29287
90448
1963
75009
5576
87591
18557
85206
56803
86995
36805
63473
55952
65727
51733
21674
42289
46860
36254
54157
30367
58421
88838
18947
87739
55622
22077
56311
34730
99701
80424
83378
57192
3281
54758
13819
33104
32026
87094
74759
22834
96164
99035
4270
55711
97167
54683
79735
68455
55082
29840
86505
18378
1732
34823
55522
64653
56564
60550
50425
59790
273
41273
62554
99393
4575
70869
35396
97067
18290
70426
47171
96155
27722
60951
97788
14183
66000
46583
59499
85027
71751
89606
42412
68
57332
30961
3710
7303
91627
95985
23852
66532
78598
13909
37092
88163
37521
35806
26623
72902
14412
69683
69246
36018
33702
37590
9794
75746
91874
17522
21350
80184
11728
20520
58154
62478
21009
67427
70467
66281
71326
72971
98480
2526
11953
84095
88475
62946
73807
5748
40623
1306
76477
62554
52123
42652
96291
16444
21509
294
57652
68673
62543
65730
84967
39976
89896
31118
15466
78027
9762
36970
43662
86670
50494
60019
82644
40290
94702
7026
86767
71519
19482
54617
32011
72091
19503
41359
1528
50758
3109
33497
69168
37010
29319
30420
26648
30684
10011
86296
61291
98192
21927
73290
6974
25507
84905
79372
48889
61411
65726
21965
60497
94937
8792
94560
11053
21251
78922
57298
1815
48939
10603
64630
84098
58233
2862
86774
28742
93785
50670
96187
13879
36811
6129
71113
75475
68791
3876
39986
77240
52265
6437
77702
57047
1399
68334
26863
70555
60469
10196
25875
25868
83332
16784
30272
25345
91381
41211
29380
64138
1564
8637
35307
4108
49623
99576
58054
62823
77419
97213
92960
59888
30483
63399
26483
37585
39304
38258
70740
82269
5008
96455
26193
15678
26684
72362
97881
76829
8419
51331
1057
61768
13046
23899
46089
4110
92791
2406
34544
55099
24801
29067
49587
13074
1665
29485
24110
31394
12524
42137
68642
15078
11551
78298
46493
78718
6044
66874
98813
37717
12735
77209
39761
57683
31262
32491
57435
11073
46396
23596
61537
86193
53849
37839
97582
31488
35933
94414
11372
31254
4627
61800
10388
38967
31873
94088
71578
24740
94165
29248
51388
86225
6980
66131
77652
99276
8571
26010
6379
72937
38101
96135
3573
58132
72490
14753
31996
20379
65421
80364
50470
83921
49711
9260
64406
53021
44889
76487
74915
20785
85606
81982
48650
49038
73977
62089
36519
18873
43496
9408
13927
77209
48936
16632
58372
61382
92610
83474
34271
79344
57300
85728
81347
67661
90104
61236
11483
4359
36138
73209
47809
45689
32383
1370
47048
87697
41696
95490
88241
6335
38279
99398
59073
22478
58384
84199
10143
78175
13905
2696
56384
81585
35644
30904
85839
97133
13989
32476
64143
32459
33989
85814
24769
33265
97838
57593
45895
73942
19655
83649
82624
72902
23015
99868
98826
58085
21436
61930
79453
75297
11009
2728
71223
69382
3102
48965
81697
45744
64316
49994
53336
76902
43644
94481
4041
3253
87233
81791
6311
32498
36540
1050
89065
90170
68089
80880
7981
83758
20882
48402
62347
75400
22037
31251
78460
74521
87797
63004
64651
72450
96392
76419
319
58684
585
21304
49695
53486
27578
58162
26568
86726
44453
78422
70401
40906
17362
89804
93490
35646
12449
58348
34077
54067
77706
49926
7610
88800
27356
31587
8363
90120
80414
13325
102
74372
30898
96796
11660
957
60486
8009
58482
94612
13282
37671
73990
60760
75385
34274
85021
27325
47062
79983
84394
28229
41245
80259
85232
45496
75456
781
68048
99876
32170
82035
55788
89004
85146
19036
56778
58228
66279
66145
1637
62620
81891
22273
72999
69323
79473
42557
93582
12524
48013
8686
48322
49360
67484
38723
75727
70880
91564
65894
51291
27845
47639
11883
25406
15301
2719
3317
1855
44916
44985
81882
52191
53315
47179
91026
71161
92671
97504
71197
56299
28868
20438
11965
74087
51612
97002
48516
61806
8240
20042
27982
84192
14258
43669
31721
88228
68209
42581
1417
89872
88162
74529
66303
53782
94145
2478
57266
1023
19448
87770
49228
68842
61871
7973
19367
74714
72909
67708
60781
39063
11434
37482
74324
30745
41792
58013
31667
5757
26342
78561
43320
24743
95837
42366
78622
51581
62474
12917
28430
96623
96870
78983
29537
20632
7005
36660
94177
75975
35870
17096
73112
4483
4919
3704
14946
23443
74254
62850
48282
98173
84133
32549
41413
33896
45682
59248
47777
7331
56170
16917
38256
88060
7867
95919
15824
9075
3063
66163
97941
6300
10621
89286
93405
35392
13580
36657
21938
55539
59648
91811
13846
55074
4808
60031
17899
89489
17580
79832
4919
33691
87249
39146
10098
36510
22418
61734
34034
36134
46448
96744
30194
700
54559
70960
42401
16427
60650
74057
13345
4722
49659
88777
93056
73306
92282
35866
49263
37819
71994
22218
23109
4770
41024
98652
64069
64926
95023
46104
21616
50985
97174
97745
57974
36842
57751
75709
83693
7421
5418
60570
43685
91460
66497
61205
47169
4805
71039
63357
30810
22055
3119
77677
51193
29332
97057
31366
46784
87158
23357
31592
98392
2743
47778
29720
13556
20746
60058
8994
49681
98117
41162
91261
45153
42243
77108
59813
93142
17842
99016
28682
83666
74022
14313
99576
38062
86475
58985
11869
82682
53046
17591
86941
46406
39560
87800
16049
93811
61369
31834
61842
93423
83792
80017
12191
39328
62014
77655
70943
25619
58700
18390
77845
37572
9009
14820
9270
39009
75990
62265
68034
61791
63391
6884
58776
70657
28240
31610
23218
7949
23916
72652
75174
418
12601
58443
2416
4982
42557
79691
86107
99450
32011
60817
64031
25602
48533
53944
93590
2700
43005
29175
4227
20716
51833
13429
6943
66592
30450
55367
62725
83361
36079
90037
59675
7657
89913
90453
45857
20571
71017
20834
94919
68966
55387
3846
9161
69014
132
77966
79778
29296
42840
70229
91823
82588
68442
51421
72362
24701
38831
85340
40422
13902
54086
50813
33782
97868
25139
42360
32134
68265
23073
38625
19933
41338
30439
51321
40645
19226
13302
36389
41371
16007
89729
77380
68462
71334
75404
46043
2541
87814
91431
45003
46724
49491
3176
63692
40177
13277
79061
95388
18944
93208
98369
88828
45141
52629
82759
9785
57190
69781
7355
95039
42800
16719
89393
80112
98933
82665
94092
91127
59270
27965
57286
34665
657
78257
80303
53901
69915
85870
4409
98009
27759
74430
36425
77566
87135
44273
87311
64304
4647
67619
22594
26375
79035
63183
4089
27348
45495
33675
81472
64144
34335
14812
3070
10567
5614
18174
6113
33290
33862
62080
17685
78411
97956
37187
59316
57267
15332
37219
47326
8083
34104
29437
1438
51073
70494
63495
38208
44493
20262
81389
33970
8383
83886
501
53398
99734
88802
2983
62737
99499
1053
25389
10487
84684
36486
45380
95999
93431
57964
64983
54016
94602
47396
65220
88685
70877
47706
87310
57139
51144
70512
79476
34288
54924
20987
16131
73119
2841
44586
73242
57241
41487
75791
2078
10855
56148
91438
89197
68831
41541
38119
78728
87574
7623
80736
92115
85838
83618
9913
68772
10132
19459
85029
73710
10049
37858
85689
39656
50594
32954
38043
88362
41507
77430
42294
32707
66216
49557
90081
56311
46903
76637
85935
17456
7882
51868
81833
21446
39866
90667
32235
25062
27701
82493
27537
91951
94972
70925
61789
72865
72627
97559
63763
62014
59258
98213
71186
44048
52439
88547
8078
69295
92139
46568
35793
80574
34533
48457
42072
83949
20286
49110
40015
39516
63732
62233
22913
44744
41950
80999
60425
7740
84885
63699
21146
92456
10823
67113
41545
55804
75405
13579
88708
90974
9019
25378
45303
82191
36426
60058
79968
49084
13259
57914
66393
29176
39414
73780
46280
73551
45345
36835
27141
69389
20606
14018
7052
50805
74732
22513
45482
28474
71775
65214
98894
66124
56752
95364
13736
81616
81199
5486
47897
89935
40126
64027
76443
67175
2870
93904
16993
40367
93150
89976
67586
10622
1136
91207
50011
18374
95439
75390
83675
31028
83890
76685
83001
36965
11180
9840
96360
1616
12086
30665
47518
91210
41372
51458
53575
57035
35728
35606
15971
27193
87608
10475
9998
65875
20689
996
24306
28235
39087
28497
59319
43480
3899
62911
1372
84896
91976
98162
54986
54043
55907
84446
71104
65109
78514
85884
70958
11471
10455
78383
31173
57390
35538
48518
46257
5982
76454
23064
76912
48378
12850
66811
27606
95406
44055
97816
20666
66603
12758
50731
42050
16604
270
73534
25276
13883
81459
24901
1497
63843
76816
21232
42872
51301
53880
25596
61377
39557
46626
90471
79412
66784
94023
54527
9627
63584
74805
64293
1534
64505
21534
61344
61205
67385
88358
38066
36684
95093
97561
93903
84016
19196
15002
90189
57419
20780
39033
64572
60914
11113
655
74714
98979
73799
49231
49665
55319
21615
6960
8456
93830
79259
23712
83047
7211
19833
23757
26511
74612
55346
21285
6770
64087
5455
4170
69250
52184
62626
13837
24627
78492
85119
43681
91679
59153
14840
26648
10844
30957
2928
35860
98632
62634
6641
35419
6167
47625
48956
94673
9776
23653
27367
63494
62812
93684
96728
19113
49068
1353
64801
39729
78420
50356
38592
23183
36878
89460
27648
70649
84423
4879
94631
68332
92569
53793
48371
16450
15773
58220
83083
86299
63884
90938
14401
55826
82452
26476
99931
10777
86412
91103
18661
56228
36923
91005
40772
27609
67651
39157
79432
46293
6238
33068
95068
48174
27786
55115
47651
85322
2162
59350
68295
27688
78663
62774
25770
22070
82867
53336
22222
14549
9771
99603
89077
33872
64826
14473
60328
4416
16169
64477
74408
8942
86457
84427
10168
50093
5200
93091
17326
24013
19747
52576
12203
49588
11580
58590
62115
9122
8107
1772
41237
36671
39952
35470
25402
46175
20022
62360
59090
29345
96012
84497
34138
39917
83970
14934
89541
82167
45937
78170
46879
63912
21019
13564
88698
40347
40056
47818
61631
83071
57634
70656
74541
24911
18285
15783
89912
43729
46269
59153
38138
71822
48256
33830
12648
48273
71854
65154
81443
86259
8844
23135
44767
94515
38994
99298
55832
97723
33486
71789
72530
33790
29236
56998
10028
84141
37267
74528
38044
50814
35096
79889
47060
9381
41322
3203
632
61974
97404
69272
91176
99803
81287
66001
78874
66656
63241
6420
34490
73459
76446
85601
14346
67403
68447
58998
63658
36292
97904
53251
19035
89758
58313
14232
90760
6437
34796
3150
67715
68271
35560
32511
85841
64438
9323
55950
37105
62896
1776
35538
70654
7132
66973
89094
49961
94311
57652
13237
80234
61010
30265
52436
19501
28180
44370
64222
78576
78865
68916
19551
1516
85379
6814
94348
15618
18772
92974
36733
44400
79957
13166
770
94998
1600
6334
70741
2827
16776
35972
53622
88418
73834
2694
31074
83132
32
30616
51195
28979
14636
12537
58138
10679
12103
96222
44803
18544
82491
46841
3160
10367
99365
83156
70709
35786
44601
31475
96243
20837
56912
78317
77936
60057
98248
81331
73862
71445
67891
6732
71829
50843
76299
15926
55023
51802
32219
48149
7715
33758
56354
33379
39146
23169
19391
12310
91004
51869
49371
78735
3470
93987
49534
25863
76824
64913
42677
54860
50790
75436
20036
59266
47081
1686
41507
13667
74767
94072
93674
85572
238
91192
37621
54260
17834
3761
88997
47210
46622
67651
15343
33172
609
48007
80320
81893
15800
27226
80166
44543
35457
18077
75865
12846
954
96823
96577
45081
99748
92669
51296
19742
26576
26530
80938
28975
4529
83510
36984
93383
24517
13531
585
36205
48616
66564
97656
56636
56958
36236
53354
82549
49707
52578
89665
30418
34909
28640
55373
42180
20975
96414
8290
59209
96195
69542
53779
15611
49578
72444
7368
69337
17443
80810
30732
44229
71106
25703
22697
6679
749
5184
68435
83665
93111
98346
80453
50831
57203
21564
237
12880
59393
50136
42574
80291
24250
98037
67669
57836
82475
78055
83433
84333
86448
84876
92639
41675
38036
98314
74637
75058
64583
76411
9650
92491
52067
71318
44102
45007
62935
46228
91260
23583
66357
78256
64268
65607
33847
99549
6163
64790
39655
38226
7653
92121
99244
88752
61711
29442
19441
12107
99741
97188
76599
44883
6978
58391
51571
96391
4332
76135
76274
65978
32918
30522
63747
43950
