47348
75731
57569
19749
95599
27900
98772
86210
33036
94647
91519
71067
64244
51540
79218
66146
68099
4183
94684
9056
6855
39
11077
60561
95162
9589
87452
29811
27819
11469
69600
28552
23099
99615
27876
3599
59460
81996
78628
41669
5490
39673
52538
37035
37329
84898
37150
75166
2120
31690
24057
29123
3242
79872
32201
5443
96737
42470
91326
8753
78435
12872
71217
91211
93519
8473
60608
63286
60337
69178
90959
67183
95557
3726
35939
24260
97142
6626
39162
84414
1733
94446
14656
35662
86873
27104
5657
12568
30028
96240
29626
65822
64674
31372
28688
12652
28664
97210
38357
43617
88856
87761
31317
20135
4113
43072
7023
56243
76605
81105
86703
7557
29293
38049
82514
34604
22354
73564
53018
14610
99505
61362
91211
66273
55122
7299
96724
7220
46221
41558
7592
32485
5438
65139
23241
13591
88534
22392
59259
47868
83703
977
16915
60309
84467
73638
78376
89910
40602
64223
38914
12430
26017
69930
99173
59305
35787
79734
75151
59231
27684
74596
68120
58825
19589
94279
793
40445
69775
99633
26139
29351
36399
64478
8444
89415
67430
71234
10398
74274
75486
725
9363
99705
60570
63651
36490
19236
32351
37569
65045
29699
87462
75723
45053
64796
40970
92365
91691
35681
56686
23751
62201
17805
45141
75158
31485
22637
71961
68690
30757
78229
27268
45839
60026
59068
97033
55096
23793
72504
87680
25123
61306
1194
30570
34542
49165
20974
71016
78446
76776
62228
91855
54435
53924
32970
55421
19871
13534
36147
34384
5675
69809
20430
95653
19923
41336
18856
59771
56696
49669
69461
60887
93271
67558
19297
89474
72085
89134
99837
99431
98651
2515
61259
77269
6444
17440
74946
88323
62973
98524
94054
11202
63562
47720
22914
99646
58826
35073
17
21051
74261
8774
67460
55766
14889
28163
72813
21280
60221
28217
87353
84681
15388
50247
84964
96848
92025
31881
36745
54608
3539
17090
77414
95163
12619
18560
42637
86377
90042
87862
79949
92040
27565
29379
67017
33004
1561
84930
92549
45720
23462
82652
68023
19290
9562
32166
86290
48678
22952
1356
267
29034
47847
98760
28417
17481
54564
44831
15590
3191
16990
38755
69793
79154
64334
25076
73183
82735
45632
4193
85547
33157
81304
61286
75685
99842
23280
6587
40120
40412
13966
195
31011
30385
88353
56066
27157
14256
37750
85618
71196
55362
60856
63881
91656
21046
36741
80933
4295
98526
41031
41554
73885
28240
30873
92502
51988
12270
68299
2252
94071
38507
49137
35055
17840
77289
26277
46216
73984
90852
98429
89135
86661
38368
36543
12559
75966
85763
214
73694
67441
51520
59200
93377
17673
89648
78392
98525
17426
59440
8197
45520
11861
54833
33115
8824
98670
77454
89264
41104
75850
13382
39857
52414
14716
22926
97259
96757
8116
55633
31016
94258
47788
36646
35697
95428
79171
14437
10346
38563
9286
82255
95698
70657
50549
98411
73800
66936
15026
79744
54516
41958
93393
96271
64308
95876
8528
10230
58327
92143
96261
78382
91066
84462
17211
96320
40035
92051
91042
93698
42435
37251
94445
20893
20216
4032
44721
65176
39169
29364
76396
9157
13552
59222
68107
64271
32698
64594
83656
6921
74602
79469
60700
71845
93980
17725
66706
44321
12700
51811
36729
40636
75227
35908
20982
25191
14013
77691
58357
16478
13288
44510
38494
43718
35369
23459
78470
46340
5011
7798
43645
68767
17741
6279
54305
19821
67491
71918
25217
33523
95402
74638
56883
81318
52851
85721
90977
51627
53805
22174
68319
53389
97466
55772
66210
10403
61736
26236
78058
37115
9229
95333
60521
23339
25031
93980
28317
6425
96569
97892
44321
2870
97392
53518
74283
87688
64389
24902
41143
8510
10774
8004
27442
71868
7056
69394
7925
73542
4200
67508
19939
3566
86300
8825
93717
81915
53
49022
94850
54507
85988
25913
27361
23522
52018
51345
74329
3163
14759
26370
62663
63145
45708
59438
71032
61024
15467
67776
29801
60680
57917
48504
67269
18928
70000
66161
24870
80802
37477
28386
66919
67225
26237
97044
3816
15521
23589
74965
5393
23288
72939
44526
39074
71876
69532
76257
27997
30215
86336
84200
96431
27339
87081
64684
2402
90450
7693
14853
34949
94050
95751
11925
50600
23714
50065
86668
47310
23877
61863
89166
48121
66693
27301
77437
70585
91456
34025
45335
47538
8185
2003
54279
44743
54815
69264
23475
92462
43230
71742
97312
33225
90982
89205
46645
88930
77484
98494
9259
90440
51971
48944
95389
98062
60739
85065
13227
7995
70048
85090
58094
81804
50955
26047
72504
62562
95011
65692
40874
70149
41697
93263
65588
44449
81139
93716
28167
44893
15814
72237
71646
68127
72279
76701
95222
70704
29825
37461
94691
48994
13417
25307
60365
97287
90605
30843
95923
92820
15554
47903
28530
77935
82148
67938
8843
53353
38710
54104
93911
84629
64066
14084
25136
41976
2623
57165
31694
40837
69210
87032
50369
46216
368
47638
1882
13940
82368
16649
32129
53103
60804
57406
74199
66373
39371
99053
66118
96344
35556
12300
71715
33411
65363
10143
48449
18950
71713
64568
78302
76018
71109
71953
80541
41677
84681
31807
15910
95905
99535
85595
99471
47701
61329
22942
88833
29626
77749
51628
70863
62960
95393
47700
91056
79094
29460
50873
39841
57605
82757
18019
50220
37754
15564
93545
22899
60843
11013
44928
98076
16041
11404
22719
73314
62471
60420
88854
76
14678
51707
14818
34550
58512
68639
50530
85413
92489
79610
31439
41467
72445
12869
60080
49084
14732
42798
1403
35137
45041
56
95253
11015
57264
72356
30494
96417
20011
71922
35383
2112
70145
28008
63415
95170
38450
21358
40389
21018
80981
81560
49839
47646
21660
41798
98350
46077
75033
70973
19521
65522
11831
48944
6202
46025
38063
61122
23739
56591
72879
99592
9622
24551
91602
5972
38097
54411
47123
44350
26879
67818
63643
29131
25029
7116
53447
54488
71539
99925
52791
60014
91675
16198
25608
41029
37741
58117
53986
60306
49653
1540
68313
31176
50369
16175
93174
51926
61903
4934
36839
1121
3983
97855
86538
51534
47468
65877
89707
11931
77790
93381
35683
34167
58446
64898
85226
51633
72070
81508
70548
32725
89873
29618
43908
17508
33682
86943
45832
43341
70433
24600
89459
86006
68785
33790
86966
73885
5101
60474
50701
58073
64329
41897
31983
49359
67544
68160
98410
22171
30879
99994
8973
42802
45220
20579
5763
32898
33238
42298
99469
9913
94291
94214
43647
15380
40623
20699
17963
4694
84566
89159
63484
22311
18496
54536
62781
98841
66889
40025
41187
76968
53756
2506
84923
42862
59486
5378
81484
39721
42024
37144
14576
76423
97609
17814
722
68320
53124
57823
44520
46527
13346
94724
29503
48484
73817
55353
45520
24632
8238
410
46686
40778
22704
70943
92711
8634
95942
93638
9847
75809
42860
6290
59129
22387
64659
88880
30171
85172
98205
35876
62775
97619
78134
16495
93997
3946
33503
17432
8014
59845
13850
77593
85409
62206
32545
59180
63707
20522
27681
60112
89482
40005
77233
14882
9719
74550
82970
56487
769
58632
18992
99302
89158
46833
21681
144
79647
96957
93572
13791
74495
13447
79611
38403
81928
98118
67942
49129
38360
11123
5877
26432
69685
80972
57894
55973
72894
7389
92333
32140
35236
34300
62323
98225
59888
32315
92997
97359
30150
83979
65398
57705
16475
33889
94567
78262
98625
25355
60462
22859
90198
78008
86531
39003
13464
60955
76135
1420
55406
80920
58482
16418
53248
56949
37252
27469
91264
61361
41612
55996
18173
59958
97994
35843
60262
26333
68918
25822
13761
83843
24428
25066
7600
86556
96884
19936
12734
14059
80834
97750
36314
72623
26130
74339
37095
9226
96530
10045
73848
78687
34881
38575
12120
73947
79669
67218
16373
15076
8652
23924
77510
9533
3902
56509
71418
80301
35543
43376
45731
59389
18690
19513
68899
93864
2715
28971
80462
44585
28889
39197
18370
24526
28932
29368
39151
54585
57065
6096
95405
23730
44506
40660
77087
40633
2695
41021
27989
11330
62220
39840
12980
49835
6925
64118
36402
17626
44449
5832
41813
93617
18637
71024
63129
89321
5675
18844
17269
30751
35133
75237
15128
36428
24106
93223
97172
67927
9149
88600
22249
94950
54621
49088
27035
80400
2866
79445
32839
9489
260
23922
37514
70578
85440
56948
30111
44787
70103
27861
29765
60866
9588
69993
68748
75292
11954
79369
76557
89235
25976
23365
53731
71817
69100
99986
79108
57631
49500
42932
68408
80670
88768
80748
6884
65022
39150
98682
52627
61914
53191
52410
87288
66885
90873
51356
45724
3018
19905
81776
98753
36813
65322
35924
40681
27577
42707
58337
56276
15364
10273
2479
19987
15172
33827
66229
2078
88588
9748
17536
67289
611
31881
90411
11585
60190
97542
26735
91647
61610
93437
61298
32461
49118
19875
67314
75921
15510
42733
29316
16593
5783
14139
14201
63144
89992
55307
82288
80274
46456
4540
19624
69545
19752
38486
29939
13548
55321
4099
37809
35574
84360
10967
53287
15233
35365
92513
84525
79006
64714
2243
46920
39334
7825
22379
63367
89779
88256
49194
5538
28499
84630
70860
20794
20358
55972
55927
49705
48972
52608
32369
16860
86563
89438
23023
5715
9048
74012
55245
72922
69487
52724
92428
41406
84518
76817
66938
98695
95835
10316
56853
49601
93483
81205
67261
90176
18913
91423
19871
30333
68408
98997
5056
96516
20523
99634
55340
16136
70431
74398
11077
65822
48095
73955
14194
2305
17238
70315
6092
76903
35617
6353
9722
189
65684
34403
92947
19668
79041
24796
18402
97483
3290
4514
98075
84000
48435
93097
674
82564
21709
38321
21193
57052
64652
59460
84332
66313
77452
92479
63336
69439
29857
48911
36173
89810
96025
16368
77492
7951
52380
1577
41956
56210
5839
44424
7259
17093
63719
96689
37781
79232
67695
96092
25602
58834
16777
60115
98311
71521
90457
50647
61851
81894
80297
56764
33809
89397
75979
59529
57760
82856
91556
62672
49799
98756
24976
68099
32825
94935
41179
59451
12539
13094
14471
25591
49802
43618
27321
58733
63904
10661
87605
97481
26236
18698
81799
72485
58106
7448
62046
47054
94454
68594
86109
47497
3010
88125
69610
48510
63960
48512
19435
11041
17691
58633
66443
10093
70805
22970
42839
71058
66516
95390
63000
70920
16501
30040
51260
61454
40187
72819
64229
33715
51586
80292
42784
87854
85568
32330
88977
95596
3586
32735
68414
36034
13619
42109
56404
80503
51268
85109
98445
58041
71300
9062
28232
27401
88010
65945
53591
13285
84072
37529
69780
14656
40495
7384
17032
97241
86678
46011
59662
1659
85796
37218
57277
15829
1466
8597
37761
82474
76582
44437
20558
40002
2974
42010
30577
93251
72886
16771
5660
12336
15859
87059
25628
81047
78201
35773
12199
45822
14577
12596
48544
65775
54746
53451
8872
20194
46512
16896
449
45497
70483
7195
37357
30099
95704
23721
14751
55485
16360
15197
74636
58717
91785
48421
71849
65587
96165
5476
93694
12024
69829
92878
49003
48315
61640
90982
7713
85306
65882
5116
89657
67379
36366
8867
80038
90406
38592
8383
51701
85195
67216
19484
26652
25782
65866
48196
13886
39351
81565
5462
9015
39916
33290
45444
59893
69941
98660
87541
12632
39753
24523
90175
28672
33557
85540
2034
68654
91769
18086
35158
14031
69596
69517
22632
64114
25744
8638
4035
16660
77506
84557
90491
72627
15493
36450
79824
94410
42882
9281
88911
82297
98894
52025
11648
77663
52975
5828
52014
21529
84126
15460
20118
61031
3155
68645
84865
51278
79388
9322
95950
53214
42286
35786
18831
53376
78266
53405
72841
95008
92990
57254
63223
95261
12385
68646
85351
56475
89955
58354
93594
59485
35491
47397
63495
94628
22935
69817
45494
91609
61410
86888
35671
364
263
10791
27154
94694
41167
25045
5460
26160
44854
89186
1255
86819
41360
30042
13833
49459
82786
30782
4291
59364
86583
14094
10084
53232
81136
56367
67792
43166
31984
2259
85397
29226
34284
66709
17550
60945
14128
16011
2107
66412
54618
9391
26307
71687
66707
73098
79502
97089
8156
26729
62072
48923
47831
51796
85602
26398
41390
41195
55698
64660
1346
36806
78010
40897
78141
54858
81870
70115
97216
60789
22121
45003
97860
82438
18744
32145
21570
95490
86064
24365
41583
76782
78475
89989
42999
57922
95006
99057
29668
3122
79816
83973
47122
92249
48897
29510
29522
77562
27063
95939
12150
52448
45213
25305
96344
51408
57461
57522
41878
30094
12780
45610
18062
63841
99286
22522
47406
9207
44360
33485
30049
28064
22387
89980
3334
52926
81977
98655
13090
19935
10339
7584
87357
58319
82738
19975
66485
19144
1024
80788
18537
10417
49089
77182
22626
28530
25223
90517
72119
5331
37128
49103
57910
15201
7822
83902
39645
40263
70974
6181
93281
78942
23259
54409
58402
51666
65930
69012
48693
94245
35176
60051
13790
83267
96544
38981
1669
85955
53744
59584
21767
74864
99387
33739
80737
78905
16635
36328
48713
82148
85205
61867
19632
2961
32267
14814
48750
3280
43208
94632
10356
60698
80506
50786
78250
95300
73072
56964
11811
85097
54257
1
28092
85184
54449
62556
75971
26532
12381
42793
85085
42496
14517
26339
66563
29667
99333
69506
50342
33758
2063
41077
16182
83252
21125
67836
46883
61736
59518
85887
36513
41068
67018
35324
81421
85901
57897
36154
35478
95152
11961
37364
42613
29419
93691
9985
1125
19244
34865
22349
27541
2965
78185
59232
20540
1238
55832
23725
55632
62313
6648
35224
65540
89567
13610
74783
27530
92438
16758
69842
90699
7867
67223
90018
73649
80849
95825
14929
22322
81001
79241
69938
30859
8224
7014
17293
20531
63486
75267
14964
29636
6670
48268
99769
21072
19081
29482
88904
30685
9305
25846
44840
65396
85172
90289
26159
45496
87876
42041
29931
21081
3446
23148
66558
90411
65188
2716
6916
72071
43912
6694
28800
19965
38433
16418
74475
45267
43277
57217
38486
44128
29218
18986
18605
53934
29991
65884
95891
90326
47552
80340
16268
13730
3866
67279
35788
77374
23886
42006
3589
2305
2848
16750
28753
69489
17738
19034
12333
6779
2255
56179
55893
97234
87462
23840
91941
53434
58606
72099
98866
60699
12705
34044
10697
96711
67715
91209
11258
95650
13373
12625
7296
18673
11029
441
29171
8239
72223
94589
50634
63165
72459
15860
23933
78840
85146
13531
3322
69649
86266
26298
79614
14697
90997
27457
78201
32730
14668
42040
19199
5458
83972
69234
63676
67895
10281
76717
76808
89944
37258
49931
45333
41901
46474
94469
89449
82545
4207
27755
96991
30405
36357
10922
90644
70663
79330
35401
1641
98654
24965
55382
27208
2613
49816
88949
63984
66999
27091
1721
44856
71062
14987
96370
21382
88714
97273
77643
77875
27830
16013
79373
89121
73143
19958
18544
21869
89615
63146
50859
81570
37465
16974
81928
49285
52447
74337
59186
18549
1536
34376
19885
82850
40765
49165
22155
47559
76898
95736
51806
92653
76168
94824
41713
61857
40642
1538
57936
14652
74342
22670
75558
92120
23064
89468
15150
95862
79816
76193
34995
96993
52491
47916
79682
180
50679
66572
85461
63204
68494
77210
94675
39228
75641
60407
43622
124
45486
96967
72030
42650
40635
93773
73183
4198
75092
30905
61337
47327
26887
83206
40639
11052
38558
70647
26004
25042
94337
47647
51674
14276
87214
67862
46741
56587
61136
51798
67731
14950
56333
48211
42953
8973
13589
25424
42283
91864
2385
72788
85358
12983
39820
9521
88508
97235
78479
46189
42245
70390
99846
13627
26229
3449
70157
32403
61042
84655
2280
43116
47265
34687
95060
68845
70543
88860
86047
70011
18423
90280
97808
52996
29741
95813
36190
34439
19822
88235
79117
71315
20313
84330
19680
23091
84277
11211
23956
87526
38848
82407
28196
96173
14097
45020
14399
33956
38868
44111
87393
61700
49634
19189
32850
46456
56007
53586
5446
17317
70821
49607
70762
94967
77656
24605
29508
9605
28398
88934
20962
34728
70968
12065
73940
64734
64855
38329
60927
72473
32770
38068
60557
73375
48394
73771
6796
2173
87867
16520
26733
58456
38099
99914
56422
50456
61161
21443
59395
41867
17371
26899
74635
29332
64859
38336
91703
21816
35895
99725
67462
20795
38076
38850
99118
76444
25633
62615
10066
7679
57529
59983
56379
76754
17457
48631
66778
57171
30449
20900
62664
71294
2141
50176
39276
22921
20261
64148
990
69265
8649
37862
35963
52753
73358
55153
66399
66717
16652
42498
18000
8150
1951
44793
58341
92203
39312
97600
94955
8039
18477
16614
74830
73884
63598
60551
45777
66815
19780
42670
63578
79125
22118
71318
69089
44616
41766
61269
13146
2827
32581
52330
79651
45368
33809
20267
36471
55097
7533
35826
42767
37370
29284
5704
75715
5710
57725
68287
36721
97010
81713
41901
85479
1532
23261
41167
85177
29011
95603
75675
82323
68806
59740
5205
26752
99833
87420
13560
64210
26072
41772
32147
37213
89314
49111
19318
32607
54466
92164
97492
32343
8511
55003
67356
46899
50448
44722
31187
51774
44810
58739
67321
7110
70431
57822
29236
27722
54352
38975
31288
53342
34260
22973
28244
83657
14052
31858
55635
80875
42687
30110
21106
58787
9153
53799
30112
20686
76664
44710
4383
52353
19316
76329
59840
89135
60882
79981
26316
34282
43284
26791
22355
55139
71053
96124
82830
39426
32547
61867
26417
89815
35727
67161
68869
25586
58350
44698
50817
70701
49903
49873
57340
64714
27113
22349
41403
39633
60022
50265
35814
5831
90930
54678
24994
87647
23597
89580
92394
64349
87368
69319
18147
57365
77771
12110
9243
42152
49131
33300
46666
6559
31290
35978
23689
16821
82449
35414
99696
18110
67421
69005
40802
3639
74091
72080
99555
94558
62762
89874
46541
16733
81764
26076
77245
42068
45137
1812
3807
99845
62768
9540
5360
22163
32522
2140
55990
1930
28075
89091
12344
27134
50840
71928
36420
60536
43808
62161
22350
37535
44015
75463
91668
46443
83172
34757
86775
94846
11522
75751
90736
34676
41033
75309
979
82676
21909
22699
17216
8233
11175
2132
395
89287
27101
72971
66593
56703
53330
84200
201
1514
88578
24455
59579
78793
58747
65121
82400
9836
3800
43914
66426
66377
8737
48907
54908
9654
16053
25392
80530
85841
96553
4335
37853
24702
63681
71499
72100
68521
36238
23184
85737
52481
55234
6505
16620
50418
22434
62481
5161
18742
73174
6727
46070
99749
83162
75813
71973
40389
92394
26472
20304
8139
4078
98658
96736
80455
75322
25683
44235
41065
72870
19688
60221
68631
35190
82994
19328
13953
45126
40705
78353
78676
71662
846
49245
830
51360
22511
15365
33510
32841
60366
4894
36696
68794
54273
36242
21642
40419
31911
28170
14139
89947
39492
31216
68381
44290
52090
81440
72913
48068
99038
88087
9839
43632
21305
77607
94399
30954
70017
87905
5788
86955
86607
22763
31631
6877
35395
29981
12191
46898
60266
41487
87108
68879
45638
27897
76680
65990
57135
34236
93467
17267
13235
7729
22746
73581
40745
87186
42609
66814
72076
2779
47279
85270
55693
15980
78554
49881
32795
29467
71575
30321
92209
14867
25611
77912
64358
92608
41514
65526
9435
48901
29943
87095
91784
68942
86114
77972
3318
48383
73240
69961
35411
60531
32123
36982
76705
35266
20257
56657
42993
52694
58156
92543
43918
39019
10813
45664
82546
73136
72823
69435
64802
6686
43769
19299
6285
12782
93530
67678
88528
29987
10446
18395
43436
43440
95509
3562
94345
29990
9017
56484
38091
94002
21953
36128
15927
54473
46225
828
20948
1200
66401
77184
47765
88227
90877
57260
26
81716
13787
11014
91156
93374
76079
43790
55776
83337
19096
35642
82224
16387
5998
1787
47706
23239
48861
61027
95239
90468
4293
85830
36380
18232
97187
42263
10646
97309
34256
66880
81315
89842
12359
23852
18506
79287
44588
15465
73278
53232
36938
25400
67804
77213
33381
60642
17157
76594
58295
58128
20503
35996
86609
47104
74313
99732
1776
28447
814
88438
92732
27738
58968
48583
50254
66358
86654
94180
71352
49247
11674
30132
16478
91359
82991
91991
77283
86225
48225
70093
14185
17574
11467
47020
62788
93313
34406
29128
45717
60476
75576
40867
57342
57257
76405
86147
33140
32701
54064
9134
85674
48371
5936
14410
13941
91923
89939
66512
29176
39086
85622
79296
23896
92905
95877
49145
73742
69008
13592
20209
91119
56064
56496
160
51047
63496
23466
2977
40813
66109
82794
24800
4128
19642
14514
12009
50011
72037
75080
83771
55748
73522
58978
86658
11015
80388
97418
51832
38736
25418
99497
13496
1995
97898
32173
5591
41538
50913
78184
12770
65784
85573
75582
76121
47923
43383
14748
62643
59296
483
79964
58732
49269
81369
84676
16871
91871
52
11493
53984
67949
44202
51767
70021
48408
84619
32032
31142
44688
67113
45422
64903
23451
94569
65250
14151
963
48001
21638
71838
28091
47765
26751
12087
67023
2188
52333
56847
73816
76183
68684
39158
89222
74515
54102
5655
1035
55423
62956
99026
78883
87879
54197
94934
30809
94066
17851
11208
42050
32828
32288
2718
11960
82316
49474
37087
27105
80214
15177
57476
16315
12545
96341
85709
18831
62534
52339
34700
23598
12095
47076
56813
42559
76668
11403
16985
5799
71006
82380
59938
15886
58394
70256
38712
66438
95886
26121
21200
84254
15151
79944
15398
57583
10641
61329
31582
55770
2731
97090
88613
73228
39237
67862
99434
17835
88578
93683
42217
63290
6147
92685
69989
47486
77547
85268
72909
20353
53061
34051
21758
16466
36677
10421
93563
49528
54184
19616
86038
57955
53034
44248
31071
38881
41489
54206
45238
28425
25099
67272
75954
88478
81501
48944
79706
96745
2889
92502
82445
24310
45766
53395
99546
8992
57152
1811
19182
77163
47158
62211
18545
32024
72424
16624
72911
47484
72317
94302
53009
57025
37432
80826
11219
38299
4219
86849
66381
86228
25979
97174
57022
75622
78203
63867
82554
32054
98592
70697
30589
69246
8778
38753
50304
20207
31702
90190
48768
26629
65513
13414
94020
77072
73677
16972
78903
10058
52608
84898
73381
9730
61316
22908
7818
97768
93478
61138
12233
27898
71783
46251
67637
4004
85049
15798
58258
2196
65740
93531
70747
3927
96204
50367
9838
91008
48421
89897
23678
69455
98106
4149
51938
57957
72836
47967
89272
13182
26614
15680
96365
74695
44468
53138
90288
7887
63582
22537
78603
51537
67227
9069
110
85436
16982
55364
28859
90479
42343
8797
42065
17086
15587
37584
4712
95215
11877
55503
63581
87639
64230
82017
4901
86349
4099
49362
32836
83066
82660
59742
38427
35974
81741
88507
94643
53379
45902
2471
29849
70823
77543
57159
88219
6012
97285
47028
72647
31376
69692
13308
22555
55925
16217
92294
36754
4289
20747
3979
25498
92952
43103
52616
25254
67061
84968
85223
8339
52112
31694
61728
34246
79539
82653
43963
80022
32947
97036
32906
38074
94839
79803
41555
35501
75295
66930
20785
21791
78305
21301
16583
47781
36711
60232
46143
17871
38523
34826
31554
42880
38919
29331
45399
82526
26574
78225
81697
34071
17162
73648
91806
71814
77496
80923
57028
3014
8998
8537
97340
12864
67777
90808
89703
54893
31250
39808
60509
85677
4677
25618
26695
83563
62144
2350
23409
47743
87959
16362
61888
40620
45809
92245
55022
89717
13781
92208
56262
14941
41508
90525
91685
13601
29049
45441
27749
27885
51603
63482
16599
89487
56593
75471
14766
20923
74997
74785
77597
41785
7371
45489
45756
67022
44748
37576
67976
14087
49828
52483
74774
29796
58279
34573
96618
60102
20691
60143
45197
71698
81487
31523
62670
82503
28813
61046
69485
47824
61071
29630
21583
23113
54942
75658
32640
42248
81258
87657
12183
50825
6261
65540
52925
46378
86141
72769
62089
31740
69307
10206
32918
84744
76617
71542
85749
31997
52674
48386
98933
42791
45446
25745
37261
23031
40520
49913
40158
9998
75680
48209
95357
39307
92420
58391
47176
46583
44896
4156
68320
75378
18604
14320
63402
95046
98137
76121
27782
82732
99946
20420
45889
97985
99057
53436
48618
25765
35351
88650
45517
83765
19860
38969
90608
7572
48844
44825
79806
30242
23632
66947
24914
9036
25733
24954
66254
83970
77742
80046
34011
3082
66887
58389
97225
81486
98336
69175
25800
1147
36089
67696
39551
32705
37922
89342
86821
15334
9775
38135
95443
53492
95266
91911
563
56213
13348
66068
83754
83407
44271
36047
90404
33799
5201
45731
83016
18515
57879
91512
54069
18991
9928
71146
2909
34278
8746
64268
87770
40837
10681
79360
52032
15555
62688
45140
76498
60229
35854
33123
42141
94001
12900
17879
59151
89236
97799
59578
73863
75156
62117
49902
90326
40418
71495
1786
63644
72288
39544
84602
84891
33945
20024
98015
33075
68551
61382
38708
19891
88996
65360
7234
87387
29491
38847
68344
47277
64793
23968
42321
86545
7710
97083
66746
22105
67024
18347
99864
11855
21128
92252
10608
83132
30084
89886
23727
63087
99555
54088
50847
24755
11410
79420
29359
64822
9510
3976
8393
89975
8959
62995
68876
95630
91064
99041
98508
19985
52416
88460
51206
1595
76594
4326
57936
8227
35260
44310
84780
99980
99748
9118
54766
80251
27508
66264
22355
63219
49261
64413
85660
36455
29152
60948
36969
57714
71749
95939
55393
75556
46003
2699
1270
61858
35832
33441
43182
68049
40
48739
51191
27067
16033
29411
86806
59993
41587
92162
15664
77619
61140
69454
60262
24170
26504
56468
52169
20676
39881
44303
91300
88296
65168
633
91288
32140
44444
75867
24477
11665
33266
64659
52743
68871
78667
85069
5409
98217
2462
35846
39602
97517
37642
11518
31726
81997
48693
96317
62815
60035
52116
71950
77654
27017
16985
80271
64270
49127
7979
25652
25867
65556
32412
38107
45797
77526
80429
74251
13497
41855
13992
71712
56459
35685
62348
91074
96932
89935
78785
93188
61485
22118
84620
39653
62311
61022
11698
18072
30793
79939
96690
59616
47208
98197
36545
37762
31475
92142
13492
98473
50974
51024
64103
251
69879
83228
54932
75390
70761
61265
83943
74278
34509
89425
50408
20058
86293
86249
77569
78385
8212
95106
18249
59247
43190
15989
48311
49308
37032
196
86091
65453
48922
67827
86211
36121
85306
95524
71938
74945
73634
59033
12346
36547
88642
89819
57947
23176
79345
46737
44708
12893
89429
58930
34899
55225
53615
41367
12015
61665
62980
39401
29619
9775
81748
91280
43603
4977
10328
11434
70033
14703
25123
20838
85529
28745
30121
12208
29468
65300
70652
87967
61336
88237
59469
42384
10794
66214
53429
7370
30561
83917
63461
5379
98516
4113
9752
49761
33266
20853
99150
24348
31981
374
34211
58494
7830
26849
68833
72489
58605
73575
93218
45553
26929
4397
54361
92552
90924
56506
60027
4811
94480
986
79229
5788
66240
10726
26070
81268
5771
50558
15866
96788
18935
57127
25971
99165
52089
49041
77254
77857
99548
43955
3380
90547
29005
65447
87083
82176
42838
75535
34771
39234
38511
14863
76140
80310
79371
84812
35920
20843
92295
24849
40239
41707
26669
57478
43416
97383
16755
23454
39562
94458
58073
41327
82001
27076
95568
27215
44982
84910
2324
37673
36162
22203
53585
16169
17155
55455
47387
38235
74658
72370
84034
66600
88872
61703
2753
19076
36018
48690
93566
71958
3620
71777
76401
48399
80813
62128
61198
16427
5166
52631
77225
59629
61722
10979
55533
68146
5926
8132
11895
64651
83546
53795
48751
80752
37719
75033
43692
29868
90010
75825
3845
9953
44930
30949
45076
69482
15739
84516
26513
19734
67619
66212
38764
98053
81265
34961
78546
66625
9276
17727
17563
40643
97107
52931
13012
47913
83324
783
63838
29066
75441
98796
55005
67575
72328
78537
99722
17108
11601
16689
59911
33893
58811
89297
40556
50039
65721
4763
91641
33751
70674
29750
67037
24765
8360
65586
32831
40187
49905
47502
45589
87632
71442
32253
20276
59896
98412
96447
39242
30077
7343
92418
6720
94098
96418
43781
52188
1883
91140
28957
18009
24588
56472
66269
73236
91801
63654
51842
56539
75225
77301
86877
3748
96812
89303
69153
66496
67103
34756
81964
43726
66365
36994
47164
79635
23652
1064
22732
25838
37648
49275
61366
48686
89284
91525
44066
57062
18720
31835
56891
47495
40678
1315
68833
77049
58050
22282
71317
55506
19068
96827
47141
19505
74802
58311
91077
17492
85886
98704
91180
43752
420
66772
87418
79148
52002
891
58143
83421
62157
14978
47884
95644
83326
99425
33785
57281
30653
8683
71216
93880
80604
30310
40213
96443
11020
17055
28382
43129
80597
42894
64580
11908
54815
40587
4852
11784
98654
58002
12657
36188
9142
45203
88701
15968
2800
95838
70431
93947
78909
80217
5139
7563
32577
85505
89438
49980
20331
64301
11051
27587
98560
63060
25072
67307
90887
53602
22745
99393
56624
89124
75188
61241
24275
39378
32293
21104
49692
46550
12696
71334
12644
66458
33049
17981
57091
70101
92261
6046
30242
34925
18214
24331
35748
17276
21831
23242
42883
16692
65770
793
7453
9222
53959
9055
75111
73120
22832
12083
30387
82947
13064
76383
6953
87152
37970
64657
48482
65230
72422
69225
82029
63493
11033
70567
57211
72213
8465
87830
42565
53926
49996
1157
36865
42899
26636
77607
95950
51935
36183
73790
79097
7933
10421
10697
94314
72198
21271
17176
85258
57633
67837
53902
66975
98901
10447
6974
95917
87757
24362
17643
76245
84630
80792
49939
534
38987
67564
5824
1484
83075
37033
60599
26297
2426
30028
9674
46949
85143
3160
23853
15557
87719
81439
22941
2009
50759
92333
49079
65869
37941
91048
18568
95270
78159
60443
9484
88490
68847
73348
96456
39681
25534
65344
13669
4717
33232
96569
79761
90218
20062
2485
82700
81069
61439
15435
10634
7033
9490
92477
21321
35977
77264
64133
50486
30144
6557
54409
54899
58214
73759
40432
40789
14938
31386
77981
4335
7988
20938
20446
50775
15946
75667
11249
96470
18578
65431
31799
98925
21613
95261
4145
85107
59511
57330
30963
80038
45161
34469
20544
75507
23227
57518
10851
55003
9601
34490
26091
343
19162
36975
73367
17370
83382
38990
28770
9547
99019
36556
31076
45814
37802
87535
56050
51029
5571
31502
19374
51158
36216
25068
32734
9327
44215
81304
88089
72184
39009
21349
72257
97863
500
81468
38918
98863
4432
42988
87739
16538
8827
8372
18889
53705
76724
5263
57125
4625
27603
48911
45182
43748
97185
50427
55263
61549
57325
71166
17052
55795
346
49317
94353
21960
23829
33735
84270
34801
43024
31627
81827
24968
87085
34582
26205
4805
79052
56138
82384
20991
32192
51388
92504
57946
51670
42013
30353
32097
52646
33762
40186
18063
31858
66920
66260
45003
57180
3001
57719
29260
81159
15883
14919
65391
18524
25073
31650
1001
49714
55905
1888
48806
50027
4937
38210
93782
11104
10032
2361
36132
52422
71562
15095
72133
77821
66075
7542
47289
47855
41716
8156
95111
76284
29919
84625
51212
26385
37661
84821
18534
95526
61409
6883
44487
50848
42108
29938
76203
26675
51170
15175
24440
60940
78917
75937
68698
30467
86405
63628
16390
48661
58375
74988
89511
8329
13308
79486
35282
4646
26816
27467
10330
2940
56301
31246
83642
27471
97982
18331
28147
96425
63353
70738
48245
72273
17553
37991
26996
27169
34170
94687
92859
85456
18510
76094
39115
53037
38610
73712
88198
95837
28624
83469
17394
45967
17818
43286
23526
89570
90259
76342
27232
30443
5819
73520
91108
33633
97102
58521
86907
47129
44111
29842
70096
23022
23479
22091
51390
13261
82501
79437
33096
19856
93597
55369
65480
87732
63650
38972
16291
34632
50009
19580
68494
72801
38926
57996
60239
17280
83672
34872
11655
4529
74364
28608
12994
17901
30212
31187
28156
60842
90750
98557
76391
42198
63215
8305
71370
68601
23623
60528
46370
535
27319
21287
39732
31683
60408
14989
86908
24999
52618
16444
35552
51434
71600
84095
38992
21348
27534
19076
90414
1580
38279
96964
61987
98052
55429
6448
12493
1859
4961
43693
89814
66871
76911
11184
52239
75448
71525
27831
23980
9226
39419
43319
1477
35201
32800
1598
45180
35012
88224
65525
12136
71221
11196
56463
5357
80166
27688
82914
3760
77159
97641
97656
27996
68934
18406
75044
90987
74196
76177
43168
85838
72044
38743
37389
48029
99931
96129
28254
57896
57692
10379
75344
30993
85919
78480
61617
11242
35915
92769
2026
54574
4260
18002
37626
85556
99412
51048
88422
56769
11787
92114
48739
79029
1520
25408
6263
58966
20017
55891
92989
28478
38462
41083
58893
38570
20988
13107
6979
68336
19797
87695
81786
67385
44262
7448
92164
1416
12308
15496
18451
10445
9912
23598
55439
24496
14575
1639
39551
14693
67717
18390
23361
73310
85592
81040
17198
57496
88557
92581
18656
29402
39439
82074
90152
60264
34431
30215
87614
59065
60407
97960
81693
57359
6160
79468
17779
1022
95721
60637
64335
14567
29485
41218
25419
10383
18098
76917
90409
88803
5679
86408
74955
46224
3474
41233
94434
85027
98820
97981
31139
58857
24758
72373
27569
40593
74413
27010
21216
26203
87159
49729
64975
54074
88168
12972
52446
33704
5256
75832
43084
70569
90416
57501
8484
17317
58874
52316
11409
88833
84186
53875
41794
3798
42832
40269
79768
4558
70456
73300
59552
3987
16082
92137
72897
33302
36903
92695
24608
27529
71784
64261
10224
42170
45383
1926
6137
1844
79899
71676
21190
25945
97694
66986
52670
65361
69119
27997
30847
61452
15487
7039
44468
26743
86371
46693
61989
12425
34753
84000
59129
90979
36007
13481
71484
11205
74791
46320
30209
47599
56299
42454
90376
718
38645
30940
17982
62614
30169
15703
44034
9067
19325
14887
70918
51679
32275
93332
88063
40028
3645
28616
67520
68718
11405
43688
50082
49297
39798
75436
89323
9446
22084
68996
86118
89335
95726
52350
25076
91286
73387
64811
2944
65397
32469
17917
89621
7588
75687
64683
48177
38946
14226
29074
75132
62518
93006
34522
34007
62130
80824
12691
12027
93446
54445
56201
11178
60786
84858
41688
24970
37625
59574
19376
97237
30018
34949
47739
34428
82337
82077
3160
12276
12998
71953
63329
55606
84196
97750
80205
56220
53754
56914
76327
87516
20981
27357
28850
6114
31459
16316
96839
39556
598
99043
24651
28370
68367
70416
99362
666
77844
52879
59781
55364
72328
19916
91775
9547
26794
2798
43863
54432
7500
24216
47635
422
21100
11832
38554
14119
67587
36656
83075
44622
80249
14256
81422
5560
38548
23051
91398
48787
29356
80131
26334
36729
80562
22891
48255
66768
60186
33244
91283
53883
52027
63824
73249
15981
14677
57812
92349
17380
78925
94281
46866
39758
20725
78310
91527
65155
59317
46513
40802
75924
68970
67962
63809
65028
66356
70408
89247
49627
54428
96720
41573
73779
20574
30124
46423
45949
50294
5271
37068
11603
4392
88885
95716
3636
67823
21000
49339
68701
63930
6495
9069
19956
90814
11523
12842
844
41675
31859
57380
11726
74234
90228
93354
86174
43329
95942
53072
68342
46148
15228
24640
2204
74009
75665
82718
20388
65775
19196
76464
13489
84964
59162
49566
63806
68481
95534
16378
38210
26289
29537
1356
57215
88537
73681
62630
85456
16189
10716
57833
97266
22801
92191
55010
18480
17492
59085
6326
63714
32722
31407
6537
76704
35129
72919
98073
71155
31051
87547
20498
48093
78074
56176
56321
18994
7630
50452
86424
50068
18447
10942
37793
48571
60935
81963
51155
13830
2326
46106
68966
88793
68227
12243
16233
14238
23290
64200
65584
75982
52888
64522
6651
66753
27946
21513
91082
10632
42962
90520
5732
19338
49506
14764
16926
20659
62554
2545
92384
28728
75285
20951
68585
51303
95221
22381
74268
15194
16393
91672
17999
74375
32292
57615
89759
55595
4895
48996
89958
29406
80394
10007
53488
19323
13109
60550
1544
26193
61270
83055
29935
74954
69249
72301
90936
5930
92539
95413
57006
41828
69411
85018
31498
28360
2316
44651
20923
92222
86541
50716
8215
30969
57002
85383
80549
37985
48362
7721
95191
89532
55172
68334
93096
80957
99319
6852
26634
35480
73649
58473
76261
93399
45612
91307
78594
47389
9480
64418
100
66241
55833
50624
28271
10057
31367
71295
3071
79342
55925
69515
85473
53113
12322
4823
87059
6308
22854
35410
89504
27808
27257
30414
49377
22707
35548
11803
46717
74331
85477
38615
18823
95983
98641
12092
89549
44286
43279
79837
54509
93750
39546
16220
47682
58250
58512
70784
7889
97992
35636
39207
89736
7234
80784
37783
16392
91625
58837
58010
934
94866
10052
87566
5617
51834
2182
93388
35480
89195
92762
98992
94617
6591
79271
5488
5785
67071
68567
41975
86395
56813
33275
20793
29467
26881
64493
76726
89830
85349
31126
4431
26586
39800
51861
52294
67656
57059
72110
80556
46875
12442
58210
42839
17764
67438
21944
99963
41806
38497
89419
24021
8366
74202
18015
35326
30335
867
69439
20412
27052
4043
37028
94782
87922
94627
7004
68476
96530
28882
78625
89405
43776
88095
45709
28784
24108
71092
66943
13137
23417
56218
8221
92925
91060
58628
68080
36505
13120
67213
37742
72244
56718
16618
59831
87210
2970
88382
10849
85524
52726
76504
91182
15786
51443
7765
11670
12666
26468
5615
64277
29389
26055
11049
63293
39350
62460
87262
9895
7441
13968
21145
89776
14538
79532
62302
20834
14170
25459
28960
39017
5911
40982
49604
10960
87451
30985
23413
88451
59198
7581
47600
29595
35931
93477
9902
77315
40193
89254
25172
73708
93880
93975
51271
79170
65634
417
22104
95297
963
6751
9626
78095
23464
46163
66417
76014
86065
62827
18102
9909
59553
31623
79329
98080
42094
2221
34656
96473
55756
49462
45198
53082
10094
7887
63471
2354
45265
31735
8922
1348
61820
44158
13530
43714
59386
22995
48727
50816
45293
68750
99664
80343
56125
70649
21827
60283
54739
48252
17896
60170
87042
96515
95584
98706
62030
51850
66804
62370
28899
19016
74137
65668
48599
42762
8887
32329
60848
71981
95480
23282
79962
92704
66864
96204
76869
35728
50688
24061
48857
47759
98126
69418
28693
1753
67262
85470
88584
26933
56412
99364
79333
70422
78792
56201
32375
86998
40567
61267
20946
39903
25565
41072
85777
50220
18409
41156
60033
52317
56674
20693
10632
17209
55809
54878
45146
94022
97499
82319
64487
83913
39846
14243
60279
55758
15436
1842
14750
23554
78022
98574
52734
28196
23688
39783
66732
18230
24663
48945
17838
54901
27927
35586
40486
89364
87858
4367
69007
93735
22826
67033
65641
50832
61560
81608
62041
68955
20689
88314
49123
94605
29892
5168
72834
80119
62851
19791
84377
31969
53193
87806
57701
58664
30552
63323
41859
50517
86853
91708
1328
77559
20674
43118
32830
1035
73925
2858
87453
67555
69997
85315
48755
93289
31583
50100
49872
98659
91254
21684
87141
61007
74128
79588
15184
90315
6537
66457
84831
92112
40473
69459
1211
1589
27440
73081
53751
84
60378
79981
9500
67522
87402
372
59560
39491
94212
54272
28110
92326
80937
92366
44859
13395
96198
25944
63051
47317
13727
31821
60286
40457
35586
22764
51780
40193
21799
69329
25997
85857
2021
2510
85079
11508
71417
83656
98269
81871
67938
73215
39004
3098
99735
40712
22301
89023
67013
30867
36199
74903
47419
73661
18287
60156
59995
12693
11364
6261
1052
9655
48605
44884
45093
65813
48544
63371
61830
68359
85670
80012
28351
16772
76863
92693
80603
26433
76688
96688
50678
82116
95733
99316
54196
93546
69869
93052
86027
40327
19361
95778
70790
68175
96237
15579
36297
1050
5161
1813
26597
96058
61850
69666
76710
59177
21774
67629
63080
95734
95163
55423
68112
93471
60679
83645
10826
49973
70575
49034
23680
82807
79547
31194
43963
11990
39028
23923
47216
75571
43498
65202
82181
3218
71381
38632
12690
14585
64003
96057
17756
56995
55837
56086
27661
32396
16850
57436
3665
12766
95544
26490
19761
84742
30879
94160
8212
56256
19797
11724
80340
49781
30826
65366
70017
7392
31567
45687
52723
79572
67795
32893
22170
38495
81204
29313
21437
94331
46283
20766
52131
11307
96260
50778
99151
6465
2329
89862
20853
43245
74957
33319
8282
45398
64276
53802
24980
29238
98265
69243
72408
14334
94062
37413
44772
45420
33149
88701
40985
64426
56498
88270
9591
29709
39858
88891
66976
78523
34652
97634
28
74029
11496
62724
96115
17094
90195
88403
22757
9877
2139
20501
14876
76991
21783
99654
5302
70142
67204
63458
77713
73053
39395
16460
39665
86676
72538
26674
68375
96246
72956
30985
49553
717
8814
8757
34396
25043
55867
90117
84665
58254
1213
6501
5996
18315
30784
64696
58776
55056
6375
22202
38357
18647
93738
28005
49634
2047
58384
20664
51209
94869
25168
25005
50097
90860
84098
46936
28721
12726
81304
89002
61733
28994
47282
54103
13978
96759
5172
40277
878
86476
94752
89750
77539
26037
99354
77831
27220
59497
91014
91367
33340
21853
39718
29593
78410
37500
23999
70807
17531
64818
10147
36910
61944
30040
33187
19286
75163
35843
64229
18075
40535
55007
63045
90692
90262
30136
70864
32649
78927
97136
91558
97861
71540
69513
96719
90651
63907
7054
29955
57897
9853
45261
14105
4047
61677
36181
11032
66711
20286
15895
19962
45802
42450
24365
96924
67354
93038
20512
61803
95997
57867
79754
34546
82253
99180
87691
3750
84102
4136
5891
19265
72191
2561
40411
67398
34097
90691
28182
70861
57323
73890
61334
80315
63459
8959
26748
50965
66288
37211
13550
22150
63394
75439
33866
59021
41640
9862
80113
83363
13464
12929
5056
30034
27916
47753
19697
67176
10162
63019
3828
43229
88968
76552
95590
93151
88919
93292
25293
85548
64440
37777
27272
75898
48009
96068
22922
560
28040
24091
10090
20606
58968
95021
16528
51403
63449
76132
25812
40295
22409
73859
38895
8773
49348
31738
99672
29838
47576
20976
92582
13683
80878
79543
49755
52240
93432
25801
74692
93343
98891
66052
67390
15758
95118
20472
44515
35538
22348
26526
27591
79461
85052
19873
693
48993
24705
76101
44982
60411
68245
58631
77673
26020
31445
11290
35408
81512
78515
82735
81047
41823
59682
77189
69204
66155
56197
75157
45205
54126
21279
84563
43536
23128
24403
30750
24125
69555
61979
56630
3820
91417
59382
8311
28393
96039
41218
56330
83584
32503
55830
12110
33413
23610
17057
9134
77215
87447
56487
4201
1456
7582
73931
74145
4766
50284
5502
31535
69325
71927
54110
58997
74910
79642
77984
34580
39330
41227
85826
4745
3701
90211
635
29446
44298
69898
19971
9832
13617
20555
55426
97715
66180
33622
73103
55520
49292
63240
9072
98431
36669
39539
25706
80113
67421
33892
34779
82978
1198
1195
78428
39918
76715
77269
40489
86120
91020
35478
20196
72777
25802
90912
58902
4530
32727
94924
82487
50836
69617
95861
8452
72129
72782
35619
81253
78872
45017
72040
97968
16188
79230
50809
40441
37305
1321
50864
13816
84266
31658
44029
23198
95929
22231
97455
69581
26592
74287
72811
27634
67283
25552
86094
61536
22831
17375
18226
18136
39620
67386
79840
52974
17536
36087
36667
23432
45600
20840
80712
22285
60766
15220
86345
89911
52318
91857
21369
8266
11812
60446
39609
23517
13368
10156
84559
98433
81046
48085
31679
2991
78199
53924
97724
60651
44979
26189
98849
84228
79964
81487
2529
5075
52582
19543
54128
40243
96325
15507
63118
87481
92351
87566
74379
13308
71135
98701
3643
41043
45752
59872
66368
55917
36455
29089
99014
70727
30130
15026
29328
19722
29932
91110
13041
27813
77365
66453
90654
34337
51682
98835
63142
23513
84723
10500
7910
38516
1777
672
77519
45844
53263
28702
11619
21936
41724
56997
35782
30139
37449
16208
66610
87167
31747
79916
1413
7325
685
54543
21443
44796
78445
85398
7688
64823
42302
21152
60457
76730
10845
69307
32218
2195
91820
14487
94141
43767
22034
80869
93944
85313
56303
81488
92224
38321
82167
83894
10687
55933
48865
90854
25884
45157
63522
88317
87270
76688
67401
88727
36267
65405
48379
71576
92647
15022
4829
81315
61856
39014
18635
20338
36511
38610
72524
1209
34817
35727
60852
30756
34855
27020
5181
63604
18063
83975
78950
50195
11971
98411
30369
17958
7551
11740
53626
34700
53184
96187
92737
11653
13715
72171
55948
74716
25055
45100
29956
54313
299
19875
63061
52916
51135
70854
20857
92676
52523
69643
2899
94099
44222
21236
68595
50781
52416
97427
81013
19309
20790
13342
90695
62692
85322
95061
14838
38067
44739
67228
16948
69710
44685
71922
66339
86682
88091
34807
62987
62730
90337
39483
43629
95761
42140
90059
40670
76814
4545
93914
97186
99127
44918
23333
80337
13103
27740
8157
87971
23723
33819
54564
57469
12248
70269
43722
81113
75670
68626
38164
47039
90078
21581
26285
39964
25486
27442
57240
65612
50895
13486
21365
15237
12954
64365
85040
3731
84499
4107
11182
24428
85930
88183
21477
20443
15153
36227
41341
749
56382
4353
73803
92530
32255
71314
89770
68232
21622
37542
60509
17865
51980
31559
76857
26876
98906
72658
10453
9642
85670
63058
7494
390
17943
27093
21922
33007
90715
65036
36743
64252
67920
86380
98918
62641
14243
63943
5255
43165
41578
14397
62024
5966
41405
80578
85051
3950
36776
9521
39265
33795
2224
29388
20585
56870
19507
13620
63970
60727
11133
17343
51491
79284
51573
76225
20678
4499
78680
74163
40333
27169
69145
92362
78952
387
84995
34238
95101
57651
39686
63313
60835
20770
15394
60992
9078
98812
74207
51397
75948
80826
69651
58656
52231
87031
94754
41486
35550
52910
7638
46063
41812
10565
49866
21251
94625
54152
9247
14836
76877
90576
41674
24326
14904
6109
60485
32112
88297
32900
54138
88054
35764
35474
56390
82933
85369
98846
61483
62777
90910
15114
99289
84135
48917
71656
31899
85079
72093
74552
81290
93454
35017
72474
34053
75302
98543
60252
59682
60117
14031
22766
34065
5483
61544
29672
55423
76820
75282
57122
80566
69197
65333
56432
77756
93876
89955
26009
17557
70812
44203
45685
68086
80837
49499
29163
63313
92747
21408
87688
35170
83562
4447
7662
96015
72419
22366
54877
73640
91919
81824
50562
46607
96345
70859
39861
70906
87451
45376
2797
34527
37706
24825
3287
79587
58109
49226
1697
33589
96164
56888
49354
74057
82581
36614
20847
8418
3057
75559
7388
95563
89683
55804
17397
1312
74337
73884
30139
73048
27222
99615
66288
26222
47182
34645
55921
36214
60481
3203
92365
70403
45655
48734
80760
97831
9590
60601
70695
12764
97185
79031
47054
15156
19799
95279
22375
61185
8611
49376
89691
76374
10707
56864
24585
44449
91463
13789
42376
43569
74725
4808
6275
31882
51395
39888
68745
33363
22509
14440
93962
5922
98783
12770
21508
87030
17314
63597
55536
42694
82537
97904
84965
753
87291
65597
10623
891
5796
70834
26126
71673
57780
78978
82709
98515
11784
59532
25775
21846
15683
14446
73178
93502
66194
46819
33311
21624
99416
81306
21905
66944
72553
90364
19911
42791
42522
85927
43947
32762
55182
21113
70191
76721
53694
80850
58711
40800
11216
53515
59369
94842
16211
1537
8916
94638
55106
92539
12269
87424
38539
37290
57174
60325
54128
87663
92648
78148
6298
63393
9423
18697
91172
17297
15294
15317
89109
55001
12856
349
23010
59165
64704
85946
64636
72882
39248
11895
72415
45812
69821
48270
47253
23453
3525
32946
66348
76563
64539
93839
53154
64225
80929
33814
36603
98514
22155
54922
66356
5643
54875
63516
10183
41138
75876
42663
57451
47743
38177
75052
47456
1857
62144
93705
85396
23665
33846
94094
64835
79229
76557
8382
84633
34582
95673
26327
85998
99798
70804
1913
6579
82408
93996
65371
33647
28739
97229
46316
85810
96475
45644
33808
54333
22983
22420
48162
28026
59704
23894
73251
28107
29467
23979
22416
93693
8296
60699
7335
71859
53228
75370
30762
25150
24385
43716
48425
53300
31831
88250
13085
8492
9669
41271
8234
24602
33790
92096
44947
69494
67142
78534
8393
79290
69164
64106
4233
39446
48882
99201
20502
14137
75220
45033
84105
73606
1707
36033
58547
86385
92008
6961
21068
71256
62664
30909
80951
92580
12174
37285
35792
16839
78705
17512
7529
9614
1765
40613
64216
61123
48403
95716
16031
50766
77782
71556
72500
19548
92611
94694
31426
43926
57889
445
42983
85729
44760
21022
11016
29192
18033
30934
67970
41360
79536
35331
9108
84557
82936
30244
41588
19614
26332
20321
99876
5365
9558
24502
56951
53737
52690
2598
24434
34475
19150
47538
6843
71320
97358
38135
33325
33728
14819
96230
66801
88834
43313
19461
59972
73829
26885
43905
66998
61491
97226
44711
57555
73285
13239
27225
91626
28224
23233
79825
81752
22384
12442
27258
20445
36851
19985
36896
78940
45321
86357
20213
99944
90395
88154
9637
40880
12690
16192
75818
91946
97996
21737
14287
92899
5442
529
90717
84089
47648
55188
69039
17410
88935
28090
73211
4841
48852
47681
21733
36266
22865
46131
10875
62453
46835
16024
68841
53387
86072
12914
92159
62362
77913
9033
88516
5370
88431
31753
47848
4943
45325
37131
44287
56366
22711
84550
55499
8600
10593
71115
56453
43057
94472
48626
87559
3973
22240
60765
75526
80557
95061
5901
14626
55203
671
59869
16432
26825
42494
11298
86338
94873
85533
26273
6886
30899
30564
16898
52198
82840
22838
60053
34694
69859
84085
74102
99167
47620
45166
55628
63288
52642
80413
55886
50247
54389
36337
85045
32226
63246
99095
31123
36822
84824
64490
21075
89083
55188
18674
57309
40032
48555
38939
10918
66875
32541
42689
57754
39097
40713
87007
62836
26340
60895
89371
7242
49134
15382
75036
47562
66439
65694
70991
32080
90404
53714
99851
13935
84597
73257
64900
64727
37426
65403
11063
5796
50246
33022
28855
15206
94027
46191
23605
30623
2566
42591
22768
33759
40715
44035
42060
37988
51793
29586
46205
88558
51666
53764
28009
44352
4233
89480
76623
64990
63896
24638
27289
36065
3342
70454
99823
89117
4232
19790
98831
33797
86146
80067
13295
48573
13493
82879
6547
16412
40960
49922
95735
79043
67030
22156
24933
54177
19395
78513
38108
85657
84925
89061
13058
73096
93939
40280
33080
2093
55546
36788
50450
59243
33703
39191
82629
1405
44753
45815
59534
29291
94906
67739
53133
40488
48859
18093
5533
65761
3559
41847
75528
51769
5315
33099
63696
3268
41256
71764
53117
82037
83073
29272
34547
498
1114
96801
64997
69565
55640
47700
96149
80653
83289
10344
74665
23619
55324
49443
13212
74544
44829
27807
46416
98818
49517
8182
70464
98984
19146
14396
46897
54765
46825
99671
83693
41287
808
69108
8998
10248
27665
79659
9614
57724
51506
7590
34728
52826
9003
57484
43433
58003
21151
34080
66486
47109
79799
59403
3597
23733
2
79834
33952
80241
36895
49704
46518
33637
47794
44048
55305
84494
16960
23571
55608
65129
37436
88254
33605
88177
16387
19287
63210
12739
19423
42953
4309
75511
3181
41940
59901
9288
32773
80414
51459
47745
72869
70580
80357
84786
45463
23397
23219
43946
19532
10444
638
38869
88474
65006
88241
87830
42951
75988
65414
81870
92569
87731
72765
82333
14540
83206
17592
65834
77142
38749
393
50238
93102
92578
94142
22772
43977
80199
98626
23056
27729
78315
33049
4370
77168
11680
58273
66429
92899
55696
87280
51996
52369
24267
36841
87168
32092
25878
78959
23809
16272
69980
44093
75600
11179
42187
70531
58663
55052
9929
31879
39721
93416
82029
6154
14834
63199
54511
38942
24898
6148
97265
59840
3959
25736
12113
35409
17997
70216
64594
81823
91688
97565
88799
51260
78622
53969
11753
79317
43777
18001
24103
35772
17252
86452
89442
17086
93311
67078
79613
15985
42109
31190
59070
47628
90153
61693
31458
31828
98697
59290
73678
15862
53668
29416
11777
66230
54036
50652
22686
19682
43330
6772
28746
93741
56077
42504
66043
55502
43335
40483
15221
4863
80171
82719
73386
91808
15820
15432
60097
71342
14950
29746
15032
57336
36094
96633
18186
18055
15969
56991
7356
9255
37174
62323
78496
82346
32282
89721
85989
98803
60940
43987
373
48408
86417
5683
11566
17023
24345
96396
87915
10568
21792
10293
29515
97762
69225
49271
12571
99748
56784
44026
47742
84990
94491
93817
81115
21616
44278
75749
84358
11701
83268
40764
28912
30005
57419
72318
22956
5589
29047
59134
51409
22318
21471
50574
46508
63550
42739
38522
47046
19027
71828
71335
50119
98996
12965
39175
51671
46302
77431
28322
29017
12779
57562
3283
77577
23597
71813
51789
582
7229
27249
87589
51206
29666
98267
47316
63994
48671
35019
10679
4600
81948
43925
40507
45083
99251
66943
67666
83911
25447
9920
51354
15720
68823
74437
63860
34314
77983
69010
54482
35322
37886
25171
14376
99697
91190
30184
98334
34780
9647
98411
28900
40148
44358
68760
86404
41701
13674
86630
67731
18158
79604
5609
75014
55074
7956
62037
28457
74169
49519
37117
90552
30278
51784
36944
69148
87309
83172
6762
15488
10927
52935
91027
5405
83613
52704
27213
93030
48575
73579
78000
50109
81905
74360
84083
16956
31736
5719
13450
83293
24103
47321
562
10386
20074
83951
36153
45927
49975
62320
58494
73992
96756
15878
94605
22922
27724
74940
35593
66138
70620
7256
45236
37417
46237
99376
24032
16017
5536
96143
43478
13329
17635
27962
39644
60064
10595
44218
35856
66666
52059
29027
94832
97399
78734
91334
70560
90644
13176
79036
82173
7065
44946
56885
96523
87023
25170
40819
36526
77573
24581
77173
76857
70847
25671
9973
23205
73286
9039
76567
21987
82755
57695
69408
25334
27570
49873
90374
73390
5933
4693
52651
79412
78902
60596
73394
87640
78746
8177
14445
40335
99714
34720
30587
4859
69272
93761
36942
63726
79500
21315
84690
22310
46409
2910
65655
36866
322
97491
40145
32176
97090
69657
25069
54194
91820
50451
97519
27664
27134
90881
31087
91509
31132
58179
52200
48958
41956
3310
23083
10308
55631
31489
14720
43544
78081
40068
6778
61923
25208
32512
81968
88512
77175
59645
78531
32009
81583
90915
49345
35729
78220
86614
84976
81750
18623
69998
20122
29859
75952
26403
3709
16255
22724
56445
41568
94684
91285
13902
1567
77554
61971
18995
75743
72779
72943
33852
47941
87400
11593
52546
61204
84524
92176
18979
28736
9958
47360
77893
62012
93406
32266
31540
97088
62939
46789
55785
86301
30167
10812
69787
31346
93485
86797
89881
83695
93225
25000
53317
68056
32083
44001
34043
43505
52204
34336
28208
27004
68576
81319
28258
33519
62266
44255
23197
50652
76896
98690
51360
60201
21034
71289
71867
93039
56087
27599
73236
52802
98820
53726
52176
70478
62705
80284
90006
77733
53413
20708
78408
34606
54426
80573
50759
23251
53902
49771
78797
84116
16954
59633
84177
33866
59612
87285
68235
25962
80177
48313
67741
45599
66927
39704
24709
1329
77003
64461
65937
86628
37899
27163
43232
44738
54903
34490
77352
53933
3514
67038
52279
7897
41402
8989
86117
79952
20244
82431
40225
46113
69280
93442
90553
61928
31747
46171
73476
43906
89958
59205
61563
91189
30644
86865
83707
98349
77392
79176
96977
56663
26580
26794
88133
57743
73120
86364
97662
64902
7273
8808
34257
12888
70032
33144
74052
13742
16275
66757
45524
18761
24060
30122
82858
30905
75121
92702
78517
48229
87181
39240
18350
56115
21886
49727
60941
58472
30283
99118
8108
31062
8056
40378
21318
17816
97817
51281
4737
41081
48945
44627
16604
98212
27846
83811
91549
47354
20252
41675
25468
97080
8284
7183
40738
19349
82675
24683
78965
14543
33678
93847
37496
22757
7735
11616
16926
8079
42796
55970
53739
47087
13650
92644
95132
59582
26312
91423
46937
50773
99591
38526
18373
15029
39624
46037
47477
37666
8256
38850
29422
81882
22902
3666
73249
54152
96477
16815
50682
2514
29400
45416
47022
30634
5889
41915
79419
45943
26680
60735
83633
35086
2523
841
42190
5820
61688
31828
50120
58909
70362
99671
91322
63049
62411
71022
81034
5300
66027
82652
45316
99708
24872
13441
74000
88644
59156
56504
99914
61596
47271
917
81860
16985
32990
4985
47775
3939
74217
4805
69491
89761
43232
9739
57384
54433
40409
24760
13786
5517
51132
64578
16857
74003
60002
76911
32857
30132
76012
7525
31283
57507
50633
56468
51158
3307
98508
57749
39680
14528
49566
9002
94487
92458
72753
50725
38788
10272
59558
89804
87071
34912
65119
61663
4859
13437
33835
82031
39264
39761
70245
1421
46694
54124
93822
88329
28938
15253
33014
69814
82035
38709
65710
6463
26909
14891
56490
52861
63034
41318
82277
93183
56646
30513
23285
2798
1506
73272
70549
52396
36623
95491
45633
77277
31456
95811
3981
74930
84837
39061
89371
76247
7283
35123
52258
86669
27566
52700
48172
89982
53065
10260
61529
61584
78616
92190
4124
47415
27566
73206
1073
77081
28440
35696
53895
36908
37023
20031
51650
26779
10682
1016
19123
84626
6821
86126
47975
37550
63299
1158
66242
11008
48295
25707
37368
58180
19575
95876
41269
66848
58905
38136
20529
79712
81706
17052
50931
88569
37826
7796
33217
85411
94934
95971
29096
67130
57685
15945
27533
21224
88414
45621
32017
69124
41045
94576
94867
72586
54545
59863
31563
48656
89661
67623
70880
62727
86906
19887
83172
10679
14586
65667
53832
8165
26631
22715
69827
50637
95367
73891
40322
2101
29671
39327
1640
18507
41465
12260
24529
31946
15440
85951
13958
54890
31885
38380
92926
21974
16496
68417
91921
59063
1307
84797
92585
38388
37002
43731
83208
43660
3875
14445
84837
4239
14952
23930
75809
8330
35476
11969
30580
48001
24217
64729
72273
64734
2656
72395
62789
38411
92734
85538
1369
12451
13000
37248
65776
80144
37579
54917
18399
16071
98725
31257
7810
63269
72658
97855
68036
33048
24761
17276
11109
53018
32177
10239
60226
9382
10730
4701
35701
72219
28096
92894
26528
65730
94943
35918
88013
68435
50993
11953
22260
84861
76947
10341
55368
84606
17128
90612
5446
74889
90622
12488
37383
56235
30174
79414
82453
36944
86634
89068
1751
40902
36378
55527
96015
93319
43843
1451
21320
94201
22639
54726
40734
92358
58037
5286
64022
83051
68118
33743
2759
60968
27481
47671
76003
43240
17427
12068
91449
59307
51571
55774
69294
29491
585
89989
22266
519
91819
31669
64975
81371
23997
99719
60165
37630
56423
13323
39099
71249
4502
7154
79496
69733
76524
16599
36116
94745
66311
48343
18106
39100
8930
12304
83741
26234
95264
27895
27362
37981
25245
93153
73223
65562
99598
82356
379
14801
10810
69222
53705
33967
25593
41917
68892
28600
4827
62204
88762
12633
40258
52811
5290
5423
76586
71246
19522
5621
73854
22349
96550
76317
1222
67270
22646
22904
5277
95986
314
38983
97902
31121
9609
81511
53099
61881
55684
90554
99499
9150
68752
83014
67937
11853
89584
83644
5689
69206
21745
30405
64931
5281
77890
95628
90078
38971
87884
56311
41699
78741
558
66543
94412
13108
47291
14455
6409
81749
18756
59029
47420
56904
84522
70689
92888
25245
22713
98360
26427
74192
33091
92304
94817
2919
20239
34155
69786
63626
94225
18362
14369
78988
8784
89828
87584
23353
57333
13701
26806
60506
23650
27204
72692
15060
60211
29138
29680
80606
7201
44801
39347
61533
56341
88231
74987
47119
97221
35417
87144
37251
65737
28507
44948
63512
12692
26000
47349
46409
3222
49870
4663
10832
43787
52115
11284
1645
66232
25855
90362
35304
76744
66105
47742
22256
81964
49907
70583
18551
67037
33600
59921
52370
69352
29398
5687
10256
88709
76145
78022
98297
5937
7944
64653
98468
85761
29493
30337
22466
76839
76139
98528
34606
12754
46931
1901
46708
37975
80911
15435
48496
38024
38716
45543
68171
80461
6901
45661
46461
66972
63267
48048
70928
20744
61068
53214
95991
1500
12103
72977
91254
64233
17090
3119
77396
61059
70311
43871
19519
8648
47469
74539
3152
60676
49857
6505
55218
70347
90847
67245
46951
64028
31671
2141
67648
63957
72322
38657
8776
17873
76416
25906
6017
24439
73985
35772
97518
44396
89381
33995
36034
43486
26780
19635
71036
8564
47700
1847
22692
5333
7926
85546
35989
89273
60930
89770
96440
81760
19851
3601
91851
14814
69876
63525
62005
3456
62970
81826
36014
17065
69111
9776
14190
31765
96024
34831
8649
93072
7049
45121
97923
7731
88626
36211
80161
71494
27586
10718
91122
2515
63922
60259
95792
97389
67328
96098
87495
48104
22002
25283
31191
26733
37837
74311
5319
84579
39807
39200
54088
22850
40586
74591
99810
26029
57173
53105
87553
67241
6515
8507
19480
57040
74324
13040
40483
12787
72302
34898
92464
74698
87531
9582
99301
5423
18739
23177
96317
86123
85926
72262
80718
20836
6120
36809
93300
62499
47138
94681
91888
63841
70520
3327
6254
3279
82954
99306
45616
74073
89103
34748
67147
17745
93162
21098
23160
18244
32513
78590
36795
72966
53067
30498
17640
13119
65994
23915
6679
67816
57318
65725
58755
33375
31947
71168
44187
72389
86405
60226
37325
26657
64705
90446
49207
9501
96109
98698
88441
95617
4979
68165
88696
30685
32083
35757
29331
3325
66264
65566
20904
39523
18156
74614
28389
66511
24170
33248
66584
62854
75548
35179
3865
79286
849
29288
8293
4003
94071
36104
94967
45362
31644
76242
14368
3035
3014
49616
42943
24348
42534
81389
17304
71423
7719
6446
98190
40241
56312
20596
77297
26169
7944
21660
83322
21255
89374
83739
66752
71941
89244
28628
89398
79290
88912
12586
58668
75309
44283
96481
75301
59075
76287
92837
20019
35631
61971
87679
2994
89621
51087
49017
42893
38773
84998
3088
56876
6289
72484
540
34450
70644
41635
91368
76001
79732
69670
77695
63292
79199
42339
17194
91571
84929
94223
707
83125
56618
31377
71352
61675
43491
88636
50465
25665
83527
89199
86733
12774
5621
59080
27880
29984
96603
71852
73479
3422
90491
77184
11781
39068
45974
44456
45861
78069
78466
48381
56822
56828
41569
85754
63674
90056
5047
87660
98356
92116
1012
33522
81381
71758
5736
85984
7421
7156
9614
18500
59651
12233
16664
75484
14004
27154
70904
97127
18102
31320
82657
27763
7410
94389
257
26646
39602
78260
94306
25549
430
50278
2815
51486
24365
53713
90481
98263
37843
25463
83394
96858
45762
65765
42853
60212
7753
41971
66816
6773
41672
37515
84135
14770
44391
46460
4639
66198
64487
38153
75063
34969
33112
39081
27635
68450
93832
80668
96440
46192
94422
22352
26949
48584
85700
91620
6208
46890
35139
53811
98639
76689
96816
74122
10676
30060
81690
2068
41573
70882
7026
13501
22181
72293
69281
90651
19007
28751
49207
72614
24299
43903
51280
65512
34618
95457
89229
33860
55970
66696
81522
48108
51282
88388
36439
48073
67438
1788
13598
22900
42646
51462
52450
77242
29400
58807
44816
94016
98053
69209
83853
91149
38839
75449
9225
17285
28855
22520
23905
12413
85561
96346
42309
74268
55815
75764
20853
11621
3393
80834
98013
93826
89475
13702
26558
39416
13497
91415
95325
26130
53555
46797
28934
85564
66498
49151
19308
4638
8811
30087
74020
8697
96207
62312
63029
13320
59858
38582
25444
28075
59247
85738
83770
72876
68661
30921
16152
13267
44524
73074
91276
15438
81028
68195
51410
16365
49012
22328
22049
81106
43675
58967
63282
3145
95875
84746
87639
65745
93395
20945
81325
75630
30997
36446
8508
21771
91883
40203
11955
67193
8417
38619
96486
97576
84013
42531
50996
68824
98148
13443
27713
2992
92895
57636
34599
89794
50076
95404
47480
39618
52415
42912
4960
25346
28590
48404
94097
64615
15398
61571
9651
5965
27918
49261
1096
27862
77385
91841
92594
