79238
34016
71166
66422
64130
76867
71965
3233
17141
15098
54192
20005
73477
3835
87623
45743
70056
1070
10528
67172
40912
88631
54354
89130
95895
3455
27759
55193
44844
14055
81119
73299
49866
31628
14541
93109
47058
83463
66669
46044
34805
3453
53630
12460
92447
34686
97854
8933
23873
54481
66531
1191
10222
40330
53156
59444
36537
48802
29185
705
53626
35950
9835
94684
26548
80095
79260
82969
74277
85629
4738
65329
72916
73796
33268
2810
33973
13571
88091
3715
36748
39809
41496
4821
3714
49242
39454
9477
73200
41227
96500
18828
82273
53537
68107
60042
92544
16916
1578
6855
34969
46957
22030
42899
72622
49184
91250
3068
13136
99343
33964
2349
71809
84150
32914
73101
60047
34229
81815
4344
80322
23120
31925
26027
66765
13546
61568
25257
97386
22164
80518
74849
23446
61759
89561
17939
47039
37540
50207
61021
97362
83251
88147
67644
56218
54853
19781
86590
48188
96438
63310
92752
56284
58668
39346
33625
16535
64524
35999
43240
32984
459
97153
14092
2615
64492
207
49148
59446
49174
84628
28480
99904
17383
68238
16759
50954
11622
68008
60734
7178
76256
2311
66014
67689
65656
81593
81937
23737
35956
36394
71165
66678
88881
43101
47465
37284
49345
72685
51549
21198
72851
41322
11404
73621
37711
38068
71851
82430
83243
34115
40788
18945
53735
15395
2847
78736
25178
65876
35534
98622
64057
69405
91168
48709
56451
30908
28688
83785
18400
45121
49267
16554
8210
64322
54148
244
5314
23298
69797
44998
90006
73846
76129
44359
66769
97157
17776
84463
61883
94108
59779
63446
7911
25468
26548
59641
15290
43563
37393
89806
98127
78255
57049
93880
80439
85879
78952
72740
31602
8134
24785
98605
7310
74647
14673
33715
72634
31802
39846
33543
31633
51529
19312
2811
35475
46659
78566
82067
3655
8515
26495
39620
95828
89010
57147
87
81016
70197
5601
6233
52588
32152
89831
28321
12050
59922
59742
36908
96575
9205
57834
50109
85628
31643
62482
5136
77287
36737
16296
76370
55780
1207
57627
24936
53635
13548
52374
89559
73452
13150
74589
22323
26398
9012
2015
48096
8539
95149
97507
13339
79756
20763
54022
39703
17873
52190
22458
94296
61158
25359
87750
57030
17633
75175
86963
28952
44784
74677
79689
87670
50730
830
36391
50151
55333
17913
62299
45087
79189
70119
71569
68572
80557
81640
11557
48862
44555
18280
5144
72578
78332
14593
3869
23614
11569
80035
12875
75737
17116
47585
4453
96651
67895
62234
54528
68794
79971
61716
94421
29864
91738
84408
11193
81421
32377
47425
88655
33242
30809
35230
18032
85813
75899
14587
53823
13626
27871
45851
145
78005
39658
60913
93236
87662
67735
34818
66324
49007
91503
57666
56983
88454
50559
12137
6017
60434
61827
92234
35501
62124
16635
79936
7702
25456
81011
46102
20130
62301
16625
75763
90805
10638
46820
89274
70673
96132
7132
41187
9103
84443
68773
86645
37536
85650
80483
20848
34359
78738
97086
12953
20403
34282
36770
19353
19501
18171
83452
58195
40169
5979
18198
88087
776
24676
24162
23987
56184
7330
28739
75255
44824
30041
58016
82901
74338
85352
33474
9851
10602
8885
71975
12164
46917
13262
18108
45900
32979
64816
82897
70982
64793
62890
34716
88229
25746
12791
92735
2393
69565
80882
91422
30103
31217
67686
75059
25902
72188
76787
33016
20106
4215
42013
14213
28134
225
24170
7873
69860
99267
37235
57363
43254
19762
44111
65231
10106
88857
74254
60117
3550
51527
69855
23058
3689
95779
45322
85382
87514
46319
67319
19242
82226
9609
99218
7745
95685
98507
91872
57398
25539
65755
34830
57003
48827
7232
67604
70196
58893
47218
69933
12822
67274
82131
2004
21983
69296
44029
60989
45777
40531
74089
98025
16889
71670
48532
81613
85527
78551
9350
53137
93910
63566
80758
34803
70052
20434
25017
68717
29238
56661
34192
49125
41554
61172
88208
87743
27620
43031
55775
93350
96033
79417
92965
92311
76089
13619
78985
36474
18064
49098
81598
14848
36229
95343
57197
53572
64084
41403
85614
61371
42322
65384
50710
24288
94071
19417
33099
32092
78735
26172
26490
24672
71831
40977
13223
83810
16898
66203
30246
80972
51332
50480
75374
51750
35314
27027
10380
15715
54653
85437
91950
4514
5055
42652
38998
82193
8085
82106
76104
39770
22140
68285
44736
91896
91079
262
63874
54491
18030
43138
3414
73253
73755
20394
14304
57732
80412
71454
85811
76546
67523
6947
63482
43146
42590
33570
11946
14291
6015
66993
83764
36592
26062
89792
51498
35892
76958
74777
4946
49456
78404
18972
76044
66662
9438
32959
48407
28437
19549
49496
79441
30513
19430
37783
61388
17643
65225
90274
15030
16450
42469
9531
77522
29722
73955
32950
84241
60608
23984
13877
17033
53862
67326
87440
82532
88541
73319
41723
33288
27582
78553
15230
17398
87499
12867
98491
36798
32594
36567
86308
93210
87142
42239
78049
91628
92377
86512
76658
28246
96104
75186
94219
17496
6020
7268
16739
49779
11141
41621
54804
32438
9761
73660
18410
25334
76385
33871
40053
41758
94749
3014
51442
8537
79498
92778
82074
89617
86877
83695
96122
85193
4269
20865
3032
95510
78272
26629
62184
95659
80821
90635
62123
53508
19149
74260
19667
70996
40429
66879
38312
68611
59870
34578
34638
11046
59652
96187
95579
34784
88236
15263
62863
40699
64357
3598
49422
43344
38233
26144
24036
36283
39763
60886
40960
15219
85201
96862
57702
3570
60737
36197
4381
78190
93512
54875
20566
85986
49877
47126
92972
78626
95267
1639
77978
52252
16150
22963
93063
22634
53472
81489
42211
27658
95240
86843
23618
60906
4303
92101
1284
19925
93532
18171
18762
34896
86074
18627
20951
65673
79283
98328
12905
25693
5124
93565
74934
37447
67952
42724
49745
66120
30951
41621
72117
39482
88379
29526
12830
63150
75421
72278
77990
75535
54157
119
84434
11536
17076
36508
54090
70522
29357
31977
88972
73039
48550
18580
39597
21484
75627
62419
66154
29960
80168
55537
45031
50573
41545
87730
91196
72071
51227
58989
88194
10775
3540
82583
46321
83037
66704
53666
39911
21561
30395
99164
27697
47296
8034
62846
5193
92836
50254
4715
40811
80174
63480
68433
31060
98580
69142
70735
46990
70588
64855
5768
35463
33041
53315
74141
76744
63844
53027
36783
70998
72011
27023
80642
25333
23354
43791
13643
60248
53058
27836
6670
57054
3763
99162
54622
65671
17541
41480
44934
97214
1856
11113
16844
90402
87579
5969
21639
85066
54566
16002
46031
58941
89739
67183
83612
17173
1826
19147
19453
95769
68496
67484
76386
72971
86088
92390
75081
51634
80537
74908
55326
56369
56223
48766
57029
43312
87074
84978
75925
6304
35987
17893
17152
21983
97046
66895
56356
48812
52041
12678
68745
65528
46628
49735
46759
65956
36797
54740
95345
11519
29777
38235
37779
3607
77963
46514
10299
41667
52349
21148
56755
82106
89112
9219
5771
89745
61296
31025
68040
38168
11604
97042
81393
69188
38435
89702
31568
98757
5741
83625
54229
70194
48338
86022
57961
24343
483
33208
57251
47833
96888
3496
64313
17649
41950
16299
49804
86225
38816
58376
88203
86910
61696
42464
9567
6893
41611
37994
89077
12951
58027
41361
93357
12166
99051
26962
89031
72101
67022
53233
16468
42084
73934
24593
92574
83880
59542
98559
76361
28418
25514
46207
47750
59737
5939
3140
45795
12235
20539
63865
65814
13450
42132
67637
7047
28372
63607
22409
30307
8438
26902
74948
66847
92897
52461
63839
50591
92097
75469
32428
48847
70627
38368
30997
80081
3246
78566
65082
4091
85341
82983
46419
14801
78151
92709
78457
84860
51381
73927
78557
8422
23631
48358
32255
27849
66882
74785
15810
93408
41735
47532
74496
14573
12709
65010
99220
6543
51081
83153
28598
25613
89152
9936
21089
46978
92648
98791
11620
18176
29674
61787
22306
44889
71080
8666
5439
23280
48721
32066
26658
90569
66534
7765
33691
88972
80047
45723
67704
7703
89357
69095
24059
31488
79641
60853
5787
15841
25051
80045
23076
73392
31942
86780
91163
9162
75210
70555
29714
41474
56615
27451
19245
62973
73709
68917
3544
15524
74163
70317
18565
33104
99006
89926
20286
29966
57947
83091
47534
85350
64366
7911
14916
1329
74010
95693
14241
96692
31419
30630
45637
29272
41204
84287
53065
43427
31861
11204
22853
86678
97802
88756
8726
66179
84485
48822
60830
41851
1273
67028
29717
66924
32151
38401
7094
1957
61389
90805
53838
77272
4995
2507
86803
30412
77718
38982
80227
49432
37091
61283
29138
70538
18431
98346
26915
11978
86035
79700
80128
38505
62684
69283
98978
38155
22246
92926
43065
9037
15679
83302
62987
15372
59957
22058
11368
79688
17113
21774
5672
51163
7849
4258
73800
89493
45284
63022
78198
96569
99139
4874
64356
61690
14212
29342
45966
19017
61882
98936
30427
42920
37529
43471
90989
48249
87956
70332
37523
3529
76
78285
73834
51938
4659
25774
82075
76223
23843
32425
16854
4730
28376
17804
99969
50172
21352
23039
12996
97995
69105
6009
31238
83856
30530
49720
4523
87430
46687
1491
19914
13497
94903
61803
81179
83132
71515
38101
76303
85643
63088
2398
94563
89355
69519
25152
51255
26427
62547
66399
71959
48446
71052
11173
35133
17642
45706
73205
21023
65295
71153
89806
62720
22314
82243
61694
89952
44254
92627
61279
42791
79758
90165
21365
78917
28803
19697
51928
22778
83968
51994
54388
39029
36973
90987
69251
79977
13032
83833
36275
84022
605
81446
46346
6112
61412
50486
22341
35988
16778
4932
48459
38556
8175
208
85295
61642
76264
60618
39794
98535
79913
86569
53044
75516
40779
26062
15131
73754
12221
30884
61658
79089
39256
90910
3846
43387
42076
42777
71316
82757
62914
37061
23886
1787
29962
72359
77439
60601
43071
2269
75901
36341
78067
73374
73986
85391
90220
71576
15131
1780
43535
14482
11708
31401
35709
98763
48618
51997
87376
89562
82925
30450
96320
28634
37682
14040
90993
99266
88053
49056
9947
18982
10957
51855
5327
83095
60637
18555
8768
10435
1538
38631
29603
51749
92806
80855
70986
88684
37679
67756
40218
36464
51011
63972
77233
83813
79787
91731
17480
33420
62463
26638
93733
2756
13098
55537
98776
65101
71038
64503
47542
25016
16101
79560
72279
88095
28765
11227
65916
6003
63819
59266
44431
27851
73137
69332
97151
22094
77575
76365
55855
10330
16436
40870
37749
45866
88278
23283
35606
43683
78162
77723
20114
83442
38395
76077
54392
22572
17455
29453
95297
17143
87824
60127
52540
40812
38003
29773
34429
98927
76364
63757
34048
58435
67871
11247
17472
19079
99455
47464
33477
3334
3563
8500
50512
60874
50346
71558
97729
20158
82292
70659
57803
77525
38556
21948
89399
45736
26398
54305
26701
37174
73720
69791
39932
79077
31847
39134
19787
98503
97079
40294
25608
49612
27924
27045
66220
79534
99395
81326
88109
26728
7737
8655
91882
65940
70276
65109
77866
73560
5419
53937
36867
90634
15512
49681
2267
92328
3148
29082
39243
93153
24562
48086
64931
4538
95426
31801
86372
85547
9661
71631
14278
77060
82051
5857
74373
33001
21403
96912
68567
42811
71425
90332
92923
10906
36520
58388
86857
71788
18981
3115
42984
95249
8303
37187
93981
97197
26290
45222
66163
85912
14007
12207
95588
83144
7701
53230
8063
92171
17410
51871
9437
9305
9165
19828
18601
15272
79071
41803
82069
99980
69904
94207
35285
45690
70479
78228
37074
50798
62196
72254
49234
36829
62276
6714
3453
65877
79604
75384
14672
89767
61276
23162
87061
63987
19325
39321
97440
99982
21053
24165
13029
71656
71615
24237
90843
54483
34385
55430
30268
92534
33993
35895
21288
4559
76484
92548
67746
69536
14762
41108
35015
67556
10242
82915
3598
34867
10942
24954
92627
53776
35715
24055
47775
36577
19393
1129
91219
56759
75807
96264
13684
19164
88418
88528
82170
24377
28056
92275
79616
35856
52361
29274
89246
59822
73828
90788
24396
35320
20277
83981
29234
4088
86786
80968
73473
60542
32229
63400
43962
28490
31347
59097
36623
69410
28644
12123
31554
79657
45293
42447
50825
44027
24790
24811
72695
62963
37379
92624
87457
48337
92660
24760
91335
42549
26931
59690
41280
91400
16902
76620
44427
82991
72466
66272
93316
82128
94191
70310
35107
567
81139
33017
90883
56888
3036
24625
53572
59639
39208
457
96935
27542
53965
87308
55622
47558
51189
24878
14301
7035
86993
20782
66445
31469
31848
41207
23160
20852
14242
77833
94762
99740
54606
31201
29341
62612
67836
37835
14056
87317
21742
75699
33969
54383
8339
90481
28564
94980
47107
82702
40261
33576
37161
84863
25154
37874
24903
87906
78518
24077
71113
12211
54217
43457
19896
94580
48283
79677
35992
70411
83280
29179
99355
43801
48756
56684
57135
42675
14704
54029
62269
81937
60924
48943
42182
91073
41364
87484
84098
13060
76496
41218
66425
66960
94337
65513
39328
11018
13383
52013
98227
96414
82408
60024
34220
56307
3273
53816
70297
59108
95936
7541
47060
35467
45547
60175
16829
51417
23591
98895
50912
5832
82098
19649
92677
76508
21731
37399
24021
37552
70548
16449
18359
95244
55085
85855
84018
91549
87926
99352
63733
92341
85801
36137
20930
15882
8069
74407
39457
25272
88922
56992
81981
97462
86599
44474
15249
64549
79763
61466
81929
90703
26991
77485
43784
96784
9335
50638
17364
74242
14448
94725
45826
17548
59061
77302
8627
33987
74787
4853
10009
17883
99268
92203
36564
45411
51880
47311
40758
53325
97685
31795
72624
31163
23004
57343
52902
11575
55306
90208
10258
72808
61505
53337
48910
11058
81034
93126
11175
42282
96048
54000
95798
35772
76962
82848
16195
41218
574
98823
34636
65102
92959
42069
98713
63368
11183
75381
85692
5048
76515
62859
37812
67117
23429
19133
98175
12549
7892
89915
86246
56468
99276
87636
10153
33736
4570
19567
35853
29411
18937
46518
42303
20022
4162
22565
96788
26694
96004
11029
20795
98289
69931
97808
66930
50826
90835
83214
9731
13690
719
71455
54571
76806
61651
95701
29439
68070
67596
25388
42172
95109
56571
5664
97703
54018
21553
14974
75124
34830
97647
19948
58541
80274
15463
61705
42804
84243
34665
56347
53099
13047
34183
34237
35262
20528
52047
55143
97159
86447
42906
21911
75650
97968
29416
44802
13469
65401
90545
17352
77088
54548
13569
13149
36370
59011
99358
18005
63720
68718
15893
89687
56016
76131
32686
6825
79508
46968
41720
23470
65223
35251
71014
91417
39314
11644
50392
15400
84487
47207
53261
33493
55001
41613
32704
81536
10971
34897
22456
22846
81376
25196
92268
98850
98600
9413
92611
6256
77596
79252
86163
57902
15657
40266
7062
51453
61238
80912
17333
77071
82379
43444
61217
20395
29356
27007
12029
74373
7393
22975
13935
33515
50413
14477
52001
48168
41629
60740
55107
9754
72923
82488
76090
78215
60880
54763
31601
16489
36292
11777
41294
7237
84293
11775
90512
13547
10408
64499
86
41700
13515
50579
2184
35752
19210
68900
13502
39810
66397
99881
32896
98126
47462
90893
35274
81560
67269
23371
44189
39550
5956
98560
82528
67943
62889
77699
30485
24507
9548
9254
99159
58272
73822
88085
55208
25502
48936
61340
50437
53708
82733
46747
87651
8320
73335
40436
81361
93387
55497
91572
3254
65127
31283
34999
97395
44315
97229
35056
15673
41224
65596
51011
87935
13061
16923
75731
94978
24942
78222
32655
2344
42329
25741
32174
23005
12545
74239
41119
66682
42437
86945
78097
84083
31822
15473
15564
88586
59912
85007
82304
72479
66275
11767
41590
88104
38662
50816
55646
29846
52057
83411
41064
94729
96488
19106
87448
30488
57704
36479
29555
94865
28412
13643
83850
58941
19996
99415
93456
23458
13435
9936
55384
86125
7320
48125
11612
22527
77373
74472
42999
98416
97652
80958
55946
3685
2995
58607
7881
40660
64890
32431
25355
50025
88530
74895
50193
82327
21231
68426
4817
67354
99175
92597
61395
95059
66671
77214
61442
93505
59478
55607
41973
20579
14324
76469
98255
56049
98265
27300
85948
47218
8694
3288
37912
15987
65873
23284
84944
29063
53983
52942
21949
84438
50772
20172
76013
38681
65922
2827
33777
84576
47083
46862
86177
89498
41848
30652
88348
84100
24580
24166
43495
99710
60066
32231
6173
52985
26984
27592
50087
9366
5535
82884
2865
11868
20686
11906
43064
58444
47124
19840
94187
96970
7929
38092
13278
35979
65685
4399
66461
67546
70662
20304
32273
89840
37123
66449
94586
61825
22883
79688
45505
45715
16874
95673
18790
76677
79701
15446
3580
887
74073
89455
29338
28361
66259
99564
80123
9007
66168
1285
12581
18754
22556
3091
17612
31910
76616
39111
95037
14893
93798
77349
47954
33113
86690
97796
47585
30641
11376
24282
83196
58080
74803
41744
10405
91353
27232
96450
3883
29661
19555
77866
78585
36221
44970
82435
14271
38563
92879
88670
57236
28430
30675
48793
73953
49988
92039
98515
17215
60479
18248
83568
39693
27918
9673
20310
97717
83052
69177
76307
73923
90177
71782
11100
90738
44255
30484
50683
84643
61226
67347
43742
13706
49894
24474
60565
12306
58075
6657
53772
63075
50917
91965
29101
33499
36706
46172
11638
9709
33395
79324
83739
66067
30707
9899
4379
71009
27022
30453
11889
33720
56349
25422
46549
66380
95513
29870
74872
86627
36155
9627
21044
92066
94191
71352
40921
87912
56414
31250
76793
49311
44679
38702
48891
95147
66429
29619
89335
18292
46832
67756
99555
39308
60904
2744
84153
91892
81066
37286
33268
8272
96291
87757
27626
82990
65364
34183
40126
9372
49264
90448
37976
36673
55882
82400
82148
61750
71184
34962
31135
43852
23843
56698
71771
67007
39709
69160
53817
44008
18783
3604
47864
65401
50787
32531
93549
27396
7418
6960
84327
1665
46912
25776
39617
36708
91100
46869
32749
76045
46512
92296
55348
56786
17781
55604
97940
92371
57466
54108
79910
95409
56916
18516
43521
3988
49125
95942
57853
168
18185
51147
35880
11357
82208
98207
69653
59663
67892
78850
50043
37601
68440
45914
31381
34077
42711
42829
43016
92724
84011
90771
38273
16393
46322
3898
16300
11676
63942
27190
89685
85578
69243
84440
14349
66520
31716
46962
72509
5094
85434
90128
12234
6165
87785
8242
48071
99359
8073
44493
32291
66283
64584
17654
3059
88400
3222
82907
37969
90141
10473
5612
65365
23565
63443
44299
28053
80355
45819
89223
43280
36496
26509
61626
26422
97256
87204
78990
3357
8251
61621
58365
96777
95730
80796
81247
99708
48572
90868
74145
64502
8052
27251
41247
60289
79542
3849
65087
35379
61883
40476
13562
71924
60911
83560
2295
82630
47859
53256
9815
19701
19707
10103
74865
41045
88985
38412
12331
88274
55120
23579
60562
90063
94454
2080
39820
47124
73497
96455
31026
75836
4535
60013
23871
99988
9276
49456
87523
96351
32260
2059
17720
67658
48886
85103
67611
9203
68317
97768
11331
42086
89745
53394
8204
58511
14802
18474
45903
1029
73315
91447
28313
89849
31830
62233
36459
1283
22031
14986
1622
8263
65656
29062
23439
32408
31954
37788
53820
17144
13731
14050
76392
37935
1231
84139
49980
14705
28962
73340
81555
15067
34116
62081
25307
88584
8606
69851
62730
36385
78488
92217
55833
49206
98178
60567
68509
98223
22975
79179
98709
14410
40127
19388
83484
67252
76322
86758
4327
86959
75521
70328
31459
10359
8495
43216
91584
9076
1570
91856
82838
98619
9338
53963
80141
65987
15309
69012
78767
46835
16116
51646
71313
85658
35109
638
79152
24876
2947
10205
89683
89425
28512
48954
20464
84321
1312
35110
89681
55696
89449
90795
87072
58855
8993
33845
38611
54457
89197
7785
82037
55863
88049
41045
707
23780
99478
86844
89343
51816
14510
47981
11779
95596
4002
40888
83692
80947
54102
27852
73952
4925
63316
21327
25584
89613
4799
96636
48610
50351
54531
59734
97305
12905
77158
78927
80016
99200
71964
53499
25932
14912
32488
44091
45367
4240
95578
82318
10532
51920
24788
87472
22064
89929
82955
98493
97968
51628
53489
38316
19840
51926
69834
24654
59824
4426
88282
77218
25280
52132
68649
27059
81552
69193
44648
7381
48207
43527
80559
23301
2383
78229
15434
99261
11110
97490
17091
29930
19437
9190
59796
61248
39534
75956
31965
76436
33091
92347
64704
37438
86839
29893
51460
68063
91109
20121
2315
77789
26853
33232
64969
65268
49018
39267
56727
22236
63158
92321
14239
3827
18553
44833
23980
54403
86822
63956
38095
61863
90811
63805
907
87947
79585
38671
44351
77450
45243
25437
71430
3999
7524
80960
8491
31734
12899
55556
6099
9357
50768
34754
78810
32668
29747
3779
54034
83681
46466
91327
94602
93222
58609
67936
44927
24587
69909
17539
98723
68620
53487
60094
39999
5665
5330
95859
79638
83893
18036
21418
23739
42171
47884
85857
97911
93609
74325
98615
41884
73680
30574
90055
22735
21413
70154
44238
45614
20474
61205
62243
45862
66331
52375
26315
45875
42606
36288
3574
53003
27989
95267
98583
18838
98613
83195
82853
13614
81906
97061
9813
67078
41424
90591
29963
33856
56697
11074
80612
22544
19892
94517
58280
27090
13210
59088
51052
25990
9649
79804
80889
151
38132
64669
74411
41008
33056
53123
64779
62174
74226
96610
19518
41763
40878
80193
60075
78648
45066
98936
15099
33932
39467
54902
10325
90312
22233
90962
29785
31703
77830
3182
67616
47929
57953
5709
49658
58364
88888
39979
51811
11161
30311
70650
38069
82025
89772
27444
42347
11171
13869
90765
79837
44770
92787
24782
99387
80405
29494
14545
45223
38496
21904
23255
72220
18833
85617
53409
47801
86161
82198
1767
48540
80337
42708
60949
84731
48148
4613
42403
91815
43317
23284
43150
22343
25904
2800
68553
47061
2489
91698
64931
53024
69015
5430
27673
49142
34390
55041
97246
78657
41868
60510
61667
80633
29805
22007
637
33028
54847
79737
84170
97926
13054
54451
9573
5499
32073
83850
48128
2439
5284
74760
69259
21743
65958
81980
66411
33338
92528
77068
68666
8624
48507
61108
50094
11231
39053
1526
52888
66316
99205
96239
45157
72236
97725
52580
95885
84689
50066
86637
15103
9895
11055
11062
65537
10235
5024
8654
20441
58840
54116
58210
28033
20686
10066
77851
71367
34319
46462
66926
65863
82864
2744
67028
32351
93514
29727
85644
81827
40602
1709
124
93652
31650
47020
49060
37933
11367
75925
31802
55468
18222
32735
26405
86081
22619
57508
11714
45467
19579
43190
13678
96064
63200
934
93265
71141
47703
77473
28455
33281
40644
21728
29476
37030
3228
29986
69473
6191
98912
47700
6270
84978
63113
63575
37200
36788
420
36788
79584
84112
48827
19654
8202
54891
14280
3838
19421
91714
55968
70099
11872
86503
19330
42463
63308
82382
35551
96083
7715
29728
64642
8515
69862
66237
69413
63120
59696
17104
6788
3016
12824
52318
62348
71579
12312
4905
47617
79086
75072
4107
90244
7139
27232
53977
14528
42475
74575
43015
28561
86144
63523
82758
54063
21883
88198
50661
49199
87218
87640
14345
67083
24310
49942
98353
99680
25444
64346
66301
8053
97919
62720
67403
60338
29990
10329
97341
91237
80952
72822
34184
85317
98256
78279
37483
62555
5065
38105
92305
13509
28255
67123
53836
73002
17439
93814
37402
42978
35978
49251
17683
38658
21706
84705
11424
32565
43568
29839
82655
89348
35565
88486
38582
23839
97136
49122
13512
95034
77367
40933
85619
30055
13802
4148
9564
78453
43942
88969
69790
29153
50191
68621
80802
62764
18483
74724
46491
78654
58365
78639
71327
32142
2571
36989
57852
54780
31372
1377
67896
99492
76986
32684
46574
22305
94589
97085
86701
83968
55310
71141
34877
9004
80224
65801
38378
35670
53815
78929
86086
19699
81015
47885
43761
8011
93944
32955
46963
99856
73585
23874
76116
2473
67043
34520
3540
76640
30756
41175
28006
96337
74095
29146
63985
24716
89616
30416
87043
14174
43421
32755
23729
72506
53276
39299
27391
54036
70959
25101
48258
87530
54652
72656
73167
17551
71984
78466
38045
16000
58402
76325
50619
31807
27222
48477
31382
89835
84577
52211
8557
95362
82816
89167
62259
24417
57710
90604
67772
5812
52753
8959
65968
79762
58780
16384
68071
38041
39137
7076
40944
42427
27073
27812
47422
80353
62216
71165
40583
3821
501
6855
26197
6465
53680
19177
14191
19575
28362
16449
22918
30607
53251
7445
49473
3770
89574
5340
29034
7553
47430
12162
25408
59268
52832
83046
3030
89158
22646
61071
30123
40549
47644
43854
65285
69356
24198
39865
18870
72186
93255
44476
23969
79385
5986
78448
94982
38658
12025
81342
97868
7534
93108
26536
90926
1111
9266
37965
39765
47465
75528
5794
1152
36972
65057
67271
81397
84321
47201
6181
61630
38748
82286
50395
50520
15432
5131
78665
96774
7740
47353
4587
73955
48217
87299
37261
76960
51253
7657
51331
25296
37688
26142
44292
2744
3489
13091
42180
44215
15529
62072
15924
91900
9907
26310
88623
66558
9432
37561
71373
93718
63112
68022
70087
8227
20776
11343
60293
21110
26722
73688
36954
68900
68167
57683
17433
75924
84869
73949
30637
46550
5577
8524
65249
7482
62372
38446
45830
86548
87205
99626
94722
39903
18825
55700
69595
87056
11153
75758
68276
11136
33662
4208
31923
38212
10996
38233
34869
11335
80507
36430
56976
81999
46375
32573
4774
48214
67448
93886
91827
46434
58740
28591
74431
12510
81964
2532
52910
53308
3867
93137
29844
75130
23296
77169
52695
30683
88521
69696
2692
92077
6495
85852
34257
91959
16705
63200
40210
42308
43594
21971
25524
14258
97891
68493
82987
10252
75768
35009
32922
34144
96857
50272
24911
8468
15647
63781
73987
9535
68413
48736
6465
80829
27182
54681
61089
1557
29404
68597
52
38524
77960
26563
8991
40074
82077
43719
68752
70259
31733
29988
88654
64865
56435
45360
80107
26264
3816
57700
5539
39374
42915
36751
4920
57977
28898
591
85091
57302
28971
84098
89287
17145
28288
30965
6141
44081
29287
12274
11120
54372
72589
96386
73090
84292
31097
72803
39975
76417
91953
4621
44654
66694
53105
40068
52301
30534
67525
16736
51869
32626
17217
42873
97195
96269
1992
34390
2523
65372
23631
6353
78558
42027
36909
80465
13221
5242
1522
53809
68141
49980
61457
75849
26118
75824
14153
32802
59602
45238
74355
97851
58561
49832
47632
48821
53483
86893
51784
96745
51191
70703
69284
74020
19789
51805
1436
58004
11204
16815
99072
80149
54213
442
63159
51362
13567
69687
39581
73262
85277
72231
19240
43794
99799
96861
53442
24025
16063
94428
28547
3389
61083
29712
46332
45353
33176
46174
2271
98242
30623
39817
16534
83909
87858
69664
89037
35942
27762
82093
41420
53047
68393
50969
69194
88919
25982
36915
89360
72590
45002
50179
95823
9581
95917
16188
60997
49439
95691
25171
87910
98666
34739
84555
65793
10505
74871
44981
61596
77601
91074
23341
90923
71418
69068
71583
7248
6130
10799
34959
85071
3805
94365
20566
15003
84456
14815
33501
79795
33411
32764
38813
1442
77862
59727
45624
34028
46590
47856
98953
13030
8492
78470
4402
19121
88948
37651
25524
20020
72727
31569
53292
5085
51649
40087
90580
96827
72727
10363
75408
83858
60099
40693
37627
8638
46620
67150
60642
71797
32551
74793
61353
51386
66440
70341
4154
44230
81461
90743
42834
24864
87818
50040
47882
77578
26728
57006
1088
85834
80964
11912
16363
19999
32758
20212
51970
13921
9108
28749
70430
72697
84932
95701
50445
85859
10660
56
16868
35854
91722
83036
60685
71899
9692
55934
62645
7543
84512
27574
89119
33849
83517
22756
38410
3911
60502
9578
21648
78581
89290
53764
33875
37501
25143
83015
72505
98681
38955
78497
96953
1182
96569
79215
76529
72691
28347
89802
4734
17923
69640
42390
90385
56033
24006
37051
80381
24073
82700
33865
70601
69062
96070
36124
51304
13873
11510
44621
76196
97643
93628
85328
86911
75222
76209
80648
95226
44075
18869
30766
24575
61466
1625
86067
89078
71847
79351
2438
27190
5890
30454
56054
94623
95442
34215
10348
85147
15932
266
34088
60571
71204
99172
84869
24281
73940
71649
92183
86996
86500
22711
42958
24902
2816
62976
43545
86421
10933
67197
50647
14807
9588
65744
7170
66088
18034
32931
83520
69588
53038
95682
90654
17099
2704
18336
89094
2946
1633
26844
99633
92428
34369
14311
20735
83765
36018
79334
49402
40893
12447
5595
66025
43992
76316
73701
45859
17803
51748
53827
76458
55101
64174
37304
95623
61052
31269
37414
95345
7203
84613
33077
38512
61378
76109
66329
72446
7116
50722
15833
62111
35213
37373
33297
43165
88513
98956
26289
41291
57170
35426
26489
84482
77488
91038
49985
86142
80523
77554
6034
44995
53260
81768
2044
18229
4656
55404
80777
66915
14562
35958
36367
38172
42614
56299
74913
52007
72519
84813
15529
26497
16688
68523
86588
37079
61284
72458
80073
16402
95008
49201
48878
70575
18536
46981
44730
6592
86243
14882
79600
57945
98218
95832
9789
6955
30285
42600
78925
37691
98654
77978
81914
46774
43918
28134
54809
48123
11778
22045
83304
47677
76140
50564
63729
30553
2985
93300
55700
64896
20328
97476
36529
73353
52158
12866
21097
28770
34733
57592
91292
37134
96251
67900
83811
58571
13043
28049
46270
9720
13393
12031
43454
50571
81100
46150
28857
1801
16326
67145
88724
98483
23887
48964
74936
64534
39066
99846
24344
81133
52783
682
7459
55967
67645
74593
76496
64198
9672
13477
49628
16749
39531
32590
82963
68481
96734
6819
46008
37546
70940
85969
67581
23194
89424
76925
62306
30292
31531
44879
94547
41134
75713
81223
83080
86887
84464
13928
42262
44897
12920
46258
6027
43315
70370
3744
38585
75163
56741
73649
65838
83191
22125
96971
23155
63255
29779
12406
76569
81800
74223
20491
74725
7108
3205
89709
27107
21714
31977
20825
71897
88150
50548
50371
85110
88037
41636
2618
5242
83473
33339
99405
54386
87443
10035
24543
17461
89353
49699
49246
47873
54550
22955
53493
40592
87447
19543
6650
91762
79488
90951
65319
55736
57331
18029
50424
21807
96322
82572
85948
14307
35226
23960
91456
27998
31222
46015
26504
23963
73222
95501
10057
70021
88500
70891
43778
66795
27044
23450
36498
58415
88599
314
13176
72110
30267
81002
37994
70914
97972
74477
3604
20535
81782
10731
71290
80525
74886
41890
68924
96116
89435
83462
76617
14518
66839
30762
26168
57022
96163
93754
9070
57991
72778
56205
80206
59518
31818
51120
97641
91833
72990
72297
20920
31155
55790
39228
43274
4997
51304
92314
2117
72088
80821
74877
3674
38409
91208
38388
44779
1270
64524
17947
65683
14028
46660
58571
67369
71456
90814
16424
36605
28136
72397
96902
82946
53406
47475
85422
17512
47266
20591
91118
28481
17434
41294
87774
50294
33523
93555
42992
15942
25489
61463
53396
16886
70228
37588
37673
52199
63632
12402
11733
95125
78174
7901
70993
3839
40392
80015
60592
19853
34141
44551
98163
66811
35026
66888
96790
58876
81090
72059
23849
18888
80913
77519
49038
80334
18721
94879
80623
34502
57821
80841
89980
6415
21226
18180
71704
46250
83686
74147
82509
66597
65536
91431
38736
94495
61606
55466
7673
59653
21246
92935
70782
23625
2754
97332
68299
90671
38799
53471
78743
5437
73371
44318
38266
85862
83384
57558
13010
50934
85191
30395
98205
52335
48858
54363
85095
51318
34512
24242
81483
93763
45838
8945
73653
46412
58449
2956
20282
99092
89383
2094
26286
91654
89635
21433
57243
60254
41590
59807
48373
87744
69531
96615
75897
91552
93276
29851
40183
21903
75379
80030
57671
43365
83441
9344
62038
33581
40202
50637
4948
8766
74863
18537
372
17520
44191
70041
5067
43715
31846
76852
40134
69808
6699
47777
17429
78007
18093
52655
5914
29406
4143
11218
59447
7497
81730
70437
45612
14383
42180
58621
96210
86467
3565
83533
59908
264
23023
57332
39828
92030
4869
20936
68135
20798
23042
70559
33274
82173
2315
22504
59607
74508
25352
63840
5685
38861
10498
47485
84795
814
88634
77928
84276
78485
96232
88383
68449
99143
85669
12840
41657
13951
58207
77278
23258
55390
1703
22642
52503
82599
84438
93779
19072
71715
34829
88461
29139
19693
67887
66913
77158
90552
91790
67688
57166
49495
4869
47356
47758
79053
34810
34319
68918
68150
30675
42419
71394
94280
2303
96208
17953
26707
67741
66522
8893
65427
67890
85788
3136
13562
86572
89986
16563
64058
97109
50518
17275
98723
91526
30799
47760
23458
22728
48441
6973
48984
70457
16954
72967
42762
38499
2961
7216
16436
34342
41856
71169
7691
16677
95859
10084
77770
76855
59135
56695
68746
14594
42071
513
22025
57300
69615
69687
86316
18408
65700
54227
79359
13068
18049
20672
65482
57720
99546
18569
78543
59442
78849
3287
92271
28680
95560
55254
44448
77512
84200
88003
61081
76937
59612
88677
74849
33389
73161
96172
93489
77402
73163
53835
45272
80390
87188
40011
38862
29548
83375
63157
96654
6232
93599
86475
23965
1965
52170
45622
45063
4694
42151
14157
46027
9868
12485
90478
50522
97003
5824
12487
90829
65152
15943
69735
92087
40323
80420
3396
65117
48200
3305
32595
23055
36954
87147
17520
59553
68638
32240
65951
84543
73199
63846
77919
99005
41694
9650
52921
93864
85435
57002
47979
63706
64732
93223
94142
2297
10505
83813
71380
10340
87059
20066
58222
8610
2864
62528
48048
18890
94064
87951
73100
45994
33932
31095
44542
11928
23172
29612
92532
3040
80382
75465
35241
58184
17198
11274
25200
72487
49029
4949
39146
13274
64822
8928
10553
376
58149
50388
5884
49542
66713
25132
7479
10560
49747
38566
47216
39735
55109
64005
34648
74059
74568
73531
11654
33830
76002
21919
85125
27552
94503
96962
5654
11350
41766
17884
26554
8601
25412
16820
16697
94675
78009
94538
55707
47772
48371
12201
51832
83153
12314
4962
50591
99227
61952
38883
36460
96363
6394
10105
92393
67747
38057
37345
98708
39245
51882
51164
10512
4008
99374
73658
78793
83147
41473
13881
6933
46465
20740
28237
28485
99886
1611
6780
48643
25651
25884
89254
68546
11048
57434
35541
60576
2283
10334
68188
51200
56300
60059
28090
15730
99541
68890
89664
2136
92257
73917
94134
6583
55185
5151
39778
47251
44817
81317
90856
46346
71631
24097
56943
31304
82704
69660
41376
93656
14155
50381
98183
34949
70861
32410
92505
5824
86059
40444
95831
53227
81390
39495
2546
63041
73352
6646
86304
22301
65650
27318
25400
31567
32795
48900
21433
83312
5543
31730
30608
76253
18769
49434
36533
23065
92284
61735
90176
20014
31313
76364
51548
30318
69313
37568
16920
41490
37357
92097
46005
97360
8011
65833
80461
45188
37449
10688
28937
70390
94039
35837
44003
58838
15091
67845
89584
37361
25000
95012
55498
50770
70312
69619
71292
18412
81595
26302
39559
23132
82237
52672
15625
17479
84798
30112
27726
21890
10533
77940
1145
80755
78447
62779
90363
46158
19783
46339
55121
75504
57923
58400
68809
3067
29229
3031
72358
80118
42496
31066
70298
37264
21044
19287
11408
36763
98850
51315
8784
69572
67710
69140
79091
27525
43495
14029
67145
20852
29995
78366
23363
25335
83598
33733
33408
37689
6118
78412
20995
8298
78482
14817
63702
51490
67817
54943
66456
80422
41763
69408
71502
93922
60647
45647
41787
47320
30897
26662
79751
6971
79318
92289
27632
38504
6034
27559
91519
8171
23757
18900
18714
74868
93178
37844
55493
84324
61781
37351
83709
15431
12831
78756
77560
54910
26592
29844
60223
41428
61884
68981
99837
22472
25624
35784
53184
29735
77576
88546
43391
64502
14572
65924
48329
71657
63403
78369
28934
64063
44905
10061
99988
78615
21271
67112
51924
34808
74366
39406
73858
36274
94934
62257
14635
24450
83124
77881
28957
12654
57342
37347
34581
67391
65399
84755
91233
48354
50726
1587
84681
5558
37683
18356
33748
14813
36165
30423
83619
38259
76973
20647
94496
89466
51050
18309
77744
65727
50605
29315
92007
68713
35672
7311
66568
45405
70475
13047
82853
50314
77980
64793
90342
82659
90635
70162
66994
13881
96273
44845
92050
73957
28390
42500
51762
92206
38244
14110
19032
28908
42775
26846
26983
17361
95551
30493
75862
96883
4282
15084
30719
75783
54270
46590
79370
35098
87356
51951
7248
32362
44378
29130
58842
92413
75423
40356
43478
24558
85456
4933
34089
87131
25117
82543
31773
16940
73400
395
31469
97527
6608
6907
18152
21937
82965
75745
84239
57413
9198
25596
15450
71721
62274
30411
2100
49254
10890
48089
23499
90574
89804
66084
17161
93429
3366
37305
36552
70922
14609
49931
73989
94794
98128
39291
51618
79411
91897
40429
41972
40433
81088
18467
10724
83099
7785
85872
67452
32822
60292
17207
1212
99566
3995
62745
67803
41017
39172
72412
76184
64845
94330
39804
67001
15810
36441
77564
78280
2952
90876
52149
77148
35659
21706
7462
47725
18034
27331
61874
64182
91165
13119
42026
13893
25367
42730
38345
31134
77866
46778
85805
47677
11172
20212
86224
78699
98150
34962
88060
97196
56918
76253
18341
84203
33917
13689
57378
86210
44618
81123
25375
63618
75379
51742
27919
23675
23315
95740
45910
17281
43576
26023
78610
56939
59029
71183
20864
78803
15899
50634
90031
13630
57450
86750
39886
41576
61333
7708
60683
5333
45402
66299
66498
11440
78552
4642
84193
84053
91708
60890
50997
43206
10378
20440
56321
8505
38022
41210
868
99531
62516
73917
43901
81114
75765
96232
73442
43448
39461
27928
68333
27615
51648
14791
27578
41983
45501
37800
28004
79074
63772
32433
88238
55026
27044
74830
42166
26883
26974
49826
51363
24829
18344
28169
66819
19950
20658
3273
93433
18980
23970
55690
54912
45612
26963
4448
55231
16476
22788
39108
58490
82920
75461
75420
29820
58051
96385
31423
55272
53593
54880
38464
48536
79923
88941
33448
80019
64033
46469
23375
23249
83374
97248
18265
8852
84393
17676
12054
481
10552
87906
40365
43405
2994
22932
51701
85896
63925
4481
80762
21591
13292
38167
79899
8029
63
1634
69483
84987
57205
42188
94388
48691
13585
74262
85508
60643
59740
83998
48006
85975
48856
65704
51627
80577
77957
585
55228
60489
47230
14998
37643
59422
89039
12096
96315
59154
55772
883
54056
55746
82673
21104
6433
27863
80149
72482
96508
34751
13648
63505
11551
72438
77685
64133
2603
98644
25103
1266
77154
56594
94500
67070
30105
44740
57276
86373
40307
24201
63636
20179
71542
3127
77831
51472
45345
83297
25055
51596
61937
11111
56396
90764
33540
69455
7755
2465
33745
37725
62781
36828
24527
44132
99056
42644
10018
91552
64158
19577
68942
64679
93296
73295
39037
85717
31454
60120
57609
8344
1476
83442
45731
14099
30254
44445
34875
76426
44628
41465
11555
37785
31014
59062
62475
54560
96924
63906
7440
89197
85247
10576
83161
73516
41652
93237
91812
36330
76805
41040
73028
82681
10454
49627
21365
43
25963
96235
12564
60683
55148
28010
2187
24021
89792
61744
84332
49103
84976
43909
23951
94841
28527
32153
82556
89533
35240
67292
16587
235
14041
45657
87956
56976
46422
42025
77055
83443
1302
5307
31952
28422
57055
71492
36716
32794
27792
51752
78964
35856
51747
7657
59867
14149
8430
70284
22856
24948
47448
20614
9470
22448
40417
14881
47668
50594
18618
47038
40631
72122
18119
26416
49474
14713
49362
65912
82407
89864
84651
18783
93208
31674
51781
6598
63315
91357
50978
52435
69946
55512
96568
43073
37098
65909
48253
17865
48595
96873
68948
98744
8322
42116
91662
85140
57196
50831
23160
23595
80803
20462
7823
78517
64010
97882
49436
5067
61244
99878
3164
12409
61470
33674
81823
56379
65491
57327
94698
84672
90249
84764
80214
40421
8990
11166
51224
24453
77207
42477
51489
84410
74722
485
7529
42656
79969
50394
42544
18899
91644
66984
89232
78972
1727
30798
88325
75884
83815
70443
57726
86347
31322
53605
80168
57271
86097
68388
46393
80986
42540
34809
79860
7763
66897
39446
75920
52765
28429
26290
90519
91795
435
45162
37694
20748
52124
26056
58704
4413
88202
98736
66824
63753
36282
37746
44052
92558
27828
34422
73058
36494
89533
50963
43191
57173
60397
33429
96352
61983
50990
50740
69589
11471
18777
52711
17102
98608
16999
62395
16804
21287
7182
55671
49686
80163
80325
96564
58245
50083
87298
92664
56115
29789
61831
6254
62629
23166
98131
79580
5911
78705
46728
55754
95166
82245
30312
83491
36004
34555
7763
22309
75106
8519
59748
89351
14950
32274
48950
2510
36433
88374
754
23344
17302
32702
55605
28491
7927
47665
95279
81538
73560
71454
63185
31263
7178
11232
49137
55825
57476
80405
84058
67929
88846
39636
42193
2807
64068
44274
45881
54354
42318
27092
40024
11714
7646
56458
22097
37818
92901
52670
45701
82655
72027
9746
72666
32791
37530
34482
44782
47784
60212
6655
82505
8132
44412
25099
12403
57013
79126
78453
38886
50029
61666
69861
70591
69593
19389
81934
19108
9085
27522
43233
54837
72630
31052
9104
39571
60841
75088
95389
5919
97256
21031
57664
54625
47858
23395
54404
7898
18626
49874
57288
96660
51676
51571
73614
34400
64404
63231
29114
42913
88205
53201
81240
46707
69281
26578
51094
84825
70088
84579
7594
3903
93857
50677
33029
4581
67207
61380
65408
47819
96468
39072
68444
48675
39320
94115
31844
97693
55551
20896
75117
84464
14623
27988
89627
49558
20754
35173
96106
57191
14392
62859
7026
13082
44101
68590
83257
35648
74175
40378
97524
74113
25695
15380
41473
8781
18671
72252
64507
59776
89540
17893
32774
94566
54345
89365
31443
34402
5145
1784
14699
16705
60153
16602
2143
80280
49501
36616
43872
54764
70281
94168
95793
42903
98247
66425
89805
21384
43122
17806
63921
21408
9915
6355
84780
90339
63319
84649
35536
98913
33983
90271
2097
161
88834
40813
35883
90310
75659
67228
44230
67180
61553
18943
4860
12282
3237
49853
19692
49612
34786
66587
53002
40118
976
66351
48872
7118
57993
42521
81663
50829
264
5064
91646
53570
31297
77864
68098
39383
64774
85863
82307
17481
30120
47461
15667
21462
98658
48787
87473
68518
11923
65049
58711
38374
56223
66337
22322
70063
72754
92045
24714
71296
55241
19149
87583
24119
64710
38138
2746
20322
38672
97609
57379
66291
57196
41652
72662
71984
73830
17586
48821
4259
99006
38060
43123
64831
5535
90544
93368
41158
6490
81660
55981
8543
96792
86862
14719
79875
76221
26381
47965
9546
4684
44116
24995
11941
27682
97614
65195
65370
20065
3072
83297
81846
88572
58392
63105
10187
30876
90401
6858
78378
2816
4534
77652
84611
90477
17798
27630
82041
32734
15385
5875
80656
33441
29934
76958
95307
64859
35034
19533
73393
62248
6562
7347
5757
79561
26019
34759
59833
52400
5660
48160
98086
87325
31905
41292
7953
86360
61692
66257
30834
70342
46908
97407
44276
48237
97769
15858
13942
3244
10676
93209
55427
77295
10888
64620
54360
9379
21247
37639
56045
33413
29335
4500
85405
1706
32976
49325
77761
47121
87051
84559
84906
49748
4518
68633
88523
73814
97847
40489
82786
45155
51601
53897
5498
37660
46962
58248
71710
59047
96268
99606
27890
29280
37707
98019
77638
94419
79272
53551
32397
94851
84179
22362
69825
49
3387
79014
60664
25869
4827
80082
93091
31808
5632
8802
10234
56297
31600
46062
72323
65581
50937
86627
42245
85203
51134
71669
44716
67361
92385
63808
75733
73791
41270
47870
80732
32019
15777
65076
24247
77069
5123
7617
15836
90969
94031
36999
97693
72648
46123
56316
4095
33281
30768
43760
9912
14860
875
42612
77955
14480
78409
26296
35572
92195
38109
29708
17181
15533
46102
73434
82779
61542
23739
89999
13923
98851
54979
22415
37686
83314
84074
77680
31582
78192
40504
43354
19988
54854
10772
92808
62386
43780
69847
83645
54295
28456
52472
96706
5453
32711
58661
30800
88754
70292
86590
29893
22099
71998
71669
16064
14993
72348
49475
29474
79537
65395
31945
10980
70733
48884
68501
5457
56364
67106
67405
60999
34861
5855
49660
41175
93901
51791
47390
31740
97102
40175
76434
62634
35866
1062
3846
51925
47578
70973
2396
47899
11836
36842
11835
47814
97248
60038
10745
69674
25301
28028
25066
35278
90942
48227
60926
30560
37982
84820
90899
86066
45151
2574
88444
22512
55093
19841
25948
28166
46324
45909
67071
21330
7992
63014
16586
48414
26034
10563
96544
45862
62011
44114
8556
6648
1985
72022
25007
50973
21857
55577
87365
4001
13404
57071
87979
15430
62602
26459
59231
59888
6601
89414
98048
41479
53523
33292
48006
69238
77550
85624
77223
51750
81919
1085
47326
46573
16050
60583
59747
2342
33416
13477
87890
12198
77096
24517
26205
24568
36678
8863
44260
90343
8353
13371
40033
27223
93628
90300
48081
54154
63576
14786
24032
5930
25880
56849
35415
30685
28170
17202
25748
93528
34444
85416
12210
45916
36896
40365
14175
48029
38324
73806
11289
21382
98149
84982
96276
85055
48996
39751
6151
60836
81787
92371
43981
62336
50006
65054
37010
10804
8764
80005
10816
72392
60631
27460
90115
87179
46924
57937
70419
5415
51266
53171
90272
94288
73954
81153
49233
6218
64714
80151
46316
57758
60408
20674
672
1010
12083
32547
99321
11342
81860
18626
13089
28878
36746
89054
85409
80028
99588
3077
10236
16008
97925
91283
85142
96758
8416
2592
34370
96356
20588
15697
5811
14951
72069
84996
80054
69390
56184
77045
47247
95493
85222
2656
53695
3911
379
74270
8251
51473
60377
12539
65807
57579
60644
68151
30620
48880
18631
16761
52536
54781
6178
73975
59960
85596
35870
28687
42576
17918
54912
35293
79785
89400
7268
4039
88580
67104
34571
35744
60961
28322
19259
67501
94212
65022
24053
47180
34394
24274
36980
20833
40524
63419
90654
54777
74863
34075
68844
72497
27403
25129
67542
17371
5076
39880
99538
34695
38831
42415
87971
57264
75783
11433
71250
89492
28039
66037
45314
89380
85588
55442
32116
14513
40954
71521
18071
98427
34558
34136
20229
50403
98616
58699
6305
45473
45267
81221
33195
456
32033
5972
42380
55652
47646
47430
71022
56128
41157
38136
47595
66521
42206
82882
88256
60608
2445
12521
5646
45675
24927
72656
95666
51098
39170
92184
54147
31266
85440
91049
10920
95186
12222
27256
22687
63699
45458
93464
35644
9723
71759
80622
96405
6222
89416
52135
47654
60237
24861
32581
21450
52144
81003
78169
73418
44521
42042
15585
30559
85366
48409
61363
12857
15799
98605
64928
65727
2173
20749
28063
73300
42353
96106
3381
99028
75430
95405
5396
42730
7312
62966
21648
30624
76019
85884
64652
85045
87975
9226
51828
93550
27418
59766
93711
43608
57378
53873
89465
74885
71134
63894
43161
3451
33392
45207
20844
15987
63946
60337
90590
80582
13585
98143
30979
63447
92884
25294
69945
39926
37500
66496
14460
69082
43200
6743
22196
59542
44626
211
57428
81196
33538
32522
67046
30265
74001
39574
52457
31090
48783
63649
14276
18293
82843
53318
28447
60993
81359
92996
2929
84661
12209
62419
13104
60406
91596
35630
93561
96466
65356
25821
84073
21324
49259
84154
76694
77839
61814
18864
1030
16015
13465
88418
55283
82206
95192
23121
93270
75955
45439
11547
92590
9277
25063
56518
43474
5293
49843
62769
66471
83994
22356
2477
49245
15615
71844
90489
4949
45042
78133
31601
45709
77779
21588
66505
86974
45762
92948
80440
77933
970
44867
28657
93307
91881
35491
37981
9569
37492
49266
50641
72458
51718
3478
13035
64724
24824
44899
66783
3226
98517
57024
89529
463
53934
72755
58519
21683
87197
55088
63045
64610
44740
26229
36927
52486
30510
90966
90346
5431
15600
90679
25988
41724
54630
28547
96999
6681
59488
97283
46934
37087
43946
1
42483
4102
61646
55265
15935
93120
74330
71292
20237
5843
46707
98765
87610
35363
53301
78192
23626
34207
6653
84658
86822
97852
68723
592
53668
98523
88632
38247
28685
85045
50880
27078
7154
27189
54445
11287
75562
55015
71615
88092
6282
41667
89106
66579
26903
46784
8020
27297
65331
9656
38625
85004
29902
30002
57604
371
33282
54229
77747
96420
68344
18425
97281
74380
77476
66126
94548
6197
27932
81910
62845
68083
94530
78448
90573
15425
39825
89960
43860
84685
54698
31252
32332
61251
16187
34552
54964
16467
46149
64922
43495
29145
94976
44200
44336
15609
15016
78348
8007
55656
16465
18996
87088
54165
4285
62301
37078
93783
15725
75574
3946
41388
77627
289
42034
18169
5857
98172
62466
11225
64905
58732
75615
34519
87342
77197
54665
31035
87008
34946
6181
64703
90938
94718
44402
46015
11418
41799
3935
22904
81292
72047
78414
5315
92285
85778
84416
96373
10805
88748
76136
85269
95497
74460
15425
2894
91794
96647
13032
4782
85757
45612
70545
35172
49262
9340
88624
80892
45500
41469
89931
35304
2709
45457
77795
86309
78314
92578
11237
34510
96835
92662
37088
39218
51615
20429
97172
58424
45555
78318
11266
73178
27976
55562
16603
19669
18413
49342
95390
39734
57097
31927
42592
79322
59609
31524
12385
48362
36819
85251
23699
10550
40591
23078
59724
16821
51211
53927
6018
64780
29667
93788
52544
71234
65134
75009
49876
25137
72496
38700
6917
26288
35768
15151
71317
72848
70453
59482
46070
32475
91672
57331
20938
4288
70628
20136
30712
18568
26073
41595
38552
84001
24966
46985
20868
96690
36524
35065
79771
17924
31056
41766
53934
2571
26659
56881
19371
65739
12724
9798
52214
47483
24773
72783
68869
88259
40384
60280
69017
35310
18455
63903
70747
55209
37021
59422
77876
88860
19492
68512
38089
90402
87069
6114
30238
16542
27440
15876
64278
88563
75024
90153
39543
87953
97648
47079
22977
37200
2239
45716
95534
53995
1073
45983
79219
6114
40638
95656
78849
38130
35486
74636
2855
37596
88344
23956
34303
37866
1914
97321
91219
23154
33855
64598
1220
37032
42004
41315
46486
70664
98832
27493
55920
47902
43737
70859
88497
69076
79167
57439
17000
2200
99150
10695
73902
62899
21218
35609
71292
26705
61017
72597
97650
12062
88261
33009
51052
28564
39589
15518
40253
3276
59669
16072
59257
62543
5698
64095
21183
11699
49865
16780
18895
51729
1520
74508
59537
66725
18345
21253
74801
6527
8268
23457
48677
25013
79397
58351
30730
96398
15538
95159
52931
63486
73690
67931
49212
52551
98464
59731
37818
47062
68532
16014
22529
63110
3713
90468
40546
35639
47173
47592
83586
13
43495
21267
60806
99440
17018
88490
96255
39484
58679
1737
46006
65967
71189
25427
10094
10938
70488
94991
20174
86506
26017
89306
16025
39685
41519
68493
66973
69277
41238
49019
34575
27364
97634
45281
32975
52502
58497
80665
54008
81253
70111
88
41449
6784
25611
87377
54107
89319
14486
81305
29446
2932
67982
50429
28001
83517
90898
36432
35588
11981
28825
99004
47118
50086
93318
78298
43736
66339
1260
30364
98111
42190
40025
87966
29565
94160
85735
79454
67198
17341
22418
33231
42250
75534
6072
13683
8955
63434
90337
21410
63221
98288
47942
61782
24989
65863
29367
56007
5456
84595
81219
82435
55937
14234
34897
14434
39278
11693
76065
6221
35876
91532
32160
7567
39872
13605
7197
99840
29809
72286
47273
73635
16495
91650
22403
55621
52030
63201
87457
89737
44494
58382
50347
17770
76925
73198
82802
30032
14166
90390
99188
10346
84388
55697
72196
36173
71151
89258
22289
35821
68031
80239
3503
82341
54570
27939
40907
85367
31027
86221
47400
54289
75917
15639
76918
66111
8606
51026
89150
85948
67810
32966
1643
93980
78323
79727
11526
1740
87162
24453
23588
63801
14269
33725
92511
22939
24101
72884
87359
64784
3659
48433
47899
19280
63234
33466
83467
84772
5106
451
45367
17891
27629
3116
81062
59867
55102
39265
67278
65991
68838
75768
59704
43957
14320
92188
68122
84839
57420
46246
37695
30030
34614
35535
13301
25860
30400
86289
66070
10648
66497
4433
93447
79632
63242
71765
61291
20191
66288
70159
74369
65770
95091
15319
33122
55057
50760
43419
81933
2377
11232
10679
36151
77283
8982
8960
83705
52826
50765
92674
55546
66196
60169
67606
34686
47127
54053
91411
80472
71676
98600
21076
73441
79045
63732
25952
16602
4678
71075
71768
55174
5263
82090
69541
28319
3852
77264
97882
18628
30626
34053
57658
63892
19232
9987
71868
89225
18431
32391
93034
97023
18995
21187
40021
52753
17138
93813
50007
33354
64158
27649
58105
49778
19424
89187
16281
56494
85517
3218
39136
71004
59692
95262
53183
56797
1821
50789
24701
32287
2588
41419
25146
61833
42028
19585
53735
23807
59454
70027
77905
15153
5140
6450
70891
86188
5567
34826
84932
9511
34250
14046
10480
70398
37896
71999
83795
84148
30979
6606
63921
29837
54459
4597
99487
25838
53452
70219
10386
91667
35929
17229
38511
24892
83540
93642
34227
51483
50737
80945
24371
68009
94004
56609
98256
45483
48136
37555
47783
7722
56722
87340
71849
19968
23571
6548
56158
55859
68556
76133
7147
96655
31846
44495
69599
73481
84142
27935
26040
91713
81776
28154
93739
80014
36677
71624
61543
32583
33116
71191
47986
5459
35948
53733
45178
99166
43385
4045
44054
31803
13200
79307
24854
95179
59851
25645
20048
10120
95603
85325
30288
66548
18015
47100
68507
31293
82318
64270
70649
94668
51874
33238
87205
69491
46024
91647
64001
19932
53598
32763
39617
16847
6200
7569
90278
5719
51403
50570
78369
3425
65234
81610
67948
88740
15123
14382
67296
65662
9588
38481
34902
52626
93407
83158
46377
22384
90616
86292
59050
85027
92707
10957
63471
1703
21293
52398
56441
36161
32079
32459
72630
43445
60802
41661
68048
82112
24453
69419
24494
51424
66952
1415
3931
5932
10688
7955
72117
43178
71107
80875
15880
22807
52661
53059
24309
65559
33754
66449
90261
6550
62135
60404
22497
34153
12716
89735
44183
90648
60596
31117
62630
28553
94505
27149
78188
27476
39647
62858
45940
49583
18837
14607
78132
61752
31543
1351
17556
58446
62804
36667
62622
15003
17309
22805
20357
88666
37555
33443
71193
59644
44939
60673
58479
95111
66232
80086
8281
26775
19063
1945
63541
3670
39876
33307
16387
22815
36938
66231
74672
77042
57543
58546
26674
42780
68687
49355
70626
25127
86205
53926
95956
32144
396
87310
58365
44294
46384
31178
86976
49330
53349
11552
20329
2584
62662
13882
62992
18620
98889
59486
8298
3201
50971
43016
61420
35304
2469
80409
51703
13985
51780
22007
45603
51803
19799
17657
49695
49918
76283
96966
82358
30288
78657
50394
46343
69535
97220
49812
278
81287
53504
11846
95295
76775
13178
76660
81527
30166
57202
43150
6274
6536
86578
99107
9455
90339
79496
20355
88116
71439
39528
70175
21473
34207
86613
75915
4845
60845
69822
79289
16398
75376
70981
5784
2343
35933
27974
80658
382
96479
72968
57260
11107
6090
97397
45656
90092
38587
95192
22545
11449
95781
29540
32618
1162
58878
39681
7327
54938
69499
15756
540
38641
2344
61223
69478
25132
83912
52181
40093
86016
17288
19543
527
339
13256
10190
53773
12768
39263
69609
43257
84106
63972
44963
80736
39027
47020
70765
47431
94642
56057
88009
80139
74836
13696
88954
86868
23338
72930
41902
56381
28139
74127
74946
45234
96112
52324
36545
75959
99257
71974
71865
4794
53342
1360
56033
93496
56836
893
85281
83953
21124
90780
82980
68297
83367
56223
23310
57764
82740
22518
6436
8079
68818
35080
18628
21004
52418
86897
66992
22163
61174
68551
34569
30710
76196
84201
76105
43442
92664
62351
13407
37098
21914
11631
17949
46386
22771
73129
85520
34265
50859
73024
39248
65177
83052
35916
24179
3687
48742
74031
35364
19703
34984
98755
21210
65786
30544
60390
71234
75128
91133
25885
47837
21344
37442
25768
60506
48643
27331
77839
57305
44585
785
47884
87060
12825
49766
43894
61695
1246
41369
98675
92919
88314
83377
62641
25541
59652
89178
36060
31269
63575
40203
82547
82349
46414
72937
15568
77035
89953
58270
70060
41828
4407
48479
3617
56924
37161
14585
60296
35977
4787
99415
58700
85748
1652
2363
12941
50352
41364
57913
27971
33754
24654
7181
63222
1222
92033
19196
77697
13385
83829
90272
96093
69408
65381
53199
11833
21819
98145
39599
30654
80657
32280
82052
21338
96856
36665
32977
21428
13762
58235
6767
53266
52528
10994
39234
51390
93203
58972
1132
45847
50970
11926
96803
45753
5983
94626
23718
69061
85177
49279
28969
13107
84634
43990
81976
44008
34646
62392
96180
30472
12088
65575
60239
21099
18145
74618
12234
10526
35634
98846
4051
84157
38816
28601
66752
69075
23873
46556
47113
37804
97343
19666
83356
75884
2380
6813
5436
91300
67328
23607
81228
55515
31448
40132
51120
39844
39549
53137
63764
58570
57011
8892
71583
77718
31848
72036
69983
21396
56579
11982
59058
92097
46979
71223
96232
65732
40388
58322
19440
42574
81276
11492
2427
74786
14811
26535
2670
99000
97692
42203
58312
94576
71282
61482
97040
47565
53999
58654
8307
95247
36199
11452
68046
10476
61648
84255
82694
13322
86043
37786
98429
5750
43580
32116
58585
94643
66336
75652
84796
86563
35280
78747
36437
2252
47244
17872
72094
17978
54776
11709
22613
25021
8515
41850
62372
21792
10856
61580
36176
63039
30155
1814
79580
63936
14535
95822
62503
42703
73424
60462
73978
3962
14062
85764
9442
75332
17029
47612
88862
44272
97911
41808
75959
3245
28250
36442
76696
62810
25887
88092
82935
30160
6320
38499
51870
49963
6713
87466
53749
46456
13567
95200
44124
33586
19855
2989
90324
91428
99404
26109
71410
53025
43538
93376
83681
47010
94106
81459
79459
16507
31844
56614
26291
8017
56275
49491
4816
39368
98590
23342
43692
73258
5523
40443
72131
48067
61923
98644
71143
46587
36604
80842
54967
70583
91177
42125
24199
35525
60213
73063
46691
93043
88048
89773
62707
52498
12723
12559
99747
52696
73224
90393
28888
60216
86947
83232
17853
66651
40176
52158
86792
89552
6834
3434
75601
75489
96951
5810
18953
51216
23866
79471
97128
64568
70771
55951
73426
77058
53581
27715
78220
98075
30772
16133
79696
50821
83068
45864
98875
20558
10901
50415
73806
60242
75216
93209
90052
48318
78047
54020
76549
32485
58159
93913
87867
78843
14308
26323
22594
82896
54016
86921
45121
54097
58796
54312
67824
26508
16156
7942
8349
20948
98007
59578
29446
63509
29431
36590
50888
31752
98972
74873
22270
86873
13244
89046
45759
48404
62376
75604
71553
24293
99482
7972
11330
31283
53209
71523
66372
67426
76147
98428
5484
14783
8668
21829
20303
97542
47051
22942
31782
86268
20474
67766
1622
85288
59806
30071
7099
56151
28633
40954
87504
62378
84343
13789
59250
99725
88916
74848
12307
78741
69690
25375
86645
35376
46623
11230
20009
58907
56204
31450
52122
34903
45575
14620
29137
16523
42078
44420
73737
72394
47510
23359
52396
3251
12588
57750
70720
22321
6916
51048
59798
69022
83331
53239
42050
67708
41738
11489
41766
58909
49809
60480
7659
55308
5805
86564
36497
58357
90579
57544
96337
20770
76831
97933
19342
48004
50685
5151
38218
44771
20366
72465
3833
20208
27966
69059
68525
99128
13535
97164
24054
95538
85554
30158
56259
37847
67433
89978
83801
26960
20424
11846
27872
64601
14263
29764
79182
32908
94281
99116
75770
44378
17296
9264
25444
38622
33932
97329
96409
47980
40684
71492
58363
85919
16738
75568
15508
82393
31851
13358
19384
23543
68927
86897
15517
20383
64497
87640
38756
69362
5895
82496
38422
37909
33805
64257
97454
35507
74910
17961
52911
25182
35954
4398
39366
2011
24623
21551
69964
35393
44696
12598
24141
58652
54760
57024
8471
61596
56112
27875
67220
51745
10276
51433
68994
31501
84350
10456
83827
93106
67051
5278
15525
98569
409
65382
31857
41721
65999
58099
40631
60648
10855
9397
27681
15336
81736
97032
20917
10087
53089
93438
33836
48236
96599
41294
12678
94650
56694
43296
38926
67572
32245
56252
47383
69790
79778
23086
68495
55377
58340
36570
39385
95040
10394
44229
18238
65481
90007
78038
34227
52322
66953
58159
6801
64383
46088
1301
49412
51977
83944
28140
17308
32091
60107
43748
39660
40277
69029
76276
67301
54541
52600
50515
21671
38238
38948
28699
34336
92530
45497
53426
15379
97907
69711
94081
27709
73826
293
92956
23219
44979
95332
28530
48242
70520
70015
88975
57313
15763
69008
26994
79961
13947
81573
11983
8527
84184
24775
64581
44226
68020
10048
79510
31361
39348
98191
22607
19768
40408
95394
28249
63211
87853
38120
2428
24356
69444
76247
81880
21591
54559
84674
52536
26897
46062
29506
57679
76526
1437
98799
23687
56285
35046
20777
51804
98288
7026
63015
49335
35524
83372
66110
7409
91145
60916
23251
91908
20836
11139
9147
46915
20148
30949
17104
57885
8963
82429
84133
57747
22422
84840
44167
29513
94143
83516
16619
2108
37527
97112
12923
62776
53790
42314
17372
29351
39838
91836
38233
84995
77203
72122
5866
44635
75324
24681
51051
39449
19323
91931
20021
60225
32785
71290
36369
21573
60557
46861
30414
10591
58352
42179
41079
69244
63451
2508
34450
74179
34608
43854
51451
89216
94550
4396
54089
53926
6142
34940
15274
21044
60624
86727
60953
17922
77167
44070
28101
17256
41119
86184
86917
93456
77640
21147
59379
26287
9510
66268
66701
34964
26609
15022
5028
67724
22839
18269
1520
19409
66428
90357
70107
35385
81140
40665
5487
40430
72712
76632
22556
51537
88806
93292
31497
92091
14330
19408
43748
71072
71617
83578
40958
78749
66862
8275
74060
9340
68875
50538
63206
61862
70418
5918
95427
14869
52822
48790
79100
69427
41271
66136
89279
68318
85875
3833
68764
66230
76697
933
50904
60344
669
48948
36461
67644
6950
5974
97040
40287
60656
52608
25847
47764
82963
2442
7451
4694
68465
29944
24476
8026
46469
73087
54658
79030
8294
58263
7308
98649
60746
68126
94549
16628
15511
36789
5544
67866
78784
68032
40695
81961
77795
79306
65864
20214
34073
44460
15714
36174
53546
33907
76530
58541
24595
84530
29444
43662
89597
74514
88989
51447
75370
30598
6283
84084
20164
44739
98693
38905
30487
56589
72336
91183
77836
65948
96853
78989
35611
65227
82921
84709
67704
26134
48583
49571
24349
2200
87951
14965
86626
82878
97121
54590
88098
72374
20082
61893
76709
26256
76961
26672
7907
78911
55290
18604
49022
81472
61050
99671
77760
77337
36504
37198
1663
4080
1676
84993
83512
43073
39542
45945
47155
49760
53352
41937
11348
37648
66608
87606
64561
22405
52266
65236
88546
75027
442
422
71083
1898
80862
55492
14082
61461
89238
59853
68979
66364
2728
64663
51429
60167
30326
20016
33494
75774
23661
4396
43278
57136
89480
75905
42435
25762
98949
30270
53761
72397
22205
98488
68849
19244
1812
57868
80726
78811
85508
76276
86832
16221
6996
51392
58817
88167
57941
56254
60749
81680
50121
22024
16081
67837
27368
93914
16733
84260
72435
65072
74883
22747
44887
70983
87096
25533
2165
60105
96335
81651
79144
21085
49320
29235
76796
58844
87008
79213
93913
264
45878
28253
2845
50022
36705
9642
23222
4518
75345
30335
35756
87922
51705
64748
43627
66625
17380
5978
27794
7873
50171
31898
67933
2133
39241
95613
42270
10654
93870
13299
48821
46050
80295
42757
45434
37645
60188
1887
1930
899
46268
96779
18482
18755
12517
84483
8151
57796
89451
61508
29736
39106
81954
88786
90082
89242
2901
73177
71431
23395
93711
69681
30428
57671
24858
6169
22574
36135
