82965
67174
44050
18934
91406
94199
94534
57418
2240
12333
15316
92768
94972
53460
62259
69849
6927
35226
65628
35216
63562
98061
54049
22627
94726
58889
86780
90428
40497
75641
81318
87861
72455
89307
42693
29172
28172
62133
97436
10858
50710
69760
86831
46572
23635
11409
55917
22169
22547
57757
18416
91090
96054
87121
85390
33908
48329
66130
61758
254
41466
16719
30585
88198
36735
81616
22856
9133
35366
51946
81041
58946
75135
64046
37227
23274
76913
20873
32601
32151
89168
19773
93955
21011
72440
83658
22339
49624
53810
73041
26688
35775
75859
22723
61760
46129
10372
47119
15092
97574
87310
5694
51250
2592
5456
24198
15053
63615
2721
78035
53032
33311
47954
89047
75208
19863
85015
60890
5912
32025
79397
23022
75618
88586
67379
69071
44502
53906
39501
37504
50946
52191
86151
82772
12914
36412
19181
91019
67865
21401
22048
70600
58609
95219
54112
31541
2865
30906
72902
34652
60765
9157
84202
19305
2561
95803
7949
98981
73231
16687
30302
42030
62759
74635
22177
25863
88101
27165
47902
48177
56023
85705
25796
22061
40059
50179
99326
98961
45516
77016
96763
53268
72799
81729
46538
93645
26911
39113
20973
63202
14230
79844
9393
92241
61792
43573
28518
20749
22514
10372
67181
45059
69410
57030
61725
15276
80282
3161
4968
62502
43027
71871
18279
13244
68296
52138
23824
6342
50406
72727
14061
90317
21390
32662
20506
33575
57447
67559
480
95357
49389
78054
22573
19046
26759
23146
33580
76448
22114
66925
80215
31852
90415
9669
22268
1333
97574
8703
68951
15202
74175
8890
3969
11088
91832
42405
7899
67696
9833
90889
2874
21583
97714
52493
91656
13341
77993
28122
9932
12751
30760
58531
9599
31280
62254
59340
37560
20085
75924
94729
36625
83440
79114
30177
80215
23197
7024
93087
94132
50525
52263
59987
50916
29727
42215
20504
98191
75058
45145
66563
9503
6516
82198
50318
12104
47701
75236
45178
16172
2849
99028
26508
7755
67386
8887
35849
29144
39125
13911
24353
33262
100000
83398
63519
68233
84909
57905
17995
77649
89824
17278
38086
39343
86238
69386
95305
52576
59840
8945
10593
18775
58772
16397
63458
26553
575
64001
41708
63774
87605
22596
57708
59320
16699
1900
63950
67614
30669
34250
37160
12122
10740
5152
50778
46979
99893
66082
44717
66186
95242
5674
92482
83903
24097
94387
54568
62951
16049
86096
88104
15900
74050
82647
32753
66477
37276
97576
21116
78070
69846
45127
22189
48712
91547
39894
22270
83114
19292
62781
17904
21908
18398
60105
56575
47964
33546
72861
59991
50391
99718
17527
62415
54326
60664
73626
61139
66554
72294
49205
90894
16347
19596
67669
34201
26691
90594
97125
63208
82857
8254
23457
82770
18263
85811
82969
26580
80930
73731
14199
16136
1154
16476
45957
49391
87048
96107
73983
46131
46714
58303
35300
49383
32455
83126
56744
66368
99135
53395
19289
49533
30232
77899
38965
11449
56858
20588
75237
1616
18680
22146
85421
27729
38070
87534
85253
883
82713
47700
60834
2560
48889
25953
61678
19582
81767
34770
34711
82010
38591
98483
86177
69616
4287
1579
91302
91643
93502
69222
99343
84262
30360
42757
86777
19472
62373
52998
67332
56694
24479
14636
48728
13228
59958
79936
91241
21310
12543
49922
45720
40125
51207
27415
18059
92218
52238
19636
66649
72344
66763
65542
36012
70317
60769
67406
40834
79126
46975
80500
42450
66262
18927
78503
13224
17179
54820
69037
27414
99014
45573
81942
836
94065
65398
77334
70203
91398
84586
14504
22612
19242
49218
22367
87924
64501
51537
32226
27059
56996
31605
4440
93673
93348
44317
5375
77196
64814
10390
74230
58960
38181
3121
81533
12633
58516
77209
35377
1954
72874
10344
39038
37072
17263
67742
80140
32126
98758
28798
8015
32066
37275
43912
48395
80805
20180
86274
89796
96915
86896
31291
81552
54456
54239
91338
14751
51077
80781
51468
23041
22396
19059
28723
54071
28556
26550
60679
21949
55340
35570
62408
87512
21574
28787
4341
76586
20841
4057
59536
43992
74104
40931
37789
60797
25845
65094
44035
39410
93956
43529
70493
60587
9033
4318
3591
69232
31414
24053
45596
30182
94232
19613
95859
2234
858
31450
21111
66057
96430
82211
37167
11011
50004
32818
44520
35207
72973
3538
97646
71970
4230
14113
15542
69841
96113
42949
98083
44080
65321
2332
76130
53996
68312
63435
22640
81038
9324
74164
40737
51900
48944
2710
96973
47750
94640
75505
50305
89662
33989
6031
22480
57627
51251
51349
61172
42354
69881
46440
37802
48816
47799
90084
85995
81082
69781
66054
15309
17235
74249
98311
50900
53711
68735
24189
41196
71812
35283
42641
68961
23714
89384
63373
4731
15683
85093
30742
46651
82501
8654
13740
29852
41089
29396
78810
29077
96
91737
50354
13934
6626
78758
8954
37758
77884
48361
75581
99158
45057
4196
85887
46005
11043
69966
21581
31692
66069
22071
27230
4089
91990
48706
73098
44087
56820
69080
32197
97424
96808
80604
86085
45601
63705
11262
2911
92436
60681
85773
96614
50960
13090
12280
11317
17461
41665
42559
99363
63699
64513
10105
9102
82464
20777
77097
77802
38060
68645
56884
92812
79448
37601
79631
89767
53735
72490
21886
2959
69084
68521
9984
38844
46950
51764
47557
63496
92416
38139
74647
45738
32165
33952
71629
96583
99840
97339
88178
88002
59139
89803
39241
19380
22745
3442
96908
27442
77588
91474
50027
31209
41710
21253
67432
92496
2521
73285
56032
75740
77848
27085
61209
78882
83208
22900
19542
8131
36849
61078
32048
56537
45004
20783
19176
63029
43775
56301
72811
17093
32659
49510
68883
33073
25457
24904
73201
98823
90521
23074
30602
31023
51919
15873
66885
88143
96989
63379
54463
52342
284
20608
69229
88239
75777
89396
96562
55631
82885
93127
73925
11289
27865
51451
97542
64664
91870
80996
63110
78853
75017
60169
59533
85793
2618
7781
89017
69795
63759
21777
94753
72001
39023
99244
17851
34446
16780
9086
28816
63855
93022
773
13517
4126
97508
65115
36530
39295
45763
39888
73124
17930
38798
20924
89587
10034
22419
82253
35549
97225
5808
60321
22302
71590
7672
63596
86378
10957
30029
27762
19023
42053
74075
11014
91791
50257
12707
29173
84075
61822
3814
43095
68299
76128
91187
21494
64232
18592
15397
49662
87149
61465
94890
44043
60373
49610
47378
6696
32782
67164
65088
36331
92347
67683
17188
81350
72237
93044
6192
7668
43959
97932
64430
74321
98436
96929
19207
50855
2025
84869
6884
91448
70662
32133
50278
93401
7323
37041
92979
78467
66654
66227
73590
99831
42361
11690
21814
29440
21412
60418
9251
71739
72359
76651
22279
73211
73413
14885
86935
57299
14190
46391
58598
779
79701
1920
68367
59175
59883
59477
43658
85067
66954
12231
78271
50780
90413
24999
50481
77265
68071
91289
14195
79870
10936
67537
70284
70058
16534
65197
8781
61214
43165
1176
22064
50511
1505
13791
28911
69394
56653
12761
51380
76847
2184
59395
10519
70244
25859
61136
41441
58923
56114
44475
41718
16462
86542
78350
56199
44481
95320
51600
79454
50413
62766
34006
91752
12014
43457
16017
2350
36047
54176
15649
15229
17429
64438
14418
66199
62884
68012
9642
64206
58568
84522
80782
22543
25394
32721
67324
45997
41858
89501
38151
51669
35426
90926
6348
41768
29658
10752
448
74842
1144
68613
30704
23477
32895
36430
96413
16674
7008
88550
84537
98641
22701
51137
26014
51095
44591
39041
37472
412
19803
84494
69091
31749
26240
34141
28788
7101
88138
1373
11083
80002
29846
84476
69152
91249
55043
72285
16920
13585
88373
51268
95429
15175
97863
63008
75190
86813
99828
24643
33957
80155
78586
75750
42279
30506
75038
80856
35829
17149
76853
71110
66942
68579
29735
36811
30718
9006
61957
16103
21930
16045
29527
95767
92140
52455
55443
64009
29812
49455
46525
11661
53624
33072
61220
19300
16055
16940
76952
27577
66554
62327
89521
16081
6125
89334
83828
89647
55519
11884
61760
72140
1432
1649
55195
1216
91905
52178
34882
32133
20414
95836
15651
35574
91714
39032
96107
11927
59794
19328
46767
24509
82685
8561
35244
13668
67809
61856
16115
74565
15952
41672
15066
31121
41662
29527
80889
73186
19861
72680
56197
4574
67585
26697
16444
82624
69243
9191
97728
39071
59419
81651
36722
27813
96948
7246
19459
97563
10820
97555
34118
67547
55100
86116
78582
98131
16548
81110
85884
1273
62107
81745
26538
37380
47329
281
95526
60425
73848
60481
71005
5548
247
14509
575
31343
68068
94536
87749
740
37080
89567
96169
66194
38561
92815
5858
61224
59075
62750
83661
7339
84591
88710
91309
89061
10651
37441
25049
27629
25561
31167
17952
14737
79741
1164
46714
89870
52183
17265
16972
4691
67023
25676
26544
2115
68698
1704
91179
34284
26960
78864
73823
94680
27834
70852
71078
36652
44569
85105
89999
54209
18894
7155
6453
82290
11019
58241
86059
81140
85541
78086
43677
61832
88919
40927
81210
23600
43320
583
24224
22268
92416
28606
90812
16840
60119
55686
57418
46616
79344
48516
37841
93927
38849
2061
19019
64238
74194
81029
79173
84943
76228
63883
90668
81597
88613
43165
96346
69147
35868
55056
40283
82660
2278
78635
71481
91121
28431
91826
79159
80306
57344
73903
4590
36048
70936
93195
28393
89897
66453
40017
42238
16253
26135
83563
67616
1188
99095
54669
96291
9303
53567
14169
56371
14185
61303
85605
63447
61411
25924
62338
59112
41678
39534
65784
20218
80613
59429
86395
11848
5988
99152
21070
65112
56677
48168
16840
22229
72342
58484
61424
10624
65735
94338
99083
28400
54323
22942
58435
24696
86586
51998
21259
1531
42311
63191
32491
74090
79386
75567
65239
84510
61688
12312
71134
18634
92629
28439
95572
35223
64217
61137
42867
37462
10304
92984
1537
80233
16179
10676
25183
96037
66250
36165
88287
75029
52848
96374
45745
32660
94973
36250
29758
34761
4587
50604
99302
57590
5626
34358
36882
99650
13191
87166
29151
62457
61675
43942
10774
3157
34714
79523
9079
95683
61670
68476
38269
9483
99053
81084
29149
90436
43369
23861
90134
30023
12811
78767
37114
89506
23401
77210
19716
88958
74178
97306
68506
56970
4594
42499
7974
13579
89626
92114
23873
38717
16888
49600
94164
11583
42529
60021
71223
64619
39978
47315
63453
79495
89702
39802
41530
67548
88993
71702
12372
69408
70246
57758
35078
38198
23140
57204
41021
11896
21177
51817
46090
85370
34558
6408
80956
90162
8660
63356
4410
91946
39653
29336
98220
17403
83128
6387
70302
75624
90565
96653
14170
43854
47222
8700
22551
82262
15368
48706
7386
74097
40511
32813
45736
12551
55137
61079
28425
36807
42942
37327
40452
37098
37192
77508
88207
4294
10453
78260
40838
85920
45766
45309
60913
60968
89655
20214
22952
12586
19444
25648
4430
11379
21599
22897
70033
46098
50781
9309
67495
40215
1187
28903
77651
23974
83216
83521
38685
71834
93558
41000
48167
61082
13634
72094
66976
38259
67675
72153
29381
59155
9153
72195
97175
42641
32774
55486
91630
78455
60504
70008
43549
2297
24314
20432
35879
94734
69390
14845
34218
51808
19746
39857
62214
78989
68114
57832
87423
25697
90809
29054
57994
29748
28286
20868
7084
94248
81388
61030
34634
45634
81359
23805
18584
6600
20424
19772
59504
71469
67049
25528
71608
15407
18629
93322
13498
34065
40084
9508
37419
68114
47612
6063
68514
94524
9932
24793
2773
8918
39582
24123
25819
41048
73090
99527
46212
59467
86120
72422
67714
94116
38950
81035
74999
30808
39942
23464
58113
50785
46009
11702
11206
81271
53376
75080
35286
98155
84131
3932
22962
29833
11831
1977
56677
58789
2954
90575
85909
35459
36031
59056
63237
78306
83839
40229
60124
65216
54793
10166
60949
3138
87125
79811
78100
39603
90886
82112
87719
46551
71360
98187
72378
58137
68381
25400
25405
95848
93716
84666
26142
30657
58740
57722
61479
40082
53040
21959
27490
7844
89624
46773
99646
48363
12861
10507
20767
68467
25682
97020
44463
98916
12463
30220
15350
45873
74844
24300
37826
50438
27892
36596
37541
15670
46028
156
43297
70741
29281
57216
32320
3446
95215
5256
68941
19297
18958
73637
80784
76325
66421
96881
89446
9767
71996
60014
30987
76153
70427
11470
84563
15997
72219
19577
1830
49713
7184
35722
72371
33370
90921
12065
7378
63795
12351
88240
83358
16837
50699
50708
35237
1335
77938
64660
11801
75825
63121
20908
48834
43921
43657
10198
91726
67159
84145
70235
25485
57617
34478
51630
67717
17485
34097
49768
65814
91051
60411
60416
24941
63241
34639
97598
50169
51784
29107
57424
67197
32802
15120
30442
74697
33312
72654
27540
52342
3821
28251
1770
62644
14607
25316
73846
38859
30012
69169
38567
7212
90233
41129
66051
51491
16348
44345
77223
33727
45783
66267
95682
5446
85771
74010
48314
23327
50044
39004
71748
33621
19240
71493
58669
31085
39903
42978
46735
58037
17129
99532
12508
51193
87654
56157
86439
36924
54760
65389
77579
45504
15167
16117
36879
12287
61490
85270
20112
18273
95939
68296
9757
17946
14511
42181
83203
84303
54281
59476
66673
80063
45423
49373
63157
16821
74085
87989
96806
51075
90875
83115
51732
3681
4653
56879
89870
96036
95285
5754
17029
75478
66101
22098
62089
84568
29056
49587
13857
17799
2601
56421
70950
94289
93305
57029
7447
87760
62597
29397
36248
10726
72752
17830
22841
47063
10724
81937
63067
95401
48094
45538
75391
94759
72251
24530
15339
29553
6899
66298
98870
29960
32472
41044
65947
51877
41443
52223
86190
58036
53093
4163
18558
60395
56679
91518
9802
23392
17461
30534
89065
59547
10953
23830
55198
36668
30468
5076
71477
35547
62168
92988
45677
62480
92516
66337
56098
64996
6397
85379
58323
80948
20187
89355
44854
64554
29173
58048
53244
68831
99176
20088
95035
53019
38210
95617
39558
89837
50071
60707
77198
89730
88218
25449
58664
48721
69264
59190
94887
54295
10389
58139
95875
70532
3779
44299
9068
60203
57555
10822
38378
9940
11179
88843
89624
12173
89194
64303
18409
82876
59108
8153
22860
28662
5795
70029
49347
29995
23957
85359
22730
75179
70091
52168
90303
10434
40781
78113
64552
73235
54139
85547
36611
28801
35075
52153
52412
26300
79367
39843
41369
58842
10829
77851
90965
21830
42347
67460
89006
5636
98888
76911
17089
31837
76802
55513
78293
15510
32868
9733
55910
87896
67469
76607
16665
44099
50038
21934
4860
17244
87437
2073
40179
53218
54258
48136
13296
50445
20389
46939
19772
11472
17950
37274
1761
11372
51246
53982
21188
3500
64629
37168
89700
28931
61320
21060
5484
60796
10973
45513
24157
13056
52755
17697
39519
12148
48836
60928
65637
29147
22585
19606
44356
28443
93569
6286
23169
29338
17553
19326
52677
55984
87802
74638
33208
52243
1936
81716
32616
35000
59717
10977
43435
77529
99415
61269
63526
3031
68959
71181
95424
84118
92567
67522
81612
41145
66622
3387
26038
15877
97991
85736
74484
686
68130
12425
73460
66290
23852
36364
7126
32867
12810
20982
71623
29533
84035
53115
17479
62984
96046
60319
97962
62782
13082
21909
85896
91889
81070
7388
82842
47157
22775
93094
47184
58499
78027
33225
48710
9373
1383
41776
33680
3231
96870
57698
70145
28276
50464
81516
86643
66174
95055
60699
63981
91951
58072
36955
40432
67961
8004
68389
33701
50134
77148
76698
88189
21946
67621
67116
4813
4460
99812
59270
36773
73613
58176
20675
55288
7285
74856
18297
64649
27661
74850
68674
55677
3981
92291
7136
76647
40379
84507
73219
4665
40582
40513
69211
20000
33490
40956
38758
40519
81473
29950
37045
26666
25384
6017
31917
9255
26675
42582
85001
50227
70917
7631
77704
90644
16198
80518
93152
63276
59408
48062
62962
69791
63406
65980
35141
10550
98642
40806
20617
39884
77614
61326
11450
58367
70660
46860
8177
69877
86170
73965
83229
90021
63443
14717
7867
24088
10441
70043
35463
81727
48659
11646
13806
48023
90844
69667
27685
37537
32387
92592
59486
75194
71382
40321
7751
72366
25060
29952
89647
36091
85663
64648
81882
57175
15028
23864
7168
45103
34316
8734
33745
31807
51174
57891
97979
93611
72602
9649
141
38805
91715
68707
37363
91223
93492
8269
9291
92122
107
57303
1147
68053
48891
82260
25218
86568
82228
14190
86924
32648
14115
75331
62259
45486
51968
61965
42605
2086
86151
26665
28860
91518
14562
9681
15713
22531
63532
85901
33336
28025
5132
84755
22620
96065
1465
27741
13127
66059
42480
67710
89462
70399
70628
24455
65172
70005
42935
68816
69494
10587
84894
68266
51206
99234
94657
90363
16912
73911
73726
68009
46410
58592
19306
69835
20584
3165
23386
19860
38228
92842
51181
48431
28013
96812
2188
93856
70836
177
41483
5717
17849
74862
29268
60774
87522
57681
33591
32217
26808
25478
51280
42988
11704
77706
93435
34121
97912
23999
78779
24867
85702
41622
85251
40199
21571
38745
5680
89254
17746
47781
24553
98916
44011
33387
64593
11004
3520
22194
1861
99615
53886
98210
7792
63058
3114
10587
47964
11349
44881
88659
3581
40817
13140
74347
27122
89285
90077
91148
72791
34187
35877
64360
81314
61373
17698
85753
62143
41250
54658
8937
50444
68773
13383
82186
18621
10698
4747
17840
898
54575
28643
68574
77883
40382
38803
33632
61424
34896
43255
97839
38863
96511
36396
19467
6548
12272
32706
98743
40563
43574
71038
73338
47517
36118
4184
42495
78027
33213
69345
91457
85483
81733
73689
98676
10224
77511
81095
72103
75260
29343
81349
37204
42495
92719
28143
70319
36372
66485
61097
22929
71243
3330
26501
67084
1798
86092
39683
72349
81994
94077
67538
76197
28617
60992
73711
52849
15024
94769
52104
62970
16571
58488
80150
71410
85260
8331
43181
16794
57347
79207
53440
61963
25086
99513
92924
14848
35869
47125
10813
80090
66878
57449
94181
1175
91385
16813
24654
58118
81664
58326
58828
26718
84409
45447
92880
8110
6432
69712
81202
77535
41331
89166
23831
48291
88082
49649
8116
7178
14606
57482
11728
92162
58178
78169
80146
52414
2186
93647
83199
76548
63175
64225
75657
97662
11052
37764
77466
18579
67066
21758
50018
5630
34378
33043
71883
33324
90522
5855
43228
59100
59156
10939
50474
46713
15299
99030
2616
73795
87023
42987
54766
52791
36242
42807
10150
23316
3323
88504
90295
39350
95172
45925
96903
92019
93573
65515
76359
30246
70861
12246
81741
25204
32076
48214
80645
63929
68891
73142
309
49610
88560
45177
22140
26597
62440
72373
8912
37994
14652
62871
57892
72925
42905
35669
1367
76290
96565
4781
77049
13284
64866
67687
78912
55077
92784
92753
39263
4686
13117
64541
26235
41378
40976
90911
72321
9361
22241
63566
82688
16979
12583
97163
44741
66869
72586
53383
19771
25785
519
55371
63235
81649
82059
75264
82839
22559
49169
6919
98271
21599
48462
96694
81954
90667
89777
49899
29938
43960
7431
55652
45599
95635
99140
43358
58464
53771
22078
85105
50341
26275
17353
26270
61304
27726
31486
57709
37831
29591
82485
82822
13689
25559
76635
46034
8536
17415
91966
71443
76324
71343
65254
83960
7536
342
76257
16047
28558
62522
45483
13733
23224
51701
82689
50561
62530
56676
45212
45738
18610
14303
50301
65832
61640
43235
20400
83708
33460
22842
18666
13432
43236
61900
83977
74813
47310
17170
37894
96448
32289
66287
87867
60121
98982
70810
8382
15630
91766
23409
96184
73030
82796
68948
85628
11211
84607
84770
62939
55323
20583
94345
15906
49280
53773
9948
58515
1970
78502
19612
54348
98121
23832
26845
70628
86181
14092
81563
22058
51267
72259
48707
17541
53997
25147
54745
18562
10553
7381
55282
65724
17005
70401
64988
2403
8298
72877
39812
46132
67155
55895
8408
63354
22162
37172
67143
45298
57694
54551
3531
57938
63093
93968
15118
95748
83539
58054
90295
45659
82058
63682
46352
88427
45721
44364
86976
73032
66282
68224
26675
25193
1624
66019
81722
29385
93962
98143
86502
70926
4368
46193
96982
48996
75492
78048
14764
62722
82249
33987
67089
20289
12649
35251
79838
29166
38903
32088
24996
87420
812
35298
86303
33846
85957
6671
46112
60030
70277
95915
18499
46181
31351
29186
97663
84915
39942
78204
68483
59035
88457
67868
65767
56075
68644
26584
65890
6080
11329
33070
17231
18154
92154
35498
51281
34806
10893
47552
16967
36654
59126
8105
8702
90288
95556
72366
5932
68654
34163
2722
86432
9740
60980
43573
77770
61939
15602
34311
40772
17932
80305
31248
74465
2773
23670
97950
50750
7797
32263
59656
82856
66644
2203
67409
47958
71815
87816
853
48545
62562
37053
42336
21083
36353
45721
24443
97399
5044
52944
24471
52164
90981
60514
57509
14131
30363
36964
25765
30715
71512
71947
67371
24530
97323
59725
11043
15305
4983
56907
86245
13759
68868
85279
96895
88470
92567
29359
17990
73802
63385
45171
26527
86357
10076
76685
95365
6741
86454
4047
45562
70140
42110
78641
14273
59077
84626
68530
76051
7681
69909
51452
2449
84236
66494
55913
4785
11683
60339
45958
98644
41942
93530
64103
41886
53609
20434
47654
29677
23154
70224
10674
82399
98975
87176
61189
14400
84025
51108
78811
27276
66869
95489
22572
14016
56520
28729
8788
595
25975
24380
92073
56131
91612
87623
24589
92654
30746
92034
63790
18570
18632
76356
52688
85885
78885
58484
19521
37960
68984
90688
2801
88
46115
8884
87749
84230
54860
71051
49011
40072
20105
27006
96958
98004
79527
61734
14849
84399
5170
35401
87380
58046
14416
54081
6134
32670
99431
77985
2240
40254
88830
99754
75170
8530
20068
71824
51826
93645
92250
49014
62749
43766
43949
14564
57273
62484
28164
7484
67415
96720
94777
47430
61883
10448
4911
7560
53844
14326
59884
88219
89098
9575
69594
47269
80510
90311
20342
64869
34995
29743
31081
10554
1990
61883
27433
7910
82063
51812
21716
26412
51836
75893
97768
59451
92396
5039
92855
60754
2375
62157
43256
46341
53608
74626
51984
59567
88805
13942
88304
40120
86658
29300
25043
61858
42780
90038
2156
53575
49663
10300
19679
82629
65377
3802
87427
51071
67095
66093
67163
55963
54786
73544
13547
3382
11402
28687
60158
55575
59411
72969
40244
69229
23226
23359
51372
71163
65338
41809
67673
83417
57989
28308
88206
98876
32715
58563
67761
57945
16672
75093
19689
83074
51085
93375
98122
42927
33086
72706
43694
493
41074
80670
66166
27648
48130
93667
99721
90787
92431
58901
62351
20907
32558
27759
93147
24268
67833
81374
45848
38704
86174
62465
895
36450
71149
50135
37353
61124
9233
79593
73405
65705
24115
5182
46500
54394
30288
4735
24098
12299
33718
28080
72345
47691
49233
93875
20090
13485
6939
94873
61066
35407
35054
22832
69281
97816
69784
20714
46623
76072
67738
1343
59991
42721
3241
76322
19166
51386
561
74137
86968
86362
67613
39812
43268
68422
5835
45787
73379
3850
26506
59315
38595
16646
13879
15219
65379
1740
36781
3117
31819
84968
1476
30897
82720
37829
94562
59243
77799
78486
77406
59789
81360
43503
42071
90209
92521
11098
1517
46389
25408
99317
67925
20312
93204
88104
53145
17154
43986
27297
58842
53116
22900
34914
57962
60172
26490
37874
72639
65860
2221
35690
4660
14134
75040
30448
40728
97245
11362
56293
23292
45183
93282
96236
13177
93281
93278
75386
11532
26654
70980
35188
66949
26061
82752
99128
58111
25942
47901
90339
57719
30553
38995
19873
40463
10248
29810
45323
48546
61462
85755
21034
33756
64879
57046
79516
99268
44002
48821
78542
97578
74374
17042
24118
11925
94342
60263
70724
11497
86681
591
71533
85821
24249
20947
87569
37259
80118
91226
37789
72914
44292
65754
34101
22046
41815
50373
45787
67368
54137
8074
36294
82302
89264
10097
16669
48799
89722
29490
30516
9041
63029
94589
32858
9382
62471
49247
30255
54592
76741
36135
86867
80431
59786
93474
15632
86833
49146
40904
81082
57590
70468
45648
10696
11554
4156
65789
96151
60228
16408
81999
88068
10897
55270
62381
90061
44529
23178
26834
3652
59132
82506
71527
62192
71122
64732
34473
94699
4576
55516
57925
19548
81857
30048
24855
99435
30059
56360
51134
10096
96818
56695
37672
843
25910
99089
33749
12821
82176
7761
41659
70911
41852
9808
65865
89253
87018
60677
56977
71356
66418
31290
37720
50149
23815
39884
89909
99230
32194
11263
93244
31994
49165
92053
21887
86889
91966
13238
33608
27289
88609
38596
46689
7866
95613
26721
82661
24462
36926
77274
29714
14371
30358
24070
82763
38504
81089
18052
8335
98976
49120
61446
73981
31266
94181
94979
19148
18792
14069
12165
9214
56005
35261
1849
70220
73756
26503
76414
7236
27088
3253
72502
11891
99950
31795
65127
83473
36864
79802
87883
1660
57492
52434
87283
12210
61248
27999
64242
40883
37299
48410
70603
62112
16811
6097
6327
53591
8938
39049
76518
24124
32868
90619
37479
6729
67113
99119
4424
43157
22218
26228
15050
75979
81102
29366
10944
88644
69668
76172
45879
93474
13336
12004
95313
41326
20363
97543
5561
72557
78034
64679
4382
2502
73864
20161
97109
81025
40581
54029
70196
90123
25931
74483
91019
66192
10579
37843
94667
58980
8610
90115
88126
59336
24873
96494
67689
26905
25980
66535
36787
96012
18739
12836
24501
57648
28039
95534
1553
55186
5279
28864
56732
24584
20410
25458
53194
48130
44096
76553
41414
2462
12868
39185
54985
79935
79693
30299
47737
56903
58719
96645
78955
45756
35227
78583
70778
83557
93176
77232
54391
16456
89378
85662
8835
39892
28644
96392
53340
46260
17569
74050
93026
38049
9321
74743
43496
5076
60765
21832
84294
4773
80980
87793
23399
80785
48939
64027
27517
10304
9648
42680
76006
56174
31383
62966
11386
61808
67789
63170
25989
43604
63190
13631
37952
77853
15294
86613
48258
83103
49597
73287
33241
33066
75595
61604
56195
67827
16845
49010
26556
11278
93821
25098
7443
81408
4844
96299
56479
53395
75674
1285
94020
92430
25248
73691
88359
93637
30293
70891
77558
78367
97960
81056
98641
12156
83679
84677
58172
79471
64374
85988
61169
38090
81147
46742
94708
72009
56712
62187
74409
55718
66902
5306
9596
74030
80145
56471
38614
650
68377
20997
18188
16357
23816
38298
32271
94936
25384
45951
1555
93661
46014
82455
25436
734
47258
15475
10716
60247
21173
39153
80937
32172
73127
47871
80068
78953
30499
68343
8662
16986
54644
3535
55014
15924
29498
68035
4400
76568
16461
99905
47628
44732
61920
18874
41581
99537
24933
5163
89210
45951
78673
64849
69386
16837
97681
65563
25201
11988
41254
53731
48182
7093
50342
55896
38160
10173
19380
88547
43997
45274
74735
69413
7687
30116
47648
39272
5599
30028
45081
35629
35862
34791
55586
73346
90952
96842
75667
33713
17947
55728
52615
21297
53070
79416
68064
46744
52920
18466
97150
99713
45457
96440
55724
96421
46867
45241
90621
39895
10545
21615
73434
67015
40924
47521
89749
91809
56050
97546
31154
1290
31705
98676
68466
22736
76072
84484
6078
41364
95256
44928
11042
61184
38628
95114
37493
28657
82966
21742
17855
15939
52950
71530
80688
77114
51260
57737
12513
53663
81429
85643
48774
14584
58572
99680
66369
4964
57421
4072
57141
78959
65606
89791
58419
95600
84139
526
55949
79061
57864
69131
14922
60809
55367
27412
46842
92303
54259
25359
86196
11516
33264
79347
16813
58040
54854
11020
60459
81961
57674
89958
8889
69452
26662
81168
77742
97914
66238
50772
16694
17235
50793
88641
94064
39561
79420
42522
92525
58757
81044
89544
36712
33859
13465
26560
25860
48367
50824
39606
33333
18109
93644
60120
13322
61669
46849
3327
88827
56597
46946
62504
75310
9709
75548
48885
84914
34272
30002
32224
18576
13966
60388
45265
26057
54682
46596
89776
2263
48118
60748
8528
73232
45416
84089
67970
8448
77481
96785
54996
71239
97964
67703
21225
33
58944
87787
54501
24338
9914
74951
20828
39136
55062
25397
33047
94178
62116
47962
32921
64928
14831
54881
79282
52307
73108
44287
41829
69791
58694
83583
4132
48489
56945
22007
22816
39899
76292
36346
2955
16979
76932
91620
89519
54798
8507
42261
327
35657
20205
6923
35049
77506
1502
93526
44268
70659
42736
5496
11055
22077
28739
67677
74936
52604
32496
21793
11577
29544
72215
10706
11592
82127
79765
89947
19415
59307
64801
49767
20530
62143
37523
81281
53679
69600
62561
34868
12621
96184
59194
86283
92519
28318
77735
99575
23389
42511
61212
59854
43681
23854
1785
49516
47095
67173
7760
33980
69618
85040
72392
40300
46380
33031
60605
63293
27269
74691
12518
98925
85440
31083
78568
9489
22695
96082
49143
79153
66943
53744
98134
16889
90952
78916
75235
11751
65758
16733
31265
5660
83897
79370
69120
46936
91126
39655
55807
66752
91244
80243
54823
51077
56471
37839
96992
5112
94584
26547
48390
31949
13818
85066
53849
98260
89642
90792
16134
38250
44383
63264
96538
92519
6325
2433
90126
55235
99179
89720
77190
91993
26644
55570
20578
74598
48732
79329
12147
24682
20632
62130
42179
88591
68464
59341
22212
54700
56771
58885
78280
3382
35426
82362
13327
70200
32242
94295
7532
15687
7475
46721
45105
56853
92841
57233
48942
88551
77378
50848
5163
12293
53908
89798
28054
43582
73594
10687
64765
62080
39854
70589
98839
97660
17220
53043
11889
46420
58400
27733
10484
34562
53329
96126
74939
93150
71771
84869
91628
59704
9831
96695
62480
39180
72057
37999
79326
73150
39012
96797
75373
88142
2049
68763
92030
57809
36722
38074
60795
71539
90845
80865
82279
46195
40517
89772
17454
67923
99610
969
81892
25860
31043
90671
61349
87897
57201
8902
54974
86178
74697
25678
55049
33308
91562
57355
16908
82943
55624
4941
13573
46367
17116
25485
39314
11453
31662
462
24496
20470
40722
30681
65766
43091
71111
75614
53731
1772
80256
33787
86204
70597
98545
66228
67597
20818
38683
5198
80195
58220
55557
57127
76430
3754
64953
37996
3593
64294
56425
83835
24426
55662
5118
73812
73486
12192
40721
46870
86596
49516
26286
42283
91867
9612
79486
63726
98740
53799
94693
78166
63679
83481
87541
61139
12441
5274
73659
51397
97429
87128
41056
89695
96100
26252
34164
95383
99941
26149
74423
88395
93834
53203
93161
69411
36492
21743
72937
43953
32392
43464
15687
77227
38655
35227
55277
33777
40119
63213
53750
82575
50727
92885
2174
5105
62770
2150
63941
23044
265
75225
77951
62628
9444
47820
91295
48319
30407
6417
60298
13693
59445
98238
79999
1061
92375
45607
48469
12127
75550
11439
75712
88620
71330
21465
9225
18623
83592
13045
85391
78432
20584
93204
58613
24897
91855
54841
83033
93308
35472
42830
760
99946
44320
61694
36026
1006
49104
32390
42248
45293
97624
92628
12576
11439
762
84651
15529
1035
57368
70271
51575
88376
83273
49098
24665
60760
83413
29204
29957
25459
58032
36687
41473
86147
76300
92317
2537
78807
8969
73401
62620
39736
42498
95081
26207
37977
92644
96285
8655
49464
80547
10069
51647
83380
76207
86727
95733
92384
47181
3878
5131
67638
41020
59091
25684
51843
35548
24141
27190
4425
98190
99545
54804
55487
76782
61777
89376
72969
20392
37047
50178
56336
24199
97792
19457
66763
83386
97585
9240
55361
24441
80994
60196
40186
57980
21686
88508
19921
77823
65075
60251
59274
77780
30480
6299
52317
11514
895
13120
68720
5071
76124
7416
9646
67041
51484
65919
88249
25983
71119
74281
55887
16694
11199
43095
8638
53303
57629
83173
67342
80700
23920
9017
29369
42928
30883
43788
56718
51945
41800
24075
16424
70840
9607
94632
76407
70136
59226
90598
40015
98011
41856
16594
40733
71748
35892
1117
89193
71562
31442
19294
76635
86888
41314
71822
25177
17883
70020
16006
35082
19163
91406
18664
97964
98194
16852
86095
2881
20445
70749
88812
24130
9362
19438
88548
19814
13888
38693
88706
90442
14089
32608
64689
65335
36281
82817
25018
7289
77896
15970
29940
2713
41650
62766
53045
37009
21008
52396
20435
53558
81205
2500
16122
25784
59074
25136
86241
7947
18924
72481
40424
51968
1436
26037
60280
50823
39088
92251
63560
27540
91711
3059
37060
12734
59711
2059
63627
62629
91889
78758
28712
68812
17813
17514
94314
83088
86414
40176
72893
49369
68323
91752
92924
66855
41156
43696
77192
23696
64158
92620
29465
73643
38951
21932
75174
35219
75996
72273
73010
7592
48771
55705
52471
91989
51554
61756
50180
79715
38509
16393
40394
27998
30775
95662
97775
78083
58485
41788
2500
29275
3285
90561
33548
96243
75560
60451
65655
22202
10227
42560
12801
3894
17756
25876
66703
80125
1352
21529
33939
72544
70640
88535
2579
36884
73832
45118
49681
34832
858
74992
95798
33512
87850
66402
97810
73797
56117
35183
50971
20160
68266
25612
66163
84702
62134
11797
35805
75719
94362
48219
90640
59069
74030
92505
64074
74381
26831
78342
77964
75201
52954
11950
41190
32281
36875
70265
68823
22458
94418
10617
29271
98135
30364
41911
24399
93371
63553
23829
87249
24917
14493
40972
82267
24254
75145
2439
72592
20534
54961
37215
25386
42386
61944
29808
96784
37822
19100
44788
62127
56799
85409
46325
53670
75439
79116
70541
47345
22881
16209
7695
59523
81986
64356
46787
47751
29531
48671
55791
2572
41253
64842
94809
980
3497
91441
38212
49291
4811
25682
93671
30086
36190
84996
94879
92684
50967
89126
51295
13849
85397
10047
71414
87784
96489
10304
70409
29755
76058
20420
28128
60860
85226
95842
66840
26336
68842
50327
12967
88155
17697
31318
7683
85387
66454
59469
30609
58195
67141
61912
3790
80429
53104
10797
97528
60623
26621
88240
89660
9077
17034
15745
38546
78808
17802
51236
29320
711
56713
87789
43799
12381
74934
60748
28105
84943
46638
70156
77531
57625
71542
48537
90724
15596
80040
84609
23217
65830
47629
53182
11001
8042
74426
49270
88600
65920
81957
96008
35423
14390
17868
24155
71522
5401
47657
40912
59286
419
42091
67006
23750
84472
71675
1932
34733
3551
25296
9418
3951
84916
44969
56033
18922
84971
4533
26952
78869
35436
77849
34430
24633
29888
19234
93272
78880
48787
27887
27040
78865
11874
86161
48703
20377
26654
37346
42946
73235
51950
88452
12594
3637
39593
24564
76292
10480
4491
75902
75821
75594
88964
74598
12809
68200
72584
89543
87008
86690
79998
51718
50176
62872
20470
98659
84051
16739
84181
39162
66573
6268
25230
98687
55833
32880
10958
42349
71641
59529
62364
79381
39692
99242
90019
15706
65747
39936
27656
6416
65810
60225
6857
52911
96982
90495
14405
81770
57381
40420
66808
1254
22875
39789
28623
45936
38020
66142
24052
47808
46995
35047
94870
24267
78840
99997
29123
44245
81419
45527
24824
47788
14612
68107
41248
51203
93613
54354
85618
83859
86481
42391
36068
82265
82865
34953
50472
845
37983
55992
15135
24709
26395
18593
2549
24860
39899
79228
98745
73555
83564
67602
64683
98298
16009
99339
67150
24353
21497
29556
44003
49526
31731
36197
97487
90918
29165
13955
92455
32069
51912
92971
86135
32594
78663
66143
51432
14227
63094
13810
47231
35465
56737
37265
19523
154
10811
82996
21954
94156
93737
13284
6915
85004
16873
49404
76315
76837
64500
25405
46765
64096
21542
40628
99066
55230
66538
87300
76693
85336
95616
59218
27096
74317
99662
9419
52766
8661
89447
90753
87188
21066
19246
96422
46882
78806
59909
35138
13629
679
7406
3028
61380
90395
59564
81372
85740
30353
52615
89949
33119
45302
8918
72160
4541
20370
98322
98833
27480
68345
91777
63416
43817
35925
66267
26173
84238
1592
26594
31762
99084
72519
28034
44308
76609
34177
12758
41563
21053
20122
52128
61705
59061
14000
95805
39028
60448
47850
68755
73092
48141
79576
61822
34564
61492
35122
30063
1335
60727
3410
42106
88401
32653
73419
62776
22143
57801
59168
29690
99331
96483
24686
89299
24606
45849
27019
4612
94080
36642
21307
96059
98022
22522
1637
36960
90724
72853
14238
3412
95838
46033
41839
1122
67196
4447
79991
13045
98495
59051
87897
10712
72804
39491
45373
78500
45576
92931
21240
18624
39970
28287
87265
67477
7760
31321
95332
58301
6275
9040
28616
10746
98024
99176
10719
62304
80540
64247
50071
64653
23405
60414
35487
4571
40276
15712
16468
5144
21995
86079
42189
71841
58935
88228
20115
56400
76023
87208
13042
7986
78797
85618
51226
26071
44219
61165
62075
90472
52202
90828
69033
91914
70275
53191
73196
51503
98889
43506
57650
76456
41890
16104
89761
46828
4286
88808
97555
58194
4439
18355
71304
60285
19440
22424
10259
52487
97695
6793
37601
52205
6487
41849
52104
94162
47663
58087
34827
8591
22153
51218
52267
81799
92446
52180
12083
43518
70568
34693
78378
35425
17424
76850
95273
25232
99196
54729
26378
22513
82205
78038
96189
67043
39078
17507
88681
91775
26249
88851
72994
79702
48044
78487
48806
35437
65851
5962
87617
44891
13317
92750
71854
67547
18456
42701
28165
75355
24938
5019
68178
25351
95945
18178
89974
30401
45881
26365
27111
40219
1835
64459
91981
42201
71913
71108
77196
50359
42005
32033
99888
32927
10972
15138
88567
8506
56749
25717
61969
7289
21160
10274
85921
37121
14854
9714
61955
42312
98971
14048
52570
69063
49850
14181
93445
27570
5452
50085
84669
54531
18719
55873
89159
77916
8905
76308
95790
5319
45150
27877
86212
30532
20510
55836
44283
14482
62905
69196
68747
24164
38049
47855
42147
20489
41644
98342
84785
31078
8821
48048
12561
61128
99172
44082
93366
81296
41572
5782
62974
36861
81782
34112
34241
40378
88084
40691
90022
52874
7383
54114
66158
99244
26359
14026
56989
73874
42025
63211
41911
86597
86512
2557
9784
38840
73644
42106
1060
89978
41214
29308
54750
89742
65708
27607
95452
41688
36744
3078
75853
64431
72668
72141
84825
64082
45593
49002
72060
49426
94243
94129
90791
49351
86644
4163
82515
49821
57166
94710
77492
68610
71033
65914
36157
98259
85032
32772
63533
78467
68252
30777
73821
44955
9149
84387
9711
46403
42910
27147
97759
16633
41247
26433
44657
75992
54945
97005
79639
40275
66278
83329
24891
75281
69269
62702
25340
22729
49114
26669
18630
33279
89462
22107
15770
59046
73476
84593
43230
88414
49610
7108
72226
42362
68251
10475
33838
29950
34157
58063
82253
52765
32899
54729
59371
85839
65346
34762
33433
12641
43925
68008
40548
99292
34101
45625
43758
40880
73624
20069
74191
73194
22769
21913
54360
54448
27979
93992
85462
18395
35300
11335
81070
48687
4903
61946
58596
78585
10678
35758
41638
34855
20237
53774
71481
70569
97501
5285
40346
59073
78358
9836
83146
4923
83818
59491
4936
68433
38946
82549
95820
89128
14612
87459
14343
65154
32920
72553
47956
34918
64990
36577
26920
62955
67498
79997
99015
76255
25133
3403
67869
33414
91574
18054
43366
33003
59914
87138
71485
59991
79589
6397
23362
14294
77805
92146
58689
49420
20975
24311
30160
66877
98985
92564
46515
35708
82889
31619
29329
95748
42372
17976
29944
97034
58228
10541
70848
69442
46188
13506
43021
61077
52087
26721
5239
53819
4774
48500
20424
52688
94757
65150
45812
80806
16651
35047
60831
29550
75540
9467
74688
77934
45759
5151
97332
94451
48757
7914
68474
4055
48649
14734
31991
51527
79212
8216
28810
36195
38486
46568
16598
26139
33164
90692
37691
70696
3597
92697
85137
35379
44405
79304
39248
14253
44308
12456
62801
33908
28968
89533
432
36155
33806
27355
36363
89374
50065
84349
44340
90714
6875
43384
84071
10611
38093
92547
57068
92637
45025
20213
69935
49874
24312
41977
47167
46634
2111
91022
15186
71191
27780
14818
34976
67600
82030
7827
28508
59363
40980
81066
76518
79730
32050
56510
65875
81818
2870
4807
73301
72686
3742
12487
22108
63865
13282
44530
93263
1497
72036
53266
40126
22633
91648
90792
69107
54674
22195
76274
45270
28933
68652
88610
78976
64990
11361
50516
34404
33459
44176
80763
7169
4572
69615
10367
47919
94124
17157
68370
9129
80713
50043
64841
15842
86912
23240
26430
47612
86764
4366
52280
68079
45614
34368
74809
10687
34685
15094
26890
42422
84107
87197
24092
52417
92162
94214
71756
29346
85890
40576
52190
69501
64730
10059
42967
34737
67495
86059
47763
28315
70139
41219
88260
54682
69747
64711
14026
36146
96732
57217
82553
75865
247
57828
65426
80825
72161
31329
49497
57266
38431
83621
57137
57410
95830
26344
85658
54508
10048
57572
44464
64324
6648
73170
79449
61004
44349
896
14144
72168
14273
7909
51698
85402
95292
14658
91752
6687
41955
16903
44990
62302
23163
12411
68206
30784
99961
13737
80555
5609
42435
79683
51690
2935
75534
7117
76943
72676
41210
91453
66923
36676
85260
33722
3452
9036
48966
83774
14210
5157
50236
65158
67520
61135
97427
35427
78129
62726
65850
66415
70587
9729
76438
40379
81807
3184
20758
90707
61994
22699
32960
76717
13679
76731
17449
43942
32427
87876
66639
14334
9313
37702
33742
82184
82119
66717
50869
81962
32430
59198
14810
67449
67824
64453
71674
95720
33693
81360
26737
50584
77744
27757
52079
34093
30738
31575
25725
35157
23807
10017
11404
19408
52027
88860
73761
99582
72630
92407
86152
36953
59064
96351
98363
65088
99545
85259
24036
97982
25066
59227
50914
6716
50528
31036
46428
27724
30169
51498
91299
82979
62801
76001
70448
93784
95839
90060
71324
23939
12276
2938
60506
68917
28900
90509
41692
42341
38073
97564
28493
60264
82244
31457
64221
10015
88541
15602
55189
78931
61805
89281
90873
19420
57080
71149
2448
5360
68843
90591
44418
99667
74523
31120
83158
42354
98426
76120
98021
75861
81926
26859
83855
43844
24743
51439
43529
68703
14061
71684
47966
71413
49937
18467
93236
58044
28610
85681
85766
35778
51765
72860
44831
45726
82992
88295
28408
27684
29300
71597
26023
56950
79160
95481
39200
87678
31304
87676
84992
78886
16406
51251
4045
96898
11238
17241
31857
6611
20731
9754
1099
52452
28819
13272
58642
8600
43348
33932
75295
32750
7230
48817
97742
73420
81759
5957
96957
28216
50134
66962
14114
7412
66585
69441
33974
9394
92637
89276
54550
25910
65375
34893
20161
91326
62778
43996
43020
5579
85300
29252
65068
68593
39745
21057
76649
35484
62382
46568
88399
32660
94243
3374
81318
44624
52996
53759
3449
26897
10890
91423
1187
55783
74370
12004
71734
80550
64431
2665
11708
57548
14440
30882
16207
20579
50335
27465
15914
78413
50689
11788
10775
54490
77153
12871
11871
43332
16355
15277
17516
42780
73361
49018
33640
4146
71168
59754
87404
97650
67592
39132
82862
63725
50271
33249
89304
35543
74783
23140
3060
74976
15819
72978
71387
4983
78526
8049
47594
96792
87329
5644
14640
36827
97303
38736
76124
21887
59621
52695
57899
32316
62049
57883
35823
89662
17326
28300
89104
22315
77930
20494
20145
24845
69054
4602
70847
91562
77576
83077
25613
16713
10923
31809
30423
36389
25501
71231
21731
85288
93844
84447
67018
16051
90606
37895
71317
55572
50994
99059
1375
15514
13958
94003
57877
56453
57594
51773
42921
60627
68174
13235
79637
24299
35220
56485
66662
98280
70015
94911
40358
61010
33668
57769
1385
83564
48287
90336
50324
7906
649
57994
84823
72543
47001
897
13230
9314
5069
33611
3082
34773
20
48591
35191
5155
76746
79153
92811
37888
81116
76477
95876
61423
52085
54039
55273
27841
60559
21079
37922
58018
46977
62613
52701
44547
38534
8787
64851
53670
6468
9956
34891
16247
30948
27390
11017
49785
86104
86606
34116
74029
34695
72521
12376
85915
66094
72741
21630
73512
5704
64910
732
24728
4597
26828
22146
21792
94547
81683
74172
90422
7878
2584
21746
15691
48251
31886
659
14048
39451
65628
80903
12821
55985
47594
54033
14572
78825
72651
32202
43941
61383
83543
22302
65565
24659
46580
46028
66038
81591
91549
77741
39766
25602
97043
73510
2533
89096
59512
78412
22678
11905
1605
86121
47805
71181
92117
49155
88347
77377
46506
41878
69946
45568
25018
53231
61547
16525
17835
47750
55401
20433
34951
97598
64051
83936
57725
29461
86982
84143
75186
56994
96076
22506
81803
90923
70474
69886
32195
72551
20139
21263
56311
1190
99404
37942
98809
76411
47631
20745
34755
35296
45612
99682
72578
39828
5406
33974
97803
20149
7751
13538
89938
77970
17162
15470
5893
96175
58042
51930
16959
94079
68296
22951
36162
50501
95581
41569
86728
27394
47655
25933
27142
37646
58058
9950
48500
57222
39743
13198
69532
95182
29490
30431
65920
71607
16947
33120
30216
75844
10811
43036
97411
61172
30864
45228
98804
18805
2740
14119
23969
52231
80011
7466
85678
95503
33634
11470
44425
43199
53174
96417
8629
12158
42319
79234
53676
25055
20566
79653
68140
20719
21639
34471
66632
6464
198
30858
94511
53981
7738
90175
41471
93686
7116
37354
58598
58858
73322
11655
56550
61530
39010
83457
39549
91213
14622
82845
89508
88641
51991
52248
25168
20962
41988
32306
80584
87508
68244
48190
49653
89753
14992
32238
4487
44621
15576
95495
85990
61057
87780
79738
45576
48548
23029
95954
21499
62820
76107
63845
41020
16325
5182
86037
22722
93159
72847
46912
1639
65083
98058
59182
47103
51677
18451
6192
61292
52965
37058
42711
91671
21275
78355
1609
52438
88011
99916
66170
1566
11874
51598
32712
8397
66691
32502
63410
29477
2024
22786
24286
31128
37681
14841
7488
39972
61204
48277
76098
95162
17099
56550
35277
84945
81665
1007
39540
59898
12390
53181
22180
72712
54116
80110
57133
78617
97238
10477
33917
42185
71620
76213
74890
26041
40060
59000
8188
27661
72071
91973
73166
27456
15708
71411
83874
13361
47286
25405
52870
73177
20162
77216
80119
89305
56279
9896
25363
6548
46184
42673
54924
85873
56757
83635
48555
43725
13714
55999
46005
50454
4007
82010
59596
87615
22489
84561
48076
87086
4537
10923
3144
51534
78962
59283
69466
90433
47883
28456
67188
90927
86598
53141
20540
28717
18213
49452
70544
66602
92085
52574
31607
11952
9625
70643
1008
49896
60467
93475
6355
14520
83614
9528
99515
82281
51061
55811
66724
72001
32176
92253
50458
82144
95358
73244
14306
48227
89725
10754
68522
9609
39236
88401
27178
60744
70245
36480
66811
15896
55699
61875
3976
84782
6631
78901
81114
38693
91252
63351
71879
2855
40713
55087
12176
32607
1469
8152
48809
37406
97225
95617
74198
36061
84954
97532
35058
18714
67029
65389
65108
6611
67178
9896
89972
64098
17341
97371
15848
94686
16785
90636
63630
39958
45861
30839
83631
6135
63965
24123
82413
4142
33040
6755
17031
32025
24171
87217
398
65845
2124
23165
17334
32810
23931
16071
37866
48301
56846
52765
9819
23172
79462
60025
72246
66262
4556
80602
99676
85631
96804
45680
63297
56714
4706
59583
85249
95163
4752
62860
82698
38314
16772
58910
86353
43683
13874
33054
55054
90089
84875
96925
84784
60413
82513
92677
98055
85885
58622
17360
66506
95652
57673
61634
14761
32632
90151
59101
33431
47078
98308
91874
52765
13980
61133
84620
19924
95575
23649
22538
28090
13213
94095
72118
2433
18382
24676
72459
12356
2059
23277
88192
30980
62479
22441
44107
78420
18613
11871
3611
2458
57780
2001
90229
53734
86018
80126
22319
30352
67753
36233
25869
34453
54412
37436
3624
50318
91729
40454
82404
38107
85995
37442
79438
17069
12121
42878
62678
11998
35460
95332
98376
6930
34567
26432
99174
72350
87620
45073
36378
37103
90996
64414
60104
25022
12753
79656
32421
3779
37193
43663
68211
78140
75170
77348
50406
22383
88549
88671
50612
63204
39236
74571
96748
74211
74410
92834
97297
37357
87430
51914
66579
32335
89484
19259
56667
92622
81397
14491
43247
91644
9319
96280
87193
65410
60616
93433
73894
94050
36918
32541
70080
70216
29731
36089
93236
50852
82622
66980
38952
79825
61027
43123
53781
63018
91363
25853
10667
25222
43493
97115
33395
20741
32057
35517
95583
25354
97226
10508
36454
49573
59172
8966
67741
5119
28815
5625
96606
28732
14200
85012
67075
1107
76218
24618
90373
7108
16597
95280
89280
27824
21367
61425
63207
69068
46601
51602
2337
8334
81103
430
10796
27271
23069
73948
45435
16828
10520
30608
89293
97818
8453
30078
47364
77780
41842
4590
95793
74607
65099
94824
25786
57570
2520
48182
78782
78510
61423
65381
63953
33043
46504
39250
14659
15721
77671
74280
20350
75799
69350
83027
54242
64733
45613
89796
37126
93774
46995
1955
77034
59448
48551
24249
89275
31533
35602
54182
54484
90603
80637
86198
64784
78165
53761
66509
91827
34030
23675
88435
16056
47030
73296
31169
39914
34479
50003
9957
97226
54659
31738
4009
66521
26726
29863
57084
1730
35626
24255
34627
59702
85981
11445
61746
48410
76667
22368
55273
74635
59527
50183
62372
20089
52418
12562
63538
81865
77247
34222
28336
10313
80210
30807
39532
24043
64061
21090
62197
47772
36191
44361
91976
26344
50252
64254
96605
91384
89636
54510
28937
30371
56360
23936
32332
64377
70094
38752
79984
91203
21049
40094
16359
60136
73911
75268
1269
57156
93119
9368
31044
41036
78475
96475
6370
82615
78489
86176
32322
23667
68144
96862
62347
21837
31566
30631
70962
6519
39345
22047
13597
11760
93702
74281
63829
1822
28806
69426
40962
14357
59930
78369
38345
33412
89239
23140
78597
53010
16995
35658
57316
91051
98399
8679
4657
99625
72825
93034
47189
63931
99664
74090
18657
43765
88051
89812
75021
18180
16603
58765
77676
75462
17361
96630
97224
89937
72216
34601
88400
7535
77082
44504
25583
3288
62256
35767
12484
30054
19749
41732
65461
22050
76230
54692
72456
58705
13019
38286
58395
8172
45048
88665
20063
12041
93763
93921
79521
88571
39010
96264
63310
26876
11847
75248
83891
16164
34474
70619
6060
700
55306
2084
56435
87953
16138
5214
95384
50049
99005
79341
43514
46353
88041
91812
95723
57315
76530
44680
27258
84312
54496
37402
13830
14730
82738
67052
6478
33346
39661
31926
80711
62512
73994
87473
42710
71870
53978
32311
61205
38318
14811
34595
47938
626
19346
54965
58979
86990
2208
47737
31944
83377
74287
83577
93186
52649
44940
18850
54279
56473
53063
10408
16683
50438
56072
63241
897
27215
39371
64273
57874
91393
19342
2743
69950
39499
39218
60335
87210
87412
8783
26872
48262
58730
65413
72564
45761
32684
61251
93689
75709
15268
99688
34472
20023
1848
55931
68762
25761
88154
95963
35872
24796
93012
12515
85727
89619
71811
17991
36507
18230
19896
84324
27730
22976
95096
938
22344
1524
93704
87122
79721
37267
90465
37297
28542
34492
68152
45396
48295
4010
24338
11699
83202
36220
69162
40145
34691
53531
99787
93668
98698
17534
66641
81229
72018
92603
97609
43451
96625
2548
75052
93422
97377
30037
32078
95985
53795
57298
87733
1007
35659
57875
27492
48117
20671
96841
42191
95584
52999
96919
98797
13787
60635
44643
2802
88369
40821
56963
38735
46144
78137
11812
52442
38236
45107
5414
11596
35048
14335
99949
5986
80407
39880
74524
36176
22922
26397
43826
37811
15764
98140
47296
16990
40104
82455
66575
58728
33523
80996
31299
31660
50156
96187
82778
59154
20336
37684
63413
89627
26681
96664
11517
76277
53594
5505
29585
53240
79118
67397
63965
98809
75178
87729
22068
93686
74816
92021
49226
99685
43888
89297
74781
98052
94877
31444
99493
78849
62002
55131
67695
50099
37405
81697
84379
72507
59853
26638
32989
57695
44325
47797
77668
5019
96712
61378
14208
98331
50459
84235
3509
50772
60495
30398
94797
89616
26256
39106
63706
12593
46528
86867
12441
40051
49792
68151
15013
46673
9938
50157
10520
23829
11031
27275
5895
94315
10715
4209
2059
6081
78424
80586
31841
71602
74224
92015
80787
49794
71490
38151
56072
56413
41352
74116
71852
65930
44624
53131
15736
60492
32697
25903
26777
8681
8776
79299
52687
14836
2928
95163
9566
70986
3756
24884
8632
32683
67211
58776
13669
50971
93798
46551
31660
52816
49918
5603
14185
71847
19345
54446
89510
75519
38290
14712
2801
86402
25487
30494
29858
31634
78370
49549
51484
37926
52109
59069
71026
61857
17419
48160
77000
90785
35622
53408
72911
71962
88999
77928
62916
74740
24306
48488
73594
96310
12881
63711
67326
92693
38977
93198
38437
43071
51728
12354
64505
64421
20111
24055
7722
36413
56249
11980
20449
29253
64545
16521
18815
8933
67050
22219
50294
41449
27405
67281
62663
78379
10657
18396
49209
60841
85291
16042
62968
55519
97949
15688
19273
47948
8371
63351
36994
46780
47698
76501
58820
25067
29949
6041
89004
49368
24491
23192
59368
91702
98896
98191
77225
25044
15646
79676
52359
47351
83975
1099
50339
14220
99109
20254
82137
99249
30557
69334
63679
63172
72613
80354
24868
86500
16156
23672
10027
42148
55124
87470
52446
98201
4618
14764
52578
81897
90297
72745
18952
16315
54697
20870
51225
73276
23992
41873
95513
5963
94397
21674
46662
23417
70846
45422
23999
75193
47926
86518
39947
89267
51929
28902
54960
22638
64609
38624
95500
43568
17594
72662
68097
80787
38878
68963
7090
60516
40680
23586
94920
6481
65150
58590
14907
91138
72553
67492
10174
49305
98099
42741
55640
48842
18881
98849
77435
32961
76121
74178
16271
50453
34200
46129
59349
52686
49671
2758
95185
5017
61960
78620
75562
43123
65941
58759
72189
54743
53890
52033
34555
82547
2973
75516
68857
58783
77187
66064
9993
54240
52622
86995
88433
66725
21495
21674
29287
88406
84888
12113
95133
88475
62379
66344
78791
61136
29375
84574
43566
25760
41145
13555
95823
86925
71020
8117
99283
45025
27785
97076
90241
3142
17576
32131
27629
25579
94872
238
82496
59757
10117
76494
48074
86089
52707
60316
62079
76655
19190
19790
90704
16338
10895
60865
34504
74291
52106
35381
57022
84366
25583
21999
12300
512
52060
31883
33585
34384
1242
77862
50546
68197
7673
77280
25809
14294
91435
90059
12447
72628
26519
76466
75417
52502
26418
57470
99259
59705
23406
97322
30979
81817
35991
68809
95865
72022
70509
17471
12377
57805
85752
72364
21837
43943
71805
99861
69090
1701
44205
65105
96732
83571
32235
52312
78582
66052
26801
44958
4926
51728
99112
44005
55374
8872
38406
67067
17778
92903
44688
9892
95907
43674
27848
5357
6720
33487
94002
94457
54228
17031
25721
3284
98846
24423
60238
73762
89712
47289
71713
40838
90229
89583
35687
84150
29906
44035
51252
85087
78970
87826
38899
86848
74246
39463
70940
77490
40024
49313
6003
18394
99498
84908
93881
91810
18988
67588
14117
73330
6353
18184
72117
96951
96517
54224
2517
82360
9730
34641
32422
38150
73260
84676
95806
11138
53381
55201
21955
65766
41867
73197
33004
43145
28366
380
83169
96441
765
63934
23208
1465
73858
41807
99130
3207
67611
46189
5411
56664
41155
26156
36479
83853
34061
43493
34647
38850
22267
74087
77593
33210
89336
30353
83393
16576
40482
52503
6295
23563
33375
7177
86782
24871
37350
39302
65558
93413
77161
80509
74478
26012
24594
41032
28120
97874
64879
9011
91888
32193
57807
1825
3796
15080
37789
50822
85963
68313
87928
45190
15835
60714
19090
25782
54867
20649
4285
54585
90533
86968
58742
97778
89373
86169
1194
67433
89401
93068
79177
73818
77862
99452
64775
6702
63577
51107
59232
647
60776
6200
61189
39741
35494
80705
65212
3062
88440
26721
15016
45231
51185
99554
25936
69846
54840
3300
76309
84047
74154
45145
81636
27973
22409
31481
30814
71778
17601
23372
90137
19256
4262
27002
20074
92913
97708
76820
84252
21635
131
49128
64417
46390
3891
7819
39614
49782
51501
93177
10192
46333
61300
87034
97030
23105
78362
57114
89809
85325
98605
11635
82486
15786
36454
41540
10871
30276
80108
51483
50055
71441
64703
69798
27860
49890
12900
40834
5294
7860
59270
85125
23834
19612
69442
35732
22204
66966
83517
82623
44073
73070
86662
14035
96209
48752
83030
25891
19213
79483
66600
7862
68811
5730
74438
96922
66342
7329
78171
86436
27624
32169
51553
12097
42914
4454
10442
77282
12819
66325
97497
38214
35117
84988
34204
12487
53016
20380
13898
13461
78902
42815
56175
61124
65716
68781
82785
38513
36584
39128
69959
36839
96673
67350
14373
59399
44526
33959
33058
26785
28025
89816
96813
45761
27630
36919
17689
56935
8603
2052
73262
95096
95993
43625
1429
61309
88048
69501
26761
30464
8576
84506
50814
98598
43866
41854
10649
8835
67140
50741
60733
2799
52957
88548
90186
73769
81731
55093
85031
62437
25896
21537
58821
7333
82138
75549
54725
12951
63054
27031
447
93398
32338
55297
817
26421
57737
6677
76901
70465
32053
64624
18722
9893
44050
47900
53387
44379
92776
58762
4155
85535
67637
21217
29933
18582
54467
71436
82507
71659
47994
3340
46120
9399
72303
13615
45660
57873
80338
72359
95290
90058
11893
78430
37565
20999
18537
52606
80099
4555
60743
8883
32582
69990
49689
84210
79678
20380
5295
55808
88391
88878
44263
90671
58856
99045
17646
55712
6838
56232
40959
28737
2706
71009
42853
8830
90896
66730
40236
32799
9821
2023
76599
30681
78102
92894
79168
96089
71304
39424
51015
95750
83744
37148
61465
21836
87538
73091
70324
45036
47337
75018
92841
49795
77210
35560
44373
30476
26747
61943
28335
82737
78581
8127
3526
75609
14435
4323
98062
47667
99762
57708
34506
84444
23598
92091
21506
70670
70525
59393
18614
85350
93010
57639
61902
75118
32937
30128
37276
57458
44293
50016
61299
79636
66179
39896
17716
99856
7120
72218
77651
5997
28850
85238
69758
13969
97887
16886
57869
4373
29806
40396
6642
98286
24343
12153
8831
71171
21035
57362
16471
87030
76824
45846
78298
15768
23470
23135
60873
49697
82704
39531
72433
51684
38828
49567
44219
6794
79995
89214
22732
10017
59342
31978
34777
92254
93497
75834
73016
1073
16027
72025
54413
27412
54965
59755
60373
35272
61421
27922
86430
23994
62418
3947
75334
55375
98675
4260
87568
44163
92700
65599
71549
79525
77860
83425
68405
8946
64730
44342
70616
54880
35977
54549
54597
41535
59670
96731
38303
83527
97800
60908
58752
39627
55931
49314
76985
10023
70034
73957
78759
59200
7004
10750
94491
28046
23763
31821
27276
65779
53617
49547
85227
11113
96830
75235
98679
87140
35398
1645
49205
92587
33588
80260
65170
14196
91658
56704
25377
74956
46238
49127
41374
10427
94911
84766
22047
15731
82970
60648
50385
70598
13990
43909
32634
61301
94567
47560
62533
55558
83477
23766
90381
73997
79712
22669
4623
46602
98388
22350
33421
91768
58772
21453
11938
29035
76410
22169
48025
89835
50049
16426
26178
28362
98381
88892
44183
1846
45662
65279
4986
24082
21369
37190
8169
46639
80963
38192
86328
88153
55010
53705
40443
84436
50800
73794
40244
93489
80079
7403
50715
53426
15190
77669
15682
3086
89000
3806
70001
70435
48958
54285
51635
52549
19634
96029
7427
25482
81787
95188
24885
24958
73878
23374
59372
14285
1292
24308
51674
70322
44269
91825
34831
62333
26880
93513
36685
37776
1912
65778
72289
81862
76775
93172
8430
27691
40064
26241
68856
26602
51537
38525
47997
915
73653
72577
63457
18765
37944
51328
66948
42329
10328
66588
88506
96565
53801
81363
89352
75402
13028
42033
69449
49165
76167
85292
21449
52868
86381
31162
16180
64553
73274
30812
24390
79594
55099
38863
14461
10833
9366
11767
74969
96407
52400
47964
52538
88392
34249
25842
79158
6365
72974
16271
72977
34175
30918
44516
1422
88813
85788
38329
83410
13726
13120
23295
14651
5492
72265
40836
26078
10237
60704
26956
27867
54857
91868
74778
22532
45730
42113
19223
44383
75769
3199
53971
56886
94911
65779
23528
40920
10551
97003
23947
41619
1086
48636
70367
58356
50340
44345
3061
92531
18955
19613
90430
34285
3881
1958
94522
7105
15045
95963
83669
63299
91186
81213
79247
39559
9862
59173
71775
57234
83767
7129
58989
44484
98833
504
86886
95643
70294
46531
81527
23385
26779
22855
5576
19675
4621
73834
82701
74081
7369
37160
13805
85308
21897
39534
12407
44429
46764
10250
54744
37494
26624
94129
45477
51077
54972
60437
36833
53663
10754
63834
51929
43675
90607
46178
55777
35237
59178
62607
12705
55239
71252
72674
13713
26647
63478
45969
45499
49763
91848
2849
91007
14112
86743
64405
87731
89585
40798
18419
69097
89462
46196
58866
56507
585
74594
8765
36343
80399
48238
98813
96157
11965
33007
99513
32803
16037
50232
37406
82740
95804
81264
49465
7063
63141
28563
80233
12010
79071
56672
1916
95124
29953
23369
68716
5818
30284
60934
40577
93161
93039
94085
15697
5404
59959
60126
51649
90192
46555
9106
42235
63850
22483
58728
22630
67350
47013
54526
32148
28541
16014
62756
27427
43555
70962
16835
74483
45711
35715
97495
67419
50619
61775
56640
72042
4012
50292
29391
77706
77779
95719
35977
4569
58537
27062
93526
11857
13662
95693
84222
26234
65861
40835
79890
66853
24325
19983
9463
58402
46619
54971
71322
69054
73007
23378
23240
70594
24944
92990
16305
44135
18150
2695
27285
50131
81881
26543
95315
19592
77552
50412
50742
33497
82290
7537
23277
94141
40971
97616
24411
44601
51857
17916
8242
26642
70667
5659
26876
58916
54446
14564
5873
35418
28596
95932
41054
92555
28119
69922
51873
39202
67510
67018
47976
15764
53203
10525
99736
83442
50512
85374
37093
73483
45121
83072
96077
18523
38133
36898
2216
26319
94954
24824
48306
14504
91917
69805
83321
93870
65397
32068
27041
32404
35100
79696
32813
5524
41998
77992
18441
93789
69970
87391
25736
27965
19774
64639
60776
2616
53336
81883
69076
15115
42864
25054
86934
60336
84661
94503
73498
69390
41531
4996
68430
34542
96997
46564
28619
42523
86112
72692
3762
30768
60551
94503
70906
8772
50263
81880
44858
58732
65774
56756
87870
85883
54369
49975
45435
9981
52729
35193
10959
7583
27430
87603
83491
95612
41045
27625
88129
26731
99372
22671
39529
32671
89121
51270
46529
91107
86680
10253
20143
27912
59694
93167
61369
99638
44462
70928
24955
47794
66276
33795
4000
57398
98086
87059
51934
27888
58147
48820
82154
26652
53723
16513
2799
54041
7778
86897
13546
16009
65470
55598
54411
22242
95938
19123
96114
37099
94050
3202
83510
19123
9304
83889
28440
1931
57559
348
16846
99676
7474
8608
25704
87098
23510
79626
36010
58009
46177
78061
83085
55494
42477
6317
8489
93668
58413
8614
82842
85597
52627
12296
70745
13060
19437
91113
84935
56415
30240
46720
62828
77060
72234
82371
88720
16883
274
28315
20846
60061
60804
44699
54870
42237
11499
79895
39840
52133
37374
34163
26532
65247
21985
65809
14937
33497
76605
62507
28632
61663
49645
4884
55451
6843
19988
96148
93568
68893
9616
54803
72568
89057
57587
74270
98017
11974
5643
50967
49713
6332
26295
70746
27828
7914
1489
79387
99111
44616
33366
41273
55028
93897
42013
93507
88165
34470
44689
86728
65797
20147
16530
11906
21655
298
79554
12823
70677
66939
45175
15891
47499
26088
20995
97707
47508
18877
78118
9302
90356
53849
24440
7135
60440
57816
35895
24097
25031
65624
55418
28248
16701
66535
93951
32419
82774
5195
7031
84904
1892
67190
21268
91307
72200
49288
43099
3030
49686
14466
48509
36888
76643
28313
95115
65134
39782
21460
14332
42706
23791
97797
46065
7517
3631
97263
48297
74115
40116
64816
89852
14949
30334
30986
2360
21565
72621
72257
56304
35767
64479
63411
