55908
28071
58666
48827
75967
84531
2276
53761
51409
58550
34934
85511
44137
62919
59341
57633
97961
75740
86153
54208
39691
85986
79002
4981
19165
98723
5215
22929
60152
296
28176
26487
848
60058
46556
16853
64344
64941
91279
65438
68486
43526
85601
33856
44818
9467
31395
49350
91226
45338
92263
16264
87515
93298
22682
51115
13476
79444
8848
81812
39102
12182
71690
56035
93065
27770
67587
77759
16793
63602
76534
93346
23940
84763
77529
72505
1531
43230
53879
75324
67296
4353
55550
64002
76783
53341
27445
5276
79681
43910
4383
92710
85666
80616
43597
2462
69121
93558
21108
33615
61684
93864
70162
61282
83145
89116
39464
15234
89692
66433
21913
64982
7351
9948
32206
50085
8401
84686
26885
89872
390
85635
13238
2311
38178
41362
14597
56186
70912
27516
21546
32181
12258
60290
11260
22518
68874
16341
23932
86098
46558
28926
73386
99916
86626
18393
69968
48695
95303
46154
65240
75135
52923
26333
43876
33985
80078
28944
20119
25371
390
46087
2603
25017
21134
91567
80609
38409
69574
15454
28028
12978
94941
39120
42084
30627
27570
60882
30857
60819
24700
56050
36995
30049
33465
53793
4458
88719
44979
95312
23487
79113
18446
92563
71428
7035
52009
74887
57278
85619
9695
9809
71673
92676
86594
89772
31235
62092
13680
69019
37195
74103
88284
22764
14848
79432
54016
60345
40514
15162
85397
73142
51003
33520
4843
23856
26957
33021
76070
49929
21559
93370
82054
3720
60322
78549
15492
73567
52044
10042
65186
27021
2889
50204
69484
42370
23343
77617
19744
73703
57395
5930
53427
93134
42616
64726
9328
58986
29812
77899
30488
92270
82969
97017
25178
19528
65253
31329
6833
54657
43301
36825
17937
332
19074
1989
53880
30970
91277
26962
72787
29393
90177
66719
15070
8616
78868
23303
24645
5676
63063
44482
59005
4084
54641
34673
95269
44055
41214
6977
2363
66908
72180
23946
68913
72112
13263
13317
84940
15697
75720
54088
93861
1786
84623
17544
99353
79084
2903
51762
79525
85564
85357
24484
71025
24454
3432
13399
83210
89797
65147
27207
53320
91513
60996
66042
58969
43775
67549
68733
27766
29476
30343
4735
33910
89258
97494
31408
77053
77936
40239
9572
74826
58482
54461
65377
37442
32997
30480
70134
86094
42594
68353
13056
64309
41505
51898
77320
27422
62595
36007
59025
12734
24684
23584
23076
58287
39427
23507
40257
79378
36024
78184
29604
6327
40671
35080
53142
55525
91002
89650
43055
31600
39949
95450
55815
96364
83451
15137
9495
51669
35573
61468
93916
89716
70443
15936
74626
96707
81494
99501
42236
8272
62773
98895
41626
1179
14518
27393
7661
17428
77286
67623
86431
72994
63981
14852
640
9770
98851
42076
87516
45533
20664
51190
74699
44295
21353
53864
6612
45275
13579
9363
55240
13565
73282
38956
75452
66890
63617
26567
46684
8243
61695
78374
80245
37330
39242
99617
81613
44678
49113
8661
37049
14033
80464
30984
15599
40331
27128
64682
8323
86802
41751
44674
43996
6768
65612
23610
49468
66904
61480
4139
49066
55009
75580
39147
15125
54446
22546
97359
38511
77193
35340
61613
679
77670
68867
96813
35236
14973
80325
87500
22638
21369
72588
66911
26311
54589
12545
84061
50136
51350
12097
36674
52201
53168
3582
13626
99499
65514
44472
78961
14866
53225
75986
10927
64537
14137
44361
12748
24188
1805
89320
28315
40999
85268
29901
56757
65293
15135
14149
74858
96562
60048
11367
79682
87823
5960
17433
82432
97272
73931
16217
50253
60675
97396
50390
9960
62882
16396
70197
92226
18079
64061
69301
17559
15601
38702
92981
55776
40211
77256
80026
56476
56790
31229
42417
45243
98947
53954
4428
18279
80102
75228
76425
17839
51184
40438
94491
20659
78911
68977
8825
11064
42887
37846
71436
58932
23598
90638
49781
19076
68038
99552
20766
73183
62116
23775
50781
61472
13960
72760
78877
50958
77408
23813
70238
96078
20704
92451
29710
47682
13689
73606
20066
32169
24982
74449
63703
29719
86929
97746
30742
46043
33379
17832
93167
48023
71104
81647
80740
22881
38506
42009
19691
12861
21376
21510
76761
10197
51730
86623
95661
7571
74185
13564
93296
3326
62424
13025
30498
84115
97194
37481
15260
11023
63552
22607
6920
49880
44363
7534
28670
24543
52189
14762
25622
17975
62307
4920
8104
73676
47247
99953
50573
52784
70037
27768
55922
13136
88166
63500
14155
24989
54226
6574
54334
67443
58391
36134
2484
27577
12183
71323
35702
93547
72601
47360
94749
82840
6364
55390
59390
22885
21311
75072
33553
29973
32138
51757
73983
71785
67789
63865
74143
12782
45673
86281
67074
1391
800
63678
6223
13774
9290
47508
96293
87763
69910
58931
48400
81228
27013
90747
83462
69242
8933
46674
5974
84293
19865
98354
79782
80882
62560
27365
83738
42091
25836
63114
88866
43895
5367
30967
31809
5792
53851
40105
97655
18518
4993
22489
19483
4901
83148
81875
54111
47392
12565
2644
16987
73669
47494
60895
25926
78556
38295
56095
50950
34739
7306
82830
2170
75381
55189
78968
60343
64595
56895
27842
40767
43353
92295
40378
23120
72144
79808
53954
1843
96747
40606
71132
88122
36516
23480
29182
32649
78880
18829
69072
24971
84165
67196
20917
75437
89778
78693
24073
368
45339
59353
95853
6607
34771
97526
62757
36634
36089
86271
27469
52190
94743
2725
54121
44117
7970
64623
29399
27958
14527
86379
24350
779
73385
21663
18789
29160
59582
62056
85600
99295
63031
40638
87314
23239
54632
11142
61762
31058
3230
45905
97723
46041
55389
59564
34990
70439
17624
3787
88518
27931
78004
29384
37624
76059
79155
61113
2630
7514
36500
56109
52279
50981
13330
18320
75717
76155
16736
86687
14196
58022
72529
38417
991
21318
17725
60959
92467
70253
5292
75368
84339
4545
86915
68898
47086
56530
90837
14145
55567
55831
85605
68064
29902
60626
18359
64275
81138
71193
345
46003
45857
36238
50587
39934
50624
19217
41256
21286
27775
16137
26508
21713
10915
65927
88554
44113
83917
99848
99025
15318
75196
2040
32350
88281
24837
21223
40137
29630
62179
76444
2981
95355
79339
95562
6580
69148
10949
72846
39025
15976
23681
59384
78478
82768
58956
99407
23972
37945
45950
72582
44956
46673
39793
83591
56403
66444
76376
83879
62381
39180
19914
46574
58242
10383
45913
10149
84912
27264
65490
22026
83844
52158
12544
71603
1926
41640
17495
61051
39693
99811
12857
4783
19902
1772
91806
28193
53207
27912
57218
67605
53986
63447
13837
86384
40178
34045
50573
16380
70061
60402
55266
12431
80727
44161
13130
38982
27200
8401
56499
65348
5434
10026
62760
375
91708
39954
89588
78736
9178
33521
88318
93339
59707
52767
61415
56385
67204
47839
43979
83659
108
958
40561
23037
63252
8485
26208
4267
6122
10029
27011
89644
41281
42526
66011
18968
78338
84057
90051
69037
88473
72397
10459
78490
99774
63882
73205
62293
29585
14190
70392
75904
75171
62078
94034
98158
5962
37073
48412
92792
42225
35023
22176
6832
63628
94448
12998
2060
83205
71070
42701
68561
8008
85333
66460
58107
71666
31745
24937
61761
28136
78576
61241
45456
59150
4385
10519
58879
24101
21288
88614
52239
13457
58230
86534
81987
56174
73726
66607
96679
95504
93932
15947
42746
48451
82726
71772
68637
72494
65792
60710
12580
99564
35984
25423
82215
83502
61827
81838
20854
60086
50519
16783
21469
21220
18011
62102
23801
41279
83143
58218
19750
69741
919
77682
16659
9191
29638
96797
33031
32805
62763
35956
68565
94951
43449
61482
6103
83773
84870
57255
39707
64306
66518
23583
55066
69976
19864
97611
80620
9197
23274
25410
83387
3699
54059
14941
91389
80957
41615
19178
7786
23715
94349
95070
70917
94374
45273
94710
90816
80421
58652
81226
13507
18951
44121
21602
23455
12824
56593
9961
87740
4554
16173
46041
27533
29121
93498
42047
96737
46387
73901
49001
29048
17429
38135
10473
4078
7327
53237
73550
81446
39102
73069
66887
4419
83022
94395
25944
14874
22371
78902
15856
96333
4152
11728
33746
93897
89535
34950
65228
21499
85170
49604
91888
50077
55773
97802
65923
47852
55762
5230
23004
73845
37978
42506
90891
21693
82792
58204
80396
1676
68180
7692
41580
4152
46589
53272
62306
54921
42064
9645
62185
56750
30679
52703
95099
18649
25326
29796
85092
15598
12118
15396
30167
32391
9382
97755
6768
10556
66112
9342
414
63053
18395
2593
51642
20385
38415
31014
93741
13797
70892
66905
95955
74929
78039
55305
13647
89031
74083
28725
22426
39258
52221
73664
83155
75463
97458
86830
15925
98484
83735
21834
88759
61472
73496
92855
46923
11512
73799
18865
78142
59653
75984
86398
49617
59622
33306
33891
39710
50461
29700
37501
7770
32443
81095
27720
41968
85114
38809
48111
11910
63962
53522
28731
96026
7107
81738
2236
9578
64649
83937
71672
4199
48567
87476
54618
79163
54772
72893
40560
64592
11363
4656
53916
14267
60486
83217
35988
26500
35928
50291
16984
58468
13407
33622
25380
5282
72354
26399
16518
42741
22884
66027
54906
6820
7590
84876
98335
45174
99090
68990
81409
81460
5268
42398
39443
61789
69556
94197
82579
90829
35540
37965
25329
89358
13182
61279
96316
51785
50548
90877
6391
2440
98335
32441
74007
82755
69565
45392
74557
41464
12384
78888
40204
22075
79539
74697
94623
31144
29774
5063
2364
87505
96641
70625
29221
19509
27798
88484
39624
11352
10812
56416
96990
74192
63534
24154
49811
92264
66013
36680
80015
91185
27469
44713
6615
45298
89013
82652
28232
11495
10353
15911
78360
44972
94114
5625
38786
98370
98256
53229
51501
13095
68632
85716
10342
90934
90029
82363
6244
90575
38458
75483
28281
87319
52912
92643
98919
30129
9446
5384
35519
23028
28601
6080
93756
82581
81384
73532
48796
30501
49183
1277
16813
83964
26513
72649
57862
89496
14944
657
5511
98543
34074
43628
37837
22321
34535
65845
30169
21918
92774
24610
95289
65927
20204
76397
12983
19246
10063
87367
50404
45806
69768
46390
22083
25277
27677
3301
82024
27162
34384
85842
5690
98382
75419
3437
19424
84505
3371
56785
2090
17246
28760
73489
69731
83927
69675
97430
73016
34997
47224
90226
63223
37474
71250
89743
43538
56965
80121
11555
33394
89830
39573
3244
30441
21469
50558
16892
68019
53846
7154
31052
14491
46554
42046
58797
80485
88952
55195
90479
52241
17488
20723
74734
75614
78698
48510
31217
29977
69686
4781
75908
14440
50893
42987
83068
71119
5800
57204
95305
97524
29301
72271
22810
83662
43919
46322
69692
37357
58302
89874
37222
62920
63085
92194
15306
86151
10404
27949
67105
92300
88516
44830
58483
60331
56498
40026
28926
7888
34124
82565
70956
85482
73124
15166
92019
69595
93799
44507
33804
89156
6202
34594
12374
57779
38065
33841
32188
43252
73395
93130
11951
49645
13284
73224
67166
18324
68859
91827
4644
7919
69499
21406
2486
37655
254
74690
55747
85324
91787
62783
96368
45624
86751
66149
23645
60769
85261
8503
91678
79868
40335
67877
75138
65234
10092
32360
19864
14946
8580
68762
39438
33664
83627
10943
4487
52815
94285
18522
735
52032
86574
10275
30799
5718
97930
69345
66122
87245
87295
8283
83410
43757
41436
24965
32589
18072
60035
25762
15106
38928
1277
7319
68376
57152
4688
5757
59992
59900
83927
99328
74310
96035
56901
56673
97515
47923
25202
47799
28258
15079
40589
49090
40747
20063
37983
48099
70879
69736
60846
5089
61750
61377
39497
69403
76646
59834
1828
29343
43983
25870
62134
34028
81526
46571
42342
63404
69036
97838
88230
24814
96064
60234
24702
49542
5692
37463
99745
54019
16459
27272
17633
17158
51926
74745
68374
76537
48192
66839
28011
81948
14792
35016
10275
78754
63884
73350
55462
92356
78503
85052
16583
98599
32960
27945
77179
79441
89373
45581
65435
48582
73241
52338
7692
48094
17081
67346
8441
36664
70339
13816
62933
36883
11314
88598
81554
62557
90099
89717
41556
28981
46230
96847
78592
18108
27509
11073
57886
33628
17739
57235
49366
35191
49225
65530
77538
4038
27861
52609
38997
78068
38206
37335
45774
29176
22140
86963
68420
6486
3995
59412
83812
7183
1402
86692
35200
13642
8526
35331
74882
8340
2314
96398
68091
21816
75979
38013
97113
93121
11467
1508
2409
17110
54957
25640
5596
8677
43921
22714
53739
90434
60555
84965
73729
31235
64444
42280
6765
45770
49466
11554
49234
66688
87346
62921
57530
92107
33553
82217
99561
5098
57371
56808
96074
40679
31361
52666
61488
30475
38397
56820
25437
21471
24245
85790
76501
20437
56521
53254
82555
14513
58587
71724
49117
83325
96987
26207
18751
63828
20904
3333
26940
28831
56825
4114
84859
40629
40686
97481
675
36367
38351
84537
97687
66170
18632
23994
93055
74212
48503
43757
77873
55419
95319
93021
72878
19888
77451
76916
18110
91050
28570
73170
7927
18555
14703
45352
75228
34456
40982
21832
25811
33107
34142
64773
80010
90644
83720
51982
66826
56498
63563
29879
9706
54138
87788
20636
76691
10812
39457
7703
18930
61129
23622
68873
78986
66143
3594
70095
54059
14267
59521
61683
75832
74556
73594
39079
75450
76872
43395
47575
62069
57176
857
39027
88204
48025
62366
90300
31595
59407
89139
10084
89879
75413
57067
46925
2085
9719
34212
71792
12720
34859
99486
28311
77014
5530
60676
99799
35706
66003
67651
96300
68417
90345
71328
13559
51680
2187
60853
99646
8306
90860
86962
31396
4820
48277
58951
29218
31081
16246
19121
30907
99586
34311
53062
84081
26174
96825
84641
65147
5581
94257
71672
95469
89752
42222
7680
75117
58571
64876
3300
11687
58349
4226
85275
69460
37873
15072
41039
99413
40108
77176
21352
97549
92993
99868
40054
80119
95275
88096
35756
20073
90482
28345
35026
285
64066
75642
18049
57929
83427
2804
38877
78785
16910
13879
1435
34818
42796
2639
69315
58633
14833
20755
76626
21373
28365
24125
25896
46837
66294
1172
25928
48186
42442
71716
1063
8803
34184
86028
40323
49253
27330
59969
55442
28503
33065
45761
40489
57021
2151
49627
94293
56902
92793
45423
92635
53377
88692
97304
70447
89394
59048
3711
44985
583
56863
88376
9460
28486
3429
60130
1590
83278
31069
8871
89139
79576
64247
37373
9094
27569
4664
3723
75547
67249
80297
42183
49972
12034
21818
20771
36848
77921
36442
54152
42049
46479
48153
92244
52279
10696
75225
91391
86442
73173
62375
34739
7954
42608
5719
26615
74022
54447
76270
62858
61749
71063
33464
12478
60804
82064
99314
71841
46584
9837
45160
25709
2988
35277
97770
83683
34262
7268
42182
60039
11870
30875
25019
84277
43739
45272
66475
70930
34270
928
82651
17321
99549
95125
22034
31652
81748
56917
13482
6223
80369
79372
92490
84529
11410
38400
53533
87236
90814
78114
1653
28748
74057
49776
99059
1338
29721
86442
82913
52543
28026
57823
40217
52120
42845
10474
10823
56286
8758
55602
77780
97952
40696
34089
90752
8108
76853
19534
44618
14879
93804
51275
18466
2630
93738
54834
12784
83716
50005
24469
27179
87899
53931
72984
24026
48421
84986
19879
39760
57889
99813
81597
14070
5102
79131
16119
59762
4161
2267
45019
8448
42986
27519
93494
26010
23416
55927
74466
85841
44127
17839
9269
99729
90170
83754
17402
6257
77324
29768
63779
13407
11295
4944
84410
77277
16496
6027
82200
53183
40681
70018
54857
92688
43524
95884
27130
5933
28054
57154
29659
44197
1372
85774
9767
97637
30661
82176
73607
26629
40835
68701
69255
76680
76812
85513
43052
9043
51896
90576
81721
1978
58320
73549
79525
33255
57570
58878
66729
77906
51940
70199
11220
91412
16955
53609
79251
98118
82167
64086
74578
22250
54624
72419
80404
39804
87449
66732
89937
52122
56555
81357
67014
61394
97606
3401
75843
34676
4321
87118
10079
78517
49211
84916
69257
89344
67777
99757
95809
26149
43870
70969
50223
83628
37680
95621
5156
80653
26991
43003
88104
65590
85571
42443
83920
58200
25059
62283
82472
17449
89775
80342
69977
30510
1670
90891
83473
95802
74821
88343
78301
86525
39023
85047
42433
54602
11544
22807
88500
12267
98890
89891
7732
88648
58531
28301
3764
22616
43724
85337
11862
13652
6222
24427
24032
86843
52055
39532
75800
36199
11927
62079
53192
57967
14707
29966
48259
50621
98253
81809
88332
62200
12191
45992
10353
59968
35337
25108
66389
86655
56455
55814
41534
37604
44784
17723
34569
79124
21577
22174
66237
28732
82411
17313
91774
5345
33367
93493
46876
28445
5218
62588
55635
37622
21932
44052
80468
53844
35532
22435
61654
12519
86689
38537
25271
61423
41005
77530
43079
90214
38812
83386
36420
27745
83275
45955
27411
82355
41579
68476
64705
7376
64887
88845
36302
21851
47866
78159
49505
89952
13993
68135
18692
75633
87332
7983
53406
32487
85855
12322
27279
6730
19963
82250
89619
3741
65852
72272
686
70687
87536
55396
23083
56758
18471
75654
38954
14442
81030
3542
26679
14883
12870
45084
86135
62239
7679
68506
45023
10532
27786
79800
89782
62777
85448
67346
60978
16714
12490
20348
98792
88028
34196
1527
82583
40296
78735
18036
38903
25165
37772
84711
67677
67721
9972
55620
82505
75998
98836
42938
88933
50035
35152
94060
21529
2338
91444
61220
65294
80121
40026
55176
26223
6509
45947
55904
90400
94676
40527
1230
41742
13225
70190
45829
93667
16150
68768
29361
23240
60635
17449
3975
9678
89895
41667
17656
32366
23345
13958
15665
87473
82618
66383
86052
14804
35268
34608
21203
59165
59726
4748
87356
93529
17445
51680
65715
49683
88840
70099
84239
42987
10253
11658
80032
11999
35031
67751
46090
91973
68650
37151
46420
48520
76254
2810
89287
6512
77925
67922
48764
9236
35184
39032
11183
16692
48025
20939
93911
67756
90912
1866
20904
240
83783
9399
29539
60942
98299
38351
6138
52953
30498
14130
55186
64569
45646
22985
91319
69497
58917
88822
72682
77234
17635
54001
36359
46604
85867
45524
88344
1177
47429
91505
14406
15760
89758
870
57641
97929
45416
11142
75259
26507
23072
61627
69281
54063
30469
44844
24411
73711
40606
20992
17395
67573
41043
97593
19652
29446
36221
96585
98337
75348
59416
89442
19355
40681
70729
52918
95808
38534
45856
94069
5421
58195
49771
57257
77698
19098
59125
95030
67611
23564
48420
64259
84192
88830
30800
78676
58110
22749
3869
51306
10996
82335
88065
89985
75320
19214
87081
56267
61074
63017
86814
57352
26176
98530
16644
5196
95069
76589
84169
15686
76864
48312
15413
81240
98287
21242
27129
2661
88925
76031
52169
64345
60610
36346
92978
53889
23466
21945
6043
74640
55033
31136
10948
27348
23178
11733
10918
35436
55882
61951
56718
82831
29067
34780
12964
35830
10061
63182
58186
63594
75617
71570
728
43881
26230
60309
81094
26362
45134
48059
71994
97480
50325
54396
19178
52635
97564
11349
90182
58607
3097
71252
41239
91498
98014
57042
65996
94637
36335
19513
549
70141
15404
86093
53710
43751
11483
99994
72831
66014
85981
42219
54373
78567
32878
44884
40219
14988
57396
65346
78985
49959
8883
3991
26711
30296
59412
18411
47896
79989
76643
40743
14784
45253
80824
88390
21042
46448
53346
60686
62776
30713
16285
39894
30835
89009
51817
63809
39297
67736
12433
10947
43713
23941
5689
30645
78625
67955
71361
63999
86720
88345
17341
28263
97570
35120
13399
75961
70649
32875
72643
85157
89669
25257
38819
53549
29647
14483
92965
91522
90356
81011
64922
51462
48201
53521
52690
77793
76069
40629
12241
30960
84365
77459
66809
30381
55055
79658
47051
57088
92291
39013
25361
73429
1154
85948
31289
39252
71499
12414
52985
65223
15230
33173
31022
19044
24574
93679
45148
19030
27402
13490
98260
73016
40625
89193
55020
59524
66373
90121
22938
75165
69257
69308
10638
95830
45725
56915
38437
82164
31860
64122
18788
49804
23722
7156
43781
38721
61018
52827
35396
49914
68773
81632
99198
23036
67875
56029
23101
32857
95986
76911
35962
50501
26675
15579
51262
35634
14288
33858
53764
39251
57116
90650
95854
93942
9662
5285
44136
14676
66197
91720
95482
60800
80007
56734
11020
30874
35664
13279
97634
14542
51590
77622
36670
35441
72042
56934
79484
95766
96586
99740
25120
79852
63682
29733
14580
62332
30716
89182
25686
43703
79276
95363
70273
91886
8360
89403
96129
45903
75945
74691
69472
50734
92420
39811
61167
88437
61774
37962
985
65031
87762
1841
14533
69941
65110
74254
6393
54957
2404
93776
40464
83512
61806
12485
36739
11364
20563
3380
47503
13423
59866
82967
1150
11261
43272
53188
2098
57364
81450
8449
14398
84380
38317
36383
42351
74932
59803
40225
10309
6304
95018
72119
53548
20561
92648
57646
46164
88117
91547
96723
67471
68424
72236
5228
16461
89796
67343
52604
19245
99787
31395
64966
87915
23868
11296
19355
90770
57972
63217
40373
41473
10090
95433
42361
10137
48784
71115
24399
38322
2119
43643
60337
85337
76367
28088
71561
76823
60615
19619
36053
18351
92105
64728
97236
50981
70638
2848
22666
40622
15975
75382
14780
39039
84946
57761
21920
58005
73720
97149
32927
42198
76142
42303
85302
78362
35304
15872
52724
20592
3523
81786
24887
3389
68270
77983
61137
47028
15184
64881
17154
77645
97649
86120
78341
5291
87077
64170
7731
17852
33079
7789
11755
3637
45220
60704
96528
18829
88934
4940
15771
17600
58653
49754
82493
1312
53972
67073
79723
99510
30066
45505
33816
67413
69029
38362
39699
1127
32583
41856
72705
65658
28856
53795
45117
17146
1894
72636
82594
24926
12430
80551
86626
80658
54326
64879
94047
96286
38598
96129
72415
50888
36364
58151
45593
11359
37330
58511
85803
61148
68384
62540
37009
30349
80506
83115
24837
67451
53091
21720
7332
67490
86308
42513
37895
80412
32974
61451
38866
25733
680
18239
8433
19577
81141
55706
12386
80660
1349
32055
16857
59890
45348
66064
53748
45813
77348
55800
14892
83287
63645
37770
15660
3074
50778
92219
56822
55607
72447
15613
4068
35070
27069
11918
24259
91169
75475
38795
46896
80606
57980
88386
77662
37760
75822
62179
87945
62821
73539
35651
47619
22554
63976
35967
62350
61877
85414
96582
68932
23285
90043
24375
33469
86934
51247
28164
7728
62622
29555
52700
4220
7645
27019
24982
10848
87392
44002
29525
12802
79694
82348
79978
30492
93103
94424
97444
65548
7675
6082
64137
65372
22614
32324
74192
43193
27586
59615
67817
1542
61499
2962
89708
51879
19244
46318
3055
77175
44109
9495
93161
65175
36026
29048
46458
22210
44909
39313
6254
75295
14028
456
73952
39648
1910
27016
87802
43888
24124
14778
49772
81775
32912
60398
38578
94864
43990
62264
14936
44863
71093
89097
47296
10841
88567
85246
27221
89792
21142
54005
2193
72484
52623
3323
34391
92451
70939
42791
18994
45992
82876
11504
75155
17737
71061
44698
20861
2214
54478
95886
33151
82313
2848
18950
52685
15201
81481
35869
70011
75254
89335
18158
46380
93204
52717
58387
97138
24872
50895
69189
27651
83563
61219
18965
92586
77676
96435
89572
26524
57111
29938
84999
12996
78619
9140
85509
61501
14337
65921
46730
3781
54142
66805
28044
94939
10493
68807
57894
70927
71943
94603
36535
36598
68895
82028
28375
37496
89043
73031
65926
41520
27452
34508
7267
47888
41411
19068
38072
32533
85227
38273
65457
44728
94263
7754
51078
24638
6922
86880
83518
10079
12880
48185
38742
30449
28936
41072
24553
91616
22392
26247
475
53758
59741
71414
38452
25219
77880
84553
17316
74077
57953
43881
21572
525
46585
79387
63433
18538
8984
82978
11031
14482
22014
800
85910
82096
29873
89141
22607
29179
23658
28343
66055
24066
62050
71642
21174
58373
74242
74998
35264
49967
89759
30001
60585
71136
1149
44191
19676
42668
82306
7385
59665
83593
5999
31748
98611
23866
17085
78409
55395
13956
23375
83286
49196
35688
47025
73056
97420
48567
43910
11926
10046
59124
55327
17832
7165
33885
47066
43742
76796
28730
42161
25751
73924
8262
5822
29904
94591
25374
37493
32875
40372
40386
93441
85534
18230
51495
22514
69392
3595
99876
43927
18614
55295
63365
50893
66194
53690
9350
13244
72495
19146
54513
56995
28386
87475
76319
9437
87333
85408
18098
75021
83982
1172
27357
27531
71206
59207
59159
64483
20174
5050
78639
7745
68660
83761
22359
47662
31722
86700
23229
59823
29757
68078
19919
6275
60
23773
32000
17972
9290
26106
67490
62793
30163
11954
43428
25410
54550
85078
96617
65521
30422
31702
72299
17007
54668
56610
92296
74710
67354
4625
14585
248
34363
30870
28657
75746
3065
26510
76100
86256
57769
70275
90303
91649
40058
7426
26231
3963
47726
50093
97730
48783
56293
3124
88364
41651
89253
60876
50273
53246
21096
61119
67550
82012
2707
57704
12877
62642
59706
44431
25819
15627
25725
50080
42685
85538
94347
73376
39508
30136
1243
66149
60157
13932
45213
69038
16777
4345
79013
47574
42940
13339
78668
89579
97561
22453
80147
73384
9903
28631
71235
64825
55312
21812
57686
96677
85986
40026
23548
12386
74594
30692
33479
27190
19488
3912
95153
71757
54191
74385
9774
67796
39506
76627
2313
54503
46923
84865
45575
75067
38780
31862
87659
16868
38950
65670
73532
24904
93867
65728
69007
71504
57439
13112
7498
5304
79269
29906
26532
19392
39009
80041
82488
20933
18826
60634
49375
83946
37303
61595
94366
1591
42127
19517
13
62412
63459
6128
26825
12937
77724
64318
10018
26081
89289
19880
74238
29975
31446
55082
43401
65498
73759
67704
13035
51834
79163
15207
30388
83917
35387
12073
11384
64993
88160
27740
24231
21062
63790
54393
31529
23217
49149
3346
18289
56486
71979
51553
60634
95692
3050
76293
7132
26864
66535
80677
49588
81852
43338
46192
83320
11738
57225
20572
79082
60747
61824
83497
37229
60737
61128
74726
47338
50115
81987
41980
15953
14637
29081
27308
71092
61262
78801
47494
6148
72434
64281
92561
65129
85489
75100
73889
22378
75267
53941
91435
48154
71913
42190
23650
89398
97468
79176
87274
36107
39865
1268
77581
71666
69531
70519
90511
84769
93858
80956
70720
76394
38314
40695
44368
88548
4904
36065
59595
17002
11158
47780
88664
20483
45818
26687
44635
96110
95124
27183
30552
99824
23924
45899
66045
65973
79901
88374
10100
55088
44572
68364
25045
2831
37313
47186
47180
23366
91745
719
60393
43318
11564
21339
21705
28903
74196
97290
51288
68400
87674
59055
66139
17209
30774
32991
644
61612
32351
80115
88601
49347
50176
39780
61809
28416
12116
63118
41696
51032
72584
54788
29588
97902
25882
65386
52570
63769
98151
39932
10840
65217
30742
70397
41242
87988
40159
87421
9572
76184
35931
8120
49883
8844
19210
81079
71094
95528
76977
81166
757
66406
72807
59786
80661
6845
60803
29153
21065
58951
30180
70437
91781
9934
23460
64798
5568
615
39550
69508
6539
40495
64697
74768
20257
4495
37345
17094
54613
4639
60577
62449
78776
80157
86637
69200
35881
87040
66342
74268
20728
26515
43258
29307
93975
32267
67021
85648
30756
98247
35171
38702
40813
79222
37624
73069
76514
93703
95447
717
66223
56085
60134
81166
97661
22775
93415
37787
50815
89669
17173
19159
28126
5848
64137
11511
37242
47190
38552
31432
29215
36685
34649
34439
4192
56590
83249
9356
44236
61819
6644
34152
86764
6297
54215
19089
94020
72599
25162
86264
71685
83317
75519
33428
37685
5965
78164
23774
49873
42304
98803
73808
8667
42401
58103
75233
82353
12782
44053
84220
88027
95388
48869
17097
17304
53954
96189
7073
54686
72591
8232
99925
29547
64753
54242
51150
12207
1492
25356
14764
60091
34094
77853
41924
88282
17256
89141
4355
83166
26358
7710
56609
63648
53060
21982
34457
65896
92767
64675
61203
69585
47710
45615
81630
89472
47977
86587
69532
47661
10159
15907
67392
78900
77370
55705
53928
12001
20786
56362
38075
1
41012
84099
24320
14237
37380
26984
48826
98698
2757
74133
36959
17885
49228
25985
16548
28855
37605
53463
76437
37069
50736
6917
54756
28009
25569
80655
23839
1564
59979
31372
92304
6723
62228
96640
54773
99027
23534
19105
97142
54808
62937
23007
24684
59953
14350
21911
78421
44354
17793
66792
55866
35394
67243
95377
56291
81114
11990
11884
87903
6397
70428
54509
17689
90352
75745
47555
30012
81929
53260
59819
92837
61664
87209
2468
39757
32146
19848
8415
39444
47525
23389
1636
34001
85663
94227
48367
78884
39782
36243
25970
24127
7613
88533
25348
61009
44209
99582
87874
35671
17028
46840
61685
91051
4189
20320
52929
84132
17494
70159
48960
57628
47737
62912
56218
96011
36692
89086
60287
24413
96562
76438
63956
15480
240
51011
73796
61818
77353
45634
24030
88723
86166
53800
77291
64796
28553
3
35237
70463
44524
52482
49844
90813
41066
82215
11064
78520
76454
91689
41500
53742
32189
49539
50632
43732
12343
29586
25152
53164
74830
55651
92148
9361
6929
96999
47795
78261
8646
42901
46804
48165
86951
61
26628
58030
12921
49885
42801
36948
82132
79824
47753
65329
622
93049
79282
46630
75417
41516
14892
34861
7928
20906
7920
44837
36609
27938
43615
45413
36670
2413
18282
10306
64050
6081
73977
78962
5937
15659
48570
38557
519
32788
81599
98382
39678
64192
42276
43106
37229
63188
77050
82582
6463
23101
12451
63269
71566
84605
34695
94502
98407
98823
51112
47170
4168
64267
58067
12581
11336
97788
50138
43005
41055
97319
33720
19729
31840
39915
1376
26998
14071
76628
98998
44832
93971
68725
27117
30440
18093
29103
82270
327
34442
18005
76978
48799
97919
85425
48262
56437
44646
68840
68760
93818
30870
10762
2551
80535
95289
83237
41549
67832
64585
56217
39146
37255
32217
34520
55517
67347
79794
75555
70721
51101
1820
93153
85889
55660
692
57944
27077
12860
70786
40547
26775
19109
15420
2737
28061
74404
3660
93276
58510
5762
77705
80852
57378
37686
74500
19920
997
13644
99610
50165
9554
79990
72038
85954
52807
91719
31152
4899
52553
60470
95382
78205
35645
88275
74437
64783
51250
21081
32352
84000
13650
32259
233
92238
97632
88092
5506
49461
17211
2710
57619
43052
94427
66150
37260
415
34337
83358
46562
55684
95392
15356
17942
47368
40728
89912
93862
67381
7396
5764
6084
11599
37424
10163
20272
36267
50235
83058
80231
61109
97527
9089
55701
85099
42410
3234
78015
44956
90340
35306
75336
31483
93513
33708
6030
37144
93550
27556
76033
86750
40723
13435
95322
767
30041
96155
10676
10429
15032
12520
82071
12976
76751
5866
12877
93793
50922
78890
78866
37908
41421
8758
16376
57858
32623
56819
13015
40695
68136
31825
33505
18888
22644
7734
91799
77106
23891
70433
84409
86677
38888
35309
26370
97628
20557
75440
91714
65551
22446
85150
93266
17732
56152
58250
68083
4637
31908
74292
5920
59213
59594
5914
93777
84094
35476
6915
86
73224
14389
37054
70708
91410
20543
47058
63285
912
39979
38576
53464
14388
96544
36894
39048
11698
19397
12910
54915
28411
37330
50828
61795
61767
50091
27037
35358
96101
64551
59866
7320
51556
22294
90458
69197
12976
50467
84089
4856
58505
78980
88176
15907
74980
61260
84849
32056
16467
5547
70013
17849
60927
38587
9785
65448
41656
82166
64333
73422
36962
65707
43321
24945
85064
67386
32713
4214
47958
69686
69625
24086
70546
75689
15809
20606
85373
44540
22087
49262
14136
14475
73350
18793
11630
89235
27306
50215
8729
24409
31923
23533
65838
80164
27128
77598
68923
16179
42584
91757
99122
95798
47624
80406
82858
7823
30970
85226
63302
3723
96938
11257
67102
36692
45098
23593
54112
5849
2792
18751
3199
60322
73751
75075
6771
98833
81966
39789
43807
19311
60174
45177
20934
71034
85738
83760
58303
70096
37138
26259
29754
70567
20955
87977
16768
58580
4414
72595
58649
14816
53933
46779
59105
52280
93966
83312
5000
47314
3184
14030
95288
54343
33029
48536
20190
43100
67691
15295
65291
26498
55987
52775
84545
27846
49848
50911
73185
16917
68749
33241
98608
68394
12923
14503
77556
67046
12960
13616
98405
38990
20841
53281
71914
82961
89205
28558
88917
25838
53601
85267
82838
65687
25495
87756
24199
48220
9334
41919
30934
4443
82009
94859
50212
26247
73233
75368
76096
11541
10313
52608
91060
84160
73344
67775
5987
91254
51107
30624
331
35723
35448
42745
74865
82790
83032
38328
72434
8934
18109
61396
74027
26537
41469
87649
24773
55095
30556
36886
74733
66574
92646
94303
44334
48599
32843
7015
32535
65274
97409
3454
666
25648
48109
80705
22412
80811
30797
15843
80230
81853
62170
80123
63066
34896
33734
87721
41069
55450
52910
49916
34765
47835
10054
1575
17194
4825
53414
13655
75396
22396
8882
84157
81348
49381
55180
17729
73618
86019
49131
75522
36053
90517
56292
44866
72479
69344
79891
15144
99438
47789
76309
30165
1062
39172
9943
25793
65598
85217
38326
32566
16520
11797
84008
9823
46738
98282
57421
84909
46163
61911
88082
44330
91730
48704
51968
25572
36132
91132
26571
28674
52149
20053
60331
78188
34568
11082
36225
72431
13189
42502
92196
46818
50830
17260
25380
84846
85442
79968
53495
69383
29039
60823
30113
91001
70398
53033
41296
99078
47605
74419
42947
17880
51078
74290
59516
19728
50352
20506
83288
80773
9622
42386
73866
65379
2319
68132
50033
42307
32193
80713
78995
62804
79661
71499
21179
31381
60468
81621
73410
10245
66447
43162
56405
75101
53955
25373
99389
7345
90653
26434
35798
51969
44408
73296
28100
89256
8669
40782
40134
36323
75132
76919
11899
57744
10957
59968
94438
1014
31184
7638
43538
12466
72515
60433
17611
57819
28786
14787
41123
87088
41304
51356
7910
12287
62280
14511
47248
33339
3747
40397
20907
76877
77770
5212
66888
76966
58542
4788
44549
32915
71348
27388
98178
50969
77810
21140
74258
55592
93508
68003
76694
25045
59609
23155
34883
94915
2034
86338
17511
57976
4664
38097
58568
29977
9229
31680
24537
56893
72471
13526
92709
74740
88432
11379
36370
65712
30059
39658
86838
54071
4953
65729
76997
24275
26700
30702
28515
86020
77328
36879
54762
66673
93182
12220
58846
62485
35802
10732
80145
81332
5156
8330
81531
55920
5808
98637
31520
23263
39465
39565
73611
8969
20226
89788
47271
8598
22038
41415
64497
7077
21562
27855
40640
43301
30606
69727
30870
82574
73818
34985
59739
69458
22249
44798
3535
37684
83110
14874
69308
32421
70608
72729
2697
60426
1528
14871
99776
3638
89594
10352
18947
75697
56133
34102
45432
75941
30959
69292
18297
49784
67623
91779
73722
52324
74881
71219
28174
21661
46858
86349
16118
86399
8814
59817
61925
47130
58589
5041
83892
1259
83007
43340
20374
58271
9390
21075
16545
66437
99425
57359
86490
58704
27828
56176
37929
90190
59864
2830
92455
19072
36468
45750
525
8962
94571
76383
75196
53045
92805
25283
56978
63888
27774
65788
50002
78134
19300
8301
92650
6596
37055
7829
88439
70628
54750
88332
50800
67360
28291
13872
34928
55864
39751
65398
88981
46664
38213
65941
33055
9011
36956
14134
72483
9117
90788
39283
33995
67014
78568
70113
95836
55353
49765
60326
93911
99279
5932
77039
72898
34090
92408
90503
55889
30491
4111
23061
63132
64718
61460
1578
65609
7999
34807
29463
47306
23945
32813
35624
26664
92382
87986
92866
759
22994
19170
67076
78288
17898
76621
21400
24095
97073
10566
61670
78688
33520
26260
92218
11624
53860
80616
71545
92910
44667
49665
61684
45686
88380
65777
26977
13874
22296
87296
58099
98687
59275
94634
21688
73893
64749
20389
76651
53797
68685
27547
4507
63214
33987
56005
48379
15089
16370
79255
59883
88758
38045
16512
53098
30606
21810
85107
42165
3239
41308
67014
35860
9645
78850
33566
58181
18755
14968
28024
51889
8757
37336
83431
53444
87476
57605
93051
51651
62054
13917
23715
10833
71583
13445
21371
19781
34151
20062
92570
80020
80206
41557
83150
92956
41344
8852
40763
25894
60912
64845
2514
23605
69623
29627
16385
75919
45342
93072
39902
84602
73967
856
58565
38141
64914
97562
21903
33081
24984
27554
92479
17171
90918
42266
7844
20743
38588
64463
26438
16624
73760
76306
1473
50626
83345
75600
22665
42272
74448
67258
80428
17110
81252
31265
31789
35945
27792
85363
92012
15823
85047
84543
4719
61583
21170
76184
9608
73204
32695
22666
60624
22528
92247
59487
47198
30197
80829
60910
75989
49172
36636
99903
5508
2780
92276
80353
95745
68490
34621
9243
57172
36058
86486
39418
39863
64893
58597
5662
807
83233
71542
2183
22003
84153
29961
54023
52991
38940
93559
55095
11508
80852
24045
39275
44801
75082
56982
87728
38256
10912
92608
51469
19927
58076
83453
96440
52175
58182
62631
27204
51351
68654
69122
7865
98163
561
12436
65784
29071
23641
12499
70972
96725
30196
78606
98034
80437
15999
76252
5831
9732
84230
19282
10279
43566
87798
58981
32461
23523
26939
55302
52624
74796
95522
86283
83404
50994
87338
17934
54932
79928
89332
40323
26874
77414
94398
44628
13403
97865
28764
41259
29114
29744
89648
79978
31336
53076
66718
58519
99357
63837
95886
8132
56277
17336
65439
60036
37037
30793
67247
11164
26205
34576
63503
35142
43786
78452
71770
55586
63634
66686
20114
5311
38075
48965
83352
63547
88912
84483
67038
468
29034
89881
93099
58500
79795
2498
23944
74303
92013
80058
36150
35364
46525
98736
6661
45354
67639
5233
79755
34424
24764
10649
60895
10027
2722
31964
62008
98913
58600
31832
80246
65485
6999
31455
51703
6629
55215
41945
6581
5833
73268
61162
38245
36262
26057
40187
36027
21982
92041
82233
69722
43843
76001
63612
13713
44298
46474
93687
38592
28951
16904
98260
88789
23760
95280
56298
90655
82500
71296
3191
45050
14114
6966
27877
83353
18164
95638
80249
77804
59896
17895
32075
32578
9244
32496
64509
87213
29834
27870
18711
9266
29743
13110
91361
82946
11793
34840
66974
65836
5343
22157
94117
15977
34075
66224
21531
20310
93099
72605
66493
68585
58753
29721
19942
47708
22154
67115
79651
46974
1287
48323
31902
20015
31756
23345
12176
4499
36453
144
23618
15610
87560
3633
69428
49830
49089
94340
53801
41786
17056
76430
30897
24522
65972
88548
12450
92416
76756
92725
70106
23113
57028
36622
57441
88057
60064
69379
34049
69196
60018
76003
16322
22305
4431
1770
23543
68264
33236
92800
93424
174
53452
14890
15684
25310
7331
57572
55670
70531
67204
55077
35433
11781
12419
33327
5577
11056
64554
28766
91113
71706
15564
15696
53691
47206
71742
26441
64656
26810
11998
44251
2709
6847
74331
34346
90297
10160
20564
57709
47088
39687
54776
61581
4464
16047
48653
57211
86679
57603
54229
99005
95670
47204
50117
51239
72277
19811
58249
84984
86230
11214
46360
58487
87570
56674
6048
739
91269
65299
4227
47594
97683
23764
87050
7501
50477
63140
7610
4223
48492
99584
74843
40097
21656
69944
26577
48768
17730
15323
24606
70215
36728
93498
31774
37307
12845
41713
92027
95339
63993
63444
25384
94135
81455
70713
51591
18607
44755
9129
30529
36518
46805
96500
21155
21503
234
89835
77983
13779
53242
83769
20700
32436
8352
53584
43386
60693
21439
91873
89767
96372
28884
80099
61094
7700
32167
43403
13832
40219
79812
91809
25328
30489
45151
36913
60779
21010
17146
98829
30516
42802
1399
11106
55736
20743
49257
41881
80964
79583
28275
1759
64207
34288
68431
27097
51726
7929
26142
49838
79475
96818
72183
60940
48108
76507
73817
19286
82951
71551
87953
67635
44931
17976
33392
51291
69248
38176
74960
23827
99243
38121
17248
31096
73549
76285
28594
38898
89217
57820
4195
95364
76068
30668
35485
56638
51999
63048
92611
62336
59341
63526
30000
31521
27283
51345
29936
85747
86724
31655
63240
85268
92451
56494
89128
8027
59198
52090
71782
27922
67667
4458
52990
53018
41873
25916
62897
46568
52847
71360
71305
88765
94777
62973
39257
52287
35799
36813
69671
24991
13015
51935
79659
48319
99117
25715
51323
23984
64134
56947
36375
67276
70758
39892
49699
90394
98322
61976
90197
45723
83338
60469
57132
2096
61982
77524
28664
87704
81444
2696
92708
62100
27605
75546
70827
90251
99557
35199
64097
64287
38594
5762
91721
21944
53388
51465
64699
11860
25311
35083
79003
64320
87641
66785
11473
13329
98998
73217
87216
20510
71910
95344
22525
31429
9521
48500
5300
85790
84366
25936
68428
92263
84787
99911
59682
92331
94686
24007
52633
18969
9698
30448
23777
75618
75203
21436
64493
16403
87688
48944
78943
51901
89102
48284
69937
83981
43728
74099
23229
44845
34293
48602
59588
84789
69475
60364
5806
3074
3768
69949
17908
71621
36298
56146
51354
85039
18747
82624
28155
79730
60851
24587
44997
82284
64457
15809
3295
71993
32065
19889
51800
50895
99621
12931
12538
16651
66267
22906
36356
66755
64627
55248
94879
58984
70220
61634
63618
88544
80051
4502
32399
38041
91723
40119
36037
95150
96349
83000
66030
74941
30163
44190
57271
67755
94284
20276
8775
51206
61126
24307
17400
51157
49717
59278
81699
41573
40642
16328
50969
42256
50657
99172
73901
50552
66214
58127
36869
25102
82522
5192
14509
37414
80229
68669
67895
52463
30165
60482
6844
90224
22864
58172
42562
1215
58179
55717
91449
60906
45571
94674
85017
44791
2314
57072
74349
16387
40569
5130
52360
47871
54919
36474
76254
61017
34619
91874
15399
66666
47276
23658
97605
58895
54400
95601
3369
93266
60868
22208
14745
60495
63022
29921
22751
86279
601
98049
64604
76044
67727
50210
7820
41669
57987
11731
29997
34796
64500
87202
58340
27473
5180
33085
47504
2777
21612
7938
29534
73434
97457
99803
30839
60188
83791
68285
58961
99864
74021
12438
50209
83338
30215
32512
58982
65883
3113
6797
93480
24911
99928
92809
56295
34832
74799
63054
67528
41590
87335
59000
95916
14978
29409
63224
85602
32129
77538
57906
70900
81104
64279
24846
15661
89521
52699
32283
84881
85521
21161
64970
15904
29304
49810
12658
95225
11269
18217
72730
27249
69183
43058
51795
76159
67012
42489
45757
7389
5683
95834
63807
15010
98468
43066
98105
24309
76250
98866
29648
28891
29725
46106
97112
12558
75125
76530
10450
70125
50255
71404
88978
43519
67915
29390
22142
87977
57584
11953
85691
8116
85671
57318
21079
33821
62034
28884
77117
16040
3496
57958
68738
82609
47638
2040
64178
85682
70000
79698
81432
41838
74434
21668
20353
64309
18767
18821
59203
74077
35274
62121
78554
64526
8830
95635
44694
46069
93371
1132
95902
12013
11216
68004
35732
13764
99440
44481
12950
54602
24756
31082
61410
35501
82685
79603
38283
88528
36331
70772
6420
92744
5764
63234
18470
64877
98008
78454
57473
48473
74686
19174
90217
32195
22482
48177
98925
62989
355
34968
17147
13382
8419
95571
56815
81241
93037
670
8186
25628
38049
51203
25598
12640
87541
86970
44744
6815
21579
72606
95865
18522
67445
59573
87720
52628
91518
28631
74458
714
42030
60714
40518
68571
54534
21857
70932
31011
2374
56614
46052
62089
23137
10927
80518
3684
18704
66284
41474
39652
8126
97941
53278
92636
22583
70412
29515
13949
29789
91325
3049
32088
70611
75626
78920
86505
3910
10476
56576
47474
4916
73819
45807
13314
37176
72379
74079
33576
41395
23696
4524
91540
89053
43429
88525
86661
63679
43183
680
78557
4264
9186
10033
91573
52154
72025
1502
73866
32744
56472
87192
37742
61436
49735
82146
67344
60825
80402
58915
87814
21529
57404
70861
35867
90656
65686
82124
21592
30042
64723
68086
74052
36047
94106
39210
35061
9223
95474
21304
56234
56741
3709
93845
79151
35960
76908
20497
95635
51195
16923
67175
52479
48911
72607
62025
28697
21678
56845
54330
17074
67318
52313
98032
59792
69988
79813
11117
15277
25051
90368
82304
39611
57870
41313
55955
54749
1496
28396
79634
93297
28757
957
49070
54639
97059
14871
52883
96843
63586
76842
11297
43730
70679
92504
84494
48845
24853
38902
24978
20474
26641
79253
16989
39603
98052
69306
53311
59468
22466
55543
61607
21386
89766
9903
71373
64970
5707
34692
9046
34830
92368
62130
95455
51341
38781
90538
11225
5186
43687
97518
12375
60739
30536
1085
66628
44844
85264
26872
8703
50326
59695
43803
90922
67072
4696
7656
20810
15102
98218
72710
43347
69079
1394
46432
8941
41029
80855
86999
6875
99915
36403
80922
22851
70779
63197
39604
62723
60647
55500
70061
76807
55197
3638
16956
8506
48389
27600
17867
84668
59686
93893
86477
42845
31684
60530
98837
53052
59151
73715
37470
82076
1851
66359
23309
92317
47275
41022
66180
86537
5061
27517
97717
83094
96662
23683
14278
97906
49151
83976
88981
42772
91136
74452
90169
42254
61928
87688
30746
75108
58467
22492
10738
94955
5909
31357
43866
74817
20893
92722
74901
89524
75102
55741
2457
23314
66861
72902
49471
12902
39665
80182
39142
34919
59941
74647
82039
39498
91797
21408
8719
88922
25026
98423
52899
33729
75384
34222
80624
95377
71220
40457
61839
37388
50887
7697
18513
59235
66987
69393
69178
83723
83108
72560
40777
57193
37905
64499
59125
86637
20674
41510
4011
30897
64350
22797
17618
31962
49069
82617
79922
47795
90393
62058
9209
47680
29237
81603
89571
30821
13931
9444
76402
3670
25159
55766
84821
45229
24406
44043
80247
3597
98668
78473
2692
29097
23295
72477
17371
18572
9958
37557
72876
99331
82684
26764
91838
72005
44906
24377
44048
53147
33951
62089
10103
48977
47032
23887
26873
84932
67525
36331
78902
46011
98374
44677
65252
64811
98685
12294
41451
10758
45268
5017
6729
68477
63740
65146
70014
54128
20536
46860
99045
21726
29893
73225
33471
20087
80232
53753
2605
57222
68927
13289
94946
96468
52515
35061
10209
5505
88913
41004
96961
38439
82445
25206
35661
80767
31639
74324
59587
65319
31121
8171
261
32827
42731
42040
99556
74674
9031
10249
4402
91855
35624
53222
2221
40520
70282
79450
23771
46525
87238
57645
80492
1737
63996
45367
23142
37528
59487
67388
9777
5586
70743
97185
49931
40836
23108
72071
56966
71220
62673
58970
85977
66320
49664
13672
65856
11380
19880
45737
19328
31362
66877
66426
41294
43344
34091
1421
72957
68004
4163
60308
71170
30135
31024
3006
97652
60962
68101
42034
18255
49293
14289
56864
32347
32593
30657
29916
82894
59817
83433
58043
38164
63442
90402
21574
38373
60943
54297
25569
56135
58449
83205
21280
19488
88893
2806
9105
31133
50901
92460
24920
14909
66978
45249
32191
594
81767
64026
54388
90997
62713
4376
4228
29617
17374
22145
88460
12532
95769
38668
38513
67281
76147
60166
50310
33148
99185
51184
90890
12493
77736
63669
41296
40790
29057
61476
50219
73783
76125
4186
64278
97971
76089
54284
65309
83010
92142
42145
45313
76526
53502
89427
65665
1912
32374
5406
71169
8461
39635
23912
36777
59506
91165
89577
6054
10362
35357
85774
42231
55824
92913
41641
2125
39522
44369
27831
21901
7448
32022
58527
84225
20583
6960
80267
10816
77987
25184
5483
53386
19884
15729
75329
22375
23722
97891
34831
12104
55739
90679
46509
39904
45309
89694
89212
28624
39790
8331
21988
13689
8774
9945
69202
83274
99237
5604
19689
35381
50173
7334
618
66656
57507
34049
42920
57378
82217
76091
68643
79938
75822
28751
3221
90883
85488
15352
51025
81368
5506
53111
15029
79130
31938
17373
46413
62120
775
70556
24028
37600
41914
51880
69297
57688
78618
66924
35152
81013
51743
21222
82965
44512
81933
44933
23874
1146
31081
73077
45384
88722
43860
29847
16076
60003
47787
89373
93514
9785
8737
79258
65874
90580
80691
31278
29749
56181
638
99758
74404
89598
48795
3653
75773
94334
57117
53581
14747
23402
61863
57625
93355
13476
14247
61642
24403
67936
34833
72393
61935
55951
95868
54266
91284
64436
88905
42099
72610
48144
56588
7903
12402
39461
82345
38841
42527
88073
79570
14973
11703
27959
57089
40236
51969
95192
23109
84957
86927
38576
83592
33498
23726
32487
42408
20339
33725
57839
56632
14731
53258
80027
16247
67168
8455
82231
45096
49531
44799
49798
28362
5809
45153
57925
86648
35803
9139
89599
44600
88056
87272
14514
54111
31407
57563
1954
84605
66895
49759
34255
55825
87006
6576
73340
62186
51514
94288
29687
89350
77473
37366
18481
2464
56168
72297
69982
67886
60707
88737
22651
53710
59084
44557
21604
40579
26106
85587
26624
58643
55028
14967
40857
71969
54107
65633
25374
13960
58566
86474
53044
22892
53559
82603
75295
52373
64574
62661
82165
24304
64999
27604
50056
84932
89164
55302
17930
30981
38175
69839
84140
54359
86299
91603
79948
76448
15041
99359
11511
55192
52720
40990
36381
38941
29864
70330
48413
63816
96200
82799
69429
34143
42044
92001
47451
232
34614
70806
76238
97200
14696
9704
96569
1874
26704
91219
29722
23423
76426
66758
51116
68597
23119
53952
23819
31232
76497
50752
83260
69220
1919
75805
56100
82182
70387
60117
14265
47353
47796
47615
66754
65862
15896
1653
20069
3157
81413
39033
62768
33082
69151
71367
14506
72443
87963
12517
33550
10271
19781
36226
51714
84110
31282
63652
35033
83340
67738
8660
44919
23445
39223
34868
37916
14964
61129
1888
68698
54471
99477
64938
19183
62340
8742
49300
44985
56398
38970
72983
27060
33781
83727
38648
28623
19693
96046
38436
46618
57476
20828
78998
13655
51492
96772
90453
1075
31392
82549
22789
50767
93447
95340
2437
66426
55201
86104
1632
73651
97879
82312
93398
67721
49956
53501
93597
39058
63857
19932
95195
40183
62191
90909
74433
48728
84264
44009
65188
3814
74788
40118
5884
73135
30568
56960
72134
5632
29474
94595
79645
33702
41188
18585
25243
76024
28783
31978
41035
74918
72389
71855
91537
15153
28240
26310
35451
87683
31065
20936
44242
68801
81160
20663
83920
91948
88046
98831
22129
68795
32075
83876
16251
7068
12426
34278
858
64146
50012
86231
16296
1892
36611
58336
81596
75420
88862
36328
98030
66928
9173
43651
64364
60755
47746
55299
61492
41615
11819
48444
57104
79145
89952
18555
42738
71412
88054
18898
14578
38798
30646
92572
5585
76988
3721
54975
69193
88762
11874
97812
87330
55490
38826
26927
26500
91370
25161
11911
96119
82239
44915
801
89179
23990
10760
15478
19066
69496
86098
58554
87743
90100
71978
54488
98728
22228
38189
96665
80134
43289
21261
42337
41531
60486
10240
92114
90215
58783
40549
48017
87322
47486
14279
98638
79036
36370
98459
1386
23152
10099
48147
24306
46316
20410
3291
52634
93430
83831
18258
60977
80842
98014
30872
85325
30422
31410
82106
28705
1345
3772
61436
44303
40839
2307
56578
74915
34226
37882
13927
75580
45804
20312
56287
99882
71748
64300
97722
72347
73167
18084
65236
39773
80431
44451
83156
51373
7277
16106
42676
19095
88282
88868
27820
35375
75355
68676
77551
98089
3629
22972
9690
73024
22548
68320
16051
82731
23654
44659
47892
92210
74111
19579
22573
78121
40028
53594
77336
18888
74519
26149
57868
26127
95581
30982
42882
84827
56900
69318
93245
76807
9015
87289
88381
38099
17781
35025
36045
74994
61929
3541
76468
20103
60779
72380
3244
89170
60253
51990
43048
70772
10977
59068
32945
53701
76001
24652
83509
69433
39621
93320
84155
33687
41355
15281
98953
85793
90594
98555
87551
40884
20896
45234
3552
21271
5405
89311
64946
73480
46939
76385
48433
18883
28597
95377
9689
61513
40778
85831
80047
79892
54398
81062
45212
42067
97721
35741
83687
47133
73885
3128
90066
24723
87564
43458
33694
39705
40564
17652
75331
27356
57448
74655
6926
35233
71028
16660
46922
33770
59633
88776
82668
19948
95827
86352
2521
12487
92934
50389
47917
75427
17856
98138
34310
35513
84823
71654
16554
95594
41073
85536
18724
39540
17510
77312
72237
18191
38439
41230
59978
85055
50033
23915
23992
6172
58157
45193
78750
45054
77176
21507
40707
97450
27121
72575
38285
5454
65262
86201
87345
91790
64962
32944
70690
28816
85254
54631
1181
93889
6976
51541
52260
38611
84552
11744
71449
40364
10420
51746
30494
21842
73516
95289
20503
42335
93169
98248
51062
59678
45764
99926
99206
99576
81279
8010
97719
53905
42472
95027
62086
94778
67484
39694
49792
52779
4727
79393
22222
76428
22596
9085
84934
15194
38335
49152
56422
71527
74698
32047
84132
7373
56674
12118
63093
20027
73359
58021
34175
16508
67006
91046
12611
18581
89422
63820
66341
51197
13113
40122
82690
9963
27972
44826
16389
23807
98504
78985
304
67541
15631
41427
47455
32795
40711
95281
98284
66460
94519
62589
26577
31636
19576
9625
85746
7947
41198
8666
4313
60121
80718
3504
90401
35722
30438
95318
18252
393
68995
45912
4428
6226
51255
8665
75517
60273
91536
6788
32901
46580
48719
35353
21967
76351
16111
43239
5004
93188
39556
8017
29753
34558
77956
88223
77591
3121
1016
11107
51237
56969
4483
89101
69668
6455
15150
67471
47625
23442
74475
12953
30771
11455
27443
59495
37753
16288
90720
39228
7978
69404
38029
92080
21789
59951
62777
43793
73291
10764
41710
32533
35065
74238
94036
79901
14626
19371
30401
63943
83009
46150
36166
41145
87842
58099
79575
32920
49855
11477
26785
35009
94421
71956
82173
32058
14411
6469
62186
54252
4847
22581
23318
88000
24613
186
70983
61167
9045
13709
67265
86681
42948
65316
46044
48878
22878
51803
77007
30627
61910
78051
14031
69709
30310
20753
20743
44857
93738
79566
84870
85538
89225
90574
16907
54923
37066
84714
88734
92155
28810
83704
46758
49712
93863
49913
89442
96483
45642
21171
50712
33193
21306
25483
87662
71587
92057
58418
22426
99384
26055
86318
69
90958
42527
99412
16491
24546
65586
49204
27514
54611
23770
76199
69611
23348
75052
85688
32332
90087
30790
44365
75605
96100
62264
5361
92716
19867
42375
28455
65637
97302
99919
34068
41549
44167
31879
71678
50433
62686
2041
21382
56038
19224
24558
79751
48241
62860
53122
7646
67353
80096
23879
5013
86031
42701
46570
92177
39077
46830
27382
60988
56645
49054
4844
10324
56829
80108
90618
19377
20060
78124
59479
40786
33728
20365
68676
75167
40164
66585
42297
331
67014
3539
1998
97435
10987
68462
75840
46115
17238
94741
74888
51317
81586
24809
90277
44789
64128
51097
12768
7073
55439
82078
95742
32234
2464
36926
54542
41762
76836
87879
51061
77139
40322
95237
94381
70312
28624
26238
92709
66823
20105
85063
18051
7495
34858
61170
47143
63645
84184
5040
67771
84555
17169
11223
82101
11998
3829
23761
53607
73934
75545
62258
12662
6408
37204
84704
13557
78896
31481
12981
96323
28905
78727
60458
55256
47277
73812
97623
55179
16256
66138
24873
3851
98556
1824
58222
80128
26536
49463
74011
8412
97587
27297
86089
29150
91921
21427
79914
90848
38036
6247
7084
51698
8524
60888
1941
90483
88650
98759
51343
44587
34872
31421
63568
33360
17402
56077
46290
73801
8155
41041
62528
69668
8501
10280
87024
35114
47000
21291
73376
54142
8880
32927
72027
4478
28093
60905
95248
41031
56371
45214
29716
33424
5818
60941
68054
77423
89787
34212
93806
99135
12808
26908
80108
84243
1257
3260
95388
99789
26479
8528
35112
60269
5352
49163
60810
13569
93981
60183
72213
68343
7517
63436
86062
70631
67978
4899
42749
84040
16900
84816
78507
70543
88012
97015
74192
67649
53964
39039
59638
47699
78007
52500
58825
62560
33132
61579
10829
24408
73540
91094
3376
68422
96478
32317
30462
27542
35890
568
36303
3837
64757
99409
21784
9423
40564
5652
69327
93738
82830
5784
23990
57516
6429
95528
41337
31174
37163
26591
63804
92723
4083
76536
27910
750
16048
38133
92722
37182
30558
61708
99739
6502
75974
60369
92160
80873
78736
76416
85708
27103
45399
18803
96309
93992
92058
70973
41914
41924
98683
96839
56640
26350
67562
76078
64534
12903
57620
46164
18609
46662
83543
90372
51944
9139
69128
36278
9055
17204
97053
52407
56741
94767
67515
79849
2322
80111
56936
7472
62299
33569
34563
27867
97566
46796
84379
55501
42994
20763
16591
16232
36200
60167
99659
2400
5438
88967
68125
39647
1116
50728
93652
87458
93778
89237
76548
3940
97435
53148
18732
16301
82316
36518
47313
54955
42558
39894
9081
85037
42151
58351
21478
72226
87456
12114
86655
39246
17692
60093
45154
26427
99813
535
29592
16106
64608
32289
7335
56822
93047
68706
26193
80371
668
93995
59222
22145
2407
62014
79522
77149
667
6136
15135
49678
50640
37308
43834
66205
77288
29312
49130
9011
21213
1501
67735
36522
37611
75440
15647
5263
56581
18366
81645
4058
23685
34660
85567
66862
74571
11951
61939
99946
65758
78002
16378
7845
18331
72023
32365
74890
14415
9084
21817
27054
66101
85685
51976
40573
63721
10318
1569
86152
52094
19060
83354
79626
91743
44547
6667
88466
36990
84613
63513
73232
94960
63533
94486
60635
13510
86652
46782
34304
9051
73246
26763
7408
6694
76482
29829
5548
29531
57023
31203
67539
1832
5166
55926
66902
18664
96972
12095
76977
71841
50227
60587
31345
48948
34869
64352
37343
97715
29454
94006
1509
11166
77372
37156
71002
4247
20352
20597
51887
65600
40298
74959
61030
25196
15138
49659
82475
75530
92163
38724
67142
32909
16160
68086
15471
1029
43352
47606
42040
76142
93774
56085
57572
21050
74039
46783
40316
58751
64027
15208
87834
50672
49653
75011
58092
68120
42048
11448
35866
79191
59368
60784
97570
70380
42437
92101
86855
65433
51773
1696
86978
25511
75999
23199
95817
22736
7863
55487
94174
8329
89239
14229
48302
38427
23148
34372
35205
41945
32699
30175
78618
84669
79254
94908
55424
11988
38757
36573
83809
217
93145
12024
90684
74715
78319
3169
45584
78061
17812
28369
40788
28150
68187
66388
78505
72393
82109
3268
7632
91472
30100
69759
18571
63337
91184
18777
82834
46317
10979
49154
69657
88202
32114
56873
48786
41443
13218
85720
28629
38011
61680
49941
18213
20173
74883
52020
64030
44383
66695
81800
99138
44709
95634
92846
49586
80884
94852
26752
91533
61061
50970
93805
2559
63871
47
93803
43013
22955
95068
56759
90136
99256
43450
28160
21882
58089
27702
96573
63759
86385
4763
673
98953
20420
55889
84411
23671
11541
85967
83859
37957
34843
73261
30148
40996
12192
83412
42689
1808
65907
49276
66773
79077
84585
80956
79480
90332
63869
35553
15920
87558
80821
20731
92269
76401
45418
74700
83908
78370
83583
62266
85345
37083
51411
80014
22993
87820
44721
28908
82695
30273
31819
25213
28674
17492
34648
91405
67262
34213
97554
27243
77143
30952
29001
75170
3693
83594
9899
23150
27649
33489
18286
71853
26528
12103
86774
79197
46419
48953
84583
2612
17873
81310
80956
10535
4787
94939
58292
9559
61429
19863
27335
31034
38495
43888
7574
5293
163
72036
26819
92286
74051
33883
83157
23055
48680
49358
58241
66988
92587
96828
21801
86389
70354
36746
55563
25467
84948
62673
65242
71859
48364
44767
60350
26150
64982
73329
69545
91265
49542
13491
86890
91301
34056
51064
36767
76831
6978
77310
60876
18388
22587
59540
27808
7829
48015
12526
94906
88129
62886
36117
452
87563
85182
73374
30046
95477
40453
40904
8072
33887
15769
10843
95049
20190
1138
53764
81436
81463
90327
74972
70997
54053
9603
19424
68155
29508
10464
30805
93903
26521
21821
99331
74329
26931
86902
97115
71310
50542
8624
6305
91791
77564
55805
67507
67561
63698
98956
52509
83596
21539
31484
96383
68686
78424
99124
80431
83784
22567
51957
29620
456
66202
12865
98620
23370
46454
91350
99398
77610
6171
57605
36151
34373
39599
70483
50692
89657
81552
32961
26882
41964
26235
87651
81121
31096
57245
97488
34976
92569
48566
46761
64078
62975
35016
26196
3724
5813
35996
36105
78054
41385
38620
92081
94756
38805
38058
77869
29903
30968
90031
593
63471
47670
577
66464
87317
24234
36840
74380
77780
61916
97242
50424
48304
86191
68395
51889
19775
31884
36322
60185
17763
98304
68158
96844
31098
45839
98187
98883
54933
36827
48343
44991
53710
52865
32709
153
42564
62965
77761
36350
69274
36765
46199
16203
43189
22603
66414
44076
34943
49264
45020
99914
28969
10454
7484
42204
28268
87512
39163
64771
77039
92058
62506
93488
89277
68615
4558
26369
80356
70698
55867
40121
74179
65013
22946
68114
48910
66381
56959
30201
97707
5323
68363
59363
57481
12492
89571
21274
14010
86966
65108
40239
28403
21347
80459
87278
24697
5862
39490
63637
47909
52427
46214
23649
24624
83089
60988
76141
28618
81015
4236
30567
4382
66762
19604
98048
34725
97299
7548
84148
46189
9109
51471
54207
48054
43055
61234
26698
58712
28288
80481
38798
57507
65926
24474
21774
45781
4026
35149
91447
66802
77678
13437
53685
28606
21790
40694
94295
42873
82955
24279
92894
58397
68952
59587
65399
69065
75051
28441
31881
94256
96820
92457
82545
41524
1351
58308
50737
30251
76971
95202
19125
54075
52180
69423
21252
65345
3777
60424
7453
64795
73856
63405
75831
5373
36815
89054
69263
80830
4784
7460
8292
24430
27508
16921
68076
51094
98528
34328
83034
41992
27428
91598
11331
88147
70278
39462
95786
74827
53754
53127
41810
7641
66429
12648
97433
20307
36813
19453
68045
57640
84084
57067
74937
34244
60588
29058
43624
11728
83184
413
67587
54037
88390
64992
39122
40809
10664
53374
29450
11223
15015
61630
43088
11974
60258
53083
99604
35859
27965
38237
14042
28223
67316
19344
57552
68045
29430
5806
47536
64612
70829
9028
84450
27967
87656
20199
74658
21724
32185
11562
6746
78325
33395
62618
53622
57311
72555
6433
74379
60737
91482
48105
15000
6975
59745
27192
53759
7178
72568
36582
75852
83062
49488
31231
97153
18226
27595
33517
9238
58462
50584
54998
20182
71652
2913
39985
58590
56858
9886
65730
23189
61264
47856
42425
63730
67311
59817
76805
48358
34756
96610
73796
24080
10827
98035
31580
49944
98056
83927
94661
19285
28713
45176
93209
84790
53491
64771
1738
34618
30762
60454
26489
80370
11037
99321
38252
38155
33898
13032
72393
57102
90051
33797
3821
11383
72307
91956
84974
31476
90278
36243
52767
32980
66176
39995
8256
57712
98215
10203
53977
57641
64359
2743
22337
75437
74977
39592
3183
88076
5239
92544
26088
76077
92244
7039
92036
80955
64646
6637
10003
81297
83483
54779
53383
59758
40115
63595
99877
72123
30879
22305
42165
59227
59555
11843
14339
43192
93012
75454
23566
87222
78222
72713
23146
11078
92724
51900
63208
19809
44475
15434
75770
10736
15975
19201
15015
88621
52221
99457
48459
86914
87301
17508
61277
50216
63610
15796
69608
86510
17822
90845
33460
3305
25898
54518
98923
28136
19266
17060
3885
95209
55211
50249
72275
82419
74860
91495
66628
30468
51940
9388
77663
25712
22339
94772
28806
59138
66423
3300
96395
61472
8134
81476
13610
95423
22429
12072
63022
13690
61345
76455
15287
12130
76477
2079
40641
34015
93682
53447
20631
74696
70629
95703
63814
4402
12484
60068
4816
69866
9709
8988
68124
83720
71910
63319
24509
27552
1102
39587
55705
72289
56156
29705
62884
79874
38134
92577
72917
80856
99421
92578
50111
43009
8396
14716
90361
20015
15994
41763
83116
81478
68306
38242
10780
35711
77772
39149
41485
67312
73030
58554
52014
36230
42453
31618
56437
94130
67745
85247
85746
64044
26484
17903
83991
85381
66404
45401
79989
10223
47682
46984
73219
3105
77101
60769
