29849
49341
68414
81752
42092
5322
71739
89213
78732
36503
99266
93462
86256
92744
62908
22376
18775
60192
5769
9626
20556
19912
47691
67425
34231
41084
49419
69773
45438
94928
55464
97635
92646
7481
54725
68517
94297
43023
54048
62491
26435
31810
39462
19148
69277
81783
81962
16146
52546
61477
40276
55016
32853
45184
4353
64619
1095
5164
50138
99958
62094
73735
61833
26363
87355
22271
48761
65825
19438
42382
89319
40474
56689
28750
7837
30008
22172
40819
68209
2852
35491
73293
23179
18661
61943
47340
92336
89136
93282
97005
90217
69641
72087
27054
39040
85812
3268
68078
80601
61661
93830
52231
18502
62400
41034
75772
11506
90182
80071
10095
55331
18674
7071
10337
20612
96620
89905
1415
57887
37308
77549
4695
82086
72363
69787
16947
20343
98212
95410
53234
35178
18356
62456
7338
65614
88429
82989
58724
20363
44452
21189
82773
1623
555
2211
18034
20228
51397
69517
65809
21369
69810
65872
60626
84352
29204
5541
50030
89151
35783
73525
70159
1981
81999
65500
75287
42752
10800
70705
62539
97919
5326
88051
34939
20535
3662
7859
8162
50167
92736
19994
4232
81643
39516
94524
55033
80070
20854
66987
21161
81677
84828
69168
18618
56525
42846
22221
35655
9595
79529
45669
8590
1170
54738
66556
29861
85619
88989
30708
73411
31788
18282
60457
12911
61648
60376
46836
36755
72711
98563
70977
73513
19989
21973
89329
27655
58143
36786
25110
69754
80138
10967
37610
8486
28399
167
8044
89384
4060
32892
35835
65835
7564
74644
25507
96011
60221
41582
53318
14101
11479
18665
80781
69372
15428
41576
37333
56728
68845
70468
69472
88213
372
66199
22370
32625
71690
39808
25620
15468
92645
34266
74945
65870
18464
78467
5607
33086
28739
2697
28413
82356
39305
99735
11935
80444
46421
90769
25461
24818
27723
99035
53361
65591
58895
16908
25548
58270
62900
1932
92403
78800
84781
81569
94
69815
89326
45906
51413
41561
45253
16741
11558
85796
90878
42016
37608
99174
87716
34365
70632
58299
76594
44216
94702
28049
29480
98351
63040
32790
58759
33363
98117
9217
65291
7418
52997
2098
91548
87928
67822
92480
33628
17803
30822
64591
95794
83536
26131
43920
28328
59180
84469
66233
7327
11754
78780
46145
53417
35783
47217
59407
93687
34119
49236
5627
27099
27216
22106
74075
14591
49018
70441
34746
44805
40923
80429
45851
4625
15156
39751
88035
83311
17300
6671
13705
98430
79646
71254
76033
55569
76697
65534
89331
52299
941
83272
37343
58027
6688
28883
82482
55100
13718
2038
35460
96304
57800
74323
63093
9965
81176
74848
13323
69457
4621
21258
43826
80312
46164
42287
73457
92307
20491
16430
50743
18565
16618
40328
91464
98905
36203
64816
72404
67009
72211
90255
72226
21714
5386
9371
97270
19494
57370
23620
23444
28794
24305
82194
67505
82899
82872
19630
57513
8800
51001
78370
80198
609
13426
733
22131
87535
10973
19309
11865
80710
93237
52304
34814
59764
69362
41226
11380
60630
58813
40686
61008
64994
56579
84472
26811
80320
18595
99869
45496
33160
8573
31059
58053
2510
89124
23117
59689
26094
5445
80044
24244
34141
32793
80085
51656
26131
1333
98694
58245
83413
80426
17918
15002
35755
44716
34156
47964
813
50400
82106
6935
74800
79507
44940
96020
89223
74805
24010
13665
66286
69863
90259
47051
56585
32640
73815
35844
67941
85137
80033
94252
85900
34130
15071
96344
84635
10022
94007
3331
13806
9868
78597
30811
88019
54873
56749
94977
41382
17111
52193
73504
91525
74112
4826
88056
85364
91002
46692
12878
6752
59649
84831
8886
60223
81516
87695
90150
91142
99552
693
58815
93852
56613
57270
16827
71849
64103
11260
38879
82647
32305
58576
63326
63333
73442
82630
75843
21922
37233
15952
52765
48844
51341
73989
27994
24300
21534
422
23779
88638
5873
88841
78377
61085
5427
18549
47774
36121
20422
72966
84459
92461
80663
75994
27494
5158
73176
72121
15482
37612
21365
29891
69219
76597
24012
25458
19811
34388
2491
46476
36549
43077
14862
93353
67411
95741
70042
20174
76229
54974
80394
61438
80659
90344
17451
34520
54941
87236
27082
17934
95717
61772
34883
71712
50491
25202
90843
35765
21376
23084
27932
68036
48280
27935
51754
49959
6924
78930
2935
35105
26459
15142
65051
38365
52280
91780
326
78423
17786
40443
13620
23873
84510
96643
98760
60229
38650
50237
80375
2189
48003
80218
71094
32180
98281
89225
97982
81374
18359
30552
79063
2028
96420
7237
44714
95574
46732
89411
44944
67424
3642
89491
31805
53715
52635
80992
67274
27595
72845
65437
49773
72160
5727
60918
62805
46260
95193
93402
48378
70859
25299
64304
82809
77318
7580
32461
79599
82381
30808
43664
51721
87569
60529
571
48450
70137
8883
44290
76553
86162
27607
7868
61602
34648
60022
65460
44631
59981
68860
33606
57604
55034
62749
40341
30721
20748
22900
23328
36382
26551
11511
72554
83459
20892
86647
9488
59502
21105
86747
55175
68533
4127
40217
18711
7178
10640
70380
4543
24316
78773
37208
93353
83429
32749
54171
68702
37850
32253
83721
23762
80221
93578
9577
50922
61474
93150
84207
51237
83300
26197
94920
34411
47134
48365
12998
53083
5858
43227
42224
91118
22736
48392
78667
92777
49387
88425
99622
79717
90658
64969
47681
27972
12624
98698
4010
33467
83301
45324
56639
56423
50278
80804
52610
14896
66827
88060
503
68732
65086
85665
50784
49305
16372
62981
18575
76180
84871
78212
56489
3945
493
89516
13537
37734
75033
62049
18868
83223
20839
49451
96454
81999
98778
19504
97582
84674
49418
78350
70939
14629
54886
65056
12274
99639
14677
16483
19640
34227
8314
61001
32606
83836
45489
25545
40598
25388
27346
4467
36336
80177
89333
67195
61957
81848
73075
82783
30666
52636
58642
80975
97657
72325
46663
86035
11865
4213
70006
48735
22988
70494
19009
14128
34980
6211
45345
92577
77919
2272
72401
68449
94562
24322
71702
81830
43338
73768
98007
79590
14640
15521
40558
98694
61084
6125
83824
29555
38095
92398
34978
7026
8969
4175
21179
12285
33169
53425
7610
14655
29468
33621
35543
48179
32797
91472
35064
11894
31198
84635
50704
87545
1252
72580
29103
88125
1028
35672
98628
79461
50313
12947
33019
60473
57459
82750
50148
66742
68595
68652
92968
50136
74356
36961
85632
13003
56744
80737
39847
44371
15106
19713
94728
9228
51197
69103
69312
69190
30462
88507
63657
66012
36759
88835
46541
53434
7627
82506
54303
15997
52129
74261
7172
96586
92432
20696
531
74157
53000
25774
77121
69142
37073
19338
81425
12927
98196
49049
11939
80575
37307
46549
75773
60714
2212
21958
53868
8584
21908
88128
72456
95447
81372
99432
90665
26033
55250
6948
95980
98575
97862
10076
76453
21405
18119
18124
59589
77925
38630
34493
4333
41820
45761
58114
13979
25673
67681
93453
86506
83998
23722
8601
83102
8952
96219
72469
24799
17405
67562
73143
33389
4743
6154
32681
55602
48125
42024
32322
82184
53634
6520
41249
73182
6008
42022
40223
15334
74852
64641
24653
68803
80394
38138
68913
54091
82727
47608
5920
58186
33530
54023
42525
69148
96820
27565
86494
63726
30980
44624
67192
48927
31812
82599
1973
19315
45939
47803
32467
42787
81737
18696
33467
2827
84638
14682
73521
71327
76324
23712
95466
2278
94783
46887
28777
44805
11476
9923
61570
18001
72564
6463
91252
31545
82287
9637
79522
29233
74576
76650
31459
2994
58943
65970
32821
12875
85528
17907
88180
13841
74048
52915
3214
76092
5084
19685
34242
28995
71183
66362
42136
62915
44677
90903
64947
560
9518
24520
30740
54012
14479
93364
90133
61319
75723
50173
82034
7814
28412
1836
86908
92651
71856
22793
79902
94365
38095
3490
27565
28383
35946
70043
16981
6688
40111
9046
6692
28581
99894
2883
85464
93677
3076
76381
84257
35452
7775
46116
61624
55397
59758
81080
3090
97612
65443
91913
79475
51811
37366
34667
78936
87785
96760
12779
36632
28482
50830
36660
14957
66140
94064
63331
65920
73893
28991
77316
64438
36432
70993
68346
11559
67955
45776
58163
44574
9540
2291
53963
16033
49492
30285
7344
34416
98276
80226
65646
61312
24025
32051
82671
25680
47020
92479
14673
96031
58090
97725
94597
22056
55244
14433
2682
53254
74365
70978
50136
15648
29666
83970
90597
62452
22511
83796
51380
50328
9451
23870
12275
88486
3204
59710
40335
83240
82308
93201
23927
55175
12105
44388
886
84136
72342
97416
41927
6
53535
42480
30636
85153
80284
64946
93158
58279
46903
14899
67041
42336
39426
10579
62439
17698
99958
56042
811
92902
50232
52757
67009
76851
94475
75529
69537
72248
62374
57011
590
37664
56546
19460
54450
62741
58619
82193
88470
55561
4590
81013
22447
54788
66007
49339
32770
92839
92887
94503
59608
89096
62652
70281
25180
71427
77557
32477
40609
93952
82628
80243
920
72348
94566
54200
94340
32425
10519
94652
10996
76982
99585
16564
24587
13927
59721
58920
51352
67124
88034
16680
66731
96629
44656
47732
6455
18235
84974
13658
75343
27488
66493
8503
17380
86970
93536
53369
95907
84123
71210
74241
43460
63538
42715
84225
89616
38941
6827
9533
2549
72165
18042
1528
26376
61907
31055
7895
46977
95228
17543
43093
97417
28020
64069
59885
60932
37509
27904
81744
50278
17721
36310
84263
55785
67574
50705
45922
96322
42776
58607
12623
85477
2108
90253
50827
17797
64483
28962
79660
62283
51605
15079
40281
68481
89360
61318
98850
63283
69875
80985
85007
31432
42470
87523
6619
9932
30768
7453
6725
82036
41411
69200
17541
86289
14526
79421
25182
31035
83898
37601
50158
54073
9481
45740
76175
84295
20303
4535
99404
46311
39845
25345
19399
5831
817
14457
48599
86547
63891
32816
75152
88132
91614
83109
16368
60290
57505
98180
63448
81371
99058
78018
35734
42368
25312
11792
3882
49331
7402
7610
83574
83583
88836
6727
13699
62785
5453
90506
59607
84077
66611
63547
25553
15036
15494
83935
16374
92071
65089
9479
13461
44423
19057
86764
62657
47780
71331
76111
22677
48836
90795
29894
52422
7440
22018
57182
65771
85824
86821
1659
59176
17172
73738
7933
96570
44575
512
12195
40864
48934
40734
98601
72838
99509
55832
89774
69634
95584
71767
1969
16715
98532
24543
38112
72007
93068
89748
49248
13819
58209
82737
98377
75385
18684
88110
7106
98760
80731
56955
23291
76363
52886
91530
90864
88979
31589
87324
82214
6452
45
61903
28683
39780
81116
12001
55368
62378
77173
65870
7867
38420
17476
66815
95047
21283
2667
56166
84432
80536
69956
25221
14157
74619
43776
15037
90951
54430
19085
1931
73948
1959
38216
86568
40571
50545
1478
10712
99316
11393
91347
54902
73350
88084
85867
86598
61091
32112
23583
25566
31453
66742
82515
91788
17807
78297
78161
41144
79122
92678
61788
76495
64251
3035
62858
47985
89587
82200
35777
45376
37967
68993
12262
83681
85908
76684
83409
40967
62338
62921
37578
18929
27948
13084
10728
88628
63048
73542
26899
72940
90587
97242
51348
20624
14746
39861
43887
75729
6120
44536
84070
18108
3780
52443
39660
25645
11601
71590
27555
60946
57314
63274
81171
25989
94598
13185
84174
59459
19812
43241
72671
9447
1754
15298
81735
9554
13660
86845
47530
91896
3085
1391
28665
7664
28753
63863
42089
39904
2642
60015
84626
14713
74148
58579
97876
47735
22663
16167
41477
95238
78779
7737
72211
52993
21836
64433
92300
46158
57016
27187
21741
35163
86805
19316
17068
50807
48691
71192
27163
31168
61806
33680
95169
13000
49150
853
53879
28724
28853
22544
54975
77904
24937
25987
4120
37974
41906
53835
39125
85373
10380
10588
56338
79597
19492
11233
6206
95211
61265
3733
77275
59054
53001
78569
23574
34635
6839
48282
69521
42431
95390
34136
3680
21251
26715
18146
7108
30293
29588
18498
79795
91210
38597
51416
99068
35495
55538
57799
49287
44870
5944
10678
27450
46215
19247
77075
13243
55253
32605
91447
74688
65171
35645
93229
69659
80001
12666
23209
51672
99673
45044
37188
4067
76403
26657
91677
48608
84032
42855
49357
62358
26897
85472
39017
32581
71323
95255
65230
25070
21911
90215
76655
78572
22023
63112
75804
46697
34782
70508
13560
49881
67884
58402
75239
88177
47101
68869
43290
21510
44163
84552
13347
95044
57062
81851
16596
21646
56596
37020
32695
26569
12375
90248
10683
45302
22907
1962
52187
4075
46069
10158
44297
20859
16522
13661
87614
25517
42309
85376
66107
86130
49382
44300
82801
9376
54281
94516
65540
93383
78604
4843
79538
53586
53171
13296
17906
87487
29943
50577
86743
51209
83254
69295
90424
47859
82095
40515
15990
48056
53285
70568
83051
55487
3844
44623
68805
24884
89110
56379
46436
36730
26163
3197
72366
69295
38016
56069
23278
87978
41491
62859
24936
16358
55569
27312
39149
13388
65967
79682
95213
28636
83492
21428
56334
84289
85034
34471
45144
11275
25762
7207
44257
12930
68838
27821
72521
25933
52506
74469
9649
43787
87998
62171
97166
76440
94690
25632
4330
71986
89193
42987
1350
75463
69262
5934
74736
83541
73478
89370
41298
68683
82108
99015
62815
71297
88574
85882
47760
22401
95499
91372
72519
13036
24126
18617
50854
24567
92353
5537
26425
21645
90683
86325
12776
45847
80921
45020
32417
39320
24431
30541
13871
88576
30859
81236
12210
59250
50057
8975
25654
41229
90095
10864
44832
62970
96723
94681
53811
39395
5518
66117
19114
61890
92444
81242
67224
34770
65325
88202
78481
26600
38162
92138
86993
24696
38972
24173
73117
28753
46000
524
18035
19506
54423
93488
12456
80575
21367
9981
90067
15482
33266
93851
91016
10965
17293
49104
94469
55137
64145
46116
51512
7222
12415
20641
4485
46844
76463
47392
81888
21665
83367
11491
11369
40211
75670
61761
60234
74839
83254
58827
59513
68810
42247
56226
41685
68261
92600
32639
5165
12095
51204
54372
86100
54887
49750
69199
11417
36084
75048
53770
7905
1152
29003
54652
43261
69987
81450
49478
95604
59752
37623
26672
37675
38239
40304
8236
67497
90229
13016
86221
33913
2002
76956
6625
63663
9567
62533
72695
27103
8301
35890
65815
43253
9013
32374
21796
98209
69912
397
37246
43709
63939
4117
93631
51928
27772
30743
36395
9516
11880
57724
75792
66095
5221
66502
96859
4039
45955
56099
16019
207
68899
64289
46761
17665
93993
11074
56700
77238
56628
32460
81210
19186
3650
89893
62879
70194
85773
83432
43226
73146
32354
30349
53490
21189
28002
61511
41784
48018
26950
49609
92153
66824
87957
58149
49898
7032
38808
21140
44302
87790
67756
69628
34039
80544
4766
69845
85019
12762
4530
31734
34313
86830
30846
98274
20535
65042
84465
94133
66633
51772
46955
59020
96116
23953
38396
91732
70116
79962
72358
89651
51861
50789
38036
14625
96451
93013
9227
32225
37996
36775
51355
12615
41530
88290
79615
81993
42307
20630
75808
76394
96719
71642
12859
73129
69382
26457
63928
22446
65962
15497
17984
4302
15207
15801
79897
9873
74132
93041
89542
65312
87956
63522
86431
52653
67421
83104
96184
27063
49949
57943
79067
16396
16011
50699
21333
56145
19073
57188
49960
24543
58076
10831
81616
95419
45111
99203
48568
81911
82998
78789
8107
27687
11156
84897
27661
94423
75881
45100
45120
71394
40490
5081
49391
14285
8249
2302
64182
34104
52337
97665
98322
50445
64555
26147
30878
29544
97442
92354
79928
63214
85944
5172
84395
26335
90375
1396
90789
42002
53528
8297
3664
66348
1000
1049
80127
94490
8836
72790
8290
66278
41459
80059
99893
9475
29213
51265
32060
69555
59900
33234
31185
94342
1228
41883
27632
88709
92271
95687
35248
84112
67962
16477
38889
14046
9562
16971
33098
5285
2876
32325
29733
14374
7266
91307
48676
27652
76793
94584
68267
59633
96688
84251
60417
76237
42485
53128
61775
95112
71428
9893
11953
58678
24312
76342
62018
80696
93996
39238
1378
23867
11198
97235
39436
51761
9071
38550
30973
62248
19546
43687
75740
61342
23616
4257
83980
92842
95031
58784
84318
28467
38527
49757
63404
56817
98174
70471
78972
69279
29032
7103
17055
23036
62858
44430
91633
38589
51331
64081
39672
29818
86635
75165
5571
84929
97462
46759
25261
74360
23186
22427
78036
33767
4912
67297
9108
57070
69065
82768
13460
65147
77556
81055
5320
68959
51626
1272
52829
4461
93526
54519
83330
28857
65660
29227
21964
93963
33908
19463
18487
1902
19718
26291
42707
98401
67141
34859
47650
41338
80382
62027
39092
73887
41469
95852
24905
29823
91614
68141
65453
5649
89115
97322
78883
46613
27872
80516
58440
32585
29556
5544
3781
65843
56651
38618
52716
3489
48771
13322
45308
55169
71816
90120
79708
31180
29255
96375
50972
19040
1023
80012
35500
19370
43054
11274
68480
2766
79983
7549
12096
75872
13490
80637
48407
12299
22658
62468
22670
71028
56702
83788
24043
84083
48483
12537
17185
29739
60915
7835
42347
53357
26236
35731
50087
52397
95198
58086
90510
7322
27136
62472
58046
59760
11133
70191
84404
74448
50231
79458
93286
64004
72064
79194
14706
88174
71455
51666
92977
30981
30113
33060
90942
51613
76094
74835
81692
2963
39306
79489
53462
11235
88618
47805
31695
73981
24458
25372
44324
21096
20582
73615
70407
8206
20164
74299
44336
64326
67757
32561
8350
30826
81734
84632
49922
10770
5705
65079
71893
68098
8487
50507
99920
88990
40194
83069
4359
92481
18128
49138
80467
53363
35304
27445
59601
31560
88799
64016
19079
87833
51177
24764
85680
28042
96106
60907
68015
45937
99691
98103
1828
37423
62937
86559
21906
28060
99573
53630
26978
61108
18630
32178
48328
72659
64666
41950
17422
70918
73623
41875
56992
74923
95816
40
70134
3733
14632
8666
20584
31042
47352
37955
10375
42220
78217
15384
33854
70971
47528
20654
36314
9637
52924
79485
31048
322
23750
64445
43086
84058
19793
65836
40858
18697
70864
55103
57147
44816
17080
99922
79546
56329
76865
48327
7213
90522
90315
49658
94136
19008
76907
41904
15624
79368
42546
18578
39516
70613
17344
63477
20169
46002
43669
19997
10781
89072
40914
32306
89962
27942
99155
54225
56040
4568
62509
33299
88281
92722
77577
14476
84202
18348
97259
46457
20540
41879
76912
90970
95431
83096
26321
87572
5101
14912
77906
75845
50697
69818
15810
84399
57809
36097
86990
22760
86666
10013
64199
27721
57562
18799
62748
291
24746
6250
99545
91737
35998
51671
7480
59010
38852
83034
20839
275
69412
80905
28063
10592
19189
92357
95636
20613
13794
47207
68102
15540
75675
34764
15044
95850
78199
29349
50858
81164
11591
64790
98284
85563
1011
34159
15292
21983
97565
55865
77463
33066
38083
54219
68536
76240
77507
42965
69010
82368
56097
42882
75232
82578
57927
68065
97021
3730
32860
60352
79413
37268
46405
70850
70207
94607
30749
5594
35122
68186
22045
42070
25939
14785
60479
50728
35288
22395
72072
40833
23073
21694
47407
57932
28747
32628
76740
49114
83077
85037
12244
28190
36116
7959
83969
54562
21939
37049
25021
24656
36802
54707
79639
2664
22385
73014
86177
31287
39480
11757
75459
31669
26859
71478
94943
78052
65616
29757
72463
31942
82934
44383
11156
5574
94834
81979
80837
95464
57269
70796
36562
98633
64492
19936
10994
43542
7732
42725
27451
39221
70404
94076
49170
46540
85636
49094
9919
57847
4315
96670
75065
21148
37206
94500
59470
43816
55741
72806
65995
11618
24584
11562
45202
4855
81631
25797
60570
71542
46344
70638
13096
99263
43084
57275
11840
34617
31148
32250
61056
60060
18483
32467
8390
71589
76033
42015
98633
66699
8044
22373
41343
13690
78872
12406
90984
16887
15535
76641
29516
47223
41704
93084
52071
31432
82171
16092
40333
80896
59655
95166
60212
17052
65504
72089
35125
10222
44088
13589
32585
24942
70829
73252
95622
91449
48166
83513
80307
99527
88551
78960
94089
43981
86582
30624
98874
72672
97603
94240
75541
69684
95052
40109
72208
82890
56402
71642
61461
80065
18148
49975
93493
91606
54449
34080
12265
46825
94638
48027
81754
83021
93463
66663
1472
54564
958
59325
31413
78493
65235
41468
33613
28056
53554
19452
22897
51954
41488
33539
95740
18852
59768
82041
33731
81891
91038
70788
14605
54762
8131
16664
29371
43122
3294
89135
69502
28844
98596
84690
73815
15437
40936
58822
28382
73748
72651
6648
64512
56012
516
32034
1849
31207
10007
22553
33757
44870
41017
52878
60678
71931
63497
34377
63378
79941
4321
94422
63863
10691
23775
72462
78172
72470
9315
6516
30698
37555
91612
83557
30050
61046
1251
67629
53496
26655
96020
71249
96842
16658
23223
46230
47283
92095
3448
81500
10679
53061
66977
83954
36934
39497
11558
20574
56394
93845
52591
75073
18392
59571
73348
21905
18928
51738
24701
99022
1733
40685
30423
96934
45006
82081
99434
62052
59915
88241
77779
99717
17394
5430
3089
50139
39264
61574
60439
47096
47273
73874
57229
16462
55238
48749
44014
42381
78378
9758
26494
80954
53129
61572
34067
96052
44821
93162
56502
82962
54692
1528
58867
16446
44043
48698
9751
44790
55524
4522
77799
20795
53788
27824
49300
1589
34439
19956
45386
90733
24512
9808
28668
72042
78366
16996
35812
1517
39126
58167
65842
69844
11790
27871
6318
54483
55949
51999
41043
71901
48271
81190
20682
64382
6361
15268
43979
30940
76287
27156
34987
63276
62785
8353
45194
36715
62451
56371
71887
21669
15085
5476
98392
68987
75761
19510
65014
92597
70427
681
54929
65246
87213
29639
96122
92930
83995
49570
67688
29916
96660
9837
53318
10615
40620
89883
79894
82471
64456
72349
14247
50776
53046
76836
12942
24117
99071
66578
14985
71289
39911
9763
11247
8001
47844
8344
52220
92304
92880
73791
16072
48266
1520
84952
45452
80137
89782
87762
51996
62858
11775
50551
11770
13578
97239
78582
12186
56859
81454
72636
20426
13543
27344
32203
57083
89460
67549
65696
83696
19594
35955
16504
18191
2490
88488
61949
98811
17366
90222
64557
99371
85148
79294
79848
16134
21629
98285
65192
99554
46389
60751
87067
57230
46693
20155
32814
30446
92990
88624
26791
57141
95578
56794
89610
15513
26006
55623
78904
39112
69177
17228
29820
98879
21407
97576
30935
8111
2171
8965
85088
28828
73405
54788
98829
80369
90432
63688
43725
82590
79321
28707
19856
60096
13575
28939
92083
16903
93880
7964
65021
46049
30896
5342
57983
43053
71050
51936
16006
33518
22140
64842
33870
47176
59922
4407
11948
94278
79742
17732
59477
15790
12157
63092
96337
81351
9451
13667
95767
15866
52282
99056
28979
83941
94676
47813
74603
93041
77058
16665
20927
39372
70250
38856
24333
76560
97586
12354
57889
21731
86556
63962
61393
1366
89314
97644
57333
53038
95939
57335
88551
59565
19910
56294
87679
77206
27960
86959
28741
59035
42170
50088
67296
19987
45290
26683
86916
69070
58625
47848
97311
75217
93906
65755
1530
70639
62028
34427
68553
69642
62936
71368
44439
64220
37697
95359
75808
50511
28784
28953
28646
59433
9936
64500
54481
1549
15904
24683
82822
79154
82083
21391
55342
24961
47868
27688
57746
57302
81508
87221
70760
63238
95090
42959
52931
80263
36373
1656
77565
30606
3690
62179
71690
26990
10338
56368
4849
82355
54243
86423
41012
9871
2169
43492
40563
1750
11738
13137
17659
91098
17672
69534
8206
74171
1382
61657
66740
12250
98187
8074
62601
737
18613
14298
15964
30758
90802
70672
94156
44064
8152
16578
40888
64347
726
39840
32489
65262
47843
4942
90200
32289
8354
80379
52737
47175
17723
97271
85404
39517
72702
51833
54781
31119
52274
53568
28885
52937
6790
92619
63933
70803
46257
5584
81451
84047
32727
92728
90643
31369
36155
2488
52660
46608
85847
10781
70045
68869
5880
16604
48832
94576
84422
91182
48203
72738
26400
59234
99206
65889
31554
95631
48201
36193
62240
11622
22305
4149
11019
25209
57196
57164
7829
487
56899
79893
90872
58946
57104
40388
93008
64246
33394
34518
58395
38197
7047
79384
45246
26077
95759
43389
4883
80318
69058
1863
77913
85690
98468
24913
40113
89309
52873
60546
28092
32479
93315
74467
16490
57591
28623
37332
18274
35088
78284
38389
89650
35808
87247
59150
27424
28090
54866
68340
32413
19773
67326
79261
22184
36857
69658
17835
63926
1585
61234
42425
15366
37745
75098
41819
91502
21353
9828
39753
16834
32534
39274
67545
57117
9407
60899
32333
7724
74799
31349
43952
39345
45490
53774
20551
86214
70422
18200
78027
34714
87288
36198
7546
23750
54031
96251
10903
75414
43768
49984
45010
36226
72828
84569
72833
44292
50728
74465
48337
87881
62082
78353
25480
47059
856
46537
11513
93478
50556
31408
8685
42025
9226
19573
77957
23427
47273
24251
96403
1184
18773
32062
27851
46174
65527
76018
89783
33160
47435
99699
79010
81644
68933
50027
64803
47825
14858
35663
49043
18691
72845
90195
26805
26425
96944
22338
49850
59111
41627
9451
61549
22320
25380
95275
73482
8764
82127
63597
6928
1994
89939
51131
53413
75689
81756
33271
58345
69884
61422
69381
5244
94711
14742
36470
22985
6145
78094
71321
80193
68992
58181
8793
62464
50662
29938
20959
73031
70043
16774
8447
17513
28573
28522
35012
4149
47582
10964
33207
70312
3781
62753
94517
67803
26184
72304
62849
83139
24396
75404
94480
15995
32144
51667
46752
41789
5763
84792
14837
82166
61864
10315
13493
27099
72795
98385
82552
29606
24298
76228
16820
43073
71236
20092
50754
36880
90152
15811
31252
10960
40803
312
24792
86962
47806
19917
25693
77395
55269
7088
29200
61976
54818
33278
4490
28347
55902
25027
40134
23017
13016
35496
7987
84138
36359
16182
84751
52304
78904
27046
48939
84104
72221
25795
36054
92866
33282
82937
85923
34215
37269
97795
75133
61816
90461
38086
73207
69226
35225
91756
58805
89082
45787
70918
39474
5340
45147
10256
92978
50853
84071
4849
25320
69601
26233
13899
48533
37348
44867
71786
15221
79243
70662
91
26012
57476
1775
43387
41473
25172
67506
27847
35636
69996
33285
8525
56835
5364
32877
91804
66927
65646
72662
71394
68643
69076
99366
61955
20862
98774
81815
48897
17735
79675
55106
13585
51649
26486
95502
65101
76257
48024
41832
16144
70373
27778
75280
21906
21158
68936
84806
12239
80769
11809
1931
92054
83887
49097
40482
98433
34016
44605
6945
21624
30478
19636
13272
18623
48423
57000
97368
24953
10223
48024
35790
28635
43810
21690
2020
76472
73841
36672
73319
80559
30650
34577
44220
94342
79501
38226
59442
58286
35559
22859
45214
18049
68533
27683
63191
87968
10545
92171
60417
28466
84297
90050
98365
77010
4818
49835
67990
77829
31754
51443
77555
27058
13709
2264
46821
48090
20437
85069
4337
84918
55152
65852
59137
11946
63829
2552
7566
38261
62324
8557
59963
65634
63171
68734
54402
80423
72288
76830
53479
20131
56436
66234
92338
59018
36024
38893
83357
74789
17524
82803
37479
96874
15948
6782
50780
18676
71905
51328
31225
73763
18073
10956
46064
46045
21802
81621
42566
14663
40990
69257
62236
66317
29796
16359
42195
95131
85846
61227
32373
42252
73687
87399
41601
96777
45254
67626
91601
21580
34729
60323
92903
75268
3962
8402
417
32641
54204
48395
1786
40617
6935
31360
2731
23435
40262
80716
92073
68364
85196
12290
90960
32951
25388
7379
83927
15811
64490
18997
78923
95754
38787
75693
46200
34501
23534
75935
48477
54323
99493
11592
1638
17660
97063
20847
95783
67904
81122
51825
51140
62239
13284
66812
64783
54234
89267
52467
19348
75894
63956
43088
68706
69527
87541
69557
49919
34320
64941
45978
59612
62182
21592
17398
39907
12219
74801
28324
78655
73468
54297
34779
68802
20899
20194
58775
72010
79082
64040
84091
81161
46508
60856
91409
98139
48050
23877
70175
95895
47712
10296
51483
85673
47760
63904
96537
53252
97907
16171
70146
3192
71311
11964
24933
16203
8466
74821
57397
80619
63610
76556
75902
25981
43226
96991
43849
27301
94089
21622
63601
87091
81985
86713
35004
42425
33483
81350
119
68242
20310
3478
84527
33739
14103
79334
99693
61477
36383
91207
43411
11145
87953
15753
91501
33655
82781
11083
86015
16939
72705
23417
65898
58985
80788
34867
12089
18418
46921
22543
58949
61280
79437
66840
52450
97119
24306
92818
56317
14642
41258
34507
40006
77907
94364
74231
17320
40370
56463
86818
24775
56792
12019
85805
90644
81239
43290
84769
23488
27387
32217
33111
74474
9337
85808
35254
13081
45434
97582
10138
45354
54771
15668
22449
86145
78351
20924
60306
36247
65325
52044
15866
37672
16484
22559
76822
19128
32072
98626
88218
99048
85078
58566
85585
41420
7756
57433
44374
69561
91627
13273
18034
85318
2312
81754
80575
84397
78306
40520
39439
3133
60892
44142
23675
22326
16690
96783
52096
87817
46457
74243
27978
60603
51199
39748
58585
83761
74959
82662
77834
83562
35205
57598
73174
48567
41823
16843
81778
36603
74966
70405
34512
2985
92086
1432
12703
91138
16330
65846
4701
24789
97578
13042
50203
4210
90093
83844
4594
39274
18327
55814
81319
17784
70850
50704
60162
69913
88946
77400
97732
20299
21635
99918
72565
79759
75711
29048
51264
97555
28122
77482
87824
34391
6316
81484
75197
17826
17129
92749
51419
2673
51339
37235
7533
8294
31772
14036
60728
85334
72187
13995
83141
27709
7731
81098
36447
20144
80732
96382
44221
25782
6631
54583
88630
51687
34702
6086
1143
37334
95733
41908
4892
63700
91168
72265
4550
46764
39196
64028
76489
88982
84228
20360
59687
3117
41661
23048
76730
1253
9686
95172
83116
76572
67252
7899
86765
88522
62654
44114
37845
11060
72696
24814
41142
46946
92621
71572
8730
79137
89646
4086
27678
619
80897
53464
42127
35540
27996
61620
62776
17554
65372
89030
5889
43112
26595
9399
92420
16514
50596
45779
22015
76653
67632
62602
37413
25917
34207
11518
35535
14693
79322
58810
21207
37945
26072
45298
29031
87246
15238
57822
64228
47707
33908
63738
33007
16691
55002
52877
31267
79736
72994
21471
6410
76376
9330
23933
25840
17159
67422
44571
43713
16052
9276
72343
10152
39766
39014
13120
37800
38975
48483
1384
84485
60408
13489
18319
77501
90121
37044
48833
10843
22950
36338
95135
65749
68889
58474
81666
26719
19630
77681
92815
25588
96656
9153
86356
96401
21548
7000
81241
81518
76312
33583
70880
59015
79705
53411
40601
11062
11277
46198
42090
90071
53127
1769
63964
5093
84733
86322
46230
68071
7366
45987
34461
27686
45729
94126
44888
15619
1270
67213
40716
77816
17111
61647
92208
33995
85997
8639
68828
13207
80684
56887
77462
65406
54053
4584
88599
60010
7766
64633
4
65056
16742
28712
51151
13319
65454
90756
6316
8875
23865
80394
74801
82570
27799
78700
53379
37676
42254
50908
46841
80965
62162
98653
10972
72747
59683
71178
41715
87147
16949
42472
26720
4604
54946
95794
29374
39073
34743
7669
42411
93077
13925
93288
30432
58328
49832
21593
23564
27549
15857
10581
50178
4424
5977
83892
23156
25641
35098
25433
72673
60863
93843
63809
94558
43658
43074
40949
63683
69311
31857
75703
78629
97894
58248
55406
89572
69355
93998
52494
89480
22743
9809
2446
29143
8153
34308
54301
92073
84589
95920
67472
78628
52673
81764
60626
83308
45864
71605
12693
20936
86906
95255
20708
24766
21403
4365
56473
68496
77287
49252
80665
37034
32569
69885
69536
37754
27912
73385
50781
89229
43224
20564
67474
81498
77101
971
17333
57557
43950
8883
58023
30731
68250
95506
67603
51419
10334
79286
34741
37050
64873
51009
6637
57719
15948
82655
10441
43281
4277
1429
32539
75551
35257
22820
76361
87863
33887
94245
46707
47605
86655
54267
92282
84838
24874
46185
71855
98864
57245
37177
22718
1597
10697
3593
81999
16302
68008
87920
58459
89541
21848
65328
70941
62016
71180
48689
27529
78469
90749
22699
38566
41759
33515
72796
20452
31468
37326
73760
79524
7946
43711
44358
355
4020
51849
33003
34590
54923
20882
21153
52893
44783
89291
71941
2870
59644
86608
59131
1581
67140
71386
9581
38550
84169
43502
11552
5049
67490
65591
84664
23929
17953
25410
44472
7845
34817
94439
78992
74016
38178
84804
99637
34070
11808
75244
55603
18690
25080
19995
66923
7689
72591
81016
94897
16529
12672
99030
48569
9885
99169
48441
45745
41382
30146
73595
27273
45072
20286
88565
63192
35278
94293
80325
25299
83586
45423
48975
47765
54384
20027
24068
30698
78152
94536
26467
81601
89365
12658
14442
3755
54669
46052
24746
61330
20884
70380
43375
21119
49831
33253
46974
40381
37815
6743
52082
49108
17905
11497
48410
76815
14249
9640
47763
34672
44330
14244
87868
37585
77726
86547
56818
95309
82554
24691
86429
67477
96849
57690
4644
93791
11341
63002
15391
77868
41339
58404
26538
5821
85696
68424
14611
82338
98087
62641
55536
34538
92396
50544
35279
56661
97110
6047
69393
24763
27658
69602
80178
1610
26074
49653
7067
54453
20865
84836
44446
9563
26971
62091
50736
7800
40790
23630
57288
61503
9383
49332
74635
75833
58783
41030
52006
43095
42522
74815
76534
69325
45309
9554
78165
90614
47939
5702
43822
238
5551
73053
5972
66002
89103
26299
38956
93376
17460
25451
70208
37051
8301
66103
74894
2492
52418
26533
36032
23076
93058
89679
8676
85770
9606
3697
14748
70392
67187
9686
83663
66356
92179
22642
30078
15041
95423
45901
15110
53358
9261
55184
87316
57204
79261
49591
57709
55590
21862
39970
43813
45491
34133
78686
73255
66392
67119
16301
64412
30546
88252
78953
97048
57618
87014
59098
60512
98862
36026
54807
36026
84504
22695
35220
92017
54578
81825
54979
34670
18297
64893
74678
46361
61849
56881
6216
20100
13860
85932
52638
45360
84817
14741
18813
89358
78020
10229
8923
13492
52002
71501
11725
81499
61960
74799
24777
74217
14582
39479
77669
80703
80021
11212
12021
23963
28573
75361
26387
94809
48935
82155
95266
58604
18718
62534
26200
42670
28999
94413
47848
15349
82969
43534
90583
57605
12653
17220
3549
12151
7822
73240
18876
46762
49511
79542
16824
30875
78541
23545
71097
88991
18084
38139
88084
92306
30462
71255
12159
60129
29781
13350
89422
73929
23158
85254
10877
79564
73349
48803
63094
58280
91567
74265
78528
41838
59515
4471
22739
68794
89717
2694
16712
4058
72545
12722
70223
36310
77876
34177
91862
6946
70187
24529
26279
23409
89502
80951
96780
21864
26598
58837
5451
70079
39174
38659
64693
95500
31236
27944
92483
70813
58514
37457
25070
72538
35046
77970
76968
3450
50041
1726
39616
29010
82710
23669
53127
46508
23055
61424
15201
3448
71126
90817
97728
23355
4305
88459
15557
65574
56741
61090
59981
15036
56251
36709
38997
49627
69421
83072
54437
31770
10885
17969
33964
55817
28859
27115
96773
5945
20880
90574
27838
60412
24183
1521
8414
52106
57728
99534
2510
87504
19229
96760
36157
2974
83126
25461
71831
71844
12464
49404
88302
93138
58349
46928
84125
25749
12420
93796
35458
19658
61019
78630
22048
786
72097
53173
82236
70951
33145
31412
2133
99319
59553
1183
58493
37684
21536
55996
3483
33584
64443
96855
76136
63909
84092
79990
99198
54009
53989
5354
80093
14158
9407
75315
61504
7394
97982
71095
1244
41853
76798
11671
76186
33421
16669
93947
1186
84345
27120
18544
76154
52643
96086
73810
16114
53411
94652
16939
40542
34032
28175
98874
32751
77804
84447
12224
88176
94999
81956
5287
25077
88504
61778
12283
29907
9338
75990
45313
97520
10043
92058
72245
95285
64463
62027
75623
16489
7296
83201
47540
4446
40811
2604
11544
96818
32181
79594
35126
4678
84424
16897
58749
86140
87958
85846
12476
71776
53610
53552
43873
75433
60936
80247
38562
7789
4429
83957
14332
12951
76465
39706
71035
38726
29099
17478
45963
44482
58571
72968
12276
90660
41257
34298
63845
66494
35034
79317
18527
98250
6668
34829
30830
12064
78229
46298
53641
51963
6491
29101
98014
11728
32379
52603
84970
90334
96783
51037
43038
76602
60691
72113
10867
85231
28633
2518
68381
71325
41658
62072
32844
52473
79431
7345
64820
20061
86438
14391
20785
41320
49170
62734
75118
85153
54519
15961
19030
89219
53572
1981
39730
54723
20815
87178
58632
14781
406
3590
60669
82958
22179
54961
2915
60179
22507
23044
28175
85871
43067
13627
46073
62681
99516
40279
40782
14663
2742
17661
66613
26863
76802
76000
38605
48310
74311
68371
57426
76322
6817
45135
17176
41050
99765
8309
24500
74681
69434
69645
73643
95437
47747
77404
38909
13118
83348
62861
83134
72388
11525
66183
6294
8990
97746
13749
6122
25557
38875
35075
83394
8310
11074
95591
48417
16860
4079
29802
69668
70713
65012
73930
61059
30070
19255
34326
57987
53742
89834
74561
81102
94994
25415
72569
83722
64180
64343
95374
80610
16104
3239
672
20683
25455
11319
46384
66056
46982
18603
29149
19573
65655
27290
84171
51014
73765
15644
61879
23406
25230
31930
7978
38726
10667
89486
89302
79614
21209
2037
47064
70284
71029
53703
67729
88275
81379
62293
33610
79215
96404
85028
61963
62431
18169
44850
47308
76554
84229
34463
377
49501
95644
30708
89729
99344
67612
62939
54808
41841
90520
53927
47830
87839
90810
87523
91829
92855
65072
39982
87107
30437
7277
89040
89873
98696
96485
29753
25213
74937
22334
58751
58853
48668
97205
11360
46848
13683
76693
91503
58285
64461
25964
68498
22091
85014
50765
9680
2141
16091
72491
88881
87123
75706
64909
43747
61310
40794
78352
73479
11011
3468
30082
68886
39137
52636
6976
23208
20019
61636
41056
85023
80779
93414
75300
11811
63629
19030
4281
74741
75998
82237
7769
80877
62714
39717
89830
67345
63115
99249
95381
78829
1031
18193
12478
39180
72184
32392
94569
18190
91367
97262
26019
21452
47896
2582
38432
40986
14458
8748
17767
93226
50949
26164
70198
12358
50788
56900
64374
88191
2282
39676
63805
39411
56807
95101
10304
39122
12540
92769
5107
8565
68506
12060
1102
20197
17050
27178
43486
44636
64770
51630
94208
94779
62184
69832
13057
34551
73168
89187
19842
43422
69457
63420
85145
32824
64872
17508
1554
11823
3085
2596
39637
7514
7810
41241
89515
48005
15938
11041
16602
84570
57845
35175
84230
36068
60844
50626
7635
51722
50842
31582
93275
76205
58856
63013
3565
51019
81845
14745
30502
99562
60361
11629
21647
61203
31866
79197
89361
19581
31371
16857
61051
89109
6625
85125
41234
65747
28279
15853
28724
18344
64518
49664
355
51124
71556
8067
58168
61390
79106
87691
87556
85654
61378
16490
93401
76751
70738
86302
53765
95180
41565
41725
652
47257
50674
24513
44815
78349
67847
27061
48427
91128
15412
21846
20516
62218
98999
15055
98795
17927
14951
97670
85269
85610
26090
82196
3506
95145
66897
20614
54248
81506
36545
96201
12
28934
51471
32490
56098
98890
39239
16246
51503
33486
44275
64008
80580
93006
74550
16357
32426
36043
52586
62636
2349
2723
77539
77327
22725
25859
17940
90748
60701
79271
39683
16008
157
89906
28082
6376
57661
13313
98105
40626
8753
10949
42421
4731
55689
86075
34710
14769
89487
60129
97716
3603
98520
59094
41400
69743
12707
54572
93309
10810
48014
54546
29444
29814
88775
63307
54286
61597
91734
646
21561
35757
57911
74408
45328
27347
18386
26155
97931
90626
91463
94424
11345
22714
68917
93610
50782
97722
52501
52098
54182
88826
69057
99334
85973
77155
64695
68221
81546
47406
60036
21814
1343
75271
26559
99509
30295
14712
38664
91779
86470
43270
72191
26803
55544
51058
88382
36050
95405
87367
26298
3804
98246
39989
50210
75189
2403
32017
37797
57410
10639
41630
54865
15983
54387
98087
51547
11992
71817
36646
49566
12361
15956
95278
20894
37535
99606
22227
91216
81959
92263
66777
51647
75342
46843
97756
72241
60390
87436
75381
81276
99946
86157
56695
50894
66856
32853
25406
20941
30889
73552
31942
64882
33667
91636
44579
4244
37761
78864
18268
87741
78441
96470
70463
92506
59409
95713
34224
22258
21157
86942
93922
23384
63444
10481
24417
58817
56116
84135
63961
76546
49846
97971
97137
92929
65482
82697
22918
65842
8541
52222
6572
99737
18649
6560
78668
3706
22323
77008
12042
23079
19588
48209
59760
86890
32692
93925
16865
64016
44051
26490
34042
62191
20799
27089
2273
62929
26394
17321
62486
48716
73734
52505
87364
64790
3354
37651
55687
3805
30036
49587
25754
66158
74460
2073
17936
51795
43638
52345
39715
3287
51712
93600
68737
55499
21555
70126
29036
55726
36895
31073
51899
3879
7153
22027
4134
87163
99170
96586
79200
46067
61000
53912
8938
28179
79921
26172
25571
41801
61344
43296
14905
50214
25608
45820
12249
16639
11270
81684
34373
7246
2610
66779
15300
89463
5434
67082
73693
94771
38914
4540
52662
42737
73858
76167
44971
82102
49161
27657
33981
4929
82802
79786
22862
28054
31796
13693
61554
7042
6009
92972
24972
69644
96107
45448
47824
33340
62890
89276
53982
63468
37143
8763
14102
85470
47697
43815
45029
73541
50574
95637
91213
32913
15993
70778
19392
55366
97467
94019
35426
78667
11744
39315
8124
42972
36180
73652
35062
74224
88590
72786
53187
29465
10080
30783
20570
63522
44071
45527
34843
33369
3764
29532
13757
2248
69809
25017
62878
9743
23821
6825
62320
1931
69114
24851
87817
70132
9612
2652
96744
22099
16502
95567
54909
83255
86554
90692
39376
10454
70699
95049
42576
77160
93360
9173
68824
458
39549
96474
22593
1777
50723
17363
51762
3548
90061
83424
12662
88562
85351
47574
37006
4776
62904
68639
17878
82208
83378
49673
97920
43472
55425
34348
54736
78615
56123
96812
28891
56859
12103
72348
83815
89470
60965
72871
26991
4523
69665
92331
37588
69063
42438
7196
57903
23341
31480
12417
40729
22536
42387
97357
28891
64725
31820
61529
89378
5606
47616
80539
53312
42176
89776
75569
71392
5484
72917
19610
95580
44227
95256
95947
43379
82998
30412
32100
39534
31375
19753
25367
37246
64655
59983
40624
15619
82413
38703
27169
92962
17031
40287
64284
17499
52978
85455
90829
76679
12912
18476
71754
49463
7231
35058
59634
83950
83692
58395
65285
83426
40628
61001
62793
58159
3251
21509
85812
41055
67081
67852
24283
37876
50275
59117
89828
39669
51038
46900
61387
18629
68260
40892
21882
6508
17693
82717
98460
27095
82283
81506
52886
45824
35895
25683
67712
16112
30119
40467
19549
96354
27878
57093
1339
27686
31994
50580
26330
24239
68078
37941
63396
35583
25154
97526
55878
78941
71691
7261
59714
12524
15862
75497
64126
69573
51934
88032
39115
48863
11991
35115
90058
90979
17369
82315
53161
77878
18100
42389
75842
1869
94649
65274
25152
52033
21668
83612
51494
93169
40471
87907
34176
98936
11555
86364
73810
71132
97123
35793
31163
66720
21542
48673
4626
65792
84567
75696
69877
43669
57713
67637
28161
12139
19999
86558
22019
9343
83511
32424
63627
19037
95398
99162
19729
85424
84982
29168
71149
74726
7247
47026
65591
91171
36407
30207
8201
63263
63492
71753
80047
39232
84239
37544
44643
3979
80610
75874
29387
55432
4453
16782
61887
10591
79054
82034
65906
45433
53307
59350
8462
24718
70150
3742
34036
34762
82975
99585
40218
77549
68516
71640
99150
84823
29525
76401
63768
56273
6534
53456
22615
24281
14644
17377
50031
90179
41467
5555
13090
23591
17198
43643
29198
95561
83483
93613
43578
69686
46625
66141
24189
15179
16066
26577
74905
64063
10185
8061
83333
47894
40878
24240
1419
3260
85382
67987
68938
43431
31565
84713
82432
1520
89169
24466
58944
82479
80268
44994
85973
1377
58084
25276
25148
41833
47851
40203
19835
24446
58880
14106
42654
43190
33177
27019
50523
23547
45766
97226
42192
64855
13309
89062
48652
92877
14561
96305
85170
14030
20397
2080
44244
80023
81534
25108
13641
2912
4482
36027
38751
70534
27054
92136
62102
79368
37551
57756
61763
50264
6427
40144
71759
36091
99276
67267
35296
95336
57855
2535
27562
61148
66814
58494
7961
7273
23846
52563
74494
78201
42606
31838
46829
23317
71985
49434
67172
2875
64295
40154
21146
99115
20737
55767
73706
82404
5944
77598
52544
17900
58283
94649
48310
40113
73092
65251
81925
25231
62655
58631
59842
52445
10583
32309
99345
76813
96439
44650
27892
33266
19322
7868
13661
25748
98791
81763
42895
50976
69826
71391
83873
85309
47967
36955
4180
13206
9622
43628
92254
6222
93274
70790
16078
40459
25009
42285
58275
66289
61221
41176
45293
33001
87087
55076
21459
48771
38210
67232
69306
77500
93466
77890
4383
23440
81126
84868
13943
48242
43566
53220
49808
86240
14283
14265
32778
58379
54347
3710
71963
49847
62860
18615
66842
66617
92845
17398
62375
10840
95954
8560
23482
1101
93459
18979
45568
48483
16249
13818
84221
63972
78072
99911
57602
22953
30308
56344
15667
35090
13420
9030
43098
3271
89696
86923
97818
86164
70561
79800
30283
89843
99915
24376
48702
4360
8866
69033
13786
69309
83256
22602
42347
67641
26048
74860
31373
41388
37673
82521
57413
94155
22873
72570
45951
49748
64254
90280
64877
28731
12603
73653
84602
86799
75296
16631
90518
49983
49862
680
41403
3658
78736
35340
76784
48203
34167
11861
77551
29647
40068
70915
24851
25239
62695
50869
12788
31631
16489
30443
65165
77311
53441
50443
11644
93095
2633
55501
4655
46010
32601
38824
56679
27448
78181
30393
96652
4163
80746
60873
98940
16144
30292
68001
13313
3764
69509
55556
51286
17471
35013
55232
26147
1550
42958
92079
60336
59083
52582
76034
82127
69453
69347
42621
98343
8347
68039
17843
60889
22327
51800
65629
80255
4117
73540
31828
62000
36484
91093
15227
96666
91654
1265
60648
90394
93354
58389
9095
10007
86818
75887
2072
95461
92019
36179
4521
66713
29164
32747
62952
83334
36140
56092
17166
550
33004
42360
84547
1744
48374
17958
22233
35246
63602
28304
81525
78465
51733
61152
88016
21360
80998
26071
32004
34213
43028
66658
92698
52707
33486
84421
16984
84375
7088
19614
97750
43727
67794
11159
94881
99163
96008
89169
62960
75613
35047
1237
94721
19274
51368
78093
86717
34531
77092
63510
5545
56781
77429
99021
99926
63439
59602
33631
37824
77164
70970
92413
58297
2116
96027
7317
70292
80213
57715
75952
49002
64006
34104
23190
87205
21764
89218
63289
16186
87157
81168
50747
57196
96745
6112
77590
7682
62514
43170
63310
88231
64634
87621
26955
19961
33160
12459
51776
3538
36174
98681
31711
49619
92521
43974
57453
49289
54249
87250
38616
23047
8992
25814
44561
18498
53066
50747
35964
62224
33383
78942
366
70851
76230
79275
69747
80694
10669
52084
2424
72764
43502
20142
59392
3424
295
93656
73316
21205
3748
13401
95875
29334
22656
20553
99643
65910
77268
15574
57448
3512
51319
26650
84522
64196
17183
66234
80527
65773
25078
6298
30903
14556
11227
92837
75565
97250
80015
19130
73285
24396
31015
46288
90331
86696
79847
37180
42766
30058
47365
26513
46919
99534
81379
72022
62494
44902
65673
92968
4389
69481
42030
69199
83754
20223
52098
46482
6255
72072
66610
75227
85405
76332
4999
44830
34585
57693
5731
34572
98449
8115
43010
72080
10420
64353
51649
66703
23333
39342
75989
38219
82748
7309
24874
23346
58432
51166
78776
42342
64702
92213
65892
83157
75213
43352
93812
39393
66304
98642
56180
43412
17390
21643
61181
34521
85050
10574
14258
61895
65167
53746
54444
32876
36789
56525
69496
14306
34242
10440
44579
43534
73494
74122
14004
25490
21615
84866
37462
10402
64126
92048
26088
91057
87083
21284
72928
42540
33531
47014
72634
84030
41106
87957
47474
9180
84230
11837
50800
69289
70657
5282
16458
20946
29004
80120
18778
2622
17103
60051
1956
57986
25585
70932
9457
57320
17901
78163
76561
4212
15365
96504
99774
40087
26443
98154
53974
74960
66212
94006
14201
4137
52441
48435
48684
11647
71513
6677
18839
76319
88850
79154
20101
44280
65573
24530
5115
69176
45713
84916
53162
43376
89044
30649
520
10317
13373
60300
22171
41160
3123
5215
89645
47705
63228
26636
76140
1449
12559
44587
13490
12569
17871
14353
76721
63505
51247
63376
30404
30188
34083
24778
38103
53927
60538
60137
17204
70076
12217
17048
3860
80899
49437
16953
54018
17008
48174
89154
59639
18149
3472
61491
52440
44963
62440
62702
78906
90390
95681
65728
98473
21602
77508
79576
29140
26805
70029
64351
25382
76484
72353
32222
3487
26001
56290
8813
36352
22056
41107
19283
41704
59460
15498
69866
96174
21789
22220
75073
36432
77626
3000
13090
55242
38789
46749
71734
40310
2107
24524
86805
61692
50056
82053
74809
9857
59700
48476
45717
6625
50202
68061
12764
85875
83796
34686
51374
92154
365
59687
18344
21544
1229
57538
21959
92085
7701
23904
59871
88351
71366
96479
93989
52162
23026
48572
6934
47215
22894
60595
14089
47675
49205
98925
69679
99008
49498
2172
41812
28525
45583
60138
84626
82071
1297
86454
81117
65475
5472
62503
59448
38783
24182
15429
69068
75270
92386
1768
59854
28590
96160
8190
31359
3780
87333
41819
72926
16669
85728
74531
77266
83024
95657
27989
64955
99806
15979
60913
82880
10397
65881
90570
37641
88890
57722
96554
21571
32617
46639
58184
52650
20437
59093
34733
91358
88225
372
72820
60312
97831
97730
80732
44927
25693
41531
34734
28523
24450
90673
42343
49455
71429
84184
95204
12382
55040
71803
58827
67650
1322
92820
41709
22445
41900
4552
83951
93800
59098
891
66211
17807
5628
65034
22989
54
22692
23756
74221
82396
35336
75985
59676
70091
84138
41784
60684
1468
80970
4121
13064
17425
2667
15369
44509
88865
82989
16361
80657
73332
40147
39850
23782
11779
87120
3464
92335
29364
25274
370
64636
19414
90474
19425
75259
62382
21813
36185
70050
11165
78730
66877
78467
39825
89835
21920
75932
92484
85513
94255
34385
72667
72176
72280
15539
78586
21809
78930
38224
85517
28454
89241
80067
25984
10510
94331
34551
65535
61017
48624
24458
32286
46590
10745
25034
54469
59588
24030
23833
98814
89498
9922
79929
36102
90324
28051
50548
99296
86237
99820
65119
8755
56169
90588
60774
85560
3412
94927
79705
53179
24765
73313
26055
40843
85590
46330
18502
47037
77154
38372
52840
64449
29860
85362
47032
20413
85794
13678
42558
87680
40679
83096
53353
55070
50018
86975
28008
81936
53521
25294
89702
48780
83087
64281
56429
70988
36312
45714
31481
46554
14246
10996
80177
79624
94866
97909
80722
83213
51320
3859
67638
82142
35818
48681
43395
36697
45338
15718
81149
90849
18231
50477
22941
52464
68205
25150
58958
24331
77642
15207
15302
82942
88680
24097
37562
23456
57266
99829
63015
11122
24441
8317
15290
34516
68310
54947
55278
9447
5298
26240
89275
28875
19934
50438
77496
24268
90634
29834
95715
88372
79328
1502
16686
72281
46997
58702
43826
39027
97621
2056
32832
60124
58770
62489
42473
6614
32970
18725
20472
3605
85366
56475
49635
83008
30541
97284
17761
32555
61454
3011
26391
29398
38420
37044
71162
81342
9520
68555
41170
7433
52815
83055
78608
30177
64471
24466
22788
45434
20321
43327
14800
38551
16850
98743
58700
44930
25341
54260
10451
4411
80720
55206
88005
58063
27179
18962
27440
76405
8965
91309
70977
30326
28748
43255
94699
57928
67854
97686
25677
44886
85455
90073
15123
96084
20441
29354
71459
8907
19214
89014
89180
7979
34887
1122
73403
78257
32746
99531
53935
77963
22226
43626
20941
94440
8505
64392
4933
38213
84674
16410
91106
61216
80547
81996
98321
91895
7072
98303
64291
10879
78958
23075
50970
71475
14934
74508
20717
43777
54573
26335
3591
93745
57954
15907
5666
34385
40592
77471
2166
89494
19289
22839
20339
2584
93621
8332
25333
31906
22669
49039
51130
35581
94803
65344
71640
35820
9074
72816
40963
80339
35658
4706
28468
29400
21240
84555
4856
68229
18068
86353
71445
66004
88279
4821
31758
1965
40702
27208
87511
8498
75491
34885
93569
88025
14797
21229
2135
37162
65825
16450
2959
13619
70884
28555
2049
67750
58042
45786
26851
44200
73533
20820
46015
46294
67485
32659
23891
14661
41280
14107
85920
66760
57786
16783
3116
66405
74551
38794
7007
41220
45078
79508
82522
34818
72041
75502
99729
60886
93774
86732
84843
78165
77215
98572
41312
93106
86316
52796
71109
28025
83738
82294
63676
54453
71645
53249
11990
68948
82786
33937
6659
72451
66061
14634
23884
69707
15177
80144
71699
17819
91169
22996
68310
1012
9741
3077
49937
52015
70347
49513
13403
55378
57670
22130
1046
93211
57760
32722
84374
71566
85241
15850
53062
84344
18699
75370
82302
28684
95420
58968
97133
95340
62955
46201
40404
37650
52463
30652
42406
46025
97061
12646
44183
85127
68614
62173
81718
83181
45608
1247
38291
88258
23369
84030
83056
71978
99548
82690
4002
19314
45656
22060
46361
39732
68881
76133
1442
8264
37219
19201
274
73569
25411
2641
13580
83241
24402
90929
61862
72298
60712
6001
50624
3027
69482
47815
50385
76256
72015
2194
7134
74385
31819
78383
85885
80005
9410
56129
46167
27859
7472
77450
40600
6527
32514
19600
10572
17385
68624
48109
91860
66200
75408
76764
29064
87986
91594
54216
8252
3516
91844
95094
30662
50089
14806
12274
24587
82155
75495
48968
46897
13509
32910
85120
70835
86231
75022
3780
17850
92290
36458
14620
45367
12467
22224
17720
68886
90047
93200
68027
67075
35976
45982
42206
9890
34030
10239
14108
947
39702
71396
31683
19501
95158
27987
87053
80538
97517
39896
70731
10237
19050
22612
29986
70614
78489
24901
44186
5918
3826
61140
52512
40366
79166
85770
89475
37893
15059
48544
58803
39043
93565
93759
7160
84898
20492
71897
70156
44914
97963
98548
68918
12893
40057
46444
10058
86209
53293
12118
25737
5635
40999
63265
43001
20030
74806
86980
35981
17954
50840
27988
82376
69907
21244
34843
39145
16703
84704
11418
41227
33588
53732
19023
61622
47313
18651
99326
45616
20750
58309
18251
37682
58890
57076
3495
87944
23175
44900
54328
39996
86504
84184
44393
52991
4427
10453
17973
32398
43461
95727
49665
96880
22311
85144
92870
48883
72056
38809
31137
78526
10847
51172
66894
74339
12628
18636
48361
20348
34898
20706
34183
27075
34266
83687
39143
85035
9506
54628
56215
74687
74301
71297
90756
8977
13454
30592
51512
85150
36300
71290
74860
21668
46591
43482
33639
80348
66117
37172
52830
52042
22157
24308
94822
28796
76279
56927
63438
28767
78759
723
94512
70279
72879
53051
869
61569
93728
94669
21108
50400
6708
60733
95018
69789
77213
98564
78341
68592
89991
19023
62582
45955
38644
83543
45265
67889
88325
71413
83937
36329
57406
98723
46801
17438
72504
84718
38215
58615
30695
45941
13913
71045
47958
62673
47196
59797
98720
77156
72786
28564
883
63999
70000
39843
2375
24025
76343
52326
53602
5993
66200
47625
37742
77195
90397
99867
83984
43225
31834
92937
11003
81103
93970
87082
7981
77012
51820
74521
50194
11123
78114
68834
46767
88047
93027
2727
55763
24426
59116
33645
81256
27930
65201
72580
58354
51246
92716
48177
52029
58315
72529
30698
72577
57799
14755
18205
44404
80913
88570
29146
97372
65784
44825
26892
80445
16662
45261
79270
70749
63419
64757
37719
40945
99225
79394
924
40119
89861
76014
99342
31717
6411
91726
49597
43156
63098
28272
73832
90558
29439
66657
62676
31887
48578
34202
15880
72977
49574
10106
53123
62681
80980
67571
63550
63617
2555
91399
38183
17379
45505
28558
7277
11897
26501
6279
70584
88079
60606
98742
86670
55284
41162
51011
88340
11586
24722
68993
54312
21628
60664
6926
97919
70536
52595
58029
50157
51874
26458
15567
83228
15328
6169
10283
14927
82179
56561
74263
38910
20963
22040
5318
3404
57112
32088
40337
14864
20188
94355
63010
20901
42881
85785
7980
86797
9000
90989
60102
84869
52735
50143
32459
9901
34333
18833
78630
75296
62571
3662
13652
28977
11387
90740
58164
92330
67007
96611
97207
47267
56505
58694
22300
59979
10405
20871
58867
20382
6880
71564
79521
86000
89050
15486
73553
64195
14785
17844
80272
8637
47814
79085
31407
13670
98924
33066
9543
72488
78599
34226
40855
44484
62901
32780
51773
35587
13168
38046
52762
34063
47187
47940
32720
57506
43455
77876
47102
51053
99242
75616
17286
52687
45256
26622
56649
59773
15648
76801
2732
56501
29521
49957
27060
32666
97712
87370
59283
58248
33661
81667
61933
41772
96236
92458
32632
25952
75453
96118
56497
60046
52933
93602
33395
60737
56060
16864
8640
95682
13770
86169
49309
92258
48669
35685
76807
51505
42148
12460
43715
25229
23069
76939
90679
95071
17761
1920
50013
97415
13101
43860
37040
45733
4119
68770
97533
98617
60855
57731
30192
92718
22657
58741
736
58772
93770
49576
17692
50960
47468
11768
22731
16571
61238
81789
94479
86776
8435
28072
46995
19192
27960
93822
56829
48732
30959
77244
7950
53748
18180
55807
13396
20870
1820
74352
97188
18167
5555
21607
75642
87876
30518
20001
81561
44417
65065
22806
97699
15849
50935
61955
98157
84287
95412
6353
9796
38196
92172
73304
20732
40877
42965
61789
83131
49013
70363
96220
27913
70799
12674
35129
74009
20110
95808
27518
77113
10440
78601
83414
42734
14440
24704
4995
64138
71748
65221
78411
90103
70274
79794
40378
49751
82387
64886
79374
33217
21632
44966
40927
80734
17469
82810
22199
90028
41130
74398
74995
77624
15473
56307
36937
77974
34405
93273
60683
66156
84244
93690
92036
27525
273
28530
34939
3151
89122
81299
23642
33305
15319
73797
63979
38197
40686
931
54581
1361
78397
16843
94655
92183
41990
74003
88836
94239
61017
49289
76186
45027
47710
85650
56044
19719
51
83983
52595
91327
21743
59900
59305
31490
35649
69901
18526
83484
98640
22973
23728
99139
96753
24473
70925
18557
28739
78800
84543
74326
45122
53724
90373
88716
19057
9997
45417
97336
83926
36574
24163
22602
42761
45284
39615
66611
69369
81312
66435
34534
19504
30322
84960
91866
43529
2422
16733
6014
76516
26889
4105
71568
68229
27764
19663
91215
73911
33938
44156
72313
74755
74899
43122
50813
70507
47993
54757
77992
63033
83702
49033
91546
91008
95439
33208
75617
86844
58701
79364
5751
95809
16449
1848
5702
25963
24757
4394
92240
48822
43338
235
27013
24135
3075
63501
46036
28596
8752
7767
56969
94519
14718
79276
21250
62502
21398
58988
33631
56482
30400
23699
24042
5847
26433
45879
25475
6536
8710
17883
23567
80517
70497
51029
639
89473
50713
53899
27012
19224
74394
4554
94876
61267
24376
29044
56994
66036
97304
30811
23604
79339
98817
8297
77543
74037
5739
59686
74102
44950
75269
21584
98094
15587
94981
99014
13419
80962
15221
17170
8094
5246
90223
33329
17765
59347
98264
53868
34065
38131
11334
25033
68527
52236
20387
90683
62200
73673
82755
29369
26873
55220
69749
66470
34943
84824
30577
4571
18959
88407
57055
22076
49814
88778
87342
68162
8702
65435
88631
31431
34533
10669
2950
19211
85703
74976
2405
52925
39274
44002
40289
67315
75761
35404
3391
76812
40294
33578
87098
84670
31747
30866
30491
92953
54681
48870
97201
51814
12637
19723
59257
86346
35245
92960
51040
48635
95741
64052
73323
73639
46863
35920
63902
36471
23876
45599
67358
6682
42479
15495
14502
10617
98889
71215
70421
56738
77718
25396
88424
77655
44955
57108
79702
18475
87392
4500
73799
65710
47564
38716
76323
84074
1991
19719
25997
11513
40277
27538
65419
63817
82267
6283
27022
38668
32951
92718
27277
19724
73510
83981
6411
62487
24522
79017
61367
98750
55572
37974
69248
21021
22658
77764
71505
6973
10851
41810
93273
68825
75051
56947
392
8898
58123
12237
97528
90558
51151
47236
70651
38265
91410
36628
75580
40286
32018
15792
41255
75541
76218
86225
37845
8845
96060
16835
37424
47243
84543
4375
70546
4295
1260
65828
18034
481
34881
14682
13281
84634
86082
60285
11283
85035
97943
26518
47844
49247
88106
17
957
7998
86638
64583
78020
61795
44651
5098
51251
36203
58418
86483
98183
97887
43453
92682
91258
35445
69807
1238
86114
16552
59545
39472
89413
61181
11104
12934
885
10335
60632
60592
89915
26303
97405
86542
25684
89636
61178
33168
88130
27008
8000
26201
72989
81095
16053
88028
16767
5320
84808
8293
22403
58619
1593
90070
87408
17809
99029
70304
82865
41983
2675
46483
64289
66727
97540
94795
34884
878
77928
57943
94751
34813
92265
70378
56354
48625
32602
45998
45301
79297
97879
51134
53456
47984
90382
36820
57506
84582
29457
791
79229
22980
87730
54659
42958
32003
17509
31748
7489
71803
97598
50399
25767
50640
86542
15226
32905
53514
95903
4655
9735
59087
68780
27908
88396
90835
21634
43611
54255
15695
90359
9947
35832
54807
5608
81533
18983
74712
26522
54689
94973
20429
99905
80683
87387
20615
86085
9907
84691
78253
68845
86531
32244
24451
41271
20650
22876
59710
83936
30375
69779
87831
21705
12812
66855
32369
28747
95705
33598
41640
3435
27529
78305
60713
52145
59814
10511
92565
12705
34923
76585
20026
6148
50839
90028
39357
38392
89428
10047
58390
6250
52995
51546
64538
18145
13567
13254
27230
18438
89375
40976
93312
56253
70111
57488
5800
65220
14413
88465
57046
21278
88185
50768
18455
20279
49327
13942
73929
17338
31523
59915
27865
88728
61936
47569
96878
51178
57612
35944
88396
9994
49814
59578
4424
14043
18418
36310
6981
53374
45616
68274
30313
91571
39780
54383
95519
27164
86247
95983
28059
83737
91889
36078
85389
69045
2551
89026
87883
43426
57051
13890
17901
45339
7118
76390
54882
2115
13253
14673
77546
35174
52544
29305
22638
51804
24246
43542
56103
56200
93045
15714
33731
91143
25633
54108
6171
10421
75748
53388
1127
9027
93296
7147
52409
26838
51458
39328
46003
54940
55938
31687
88389
79885
85282
20676
1964
72992
68654
58788
50436
42593
24869
32095
2581
77104
14613
8595
30335
7350
7569
30511
52073
48863
19850
6862
93047
7227
12057
15417
92486
51226
60274
56388
65477
57281
65039
75690
15205
978
21970
88362
3239
88770
43975
92922
13489
533
80228
65675
84458
80258
52780
89303
11736
89977
53216
67094
65339
90097
10465
38591
86836
14062
25175
13207
85756
78627
43881
75992
78731
96741
92418
63520
80619
73784
98533
24931
95743
47854
61539
13932
51161
30267
22054
36336
51652
43774
25540
92649
67753
77929
14193
34060
69667
58263
47935
42241
53958
26899
81431
72620
11046
5690
14047
41005
5125
82285
74412
77738
76336
28617
87983
3820
51914
84169
50095
68065
95364
3522
18279
32766
3028
26883
50178
43236
4858
22320
87235
72290
22785
67568
12572
15443
4478
91219
98735
46677
63893
37117
39516
66040
51026
12402
27436
80979
96012
75079
33480
38704
57861
86971
25229
5326
72217
45885
22507
87117
60971
44805
87887
54263
51407
55747
53310
50709
79375
11216
24300
38869
96772
48848
56877
92867
7706
12759
48747
23262
5722
98725
33369
68502
113
60283
20948
74961
59721
75168
69663
83898
4241
52323
530
29767
92151
99004
71295
9576
89856
65336
44992
91499
26031
80042
27619
62671
58148
77786
78340
78207
5350
89274
41719
52318
27281
75535
91613
40740
76857
65543
61601
50842
67414
3138
8034
54559
69917
20503
55648
94976
44493
94362
58948
25129
80353
60624
90409
23400
66429
22443
41869
99272
60088
93363
