3754
22319
82307
41195
68483
81384
57553
53251
55298
81052
77789
86559
50533
35145
17590
90864
15732
12627
97467
54989
53559
11888
21067
37572
47353
25118
85438
58042
61714
84700
16994
104
15415
70581
61084
28508
74940
21438
64376
48207
39668
84079
40873
79707
83524
3830
24459
87660
89066
54049
94129
33662
86029
35836
17130
27471
80820
41008
39231
21006
19404
2650
51241
71004
74118
79008
4027
36901
34719
746
65387
79074
42112
48045
1562
50945
61672
57237
76979
32887
74968
86708
81106
60112
400
15000
56398
70157
73564
24511
88371
47854
96887
88560
43628
15733
19198
4384
12760
50953
34883
31894
17504
33885
98204
90148
17034
79125
64182
67787
50547
36671
56943
53328
51869
37672
34048
40032
63302
42999
36805
301
95637
85895
87391
12129
71095
65915
46813
81084
4785
20504
25980
5746
84541
24909
44305
21920
932
68425
23048
17680
56114
24185
30896
48365
43772
3454
38554
66485
53737
29404
99580
81556
99131
79610
83452
95349
31086
32375
90744
85860
64169
15299
667
54974
47434
40267
46928
1068
74997
84390
52063
54189
44496
83044
80871
36223
60157
7576
41575
79386
71274
72902
58327
16362
92669
76995
98663
24111
71650
24559
82816
46444
24998
24723
72431
89515
77499
46012
76534
74994
87530
59358
97314
77051
90094
58644
11326
76214
35062
7113
91530
8118
95212
53292
36924
20161
34714
43088
83479
87869
85781
8922
76714
68220
27691
11006
63935
95286
37525
59935
58351
99360
67948
59425
72266
86663
2190
21179
35341
16407
67489
35231
69077
52163
12342
19992
57722
4252
63153
17816
71107
93211
20015
44119
51627
46786
81144
84110
26763
19883
14881
18572
845
48793
5936
77686
89473
79911
61627
10682
61482
69108
96853
54870
2759
53494
41070
35605
23654
33768
59751
10919
18502
45958
36939
79596
27255
31739
69585
66383
29947
63651
97151
12442
1345
77657
24982
14531
63627
34549
79406
54796
32970
21043
5987
37748
76956
64863
64033
55442
70534
7005
34966
6741
27830
47774
1018
57223
98526
3129
82892
50368
52661
67692
49977
41740
52691
77515
85469
89024
46773
5344
14290
88010
67841
2589
52520
78243
81030
30551
13402
89162
99576
38467
85982
66258
93995
75190
60631
39297
7125
23822
11103
34132
53363
76227
46426
48872
25642
78370
61147
61608
70430
90937
97152
52992
27382
32446
2873
66099
66138
55879
1350
87893
68669
28362
13239
81401
50928
80066
27505
75039
18682
4808
53258
64994
74838
22570
82725
64198
84898
14930
79968
36364
36193
74435
36711
12007
57347
33813
10327
4728
31002
38637
12027
49533
99612
58756
72595
72892
960
72167
98253
54033
42949
10801
75899
91726
83138
62973
34667
43199
28220
4987
76889
16582
57329
78850
78646
66804
39213
30931
85678
54566
95551
81969
71367
59690
39556
69168
9087
58234
87027
88399
20663
13117
90436
36648
9942
56643
50777
90438
55022
65236
32621
53849
98071
2700
15201
93696
78400
42898
32714
28386
75164
17410
53084
18754
7799
79201
66513
20764
38868
78688
47145
33990
70207
2993
2817
93802
71784
85912
23703
69899
59210
61985
21904
20369
58699
65789
75003
97159
44604
25972
63596
47220
52241
55606
65135
46179
67687
50530
44406
96089
27684
97484
55822
91798
14779
60354
1930
6787
82511
62179
94154
90428
43346
12748
11404
74768
59676
64057
32236
99832
19897
95846
9015
43336
15758
54405
38320
58638
31138
90938
18162
58793
50149
22754
59538
71702
94162
96300
9325
41284
76102
37864
52504
55830
65226
71322
64290
52982
40456
85816
40168
38752
53623
95906
37450
82070
58212
78848
44623
69692
29353
13776
29973
86006
48483
9265
93111
21983
48463
47681
16577
11605
78477
8706
62473
2830
11616
74794
55797
1130
40473
53986
67706
9450
27237
28129
5692
34004
34407
20116
31504
3441
93089
13740
38891
69161
89983
19716
19096
20115
64374
77025
94129
2558
5833
10286
72573
55083
55045
95867
75417
81556
19167
13922
93729
71302
22181
84855
51330
8160
34799
83867
26444
8835
37223
8819
30356
51615
11645
53642
4087
21637
19268
88655
38019
87930
40943
33099
74554
37683
64345
79548
78668
28331
43594
6647
66820
48527
61732
20203
75480
94298
63523
9454
99083
49078
62185
98955
32040
33927
14917
95360
74552
10282
62736
9204
32318
34135
88902
32646
38178
20728
35848
94386
17962
67463
43386
69620
40641
38560
17371
32231
41615
33404
93882
53850
77409
55502
6979
7639
8881
2618
74466
9102
52061
409
30353
73827
30163
3103
96640
31702
94071
29885
87272
80802
30484
93322
95606
43970
13678
80329
85773
83373
81349
26143
58311
68207
45803
53062
28641
61970
79339
43542
68322
38658
48936
79554
87197
64189
4042
31087
13291
51148
59164
86003
89498
79696
67581
22697
33723
12283
36551
87308
23244
43054
65558
7241
86551
92179
26540
61188
14372
13858
2172
2701
85432
47044
49820
43418
64513
14529
11770
58657
19694
71529
11135
34797
81298
74630
19244
49547
44403
87321
30238
13067
3124
64809
99771
37916
92280
31522
56307
36811
98797
88180
57654
12338
28428
94475
38226
54093
22541
25690
99796
90693
80053
25117
40095
53596
47786
77037
41803
35924
32821
20549
57238
64607
51372
40531
83767
6431
7691
5110
40372
381
29882
77379
65380
89064
63465
37146
28535
11686
97693
38751
15266
30001
34253
29931
29001
71630
28759
59088
90623
7252
67174
97028
6243
24946
80088
12609
71016
20071
32622
3449
81187
85579
17815
55373
7061
23686
23452
79338
87811
36724
49226
57603
32704
61696
82979
87714
32713
38140
67446
50265
79551
16325
2810
37435
66189
70561
28991
84167
92042
6260
50349
47626
92611
99290
18926
57306
5604
73035
69694
22329
70696
28651
19469
69338
72366
75589
11027
35612
32177
80641
72232
45208
76794
54880
12928
60873
25132
24716
96157
47552
26967
32826
51225
508
91080
97630
48147
92299
37175
183
88782
64348
32468
91510
47746
70431
5029
7091
3217
57445
14047
62934
4537
4708
46636
6950
57771
81950
14360
85344
79979
26846
47229
99507
85293
9914
67529
22802
92324
99904
70433
37721
58342
41
20192
26338
29809
40995
26278
95418
17424
86195
7056
84104
32395
83234
35280
59783
63705
7678
66501
11571
87085
94814
93698
64710
10323
94879
53374
63174
15935
65750
40764
25384
16668
86107
89384
37996
86106
91675
97583
92634
93424
55776
19050
20134
46195
70833
44456
39121
34533
86568
11765
20180
32939
85362
18823
2486
65553
14773
23352
11850
22053
85207
22339
75904
15439
88735
82885
24472
77097
92089
67049
84771
62848
65378
45042
47767
77999
87652
67697
91027
14095
51016
47848
36611
33280
14041
77208
81910
9400
79266
98272
76398
49380
55891
77323
32252
50661
29468
78845
16635
51617
48964
59865
79047
37227
5192
700
13661
87063
33551
54756
9343
38350
59004
13256
72056
11520
52499
13436
81292
51226
1700
89338
70150
45182
57819
16559
52863
58384
80837
12306
46438
73560
81478
27131
60165
8427
97264
10168
96762
40686
59236
32019
5064
74339
61643
78097
73120
78395
6154
21107
64840
35607
58254
64855
1758
86743
71664
61675
55217
47557
6946
98816
10472
37136
40162
85848
53750
89922
56655
22492
45979
9528
45782
80280
26712
25151
13443
86071
77144
89288
67612
79835
6130
32914
34198
82061
43410
7867
40951
1200
26497
55551
83923
68715
9810
35732
19224
79566
85612
47379
80415
33379
18752
74355
46261
33759
26930
30856
15501
97419
90396
23207
30552
65634
48527
68074
65164
61137
57065
68684
67605
6104
11029
54587
42086
46708
86204
97724
50206
24270
34462
93327
86070
80794
27979
16986
17528
17591
7554
59344
83974
74723
63584
2493
36794
76937
61407
27081
41956
97573
77580
1427
93770
28700
55819
51863
56637
73752
75461
39805
34483
93496
76981
51887
46148
25331
54166
55273
49320
94804
89139
45396
85877
52359
28773
63484
92304
24623
39711
22818
72136
46897
2598
75520
67417
82770
11750
53043
14484
80298
49228
94793
26914
50400
55981
66846
79801
34761
29004
1370
37443
66188
58559
63293
66038
38897
52058
25193
15425
27798
39529
29458
26905
75680
4994
84815
85916
25581
62155
77596
62831
19349
36046
90903
80331
29579
5955
26040
23397
29694
41116
82578
17217
72564
51782
75186
39919
80485
31695
38835
59549
27871
75005
73979
31313
8834
25875
85799
94888
74121
25552
75679
93916
31791
2317
79460
54852
52072
9177
56424
96445
10758
70017
27949
45746
94644
21638
36843
46200
29669
79883
88844
51639
86532
65370
73914
3139
56244
99880
47571
83879
5568
51700
884
54212
80925
69772
1346
46890
45822
55766
97301
44090
26894
82989
5653
84638
8960
70273
68143
33874
11163
9870
76789
4014
56421
73300
30052
24241
89760
44855
56309
34810
31030
54328
82059
32229
55377
36359
42196
54723
95204
79592
94296
13854
39883
47390
81227
10101
23898
56203
15765
51659
28616
30871
94961
3324
3673
13124
27823
33469
23435
71688
79628
9597
46831
35490
42340
2251
51744
85584
77181
635
42271
17525
50284
10141
61728
76774
54114
3273
57940
47716
26603
85540
69950
85700
76955
89415
44602
81788
1234
25136
65788
35572
60077
5504
99404
48088
51161
37726
19402
21958
24410
95160
30142
68731
26002
57515
32123
74517
85285
18089
37668
83136
13686
29219
77729
66324
3024
86778
43094
34541
44515
96913
45339
65190
58934
54668
76244
46461
6298
17767
30707
17747
4355
50757
31524
83067
61215
42145
38330
25103
77832
47909
74527
39587
97722
43984
8317
30593
70878
7356
54386
39248
40266
66104
52239
53560
35996
6488
58550
57890
51712
55247
79420
27208
52472
90692
84759
71491
19946
80340
10418
44036
51874
97623
60194
37418
10121
42216
34090
20451
90004
64543
12766
1046
29922
89316
98089
45267
17136
70620
61875
90012
87767
53875
34802
4234
34754
55583
81648
94418
11195
29352
87730
5536
33530
86634
37396
40915
50208
50721
53437
40654
90588
1437
94340
70217
26264
61913
26296
92351
63225
6068
24882
22316
95039
99047
23878
73495
52047
73138
55869
46932
77231
42857
35351
93635
41331
46166
33227
74518
96737
89103
59939
90036
23321
4456
79690
96269
28040
75516
70450
60450
72522
42813
14978
81106
21155
88981
56642
71480
86339
9184
24487
87419
11685
42596
76283
5951
64032
96462
57364
37655
11455
70090
30556
75240
34576
97602
96875
6588
81368
93344
2663
13483
31631
19954
14908
22296
65060
52639
26723
88339
95735
8609
22947
80075
21676
56838
68511
17144
65060
97424
5519
79650
70188
90157
98332
95713
79924
93990
76259
26537
2868
50693
76212
96743
69052
81805
9447
81458
94087
87170
5188
90722
84263
38860
33197
76557
69307
79358
40764
65030
17449
78288
47885
12654
62913
56046
49506
43198
82846
64837
15283
28627
45140
20961
20669
43951
299
94276
74597
7922
72869
72894
24122
9184
67505
84714
11749
90544
54671
32877
40385
18297
77580
63741
76920
45323
53533
74310
90918
36703
1263
46476
62907
47084
84412
44518
31580
60625
71313
37072
15586
81366
94849
91790
35175
60284
72502
15385
86150
39556
93773
46629
60320
41849
18188
54833
31122
48011
59293
30998
23396
93513
77558
18805
26764
30621
81271
36750
50845
84126
97810
29008
30911
67388
36376
4028
44490
48094
73774
60082
78750
13130
1779
31763
43449
85543
15371
34591
58052
59513
70194
97491
55230
15443
19553
49058
84554
48174
76156
68261
12617
50016
90434
88799
87449
78438
64595
36084
79763
68585
50543
63913
95199
70446
34302
45850
38223
95642
10508
21153
4859
22043
23800
48535
35734
3812
73248
49086
83660
39792
6668
51733
36807
72277
87441
86170
29973
38301
45536
14428
27095
26377
7659
66118
44895
44133
43397
83476
52240
20310
24798
53875
60105
76084
13358
66367
18104
80893
63235
73126
4461
86465
51466
46954
7530
68610
57750
99969
54763
18850
15452
33661
88288
90326
23066
56626
14340
36256
75806
88613
75663
28560
68809
4609
96600
99106
10010
78888
61783
89601
93353
42179
60764
66123
41992
27324
41778
86180
63876
18198
51844
76215
15214
15391
11564
45780
57756
74052
39892
71366
77850
38024
97697
13545
75448
20339
1910
54563
98007
41033
28000
29813
63294
53222
54607
57552
98690
80229
59757
79350
39666
18099
42127
28030
47720
33908
75254
46561
61565
89993
9324
24600
50949
68752
88482
18513
80457
78358
73191
28816
43450
13116
44618
60213
45075
78891
62559
54441
80246
11200
3454
71250
27395
6289
24243
40604
47865
94068
13206
23303
73056
94619
7303
22835
82579
66182
36947
54223
44227
53931
71459
69139
54328
78038
23763
9891
59466
34937
1636
33918
44693
72029
56915
91513
4922
65789
61399
1150
27884
83953
70514
12169
95644
25350
94094
45028
48024
28134
83680
29797
90416
43141
30123
40442
30948
94549
14892
48447
51334
34962
93143
28216
74369
23752
29782
37623
62606
58164
31496
75404
3412
65543
95909
50217
9234
25049
63292
9277
6283
7923
81377
20775
88366
46349
75522
82311
2713
50134
30557
99185
23537
20980
92576
51134
31250
70906
3614
15284
90495
40857
93318
56841
22246
25281
14291
88903
45529
29796
30808
93837
98502
35479
89121
6525
31785
98192
80877
52389
39967
74796
20780
1364
81462
31612
66763
47866
9326
6654
9346
87234
13962
60063
54598
48003
83524
15958
23473
58244
88697
31339
19282
8833
60696
5686
64398
42350
9614
3887
30865
25841
2431
36299
66015
28638
44735
36398
18095
36393
72314
8762
24285
11091
6406
58930
2772
7817
6149
98096
57267
66145
66859
78594
92320
20368
63768
6338
88923
92857
58308
30302
17565
28964
57758
10763
164
96057
53215
86949
64761
50989
78371
88076
73269
68832
76510
93466
50962
4566
99172
98564
16454
95565
15915
65315
72214
64003
61428
96831
37274
83720
10482
33304
65632
17806
77562
54406
22110
62478
75824
57711
71085
30835
71638
2352
26472
15165
29114
46347
38343
95402
56480
19331
51872
2466
87627
82247
72130
20174
77444
23725
22135
31250
69872
97702
15774
42952
58730
23711
68439
67016
19767
25100
75475
15943
62245
6661
76698
49200
15111
76480
56980
47613
31142
81324
42147
93006
18610
70115
62068
32604
69968
78803
230
5775
5459
5701
53569
51660
55795
27619
43235
56569
53160
32400
11283
84122
69087
94504
9051
73287
43509
49038
96614
31434
24554
6668
21773
42360
7999
18984
96377
33728
54968
12839
54456
87435
2823
23460
63735
150
52396
85232
48400
31876
79730
92994
22653
8732
64949
3337
72331
35414
10565
57742
10684
18873
47785
95254
71704
80856
44982
19062
42156
37876
18356
90393
47886
45865
21993
95849
60676
90874
2506
61351
43742
6186
61813
89748
58207
29073
37571
33819
97564
87587
14612
79587
89378
86578
35428
26590
17903
50276
59909
50243
40830
52712
84652
54243
73513
23452
90720
97446
16394
9444
94278
77376
97309
93596
86287
77155
91969
59560
58163
28781
4866
86152
44791
92819
55774
23649
83008
46052
30754
73420
7422
34236
8300
31232
13244
43479
87417
19386
78499
41336
84053
26420
46003
55127
81731
45069
21828
71251
53246
44178
88147
64223
69269
68435
54542
82584
43360
39361
2879
25620
90294
23097
88394
4969
12648
99407
67623
54290
51868
46082
18722
80785
25919
44793
15460
26269
27945
74684
73386
40259
12452
46113
22311
13004
55023
48570
12126
62320
53555
26089
78436
18865
14031
90218
67684
15689
15902
61686
56404
39732
86416
68935
74280
24644
6098
70243
75958
13994
77018
53727
63792
1886
35852
10726
88160
71551
41251
18500
34763
63588
56372
23143
10716
47340
6663
81346
5976
18100
42454
35348
58071
45139
73289
23328
36186
32907
23959
96075
13826
88669
5287
18202
9362
17272
79113
26947
39675
28825
99234
31781
85736
6706
39620
95844
96567
35096
31485
23447
16418
14678
9881
44101
40660
16719
57170
79992
51306
91235
95667
80350
93246
12223
97328
30207
85442
54042
32322
26021
2336
11142
17135
26550
88307
75721
72134
34794
2623
44630
13584
98681
94626
77538
89820
53576
71596
99554
34249
46335
78794
4416
4853
25725
33259
8191
3958
63433
51868
54276
90461
29331
23268
95188
16301
72934
55743
11183
6309
51929
21392
74042
72823
12271
59846
1734
63391
52680
29621
17106
75426
68248
71008
58143
97127
57353
31466
2196
77330
14063
11923
44397
55713
43192
61524
40631
86250
43281
92828
1933
1174
87476
75666
73194
60868
20950
60426
50933
29868
7159
46598
73322
15512
29578
15091
84063
27528
33602
32323
17085
51039
74611
68049
61082
7239
20677
61709
68257
37376
61910
28571
16489
12779
59525
43509
75479
34252
6023
4466
27928
40777
2177
17343
23051
87270
47549
72352
29409
13779
19276
86371
10303
92140
71146
35860
75219
43598
79292
53834
56680
36658
47963
95562
59794
95731
74887
98356
54804
69912
76888
85570
10477
6290
3206
37
18256
51968
95843
37243
89653
92583
4392
47754
833
69143
32473
9874
32918
36094
66219
15819
58340
19406
37244
8477
32446
26540
2449
25116
18595
36807
32515
17864
9381
54428
68982
21960
73583
14327
79204
8938
84784
32972
74611
93633
74031
27846
43592
19702
82032
128
15004
78891
74362
61521
55972
94986
11125
41459
77199
29251
94288
15527
93595
22098
63412
60265
50241
8584
39530
80455
28272
96439
56320
15175
33953
25570
50681
69414
30607
49882
71888
86536
62867
10733
76085
74973
9864
17296
38842
9728
72527
18306
42964
47239
5227
81462
11616
42824
68100
56933
69964
18500
90673
37905
38942
74606
2136
23919
43080
50615
30870
50624
69230
38142
49362
53417
9729
78170
31697
44205
54420
18595
19752
49483
32922
63193
46484
99673
2568
21870
46066
9909
16820
85305
16119
70283
41878
30428
38787
33770
3164
99556
5995
52392
48597
75483
53514
18477
99484
20037
26342
69019
23111
45786
76558
31096
73334
56472
56012
29322
25568
15528
87392
75884
99140
11908
9484
97370
87228
92578
20542
89116
82481
59390
44334
72408
91572
24636
70858
50723
32127
51745
16552
98473
64908
27096
91266
51225
77153
28009
81337
4538
87669
52287
42639
56576
35482
47420
81256
94794
71119
38994
49131
88879
19065
47858
99479
71276
23201
19144
58413
96959
83878
50909
84029
15594
49958
16568
66476
82618
21471
85225
75806
88380
88339
62357
31335
65530
77311
19453
85758
45304
53978
41624
71555
79358
70292
60780
50833
45822
59041
78617
28697
50623
74124
66020
1448
76311
94035
91874
19086
66511
22198
90823
91767
36576
4490
99945
67633
49343
32669
60452
20861
21187
20579
34315
68959
37732
93129
74680
23444
51549
99977
75835
81159
57195
45718
25979
98660
73987
35258
24273
76121
19205
49114
69827
22875
90597
25105
11120
19170
54746
73002
94900
57546
60571
25887
2546
55761
47598
59224
91976
54997
64173
24040
5716
48508
66060
57120
14522
48897
43410
69970
87555
78728
50408
27303
76572
40618
11411
81319
63221
23341
90901
52357
74059
70444
92284
72910
65618
69085
78570
78574
75108
71417
19069
41223
28218
53553
59063
5730
54795
17888
18869
46820
85765
87058
79376
70368
93045
66569
35691
16715
61978
45936
42205
74331
93424
73967
41881
25125
42583
58565
79168
5606
6167
15245
12846
26983
16151
63639
93636
68409
89909
39962
88578
66
29103
40280
28454
16166
34363
89381
78947
26414
37151
74841
76300
26290
51506
312
5544
13190
85612
19639
93143
4200
78665
42985
88657
90742
74693
74067
66637
7803
98529
12441
71734
35598
99074
59147
14343
87631
14207
68891
347
83072
18547
96376
50704
79525
56993
45530
91235
10762
57199
14247
12484
23198
3321
90691
14055
91684
60355
81951
75638
4745
91176
5864
79810
88839
28022
19661
61171
23325
35448
71303
56025
75799
37519
30799
21361
36731
78611
74450
65839
10359
78454
71097
41099
13162
39584
34127
35900
61084
73445
88341
47121
72990
97708
30954
11506
35770
99886
20987
78615
17613
44909
74372
1103
58153
56800
38432
2811
14382
79429
17213
8498
35102
20046
16492
31873
44134
54478
761
27692
22702
83433
42360
33468
95411
38306
62701
10930
42653
94725
91160
4121
83050
92712
33024
97155
69471
43517
98904
87380
63808
30204
46805
77286
28297
54103
8452
60193
93706
5889
54356
94004
70516
65493
13895
62410
16350
99007
87217
98072
79795
43752
76803
37957
42819
23280
86345
74455
82392
46494
58948
40417
6289
24951
2409
65436
52086
18426
93425
81222
84947
84556
38733
13625
41009
17409
13224
62691
5384
11804
11454
76627
49682
8330
34856
79299
50471
58911
31489
28988
44430
41395
32589
69819
71796
45665
85145
10474
96887
80708
59550
27277
96586
14057
80201
38614
8310
86742
44089
85773
14880
55431
10895
32159
60734
52414
32552
53455
5228
71849
8534
59993
18972
5788
2428
71076
66157
71795
56190
14406
47832
44902
28635
46914
73521
8152
27033
20762
90549
38018
49421
56
36443
89740
6819
97842
99422
93771
59633
71863
31155
49899
26510
60531
17975
42652
50741
68296
84959
17570
39196
79456
80981
52508
48164
290
33489
26989
21512
13792
64212
71512
5605
34053
34267
19927
81024
94003
46654
59884
67299
24936
71363
25515
61584
92201
60296
25743
46669
1555
68156
38037
55412
25300
88674
72802
86073
50559
56509
11157
20372
27482
96512
21622
69853
75726
66080
85779
54888
78336
46114
99241
16080
97181
54967
37948
68086
96838
90770
63344
71507
12974
28084
68111
44296
15757
71035
11472
88054
50662
53645
22598
45825
34530
13768
47567
6333
8942
74128
1436
17962
58359
87075
82199
37176
15465
51181
23502
49816
92216
78697
3828
27413
48262
20605
37960
1309
13197
65355
65758
6754
58106
27167
32424
53737
60093
15276
99755
60804
16046
25958
51069
95973
57229
93140
40499
52805
96592
84828
75088
61401
54505
32307
45369
63460
73152
53252
36954
35443
19939
86248
39992
55624
55061
42841
15452
20537
4753
10781
13010
41082
98668
9590
16184
30116
88704
89932
14024
35228
84330
45400
29122
4359
69442
75958
41230
92789
40719
36351
11577
24488
50454
99544
73091
35630
79898
78200
96299
28993
69374
59914
45294
20397
41793
79996
46357
81303
65725
66113
24507
29211
52656
96450
15029
62355
80611
52005
41645
9745
54255
70588
42544
53678
86280
75491
2942
33703
86620
74132
30216
517
85852
78376
44109
88162
76580
32974
11551
53082
1925
71853
51833
11498
98147
5604
34622
98030
80172
47932
44053
78903
37191
33562
28188
44333
31830
45482
5153
94432
71372
8112
49569
26894
21687
97502
73768
531
75658
66744
5635
11649
46530
68948
98853
3739
57055
10818
99470
11678
92502
14034
68866
13201
56109
27853
9158
43756
93761
73575
99581
69075
6980
16016
81394
74751
55563
31805
70948
84302
55754
8674
80977
25952
90374
17157
85250
81943
28771
82124
70023
36329
32901
80281
27599
38938
27266
99420
50426
55471
55809
50955
58355
54292
50047
16210
35939
12722
30680
65854
68532
29758
40750
62712
48828
58003
88880
36892
71972
57077
62245
72828
22610
89942
96024
2527
64206
51744
33699
17873
45373
43527
43118
41920
60657
45097
81496
84345
96623
77989
521
68245
15468
3456
67474
45832
69924
50678
44461
70773
43775
5200
70336
71378
84442
56893
37892
73606
29551
95332
11799
77859
91648
7755
50842
7344
3773
35827
88418
89746
43104
8068
38932
65481
88005
34759
22091
78432
44443
40076
60024
17245
46123
18307
10382
18287
567
27412
49797
97465
33656
16831
31612
94991
10367
41444
39973
78723
34423
73979
23563
97628
51942
86140
3338
42974
72310
65918
27018
27031
70281
91260
26795
996
66638
93172
74461
53152
92463
92012
44173
57499
46263
55388
36539
55338
89166
37479
60759
72546
99109
57938
24479
60811
86103
40380
95518
94374
32911
38660
53618
95062
56395
37342
79108
36542
83908
99532
30308
15651
24527
37446
46704
23282
84597
936
45609
27854
56506
46688
50780
19090
48946
6217
29058
49222
66010
63379
13834
39172
94747
19915
24913
45457
58641
89062
33161
98965
93579
78076
87505
66503
76237
34255
1300
52417
72183
4913
59314
83480
51203
47320
45026
70365
76721
86903
51820
53255
26087
80635
86313
17148
79478
51186
39066
77514
73285
26677
27387
59810
58146
72483
72304
40366
91340
59395
15321
88121
68842
11498
16054
77162
78181
43063
17651
21568
46743
50744
52903
50492
49049
64252
20106
33596
55692
44458
77871
88927
42206
39881
26396
83286
69760
5786
33486
58760
40004
99068
5908
25910
77458
54323
74919
83835
33718
59583
48176
57843
90804
78824
92533
26415
52446
57590
98990
73169
29560
30213
80721
72114
20830
14372
6518
14713
87156
90333
64503
55017
97234
3924
99505
80985
54067
48500
88502
49961
9524
7978
37071
26335
8151
71044
47641
72093
26958
56617
15469
40916
59026
14164
15308
86523
54266
65982
20711
29276
42983
22158
22087
63814
60818
36668
83972
33787
14303
80862
13606
67539
55322
35544
87455
66171
65598
79724
35325
14106
23266
75009
75693
73908
73486
69164
56566
98880
23466
15668
21837
61455
65334
80807
11271
70455
31527
93252
32320
90203
21450
27486
46077
58811
77614
83284
3728
71315
74481
28225
7711
73197
56743
98087
12716
97346
95272
70514
66371
533
57642
23980
46330
84921
47769
55699
36644
26644
67547
8081
5747
7162
29742
32997
16330
10036
47058
65026
67832
75553
56692
77229
24957
19087
8524
30280
14373
73098
34334
78063
79421
60017
28125
41240
50349
83278
33960
2231
75449
21804
61625
81511
80923
21255
79306
67853
38918
13260
99676
92613
36244
732
37634
71324
40886
93101
75850
99929
88621
93222
58999
76625
73641
62059
76541
4572
64257
48986
18317
65842
84551
83790
27704
1036
38681
88308
77104
76861
6959
89358
69556
64124
47
38965
85116
35364
6164
6618
58752
9977
4526
68357
87165
24613
85302
26661
47123
32608
51908
85812
8689
23645
59002
34966
6830
47404
26801
77370
1006
22663
73213
13734
47352
88647
67762
72581
27713
91283
44002
68301
70812
96903
15661
50862
37609
59505
92648
32937
1102
48004
84980
77361
68334
45833
29046
40048
62284
13382
30521
28737
84245
42600
17099
850
48752
56985
39173
35898
17624
67313
50005
3378
28728
43909
19463
82454
21909
54355
99309
47963
29870
15498
90791
75555
46001
64421
72308
48852
34006
34893
66250
6219
16152
88982
41363
47806
74813
60478
63177
9594
97776
50148
48898
71967
97040
45241
54179
28805
93102
77316
32004
52875
92366
14260
46259
40509
89865
37959
27658
82407
83298
10165
14868
75964
73384
15044
90781
41712
99573
14093
8862
67394
37182
63837
35391
85871
32198
80242
63968
39033
78661
33102
13379
29243
45334
96041
89164
46667
10922
26474
72259
97813
92549
76084
57322
62069
38841
33034
81617
88325
35300
39352
50868
82729
58524
21870
18282
7965
3690
92404
38402
82847
74655
7896
23464
47138
97179
17106
18494
10755
42076
44020
72624
53530
43724
86387
24799
96304
42108
45117
29621
69187
5960
47540
82350
83846
84501
88644
83176
68124
60812
90123
39201
13076
97175
86046
8499
71667
72009
22650
39779
70151
62253
46888
87100
945
26659
36128
97193
98064
17291
95330
7873
51080
42165
48908
52243
96169
99364
97280
15943
85333
75886
60853
94986
76674
20538
41977
23840
85619
58122
27659
31916
96214
18219
61450
20964
64225
2231
14677
32645
11903
14963
61746
21216
22074
33069
98016
26330
9355
38115
91201
48367
60857
16773
20120
2885
13102
745
65476
37179
54022
94966
95634
53935
76126
25750
22353
87020
28203
2745
541
69214
87495
10984
1265
64137
12183
40111
13336
89597
70440
10192
74241
43066
88113
11816
59682
69302
45168
19696
82032
70319
44729
13301
53312
19482
81208
65837
59412
76732
83630
83143
72685
84789
15550
99336
87388
3656
43143
52758
45644
14800
41814
50295
37710
65022
57926
30822
34207
39341
35955
64724
99182
88642
64504
66766
29609
68192
79702
12037
67258
68721
97711
23768
20660
76413
34106
14245
81622
10331
52959
89410
32536
62690
85554
93318
31066
90684
60030
71795
58599
86325
55334
44759
44673
66827
3497
94459
29625
40793
46469
3749
93712
29409
5481
25143
96893
35166
84628
23518
13137
41319
29520
19398
83090
99062
57243
67730
73641
15734
87140
9204
82616
3364
84388
14290
99388
61554
54065
37976
52552
50870
53665
88479
23792
50207
17778
60201
7218
40350
30271
18503
53821
19453
92490
72769
75842
48248
11764
28077
1107
14536
74596
40409
55824
38436
85359
78799
32198
67127
27616
18934
25528
87971
18845
5289
33739
78693
47637
56718
42547
28198
96597
8404
28003
81173
61801
76469
78717
67402
40001
37332
74040
36683
64907
99614
46141
3143
63163
40782
86973
73665
73131
47085
34163
63642
96259
89480
76570
8224
57078
79363
13065
45063
17881
65455
90150
57741
36395
59611
57068
60771
68193
99643
10405
91324
85167
54508
96372
25337
76978
82317
26552
44169
63618
62540
584
15272
89980
93031
97731
83243
58968
58827
63891
80184
13525
10027
30771
4638
2382
70534
4417
32001
62518
76424
42550
45952
72416
63169
3937
47991
52653
39677
83765
79024
1828
99390
75319
3956
59585
40372
24518
75051
47426
69329
59436
30371
22977
98732
46098
17652
60231
76804
99417
44026
26409
95923
44382
96431
32687
52179
81648
88833
89000
44823
66679
62728
88060
54903
88101
82327
68365
45246
11546
47998
46602
97186
74141
6445
32172
13975
5373
68446
56385
87441
92047
34932
89359
53984
38257
2329
2239
65576
14351
24013
60074
20422
99327
18291
51454
58757
49492
68604
5029
11529
15260
46998
80423
17434
23766
34936
97059
48232
44821
28474
2454
90611
42061
40925
38342
83119
20101
69770
37657
74726
49136
11123
50531
69198
23318
51934
86742
81553
63914
25524
61077
6666
48524
60655
59848
94523
31889
31145
26609
57581
58384
10145
85365
89378
40293
85614
48798
44437
24287
34456
85512
36699
99974
30014
43495
34223
87210
16800
23797
29560
91652
81637
28942
45605
46566
78612
57996
17240
41350
34942
3200
23343
98787
13947
7963
96659
57733
9259
28382
14115
23211
2903
13302
86850
54069
97036
47790
50584
52722
67973
65366
72745
39131
31923
86639
5712
13375
61542
79758
89944
77058
96600
29764
52299
37711
43512
16087
44379
33185
42883
79389
89464
74518
15026
70999
65179
58215
99926
67301
67832
19682
79236
20182
69405
13663
97704
38113
16323
23940
21256
7141
95199
73183
86527
49989
70273
83573
44102
39951
81676
95935
1378
40546
15156
4425
85733
4267
55208
79068
62581
36410
6794
29651
35440
37220
14439
76359
33515
72068
78883
35601
16800
14203
85883
93472
67171
83715
58580
4706
3929
16232
87676
15210
4131
68148
81907
88307
58992
32186
88557
59833
81801
76119
5128
86892
47512
44752
55034
31020
52728
57374
94059
94866
87695
16980
96940
8402
3974
21352
32279
51148
30200
74464
30204
48576
37222
75201
79706
51310
55291
94767
94521
33810
50004
7589
99761
48513
13547
86114
49579
86971
53756
22478
66797
50709
80076
47975
90854
65485
37661
49974
77115
6955
17874
57351
87260
56837
70716
39474
2466
91935
90309
59137
28546
41132
47277
68506
14657
10332
28203
23753
66274
56159
29246
84335
42089
20615
47955
93549
85401
49177
89437
83106
72307
9801
3568
60807
64870
49935
84784
20936
12950
39130
33666
88242
25572
41417
46321
26916
15589
76427
34344
86736
82548
3325
62340
59985
39560
51817
33283
45989
3253
47384
44232
75531
56170
15062
88892
56640
12724
22870
50904
47885
76764
85755
26776
91156
92205
70032
10015
93452
9149
81098
20741
66338
3456
16730
69970
41672
17903
75026
29334
78590
5984
72598
81644
65682
86687
58416
2999
34011
88618
10682
32535
15143
93618
46456
20092
56489
33849
25276
29246
52051
36457
80294
5090
42425
80518
74628
39194
82850
83709
712
49492
89582
3518
1863
87969
74064
62414
5208
51207
57919
98452
8409
57295
76767
61551
38346
34500
46174
94574
23604
11528
18397
98958
18782
15451
49659
76337
22767
69053
1179
45754
85103
37049
3782
59879
82943
65706
77372
82484
36602
83491
93333
68596
30389
61689
57517
67420
80725
76418
39086
3004
81943
56140
9939
98044
85473
42126
18734
39655
57859
20147
52286
9473
37082
84679
75788
67671
56931
96077
81053
90280
36445
40427
28109
27395
27350
53027
68076
32441
92300
72076
5620
44819
51232
8469
46023
66275
72878
53277
80938
45364
69360
83629
21986
23290
96935
97490
13518
89942
60939
39753
17103
83257
36317
74704
23651
79616
68650
87958
55391
85427
12468
98885
93397
34587
14494
7932
126
54244
67688
66910
59294
15749
41990
99501
84328
98982
88968
63651
64945
18379
91049
6751
21643
45343
16344
78790
63479
14430
45455
54600
2991
47514
88497
64040
35897
29902
10084
45523
27462
74581
39057
39682
46486
58013
58409
36491
757
1460
46074
20998
46296
86113
15551
41668
20699
10413
59037
98342
21999
54652
55467
70700
97373
49823
21343
14491
51299
5212
73753
68853
23344
13955
79441
19805
57712
84935
92027
57836
54754
8588
78068
37953
57938
11068
96060
17103
62937
70604
56766
35509
24083
58905
44374
88713
33213
39955
68981
45893
41751
63757
11131
59937
42154
91783
57820
65650
22510
31691
11759
50457
23281
84367
52873
41980
85801
55795
42166
96692
15375
36387
71708
56704
23138
20933
17239
9997
2534
13519
56219
97643
85024
99549
37309
87198
91514
17958
13610
85445
26232
86060
56327
88547
75741
7629
14008
98107
98909
32534
43223
83938
7484
58165
71758
54612
64650
29505
54471
34694
33117
3232
40768
77077
79119
57669
78772
50874
26447
30755
30214
78211
72600
28073
96166
3610
35560
53343
48381
92573
8075
2752
84414
3891
39776
5808
79506
73681
49424
36343
45619
423
12604
58335
61042
36360
61848
55830
58221
29461
89191
6702
62414
65313
79414
60472
94461
4199
34799
56861
49241
24764
66781
93246
94025
285
59398
66876
5813
43440
39966
29594
89412
99480
71901
18810
35043
27670
79981
85370
64971
28442
90930
22155
48695
15246
5888
34438
90077
81423
98522
48641
55873
28499
31280
66058
20193
63411
96820
39659
26350
35133
53000
81148
526
91060
86942
59481
23554
19439
70102
77397
10719
65701
69174
11057
15405
38090
5369
48032
83349
41020
62204
30002
3539
4801
40784
24436
42487
30831
76843
55055
42938
90865
37048
85877
84234
32510
88578
47330
34714
23005
43373
37649
3726
8939
41558
60831
68698
9437
86802
99144
49858
46080
76320
88864
29422
60606
1400
89264
29835
53142
4606
90399
91208
81484
2818
29853
46266
7046
7477
73644
26028
7626
53746
47509
69039
10484
70695
30560
23436
13543
26029
24549
37597
65028
6880
59106
44569
12756
16094
69129
41021
16253
28235
24459
74671
74269
76629
34482
58338
88489
44993
36202
86458
66038
31028
3816
42763
86106
87720
90757
77482
58563
91250
63086
27956
81327
74453
5949
82092
41467
29201
7098
14388
72493
78453
51338
39784
92772
2213
39208
4712
37135
87061
72408
90048
59684
20074
83343
52349
9369
65685
66504
19750
64613
12998
6591
56209
42254
35354
20952
21634
28009
36338
60714
19753
75206
3868
34159
31114
21142
53829
10283
88060
41990
85449
35484
15962
82773
72449
42123
86499
46853
41
56043
25215
54656
53888
8679
73989
61295
4481
64550
15813
69874
41467
48490
21020
82280
35009
47589
6030
16485
90977
41394
25717
57136
46396
57208
14994
81402
26450
9727
27805
25574
71160
48537
32783
35906
77308
10699
84286
11770
60994
21027
33336
26020
83746
81058
20318
2499
82427
16947
26076
66850
2213
74980
52930
90450
67443
71565
14259
43247
7821
23393
32099
48939
80913
3991
27148
54570
20551
57083
85216
24112
59469
96036
99570
62354
52710
49584
35215
76161
64983
10047
72337
54738
30647
97021
34855
24133
24967
85060
96880
78297
14581
41506
29203
68074
21808
81332
6743
36436
70141
16290
41281
30629
27830
81009
44203
16197
44403
47260
82240
94080
38969
10380
82926
57257
34771
38587
82911
66788
66681
75425
15502
5754
2964
24407
86
5042
97605
98474
96718
9070
11383
27238
68682
29289
48153
39451
87550
22086
77241
73878
96892
35457
51611
41102
18184
70626
41324
89104
75003
90656
32139
49252
82925
96129
98293
78084
86580
54520
15882
73488
91555
69292
62430
93029
58737
52453
70263
30454
61243
62862
44236
40517
21402
44379
57600
79469
24864
60810
47726
80659
48329
50706
77960
58984
26471
6843
64712
12567
88098
25500
87707
20315
64218
37057
35482
23605
39269
69698
61977
93428
59369
42283
90063
93280
14083
5253
71329
5515
50510
21474
1811
36586
12893
94696
68128
79054
86189
31465
20125
32254
58626
29120
91448
28384
53623
74821
82218
7300
62675
35378
21904
54252
89831
14098
6083
50916
30148
67364
23035
86773
55367
97138
46755
19496
53669
67325
47791
64029
57830
6128
69591
14045
69937
41853
19612
89463
71304
33372
47119
34246
31726
2712
85946
53057
19364
93715
21939
59768
24876
16849
62139
31762
89570
42845
91343
72565
7320
29238
62205
95806
24122
73066
98155
35950
82799
25197
93072
87224
65051
1464
35885
99999
25258
80798
72604
80367
31884
81337
58208
22532
40513
50287
95657
60458
22215
12405
96437
13176
51535
86537
84328
35998
57931
57407
7884
71787
81126
21937
53372
42162
51173
66616
94313
53390
22215
894
29460
46184
87272
64040
6019
63814
38746
157
77735
78411
35956
53002
42627
18152
42937
68907
26224
42594
55665
83715
44284
22519
38651
48385
78383
53719
69418
94885
97479
71197
92394
1501
42479
56565
28790
25970
71872
91935
56523
87453
85736
14631
56467
53866
93000
60860
16231
53033
26690
80699
48616
79407
17680
39935
49799
68181
1572
77635
42492
63993
21131
81504
63649
94315
13040
67417
56306
22692
70169
41603
2449
52043
70614
81202
90559
52964
96021
74928
53933
12370
46272
16696
4092
45700
80436
36961
91007
87040
6199
6038
21593
95875
24908
44583
73642
23613
63034
61804
12729
3280
8651
63609
67382
66482
49929
34480
88191
44920
55237
34707
58688
9657
30135
16027
52180
97376
15142
27025
46840
46068
96511
20272
84432
84815
29173
76725
99997
18225
72146
97924
79612
27603
19478
38529
25834
77304
94539
28999
78471
73551
85617
3019
88669
51047
78655
59635
32980
42081
65332
92444
61564
26764
26448
15043
57314
94608
38291
93485
73113
73252
25507
99511
87354
79173
5779
14416
86583
5448
8728
39163
41180
80283
22771
58943
74633
54723
91886
75729
26744
42289
4221
11658
81748
45410
25824
61747
47328
46597
11595
50549
1217
4101
81513
54392
68354
37998
53971
26355
5742
21558
21210
34532
46041
42211
45621
86952
10556
77763
46836
97412
50980
66404
54524
877
96283
38291
69911
83334
89137
98711
5049
16564
57753
51580
45779
35561
7223
45888
85607
60611
25882
95027
44676
84058
41114
23044
37255
79359
8921
78876
50459
83925
51617
79312
95748
37459
13507
6597
71956
14457
1261
2086
97939
64623
84233
1385
13318
90974
10506
80780
81911
60611
8061
42687
96752
11427
19959
60797
54135
93105
64590
41003
24328
47499
80941
63147
95340
77494
69766
87318
61984
63217
13343
16518
89748
39720
24349
7169
15773
26048
81161
67217
68096
24125
97361
38100
83849
35363
64441
85522
62490
57430
13018
86271
44419
5806
39690
99080
72371
8342
2682
43154
78506
47911
78138
32201
50183
7857
37602
45341
14770
27204
81124
42858
70156
19105
31016
81361
95447
27458
18037
31843
83394
51142
71290
43655
67872
54987
48469
25410
75820
34845
52504
91624
89194
8821
27977
87887
87876
55098
28016
86274
51965
86400
58991
15605
77509
84601
89572
23738
14406
40189
5735
94846
27679
10148
69481
10329
67230
24579
80600
65328
82306
48172
12476
26214
22905
49605
80000
32428
51004
32613
10629
9435
89137
61336
72362
64819
70634
83886
4542
65816
86422
36433
88085
29995
30980
63590
27211
27997
48618
8144
3567
57240
75954
63593
37911
6294
13759
244
18797
56238
38428
96298
7005
51481
71717
79740
87990
94472
60473
9947
5126
32844
14253
93488
32471
46133
22433
39160
2148
47176
9022
26417
53092
41038
28260
95700
83467
90678
15887
79261
29432
44919
44920
37798
86291
9969
77309
95223
24692
777
77097
21146
30909
31532
79495
35514
7911
11785
43393
79215
1580
74319
25806
30219
93014
87674
44504
38393
76062
91715
95045
5406
86069
85927
61005
17493
15702
18734
4387
88218
93478
46545
39464
75446
40244
31357
21244
56857
30576
4018
12107
49082
92531
90868
87883
13454
84019
56227
39129
13543
23554
17422
11338
74754
94436
85838
38235
12225
19749
13719
97356
98612
57727
58051
13968
9715
56075
89726
39097
79263
56645
50057
19103
54514
74970
36223
11167
95111
37709
34352
59986
91225
46862
47441
73085
91497
68562
80345
38109
80750
28344
41698
88165
38233
24973
66212
31820
25324
49841
14517
67995
5295
3868
9319
30530
85583
93153
41349
10795
13072
24637
51642
28614
20365
53642
4221
58011
81679
38207
67203
49632
64913
97229
71165
34202
44896
12473
68237
48706
52318
65081
40230
22591
92737
21477
41610
88501
4241
93937
64803
657
82828
16205
73816
90278
83876
94553
74958
7734
18161
75863
89830
16574
5733
32229
33184
83844
44275
1065
23579
34302
62612
13350
40817
26792
87714
5914
27816
47069
20628
31609
10690
98487
4417
56551
62283
9358
59205
62506
78895
69098
63170
5722
87416
86339
76734
48433
42319
96412
63120
8921
75151
58763
90047
70187
6669
93274
90642
74094
73403
13479
40507
99177
1533
2975
72971
29949
53263
29698
78220
64064
2841
43089
44942
38035
96200
33788
48110
28374
55630
9814
96002
84086
19142
91640
4389
66286
8880
70427
54342
89877
47799
41958
38034
34238
18308
98105
49958
88893
32697
57455
17445
5989
1865
58194
87297
29944
13219
67690
66557
69579
94578
7666
4147
70064
38458
22144
30171
22728
11245
41822
2039
45234
31846
67597
90890
29017
21689
91414
19323
49624
67386
72271
44779
8290
56812
16454
27320
61317
41556
27658
71849
79200
68397
75740
90619
44700
12311
48666
89478
37783
84075
31087
87826
79465
36683
92782
28130
45706
39399
45455
10546
37052
12970
30255
14809
24022
33774
31598
31154
47297
28904
11944
39672
43678
72547
24555
40350
83350
81635
81786
38065
67705
48603
44170
37552
34120
34249
48448
90592
77108
19243
54885
73073
13701
91772
74059
19501
86995
6862
68341
30458
5509
2986
78154
90634
35456
41061
68383
3063
16488
46286
90206
33250
22558
28256
29798
23813
11505
71526
28582
99939
96256
94242
65031
2201
62225
64874
58862
93662
3491
27950
32720
62559
58373
57839
21247
9355
14550
30794
41061
82357
23009
9114
76392
768
39092
14321
68902
69260
15425
48984
981
78381
23871
52910
13813
92436
15187
58450
80147
43665
33369
98821
8513
92411
73367
11663
51713
69126
5624
5059
27646
59729
73366
33812
38039
41300
65778
71807
90029
35825
44988
51371
45048
74396
71201
14235
81019
9176
62180
10671
31192
65567
68781
65328
60454
98441
80459
36513
37342
58606
29056
66201
27908
66937
601
70187
63060
48773
12940
31036
51909
57196
61796
76566
24173
86088
3130
24961
37606
73851
74893
86119
77354
3566
98259
59150
23419
75615
64103
77499
75686
83546
45065
19218
28544
77425
52857
27927
39407
28370
10105
57270
4519
76924
3057
18129
93203
56114
6812
14043
71191
40919
74637
59816
84621
26161
53396
30296
53855
6304
39690
77541
11581
60797
991
65813
12540
94962
86511
15970
79207
31126
3765
20306
86355
12072
96300
49369
18814
77333
82259
5317
63381
72011
48380
56228
49356
73301
44207
91991
61928
92597
23646
11933
96159
56182
76438
85252
79956
59678
85842
79492
80861
7549
64185
47153
69556
33814
41392
47441
19721
82258
145
81479
47834
18691
88212
67276
57048
27503
78776
48000
35629
33376
50105
86879
10300
59259
65625
17672
6041
31586
1515
19478
61962
39704
76705
38151
74690
17985
66765
91447
40634
57126
46877
7865
52199
37299
93550
89716
61730
4580
63851
34476
97348
30191
69866
21097
24011
33912
12841
88223
50594
98082
11623
50802
94244
32816
33120
77375
36446
31847
55748
96268
34524
42646
2013
3683
13093
67664
6055
49285
77318
53847
20362
41999
55787
75527
74322
18313
37683
75703
97199
28193
99469
29431
45231
1630
53362
40369
77431
1017
10987
21442
26806
6896
43380
95287
51794
2665
84650
76197
52426
3472
63395
71270
2087
12120
64662
7944
32563
86485
77334
99772
59983
66053
2345
93866
3135
76166
3479
72856
47680
22761
10693
40534
15847
99983
50976
94205
76592
2576
30607
9272
79314
15978
48217
86157
61319
55911
15439
15633
10130
86939
78689
71200
51041
97052
79335
24540
14718
46562
70790
79100
34013
36466
61284
63663
33469
65520
27051
99490
56897
67075
17173
96298
26597
81665
24038
84361
14423
67694
17237
81840
46403
56242
67615
72126
62210
65851
47291
82536
5656
60696
29843
93588
1893
47627
40440
28047
67590
1458
13775
60816
63060
30689
71555
80202
4589
23822
17562
8080
8076
4550
40294
44108
72339
34181
58729
32071
57657
87780
28158
61445
762
59081
46281
19860
86334
59194
62028
9463
59227
78757
70879
56036
71456
68785
75475
14614
44739
68445
79525
40799
7265
45849
77167
14140
18909
56515
27165
99151
8893
95280
97521
64821
12043
50975
42912
7697
71058
61076
34762
31111
43384
52162
66590
14146
677
1053
62648
68993
5846
57639
50843
91420
46542
84420
10232
37244
72022
22681
30477
82202
86748
50264
51514
66577
59750
96928
29055
22920
49899
94864
98000
9047
92999
35430
81379
47956
63675
21068
81815
3048
44329
83164
74484
94763
66236
68639
68240
51208
31010
57189
85430
51097
71119
528
41200
31499
69621
8167
10091
58136
97013
10620
73867
36201
2194
10808
40933
30038
99201
71545
68486
11672
24871
20030
8030
96797
66208
67262
8957
45768
31800
62843
70346
36251
77254
56716
88352
78710
57184
32561
38378
44026
99855
14857
95812
8870
62928
92535
25965
71769
34660
57017
47027
49719
81076
9379
1015
28393
958
58359
76398
87938
81890
94399
66763
77688
18234
64903
59685
30666
25746
78215
97905
33250
93521
22568
59765
18507
40878
86980
85784
16641
21040
79343
29108
77213
82326
3226
38677
80389
83168
8234
55714
70389
84867
71386
44663
13572
53745
56885
82545
98501
94944
9768
97530
77376
87646
36572
49402
54203
77063
30049
23454
89315
40272
64231
22237
83230
93542
85186
72604
92591
5622
66155
8143
15394
22758
46406
97513
39303
72121
44535
93166
91016
86322
56117
41809
74112
66246
6801
224
94215
51672
39986
61689
14225
36949
13476
65708
57841
49957
87494
31395
35423
54490
66666
89216
41058
21537
18748
88736
38346
90187
3686
93791
44829
80553
26209
18646
15437
55418
87148
71306
40664
76583
12684
97812
55053
28974
28518
93454
10854
20263
59147
21486
53091
14452
23519
53862
60103
31920
59544
83436
66115
12721
94569
25376
17214
12647
44850
7748
85815
72393
50777
41829
9708
76540
70040
36951
62688
2730
88025
60289
44850
63484
7425
94684
24214
74799
6818
70873
92495
12997
71338
23440
18112
42960
11225
71103
31921
90527
53291
20301
46135
76509
12477
80411
21498
45953
33768
50464
10457
40414
76666
3507
46602
70308
63172
73077
59949
61895
92241
93241
51367
55665
60273
177
19242
23374
73944
23936
88970
28891
7293
64608
40000
49862
3190
80059
33413
64899
13290
89191
2352
98774
93842
94628
79711
33388
15793
39745
67518
58891
7388
73739
41990
96305
78644
35780
98948
47678
87582
43785
74614
73099
7548
38555
23951
90697
2504
51654
10034
22086
27361
72154
15934
95598
33658
644
49722
83480
83142
17997
90014
91913
47688
98361
42841
89928
8297
79532
41964
4128
29145
75107
90394
51295
19236
16698
61869
26291
62632
52605
39374
32621
34599
73130
74068
84814
37715
46705
40457
43846
5380
38405
97910
57803
82524
59991
39
90300
69306
98046
12095
98586
72337
50922
21079
56838
75174
35248
42058
33599
76665
43897
66449
7513
12293
29982
45064
65891
69665
75370
80241
71833
18309
10983
78195
80386
14705
75881
51514
82270
29121
70609
95542
41523
74746
24289
52560
50213
77503
69160
34529
29991
80804
74275
46683
23928
65180
6773
70925
61429
69532
79808
91664
30201
18203
70461
20734
17054
15301
29604
97590
10646
25264
88585
71322
9857
68425
47477
88150
46044
56822
17477
55163
31948
79716
76820
92138
24050
18420
16843
24087
92438
93371
73043
14851
67885
63211
72647
20820
26952
69237
94907
73549
75572
95551
93875
91685
39537
75756
75171
30356
28676
59254
96282
35682
75509
33961
7144
14674
35621
36158
92139
68027
66652
92301
5072
78585
89879
27657
72593
29918
76408
53140
9264
7610
21045
58120
77384
38549
9115
66431
13320
49824
13893
8080
97060
33098
85251
98595
91486
71713
21612
69286
31179
3158
52477
13630
48187
40451
36739
82054
85834
8627
52226
6316
47930
32644
64145
33810
63140
98307
36369
48539
14533
61770
30291
67147
72696
31577
5467
16281
35443
78658
38114
86108
13561
46409
74857
86482
49204
56617
85070
9220
8293
89093
5085
69746
37427
46638
75029
94650
2779
68022
92332
81937
72332
43929
94367
50301
62474
51822
5455
33587
29895
81687
94665
271
91158
91569
26760
86997
83754
62947
58849
67384
84696
67764
48976
54593
37355
88483
99473
29741
16163
76898
39248
86742
60971
20479
1241
2908
82163
86353
83972
71502
82817
78559
87137
60274
99912
5066
26261
71234
49882
42673
20478
69466
10829
84922
24399
49337
66530
26480
69259
72360
69788
51678
93641
80013
44855
86003
29594
41488
57587
41987
89857
46267
1816
45765
65782
29424
86583
30040
96151
89784
75066
10604
59103
86457
54404
3523
18492
53847
49077
49814
43560
50552
63807
1604
48149
54681
88144
80278
12471
47316
85559
31531
51440
69981
84678
68520
23113
24658
17428
37570
8326
2894
24191
75555
164
71175
40491
44204
5973
27128
1679
39210
47554
96369
94366
2014
59689
41500
73591
34169
60593
4899
71925
26002
90308
51859
99138
94591
5587
14631
36099
21673
4696
96310
83471
53639
13308
3762
15645
76562
2125
47344
91076
77119
9530
63923
59576
85714
90716
17576
3880
41041
27448
35319
78910
92803
70497
34345
38376
72121
17910
29578
17366
93031
27367
76403
18739
88736
24887
96699
10644
42547
26651
94655
50685
6201
21923
99238
81497
12567
24722
67182
4235
71264
9378
63992
30489
6625
4245
74403
24193
84841
71185
21713
2727
86207
29300
81752
86249
64122
85216
11741
22652
32847
42194
98284
9770
83439
85431
71982
63495
60810
72513
26511
54283
74036
35285
72328
26256
15771
9749
2017
52520
76923
55920
13203
62921
11699
69577
94152
56905
24502
17173
47065
55704
59453
94621
14862
52822
9227
59879
32381
44176
49237
11445
35526
97971
12573
95391
40787
83114
16662
65592
86332
8910
44218
48179
475
38556
11414
46562
54783
51582
94496
22632
70895
27284
47091
74339
33065
32218
21454
12494
79587
79726
96996
31799
89529
8403
84019
27916
74102
90152
46525
73947
2073
66529
63925
37699
3140
41466
68909
33138
99330
75606
54447
11945
67512
5614
86942
88772
72168
15468
48547
13227
9779
37277
36504
11537
5312
51389
17509
56537
65876
5297
35584
29036
56665
34422
83790
47654
84775
72609
16840
23003
83762
9740
85143
85665
27259
47903
5045
18645
4215
68537
20762
9653
44982
35305
13550
52704
17800
65750
50091
80647
41311
84346
61256
18090
35475
55095
18836
66452
38782
6511
40782
95087
89564
29307
10564
84019
82734
91407
88552
95296
71078
71074
1247
45379
23002
67817
23248
18728
12151
4296
27698
12954
75622
99604
48488
35665
49463
34292
67793
22002
4911
35972
65961
29325
81529
54237
13816
50070
8448
99368
28261
918
8374
4812
84336
4628
17050
152
92757
193
22672
54072
75502
5743
54591
65414
43476
99824
15874
73649
55266
42044
15723
96290
63810
92407
60758
10703
79714
39193
33462
54394
29924
88153
26464
96937
66112
79252
8873
32092
51357
77692
40585
38477
75184
78363
88279
47376
59231
68843
48649
86086
30983
88748
3077
38926
98239
33966
7732
70029
75019
192
34249
66693
64205
13864
33337
94132
4445
59071
56618
95369
86010
55602
81840
13558
67687
96042
31502
97326
46691
91120
34133
53974
23604
53144
78919
21940
99617
93752
88624
85172
31339
53378
36187
45776
31496
4353
98188
6855
53631
47208
41870
67005
98731
16353
3268
39106
41980
53791
70378
94345
41110
50170
76574
36327
14064
57660
27525
32903
26631
1354
94806
6004
82286
98435
20333
441
10926
35681
79648
39876
25371
92696
10511
71806
66860
32372
94386
82551
96631
48723
44898
78314
9220
52518
27638
5258
11051
23851
29911
56160
82632
7029
37564
93245
33549
72181
21433
49816
3604
99615
92552
11288
53021
66105
51020
55939
11692
29712
78650
3747
43884
43773
85033
80858
288
84722
5586
20572
73491
38803
39144
17062
83757
76418
48279
22302
72443
38197
442
98054
36355
61484
18469
43496
88752
18177
4447
14592
94319
67377
60173
21923
97426
77892
75308
68479
48181
19352
62610
78841
4595
83704
86665
89907
78535
39684
32087
1877
2630
13537
1324
96902
37229
87893
98044
58214
47392
59406
68235
21594
2894
94474
17179
1345
94633
52283
46395
7543
39977
14362
1022
65427
24724
42946
79376
4267
47146
98711
81073
42943
70556
20955
30240
88709
37260
97749
9855
7611
34058
61503
42101
45823
92084
85256
37198
23681
87171
17854
69387
18929
6198
49063
13945
26141
30880
5054
11142
5719
45688
54378
44862
98031
4436
52511
72189
66674
83498
70298
29979
9323
59834
81178
76917
84522
78334
76715
67474
75951
30417
56880
53344
66953
78392
96528
8929
71206
82478
46229
57383
87338
88905
70354
86052
65350
97798
50253
84512
56743
22724
45006
12590
24661
35566
27057
22222
6856
90162
7736
20093
1518
73533
28002
87374
3542
35749
15930
45689
15964
23379
687
11653
61285
69674
70034
38544
12489
77444
70201
67504
62662
28849
13106
90538
9966
35828
95326
13810
35012
48107
59573
22518
37548
84824
1702
23570
66909
31876
7525
14813
77431
3855
58463
44107
39309
50723
39009
62445
96683
30601
55080
10456
20474
58407
62204
68982
77743
98734
16045
32236
73352
94523
18050
51817
32062
19406
77322
33391
74800
79077
69678
68758
6799
86886
86171
4932
62448
35775
20152
42103
94859
87579
28049
37702
57936
62642
62816
31331
83313
13498
72119
85719
17246
31104
78895
8224
97955
45500
26197
24165
89011
61680
81601
16562
29008
35916
66401
14573
97391
59567
61755
63965
37829
18226
68454
40678
78730
30192
42912
80246
43689
38597
46913
90464
65399
6095
37009
42839
23047
70461
1667
62166
44992
50833
55726
66833
19577
22702
63655
85558
90599
56863
23666
29055
75641
41720
40748
10902
45787
64030
56413
13950
38116
79077
22550
9705
62829
69999
58669
17269
82630
91902
45888
40878
34342
23328
4220
82964
78372
60882
78839
55761
84841
14493
73783
2484
11096
68094
27977
31516
58442
72659
12432
72717
79685
8791
15840
23262
11324
64285
52685
8920
66182
83142
45265
23136
60728
80268
9284
37332
82575
46611
61541
45194
4979
14928
18907
48427
36579
24055
27169
26115
380
34732
78237
3826
62911
88239
60714
32995
57768
38881
60805
11211
45754
17075
1734
29053
94456
56720
48701
87509
87297
13483
23126
19860
53624
35335
61231
18201
69489
37384
21013
6608
23771
62987
65769
58091
96775
5708
81463
41704
30918
64217
67972
26544
8218
87326
18553
6633
44609
83378
76510
69425
17832
37949
22599
17966
35457
90209
2044
83171
54671
19928
67605
20726
12730
33683
83076
12952
13856
11684
24640
47799
1612
53906
78842
38001
63137
43733
10469
11260
50622
32310
53994
9192
18653
46168
9520
92712
33431
71308
19028
25623
20052
48831
32348
15779
17211
6684
83054
95721
54655
24827
90034
31032
27698
13236
4460
9066
12854
90978
99320
64259
23854
94848
28876
30226
68455
75726
91030
56159
92476
18181
63693
17965
35527
37237
54205
18997
48362
28935
31294
43055
61680
96839
34658
22172
19293
64834
97696
15404
27675
21687
43323
51999
38308
63528
46467
15907
30917
33917
48360
18136
80935
80083
76610
48789
88025
89961
95748
73976
15624
62524
60610
9117
60436
80828
68613
97711
7582
58916
43698
54201
18149
72671
35873
75982
85549
93820
87715
45536
73
78424
90406
19867
38124
23091
22247
80246
8272
56075
11793
10931
74
94061
85825
16519
66210
52999
67310
29936
15058
41662
76892
13339
27695
7918
45424
917
98271
16351
28659
66612
44095
89415
13262
39302
97086
92342
16567
56049
58827
1349
10264
46985
62357
95512
88942
64527
68252
37506
87526
59971
84449
98440
92969
74648
66311
16443
99834
59039
43519
1109
95968
61900
88466
59240
37626
71279
30965
8822
4539
27752
67717
67789
26692
1786
32783
60946
10826
71186
22666
40050
31661
94697
11018
93742
22300
29927
90314
63697
88192
64050
42549
93277
71035
9383
51481
21290
179
95880
25998
76713
894
33378
81912
97632
6571
85551
87959
95025
76458
19520
15538
34397
76888
43167
4660
6297
64670
19897
11435
18319
12862
20049
27051
96028
15198
28630
629
93210
45239
4646
93613
56144
45819
3987
49256
96242
29690
50328
47292
59872
95520
25014
72270
25587
58398
75573
20970
46947
91543
1235
60821
18484
8522
26475
5358
3197
30159
14488
68286
3867
61401
62633
61308
30921
68197
92368
95003
97578
21997
97241
28285
97779
67161
49266
36292
2902
74055
7183
6143
54045
27288
14292
73876
87437
6170
97806
33736
69935
3458
3723
81974
71068
52162
8772
13332
48666
21644
65549
31097
9912
51824
7925
12284
54537
90245
61788
43863
47411
11958
15914
75340
818
89588
8947
84485
25119
52055
68390
99151
44889
2043
21600
49833
22419
91224
24207
16939
11266
42872
1037
61910
33617
30743
12822
55746
26982
79955
97706
78434
24725
58657
87844
68873
97552
86946
46441
5184
62963
8626
72913
1683
14084
38623
74816
71621
1836
6747
56553
26255
95833
40019
10526
17659
19333
8607
1953
57314
29103
32288
98628
33183
95022
29036
77247
71199
95
75137
89479
45715
34523
24293
88931
60973
32381
78232
36131
12665
59909
91330
92583
25579
81959
46256
40532
2726
87604
15851
48175
45484
49720
93547
71045
2607
15079
4712
83266
30796
38915
95296
89253
4600
78481
55350
24227
399
37573
58980
23126
11060
6268
50801
6447
99014
92934
59030
81865
72895
22522
91710
53242
62485
86443
55331
56488
30916
43488
74669
31639
78665
50403
33818
20927
50761
17231
273
23646
61048
7840
57850
40180
98688
28331
15862
1143
84289
214
8992
17419
93784
7941
32546
40174
11053
8747
80600
5365
33147
17687
38898
46215
68728
58904
6237
13287
46820
70723
4280
70077
40718
49847
89937
16257
48282
60532
20261
62458
94034
93099
4144
50248
76884
5577
54403
75615
64536
10459
35145
3257
63109
7625
82214
1080
16811
57156
17662
41317
63903
30060
9289
71325
25984
68728
60682
32650
51517
33901
45426
39879
99277
3911
55928
9175
91276
90456
50257
98168
95728
85871
25086
97075
59098
85011
20228
480
4514
54609
48308
5564
64698
18110
43468
8024
42070
89198
64838
95438
31719
35527
91724
30048
20399
54974
13701
68476
15656
42687
95763
50403
84979
11047
87368
44827
27799
55457
41602
22979
89647
32793
91078
12552
39603
25814
75255
15104
43810
40618
26369
82102
97842
17304
27319
84277
4078
36792
89127
89395
55644
89922
69604
20666
19316
39673
67596
59002
77047
85026
4059
21496
81779
75048
11953
26573
73442
41254
2461
29194
40864
1386
30018
1288
26924
41740
50822
24566
84970
67036
83649
89073
6282
19768
13543
33009
67659
97291
49055
90231
63225
72570
35115
68293
65568
72570
38206
21774
23540
16125
45893
42814
67084
22934
17985
77362
94533
83356
31292
1599
10183
27632
12987
19661
71221
60484
52185
74734
17761
75431
12144
15713
47332
60307
38222
17377
23610
29389
55140
98017
66653
84205
18817
77797
58356
24686
16161
72084
34311
63069
59532
58161
75195
1975
38158
7869
38061
17881
35578
43138
220
10831
26918
84734
82976
96282
92554
12773
53276
32362
59532
71568
799
405
35630
99755
4193
5825
32803
94892
99715
55323
58415
14694
32344
58208
52885
3941
22461
52863
79758
47703
62724
73322
16655
63746
23872
26434
61655
26584
21492
87352
48305
11075
34425
1508
10998
49132
49878
50344
72501
86045
83089
4125
58318
30910
48173
32817
11885
20362
83893
20884
29470
34926
54923
75129
11753
19794
40219
24181
27476
44798
7328
54781
2515
81454
40850
84538
94527
12496
85014
13867
86963
20402
45370
40868
6012
94029
23583
12511
49116
84607
432
24980
27612
59992
91837
81757
32973
34189
1547
61083
89866
22412
48074
74057
18251
50666
59643
64123
37947
59450
59351
92571
97120
25050
27859
34990
98466
68087
19693
41454
71798
68194
19333
22685
90361
21309
74060
35325
28253
3834
90701
90343
16154
62438
42664
98
85723
83847
10298
57100
17069
85188
95958
88483
90778
81879
22353
63823
60908
29432
37791
9253
46994
9813
67058
31851
83425
78175
23372
66270
23833
5164
83030
23725
92998
49403
94782
4696
97749
49061
49941
28045
16159
17861
63024
8838
62592
41040
61236
70404
73286
98315
87852
67446
47212
13702
89554
86772
75163
53089
4179
23942
44550
17669
66838
79719
14789
48502
56077
78145
1944
17345
74098
9827
74263
94828
17897
92862
34176
1713
3942
5523
19922
19422
89094
48705
42367
28019
52696
25083
39715
46747
13913
32641
37311
74234
93281
38775
25334
60971
29000
48208
50721
55896
58166
67380
48623
68132
40369
9264
79874
41189
79073
31008
36485
50748
42754
69099
87512
14905
76101
53342
74421
83552
85676
80188
94345
99336
60739
26098
84401
3964
99059
63628
22442
49645
74189
62116
61061
35553
50835
42552
77325
41342
74038
43643
99126
3483
24689
66624
13494
95655
40206
23387
76245
60435
54319
4374
51999
92354
11362
53654
58311
91180
7618
21145
33119
8215
68616
33109
59675
87227
91585
1250
51717
52786
84021
71382
82711
6125
82570
43475
57224
65274
31691
25323
36280
48529
92513
91712
56611
66385
99842
50717
15414
80183
34886
45492
7053
84961
79584
77747
9379
96855
70014
273
19240
49625
7456
31844
87956
48318
59351
15960
35731
12311
7392
54625
88763
24947
56154
51250
85159
92957
34031
98297
20890
18103
30196
50276
57722
35428
86625
1600
74722
97914
44789
72262
67346
87071
16582
19412
37619
58036
68420
1603
6573
63742
77851
35033
35272
38752
88041
17139
84114
88542
6124
66900
87411
88744
57759
65966
95329
11147
75960
78518
82088
62967
29238
75830
43842
16824
19966
45736
22033
47443
59225
76942
365
11791
51377
13676
81048
29000
92517
53868
93962
17137
49068
11350
59399
8487
70609
40943
57593
48015
76725
41593
52629
24340
52565
5015
1979
57906
7484
88852
58536
72455
73822
24908
49350
64453
79400
92639
40760
69988
63491
44667
62962
99012
55712
61439
28708
46071
76798
49861
33637
99169
88915
55405
66633
38329
95142
4003
57535
96233
57650
10393
2846
63315
86664
89956
80756
53611
19969
77698
47025
53231
20117
46471
44096
40570
55873
55673
11299
9399
14143
3308
116
86423
55270
99799
22486
50465
73040
75127
53310
55348
51689
42242
71864
41382
15552
67798
1900
6390
72966
25395
84062
73507
60242
29590
22978
27068
27653
32873
93355
45514
65444
16645
78426
40760
20112
7557
49964
30968
8423
31088
7825
41688
24389
69464
57140
16003
75822
17398
47865
25851
39969
43599
92205
3963
38636
57231
31280
62206
48251
52223
11492
28770
1063
14595
74399
3088
84386
57247
92388
115
87704
62672
41890
80013
2393
58891
3524
69403
20496
33519
45869
71283
11426
44289
25007
73762
59037
75375
70790
24276
2671
55413
96408
71897
15218
57518
15128
7021
87690
17590
30438
75486
65462
39144
11684
90205
42063
41150
49460
75219
50967
8811
97252
19487
58153
5847
6744
21609
56093
46324
98206
15185
2473
