81753
91410
77764
66981
12738
71778
92531
20553
97453
97974
45055
81546
38449
52314
34343
82129
22101
60638
26508
63572
65526
6502
33594
48835
7849
79463
65603
14696
78937
73841
51089
57874
24460
93331
40040
27897
40401
3371
77650
25502
43471
19687
47561
84576
62875
984
51075
82924
38493
94824
5195
78208
88388
23158
4391
8228
25370
84780
59487
53338
79382
21454
17516
82126
70398
47634
42559
83572
95546
8718
52866
98858
91782
26634
21454
6144
71258
24742
75143
41112
66527
70858
1643
10509
79304
12405
87934
73967
1374
87667
43302
86374
49666
74449
93150
72257
83285
93574
18446
14274
63242
86562
65804
47948
91810
44238
76544
43439
14418
88032
27594
70449
41581
86855
56515
23062
47139
82142
62582
20354
39710
58871
72272
60782
22634
23604
30520
61274
19983
74028
66976
39438
42499
43545
77715
20870
36704
95044
86408
24170
40808
93637
90350
39801
6246
39269
64243
95966
73134
50791
17858
46228
7081
53936
52420
92562
52463
98948
42713
16833
45163
70825
62214
64702
93365
34864
47468
3234
47940
90451
40455
42635
18751
60826
87369
73089
77184
92733
68461
13784
1829
80082
1434
4878
32058
89137
81354
14993
50006
56684
91755
1595
14106
5948
94479
11588
16420
73388
27731
91586
27935
20937
97200
50745
15864
85045
98692
68392
66425
2495
9060
87300
58121
46141
8490
72804
73601
74463
83866
74297
59755
69262
5323
99480
1345
66216
45400
85522
34573
75180
39188
99859
8156
13592
8030
53105
57126
6555
42557
37985
27058
41890
72562
12574
29699
68129
74509
17789
80644
58119
66871
19258
65124
21333
12119
23445
15654
33048
70595
23768
35537
84924
53904
1062
69550
4190
65692
60382
69718
53302
41650
73813
82789
56270
96069
22290
28538
49945
76246
58041
34304
30788
22017
77511
17579
25435
42321
86017
47374
81370
31051
98416
13281
20252
47097
21579
8976
23592
74289
34874
93118
999
44890
34799
78266
65490
5935
43718
71721
81243
58652
20299
70366
29717
35834
65423
65606
81245
11684
22026
79863
22143
40489
40560
26074
44049
77670
68166
72753
15389
46080
63076
7812
64147
40052
80014
89373
19347
42479
8769
69701
59812
64349
78880
79521
64906
31651
80872
9155
5915
50903
21936
12520
38049
28755
48712
19579
21302
24835
43856
77243
7459
40849
42354
86042
43655
23877
67757
76577
84178
30823
44278
52946
36373
65202
37221
73390
95769
42288
54907
65322
64584
98146
48447
85706
15425
82429
14203
62270
77461
95219
19456
9232
89814
65743
58505
69653
5624
94157
26361
42953
498
41939
77815
56125
40507
73213
88765
44058
30886
28536
87183
46137
18541
19494
51503
53897
86727
55176
14617
16713
51763
72755
35811
40277
62372
91267
56927
60645
58114
83374
51628
8883
69243
91808
75448
83279
34284
91192
21446
43250
67061
88318
3220
76593
55793
31831
76159
73803
73792
76064
43948
55063
98089
46578
87478
32137
4767
48654
53350
64664
98070
69778
79511
91053
67387
27256
46172
3643
95501
84075
51055
72282
83558
40472
60774
58811
75995
42085
51021
43387
65304
91728
80046
87259
81483
26217
30881
31206
85050
86055
53118
28539
87368
29514
99925
350
59681
58938
41644
7735
9222
40180
35414
11840
58823
52071
94840
41816
48081
63797
74943
96999
48617
41757
20313
4259
21652
60382
66099
27078
34091
93644
5605
28225
64359
54533
63582
37516
69195
7415
28890
77200
7822
40772
41012
40602
81272
75691
30712
82542
96030
68680
87005
16190
62912
26650
59866
40870
92022
12358
96935
21976
71319
24457
53231
81753
4373
48230
68997
55562
25631
14478
64787
51921
26166
57689
95550
14389
84001
41802
14949
19201
40072
62572
12084
19290
80607
19600
10880
4847
21555
6536
59896
8216
73326
88236
52056
19515
30177
97499
1007
79269
1874
29747
3746
5156
76610
21954
8501
14612
75285
51125
20275
88769
94985
72963
83297
97311
75741
99008
57777
32314
85803
6096
98874
11293
97876
52768
32766
66045
55464
79682
52468
15251
9989
93817
10271
9091
65339
13324
75858
12724
14392
39224
48440
35428
85529
89585
81771
36838
92740
87324
44085
11996
58784
50397
47783
96247
46919
63239
33736
77148
39962
95573
45451
56642
49469
5178
25002
43280
22761
24438
41840
77223
61270
86318
29706
45387
39242
18768
45171
60376
81039
11253
31443
24817
36424
90253
90810
92451
27871
21958
17149
5473
30803
22524
8187
23272
9472
31852
52415
46093
47596
66776
73902
60946
67012
50387
71773
54905
26450
69803
36859
8901
10696
84323
66839
28698
89279
17988
53721
39606
36299
87201
95645
79437
56798
33013
48579
38188
1219
33381
31336
23360
57000
37456
81786
89439
29730
97998
79948
25638
74789
89018
19729
32576
79574
36577
34756
3606
90285
85713
5658
16654
6579
79272
48976
38600
43242
48276
61789
78313
65073
40723
53138
78722
10918
98938
83413
93100
37132
31551
41233
89100
91130
154
83638
63944
83828
55383
24795
82901
92453
95066
93635
94833
67660
84584
13976
27516
636
33995
73793
92704
81838
99929
13273
37488
6482
56141
50000
70517
82735
11279
78804
23474
85103
42681
27701
6536
25305
93413
66161
46679
3122
24997
67965
63886
62681
11894
3056
94065
52695
10757
65392
59540
74329
40816
16676
31937
54903
71860
56070
84317
99973
62394
42116
31100
90744
46701
90067
16814
42087
87438
35467
78862
7006
72236
21438
35429
32121
7310
91032
95012
22559
16744
77172
99465
2057
85272
23042
49336
58191
36011
3467
28109
91498
46289
86310
96409
67506
15991
76072
13602
7413
45343
14344
80210
5438
57065
89764
99886
40296
51657
25839
2943
63713
22330
48539
57863
67755
84226
2686
26
88880
35441
45231
89836
5269
40355
58898
35259
79558
6445
69156
70741
97720
88607
58328
23381
91992
85525
15594
73892
86920
93642
85449
41728
27367
81218
58758
87617
99547
48546
99999
61156
19538
80860
32771
94879
43181
88657
24885
12532
38295
73058
22389
36198
1960
98691
41798
41577
62653
34286
49274
78558
22013
67798
40379
39727
86377
57077
68613
70311
60838
11695
31217
48319
91978
36249
537
17402
83292
85389
32935
62479
57383
12009
18013
56079
11014
81080
61166
22215
27894
10960
13818
33764
30661
65298
38096
12542
89613
70670
18597
70484
88318
573
82441
22536
8480
84729
90869
48783
48654
60299
51867
52764
98279
57025
65335
63573
62380
86643
34406
99456
11213
77146
9548
1426
28756
65371
42993
90122
74261
2853
90824
41376
38019
46226
40142
14892
54446
91766
89277
36093
81441
58132
8929
23018
61485
53305
83173
40172
79152
57992
99143
42031
32399
1286
27504
54383
10097
28550
30709
19037
27954
76542
48460
65418
47489
12036
40339
19700
61620
61173
12673
99325
19449
36736
290
28916
41753
75942
83939
56250
7198
17397
81975
87922
57622
30094
8954
40658
86107
31388
8431
3180
57311
95765
54038
33054
65236
38599
80953
2614
6173
39926
39950
9553
68084
62780
84345
50426
55569
60752
41786
34060
25655
20175
12541
42441
67371
53896
54821
37021
82143
87852
5869
51987
27045
61574
46779
95984
11752
16272
88275
83339
40949
43454
56717
43378
16821
23698
52621
64534
43865
4177
88604
97840
68649
60481
90826
15428
87139
95447
52772
40502
89185
18951
78430
94040
98337
85502
36677
58358
99771
71335
75689
76777
43258
61998
24105
65099
59586
91566
6691
1299
34926
87367
76663
81153
64773
16474
92844
27626
39238
3886
94375
3770
86405
27132
60089
65831
5613
7102
18498
96736
76752
1371
57187
84404
83850
47448
24898
29867
87815
32042
96398
82698
45151
10452
16327
40626
5714
87902
26202
60048
53216
93363
53117
58074
2457
47593
10890
9085
81690
79953
43658
55155
50337
29307
26691
24001
80989
14339
70139
10817
17696
16023
89621
49417
33646
39551
44041
98959
50404
17906
57873
25506
51157
74670
45172
33580
66274
73284
4845
79365
45401
58411
41102
97062
9686
5115
73534
57556
78074
43223
45906
57413
49088
5579
673
69902
95782
85999
19347
57330
62410
84108
37531
84530
2232
93778
32200
57355
30064
1747
48221
86009
3964
17874
54592
86681
59263
16391
90071
57984
15312
31601
89888
15202
89416
64291
63061
16991
68711
14347
56272
85771
58039
73313
6201
62752
52717
97224
21751
81314
91956
43115
25644
53414
51858
15277
66682
97672
13882
62987
13992
82363
43731
74616
40797
44697
66878
23099
45076
48752
60358
95616
18175
10212
88721
7638
16608
78993
17458
63410
84275
67049
88863
50317
86635
54157
65596
5826
69820
78113
52100
94230
43941
71993
2727
61266
77965
62127
74831
28810
52666
79440
73602
50485
8099
91350
59176
64018
60938
85309
89915
93869
40238
31741
26999
47675
22508
5264
40557
17458
86876
89992
26612
6909
35834
60873
76594
65083
81660
23783
82185
38144
28100
94817
89267
2167
44135
22709
26901
46884
93575
5792
31262
57703
96879
54601
78438
41522
26184
63495
56673
3517
2999
40333
5978
8397
84640
46842
38899
24633
26408
93524
35029
84518
77337
2718
24899
80579
66920
42980
97312
26031
42364
47278
91150
60171
3945
3441
63858
18697
48540
54149
10395
36890
22387
34032
98913
24942
7612
55780
73980
79906
91729
26840
32356
83445
30606
71438
56351
28337
62436
71256
77987
4904
95040
49666
9071
73237
14292
7319
4369
29887
16425
93641
15221
12102
2506
61863
18908
24054
6750
5152
68734
63512
90626
47729
75691
95952
39821
14407
52940
33940
38236
10549
39824
11506
59043
44967
74687
24564
61792
66326
21199
44228
54379
17201
90412
67600
70592
10040
63917
65508
87790
19917
14117
12169
50627
84375
89656
42499
91600
46265
2932
21948
90020
92121
71804
61549
41940
91480
20122
3683
7302
68017
93656
56682
13173
38245
37716
65950
78411
61547
21383
19600
5481
2553
69317
91696
6040
25216
34540
39312
27902
18151
59195
55302
25997
26529
84416
99521
92803
66057
54260
88686
84844
14943
15821
61066
2145
67351
19034
58640
29345
52962
84389
16091
46877
26366
62933
80447
73392
6315
29029
39915
2445
49971
23892
88469
6710
88073
91660
98155
31361
44105
57092
91574
85535
94907
76809
80282
85581
33004
79955
84248
45315
686
92734
3400
98397
11303
82741
20973
60152
32447
92934
29446
46083
4582
94016
94252
57283
8296
39865
38319
381
48592
44446
96957
28422
41562
13412
16788
90158
67064
12446
22150
6803
39819
86541
76008
4101
36694
28361
26341
72942
38321
87638
32465
15318
61638
63965
9335
58734
12609
76642
35172
60984
97707
13960
19532
79110
46586
85763
93640
38559
11508
5288
86265
2990
11874
4662
51603
7790
25927
4529
41792
73512
15201
39384
19892
94940
26280
48406
25601
53170
89618
5566
35521
42799
5950
99500
38299
86352
78900
57446
74225
43151
33944
55765
93671
6004
8130
46544
26933
4006
76368
18131
39016
12711
79725
90174
38830
60625
72741
293
25357
65245
92900
26764
22957
3692
13085
67785
83238
14216
27017
76046
88848
66927
40298
71871
87616
84258
68777
28499
66599
332
22582
55701
61
56040
83786
44521
42870
70843
49860
16162
51180
12062
40630
56304
35965
67730
40920
34373
71550
39477
27345
38609
83367
31830
18633
80068
27338
91236
58823
63846
27825
14215
57628
53124
34658
87530
77307
76067
81707
47765
68618
31516
2047
45963
93784
14205
63745
35961
89818
59476
28377
90893
80070
8182
77368
4313
26202
40249
5067
59438
37909
57671
78195
47274
66296
55161
84129
6970
73429
75063
17903
14026
97760
64136
97325
90374
15711
61137
94352
515
99083
30829
45373
32580
36223
2925
27778
7137
83441
29637
94196
90639
88546
88669
36085
79501
90665
24758
35364
62065
69787
54991
7310
13947
91667
80192
93784
56903
34285
58684
98613
12302
22174
22410
33659
51867
89828
5333
14590
86080
17817
38291
19461
90231
85883
4578
68152
72889
49948
20392
82380
22000
42997
96566
65704
96055
2504
76141
35342
13913
78809
7210
79742
11745
10601
48300
50401
93826
26864
29609
60089
82730
48168
52626
25607
82910
11850
85720
74282
47254
18081
99311
22789
7140
16954
50158
69593
96834
59720
47078
15737
25537
72700
46057
69696
39638
36686
25234
68732
81584
78868
37845
4892
57491
50476
73793
93636
85359
92015
24654
85264
75381
36641
96272
44349
5400
64483
46059
841
30636
30694
83166
85882
74850
73533
17728
23972
97546
37955
32359
79896
46085
1672
14807
76581
26394
9471
29948
37118
42054
62238
18024
88144
33148
42492
51404
19337
37059
9607
4444
94422
89201
21920
51487
21785
84378
74328
45295
81668
8340
86827
81765
42485
69416
93749
79019
30891
77966
1266
27557
17574
61817
21744
56694
1940
6601
74568
39913
93081
92573
28852
62173
85384
58808
86520
99496
80309
25851
81312
1072
28701
75949
46019
39647
78507
8119
52853
80414
84587
35582
50981
31573
28219
83118
87360
42669
90675
79883
53794
93131
68230
86493
40815
43700
79684
62457
47751
98733
46386
61506
33276
89885
57230
21691
45924
40032
77533
19304
1673
90363
77771
86414
98157
29371
25929
91246
75512
14494
38848
10574
83979
22047
917
59573
29045
24707
56039
16120
86215
77420
9348
87390
84864
334
44871
22060
1178
47409
98002
14354
81191
38061
99972
23232
652
75251
579
32077
63849
51693
28134
59023
93229
49515
2269
85067
73736
98374
2684
86258
54511
33472
5023
36451
98721
3022
27679
65699
37596
96919
99133
1588
61648
41900
22179
53143
57192
56714
41937
88922
25163
4906
78606
68063
80229
46009
89080
76391
22694
25923
94721
17510
54562
84766
51460
19378
42333
59833
2822
76958
26579
77692
92457
35492
46458
27622
40028
32608
96321
70852
21094
57263
32245
93120
20603
61320
5951
50020
61095
43447
9582
57807
82816
11055
35039
19748
83168
52664
45797
80804
10396
18357
89265
72618
66606
55697
35750
2852
8250
78455
48686
11273
3922
43744
30370
88377
59822
92710
63678
81957
23533
94220
22663
42162
47901
12340
91173
25129
36780
32429
22676
42563
61091
90991
96081
12324
69411
39421
7032
32272
56537
77663
61753
90619
62800
72605
58677
40583
89237
40262
60668
33424
17148
11007
44637
18943
14237
76372
40214
23743
70849
70273
37413
88998
82402
11182
60374
87464
99117
37848
82608
1343
83117
76018
4704
790
39614
75021
88327
65574
79992
70593
99085
7107
7005
29583
51132
23786
57166
7047
73669
48560
46684
91061
78775
86750
51895
17180
49679
51243
85352
51951
75511
25842
33333
76187
62748
18331
55770
20226
39805
68458
94908
40683
45995
66113
76615
45568
28495
6151
59709
43424
68956
69679
67327
80170
51024
96081
76219
48604
78417
12268
604
69833
79664
16123
86216
32085
16232
21735
84101
69535
7263
38505
3327
17851
2549
39153
64655
96152
8026
69606
78569
99137
21155
70887
84959
96787
48810
46621
50934
59527
82605
37106
63428
67319
67672
45191
11185
10742
28702
34246
41266
70998
23857
9490
57602
11937
20223
39791
5059
8356
51467
94048
63563
88212
69678
60087
19115
30880
71649
36184
75900
62092
3166
13577
9510
33919
54306
71823
79646
89974
54962
29648
79640
27223
83041
32735
28586
62325
25145
64706
30523
68022
2855
78450
43707
94059
68787
63612
27696
86623
32753
97220
59599
49961
59749
91414
79949
792
62464
42687
57908
86876
95023
43577
90505
91641
52828
20944
24339
81662
12095
76064
89231
72646
14944
35975
23824
93936
85450
47674
16173
19618
83695
58152
54686
47306
96521
21032
82132
8347
50328
38727
22601
1856
16083
939
2495
587
11025
69571
17707
70906
68965
35271
32232
58364
34094
43550
3310
52784
72379
82762
66630
30462
33537
50361
2811
16180
55362
8714
25291
14134
28992
53553
34579
15148
94045
83185
8558
29255
22623
41258
33485
58444
58540
19542
68233
81654
46715
25787
68681
37097
45681
73666
36818
46954
84222
10475
95151
11091
539
69067
23932
81136
5134
99438
41453
75393
78276
48110
25674
2704
78691
97787
61501
47920
88595
35062
9374
27036
32920
46539
8955
18626
91037
91853
24478
42929
9711
42838
28521
77840
98519
99097
60306
20546
3725
35602
83067
95563
70103
83330
90964
16972
80019
54393
15006
91861
56559
78146
94141
33997
30471
50321
94704
51993
98694
79032
54954
31347
80202
21181
89641
86765
72661
73446
43581
14086
21691
37357
75946
86319
79089
58803
92282
44392
79183
41467
32289
16086
387
99085
3279
16580
4557
21268
46070
57275
402
36280
32133
21159
53772
33837
52421
35845
99206
69820
81996
55748
60806
32960
19922
38854
87170
98112
40211
48839
31116
98160
2764
96028
17930
88405
22071
59716
49765
65827
63139
94305
89073
38420
84367
88612
6414
45540
33454
20927
64729
89104
38508
46748
2892
83495
72375
84176
54910
51187
82354
13523
77217
74216
23978
87794
25886
38999
8613
62017
8237
85244
95558
93326
37160
56854
3036
20560
23442
8013
9082
29711
98445
33911
12251
98582
89429
3558
89262
44393
39354
64129
91967
52286
29639
92746
56011
10088
783
59244
75275
64006
67364
34283
54496
62051
85207
79044
67904
69200
47944
90844
82942
68807
43228
64605
76409
17290
41269
3858
11319
8587
8644
80523
97914
51284
27921
55554
25839
70590
6137
1724
99503
19370
8660
3595
75794
73861
22229
43461
95584
19473
94905
98187
31654
21089
39579
78407
91993
53847
40868
80272
98104
53625
98493
48643
87863
51231
65958
48068
45388
10643
69922
27378
50407
8430
46874
95414
18098
43785
34017
84239
7726
84111
1743
38466
28293
44278
96604
62553
61890
5770
92695
79152
35202
82451
10207
50409
32072
97401
14793
11647
26855
45693
97309
38977
65597
98836
87676
4309
86472
32583
64070
52307
21678
4937
57907
29122
51275
71641
83699
77891
93658
82094
36793
80314
70923
33884
33222
62650
38282
94261
94766
35413
8911
15055
59624
47708
62269
65504
98973
24673
55949
71052
7570
12184
19855
90509
82938
43818
86702
25238
46445
32987
63876
39276
81600
57363
3734
58244
37624
90964
90645
29082
12476
53761
52723
55603
33087
19834
26329
51019
42851
37610
13784
1728
45586
12712
81890
46587
7227
61177
10707
98930
87141
62104
55802
39520
8413
32298
81024
63026
67447
73779
53740
465
43244
42287
10326
91175
46364
6447
72548
43879
49893
22804
78097
66749
18358
90690
87211
94508
4205
73848
55763
41391
99251
64592
43672
65202
7142
20478
13492
36362
2274
32263
5213
74080
24722
31189
8634
49757
37608
26406
65292
30239
49856
5957
24710
53354
4254
30487
49807
24090
31831
73331
54505
46191
51914
88474
95687
13655
96430
92638
74553
72788
97570
22808
76122
42313
85056
68598
24973
76708
48035
95016
90114
95523
89433
16145
66552
39711
58266
42908
26349
34606
26612
16859
73028
43625
51530
40321
93002
47857
55758
25391
23462
93758
82281
92652
44100
63184
44923
43624
86085
45959
1231
39121
68851
1192
76076
19267
32521
66054
32948
11369
16758
54524
20949
36980
43834
43417
66278
22092
78204
98643
13642
55087
51842
84657
46559
94314
89373
42743
18517
99663
84984
78858
34512
93499
10282
310
66368
23613
35237
7634
32066
75199
18115
85663
89911
9536
11260
90185
72902
82568
23200
88272
28772
90222
90547
95347
98661
98232
65920
81924
6781
15781
88587
90048
28094
48256
7634
71507
68553
26452
11405
67405
70047
75595
56499
83196
79005
71603
90688
77640
30105
68614
25647
18804
4289
2362
11429
79295
50949
22199
89336
89929
14020
97686
78170
20557
80262
68989
24127
41032
46371
59122
30445
66838
2824
27059
24519
63719
68720
14487
4993
83920
30529
9236
2770
18392
6902
42684
85143
79014
46006
20017
93275
76277
76982
28125
63141
30885
38697
99065
56652
87553
33291
62729
70541
73647
64310
96882
11726
27180
87316
65246
74339
34141
84065
68555
46736
38222
52540
85597
22800
26392
59657
49639
97395
42246
42357
74278
35796
89571
4038
40537
87735
75622
43380
20323
42636
4642
17901
48615
17743
70047
50387
55872
20433
17888
7043
79162
98999
43507
53190
51883
68303
44106
34485
14661
97229
71629
57312
57595
39300
13196
19556
84569
73580
88698
9735
34834
62804
51136
6897
7105
60950
9281
27880
57471
84839
37786
85136
67261
36703
4384
470
26998
80069
32177
97831
69644
52478
34397
29070
41994
49534
17310
38756
90996
68159
58582
98821
68726
43200
51101
55009
62888
23051
58878
29873
35389
9993
18094
89218
8921
88503
38352
43946
71239
77377
74860
8927
42390
81433
83020
85376
46202
82508
94495
4488
82227
25562
61729
53348
25990
75541
28437
70461
59721
45270
82946
54171
27344
94865
888
6610
73599
41063
95453
99030
31729
76453
12644
97573
16370
51872
15429
70024
16560
99808
23873
57074
79087
50672
42244
26225
89103
75825
19742
52107
54769
72274
90976
40192
5632
82052
9783
64101
63613
16652
64344
92816
87475
67366
35703
508
74360
34254
98845
27090
42517
42586
58919
59186
59441
27356
90069
425
89861
39392
2290
84452
57202
75467
74243
35821
77199
5564
81113
85848
73222
44484
10407
23309
43339
32985
58821
42229
69074
46373
4375
78712
57424
39205
28790
92173
29059
59804
50725
49735
7033
13204
19690
41967
27152
32397
92714
57463
21921
65674
72319
73258
19468
19146
64142
42015
90947
48853
16867
1276
66789
84544
90379
54978
71000
69810
86595
26612
6682
57101
59862
65468
28730
2045
91955
79922
49076
70971
80904
12182
2797
58045
56636
65510
22263
83389
51730
59125
41242
28700
72006
78596
69608
20461
31368
39097
76941
73727
27639
68361
13726
88369
47453
25083
49352
97164
41835
97885
71225
99678
38687
95257
90225
584
36656
16765
23310
31484
64965
16068
36998
73138
88608
35083
58476
15271
81607
95565
79450
75416
37556
46586
7840
41782
33606
8578
79753
40709
46013
15134
5357
93571
40863
54892
47792
92564
31012
23258
79034
37904
21366
7070
70658
53637
75630
7665
30429
65663
71164
27602
27837
41512
67796
85098
4965
24498
67405
32149
77166
84867
63305
83530
13219
42532
97580
91175
48403
9249
51212
70236
77156
69979
64306
41417
95860
25888
43239
55293
35963
50867
72640
64965
57445
98569
43866
88691
67764
80078
58548
55478
8652
79250
87951
93204
77530
18284
76196
52323
53208
98847
71449
39266
678
33404
39441
76324
54759
26607
58052
80960
42194
42059
86986
49884
25577
36206
32137
55299
30752
838
10035
7519
98271
21905
78971
12046
30760
15180
18486
51231
22446
20562
77959
77016
2533
70836
15509
49583
57682
84270
93203
37081
83310
63387
71205
97176
1110
78054
38485
24348
7683
49156
18166
47971
46472
9213
57986
16640
41653
7266
63739
83305
78893
47383
938
39420
86990
39345
2952
79443
65010
29327
98696
65790
62754
52718
88407
13382
74242
86484
47578
5710
35396
79050
85773
91773
3216
49740
18780
30780
3231
49436
82252
12432
17859
34879
33824
19025
91492
37575
43037
70386
41688
94743
84014
96234
65222
70386
92279
48877
11678
85526
51540
61197
7633
51224
8465
69021
67802
60803
90110
12024
8719
78782
61481
95363
72820
48987
87318
81392
75116
9968
97159
90684
96956
51025
50038
18648
185
16809
84894
20377
2948
92349
81179
77296
49164
86980
54734
96263
5053
71705
87033
61494
83518
26423
84610
34815
33427
23804
46419
81860
98154
64859
81057
38026
24587
72862
39796
91169
8123
20050
14223
64495
49033
49586
92037
64485
1680
42009
50293
76100
75065
97928
20054
87015
42098
70147
38363
7963
71024
79921
66406
22990
5291
92219
51838
84817
29036
19149
60080
2376
89322
36808
99195
97430
20332
96098
95673
2822
53883
77377
38484
9614
721
5436
55291
23475
97651
70646
1140
6175
66629
92717
9052
39291
79125
46885
38502
23422
90727
95939
51444
81419
85170
38156
72265
13146
67026
20219
34576
11151
75148
88145
58149
47989
76384
85356
65777
83471
84785
15160
44578
3244
15855
80357
43370
64441
37090
34532
14243
73378
76054
56554
2140
18073
50787
40451
44572
15206
39545
49191
49797
40284
43186
27447
81817
27213
22371
1773
88345
78123
85676
71910
29163
29359
82416
39419
97518
24194
97759
77283
66072
5176
72324
49459
81041
97462
58390
30869
58077
2007
71099
84137
88305
32487
4988
48018
81168
79652
38092
78455
55867
47486
62740
96471
39824
7365
86109
6199
99061
25541
4988
75127
57632
22841
51479
19909
44452
4877
84015
10374
96546
52828
68964
66936
10864
28049
3229
94576
86651
17369
51953
70080
8149
67629
60856
75473
76793
30276
89117
90251
80246
97409
28840
9546
96210
15668
85619
78756
49705
51959
4489
55475
54146
28738
53003
1732
41707
18236
50520
66051
96924
64657
64620
17307
84215
13578
39729
18190
91795
43503
43860
50170
45813
84593
34858
26311
38100
51302
61870
88451
40647
87852
50569
98071
19638
88030
78636
25174
94709
25300
30176
63438
76513
37043
37387
43443
57626
16681
2602
73926
3711
72029
78354
38332
74492
89154
60311
21470
6403
90669
85025
23555
48960
40759
81367
45361
44905
30044
61669
61319
74553
10499
54430
38440
51036
30530
84382
21870
38833
82414
20111
95000
42377
36522
37439
64187
92165
11897
71317
24134
83049
29218
95470
44120
4911
70691
5066
40950
6092
75526
99149
40421
92317
13413
58136
82045
98112
96395
34585
94692
44651
50084
78002
83012
11634
68103
89761
36359
7962
16793
40184
89506
77880
87159
73651
77985
93671
64242
8884
37982
54720
79331
66069
20887
55422
55170
13874
47158
49507
35222
2604
12641
22734
66128
47173
94025
70304
23329
85076
28159
80112
20923
51346
64253
85282
20057
15941
14744
38379
48643
92685
99796
31169
78195
54263
43471
40322
54251
33003
43570
98658
9938
64033
31071
24545
94693
32564
49914
31550
31450
33951
9123
84941
93082
88977
1209
62464
58322
33511
82995
8357
96272
99619
37850
17605
98034
43258
52870
99049
16544
80415
62050
28985
34018
33475
16389
8577
3871
13594
30888
39254
6022
16830
58526
31889
94586
17241
35767
35311
39717
34853
70975
54369
47145
1543
21103
93655
53953
29530
15451
54643
7250
84829
78117
18751
11988
40880
8445
87374
51632
2254
84101
71658
88949
30327
30378
5986
94264
16794
87114
91490
57732
27780
67225
95100
26733
44025
98808
2241
31876
75963
38127
72803
38429
5344
99948
74362
84368
98668
26148
99777
49877
22619
41795
22807
77264
7722
38865
80471
96077
817
60447
63622
17086
21084
55961
70600
31820
45762
46343
41076
38984
49831
34070
82839
39837
11041
1782
73858
78969
38308
73896
86521
18209
60894
95972
1639
24623
79512
69216
20690
99165
87812
22452
8832
29530
22023
39983
46563
99756
85221
78413
16102
68139
76503
47428
39982
99492
7872
52382
93510
38713
34246
42703
1753
68529
80172
47293
21331
44926
6592
8749
96310
63478
71694
79203
58165
11567
31196
25725
85234
72333
32647
6386
79150
13005
12742
97268
46215
73379
78756
70314
56639
80001
77097
21511
1108
86919
12912
68338
71860
29964
47301
24356
95773
89070
31625
1404
82026
18024
33318
84899
61853
60936
3255
29681
83702
49752
56307
30859
40437
77245
14878
56473
35805
53652
70142
38555
62176
45312
56081
10359
42265
81765
80499
97596
53090
70385
79904
95096
93600
60028
18595
65277
756
21150
32361
30661
84669
3868
97232
84691
55846
74906
54833
13657
1828
13959
3063
35366
23286
29095
77280
73836
98848
5458
89384
55859
76522
2558
50673
32557
57851
64824
63360
3321
37189
7362
19814
42789
26664
54045
28955
55316
70195
29029
27147
25376
88649
59085
25009
61653
7836
5995
11262
65560
45910
19555
88282
36635
50828
54418
13708
74076
8745
35174
42555
55191
88855
85642
43489
21398
40162
68099
7656
72120
36091
52383
83123
28665
57634
46296
93220
5403
4452
5099
99499
98099
80993
63613
1763
46285
15686
13917
63722
90167
81880
80753
98798
70382
43124
3239
73380
31597
8496
10354
56571
96497
25911
30674
73001
75751
14089
53806
1854
70405
63647
20385
76465
61469
62693
69058
81436
68121
29910
51091
3550
83937
46594
11781
61770
58970
17556
4998
74157
88747
11157
5611
97118
38523
53430
96290
61104
27437
8925
83865
71466
75513
57907
1843
34849
64701
98178
73285
1779
68252
41911
3085
92560
10901
7380
64091
28307
21577
90069
98410
6486
45998
14259
43357
30366
54289
14029
83521
62566
46076
47475
89296
63536
8746
25349
75641
44272
92760
29921
73346
67754
57584
37218
91813
16859
4140
26326
27708
83726
60556
20756
17823
30177
61048
52944
71455
79677
57832
49722
38998
4044
62036
22257
54951
44208
24995
47076
89746
24929
98119
86336
56963
80830
39959
19527
60173
22303
54782
15185
7557
39839
1477
66495
27064
95032
13467
23417
30440
33027
40279
96823
39438
13360
50498
64871
43118
39404
30035
57964
72088
12254
42370
82512
80820
6344
79639
50844
21541
15059
37318
79161
90202
27702
51221
94086
58075
57980
87617
51916
52789
95928
12846
22367
3926
53300
13584
19145
24991
19221
41129
92194
12199
67002
14665
52791
3763
66518
34699
38834
70095
27440
33836
32275
10876
94876
52231
35484
93367
9787
88404
72847
77040
60400
5813
95917
68634
2928
30228
82180
6367
30072
81242
44337
80936
31370
69376
47597
2850
13652
96549
31766
32300
27634
22
12072
15824
49928
19677
53215
35191
84712
37821
38128
26550
96866
91041
59118
57808
16793
33995
22837
65055
99400
77938
9446
97914
38224
18570
11407
71118
70343
30377
3923
42820
97539
28503
84935
49759
61031
32349
35575
36531
10052
84369
93766
4868
97451
20780
9592
87132
10768
6613
26841
57822
64420
24034
61456
8628
46072
10828
69016
90413
68899
31305
2977
50814
43522
50889
57198
47059
60953
39150
8639
31850
47898
56692
24309
92881
5100
53726
39538
22987
92740
70592
17944
36717
3300
24299
78730
62367
42822
72689
76415
92388
61479
10256
27120
86810
43363
47258
48367
9654
93380
99672
31941
85021
1260
52445
91765
3109
42021
65582
52064
73765
1600
78966
95672
1804
97633
38874
29124
27621
55595
90340
9565
23116
17324
88381
24353
98279
8748
43756
31460
46446
90195
79915
38998
13398
93545
82212
71397
15688
17636
83379
50636
76756
38654
62343
33376
23114
35967
31362
18917
64268
87634
15468
46264
27088
81115
14215
88921
89018
56277
95329
90146
66364
48389
29761
42168
53408
12694
93635
20747
39199
46615
86834
63028
25473
16589
87676
31803
60624
7322
3811
86833
37554
13358
23367
48936
95094
23230
85719
18469
89994
28128
61208
50910
50102
35797
21139
1679
40715
56009
43206
58144
35038
30226
9909
42
86390
58813
30120
34020
30928
26564
56338
54320
64461
35718
9390
4978
40601
7899
95091
69620
13224
37817
88700
99552
78030
21272
13144
67532
28222
85330
49236
80471
418
32390
50062
91088
41994
81164
64505
13209
90697
35210
29625
95973
78331
34236
74262
61714
23637
73030
40455
89094
73097
860
20579
63346
76690
35529
8861
76310
12023
68987
9223
83720
83498
73096
88878
88792
16595
39734
32642
18565
81822
98836
34300
85274
74869
83310
90098
10767
42674
5723
30511
14245
90010
34284
67143
27363
86292
97680
16826
45709
8179
93650
13387
69246
17318
62777
20056
18607
50516
17290
73388
55117
92559
25585
59660
66916
12009
17058
55608
59597
89908
4251
26416
67328
1762
18679
13867
68602
14477
52255
65975
92683
18235
39888
1418
46028
22979
37394
92291
37555
35210
15420
74306
54892
87178
1925
48864
99809
53846
24172
90178
77121
80436
24249
35001
43659
60864
93123
47019
16890
70862
37161
64136
46138
93629
51128
74630
1919
16637
44615
43175
18082
15883
8046
98439
65317
50623
49408
31008
32038
13124
4414
20684
74714
98128
45550
93427
90288
46798
52074
68397
97731
80290
10476
34356
40105
5974
79584
4761
34461
15480
70362
15877
69889
51626
3790
8918
79889
5815
44781
57858
15552
35139
37562
61955
16468
5563
2650
73684
33426
14263
37427
13555
15248
45662
70884
72716
76305
30282
65258
4510
240
62844
77722
94906
79415
49012
34089
90749
41892
44897
5100
16800
39037
2996
19393
38033
76962
95195
37807
7037
46846
38011
62321
60340
3324
66815
92442
87548
49872
72997
50499
39214
91755
5623
60161
88116
94573
55827
58261
51174
49025
74543
80924
3101
49304
57851
87620
94714
47987
63935
19867
64066
34758
31448
4041
54739
12192
69409
32440
90536
11581
18962
14543
95642
38954
32956
13372
57144
32388
75556
1162
56082
72804
67335
55729
93966
89641
16191
98995
52600
75590
2222
80686
91110
91838
143
2441
32725
87327
36153
53658
86231
74477
43172
28292
37303
58654
21792
84532
84828
62023
58699
15940
91234
54103
97127
73254
42343
72448
39080
30443
43636
78013
28742
95447
90198
8883
95270
72326
74293
84452
88418
19534
59534
26770
73442
96056
7395
38880
28054
15942
45595
14788
44850
53671
57817
61389
87597
73765
62548
59843
6380
37749
10941
45638
26537
36007
34205
98718
59898
16748
78295
63316
51621
43041
14296
81140
17180
71804
74762
30680
45939
3735
17244
47777
71931
74490
17003
78047
50720
24358
55890
89391
97379
20511
25660
23454
24921
89083
46439
70126
63468
90883
84552
58263
69352
88232
95604
68889
44279
14648
25740
38488
53261
55592
96459
77356
33218
26948
86620
26185
53780
11353
90950
58239
81093
89203
26961
9523
49429
49145
2886
12519
35058
35558
39276
70040
2682
39211
20879
70467
100000
8637
84479
74722
35507
97809
4519
45535
47828
59912
9302
36486
16750
59339
60450
29528
62372
35678
59324
28097
74204
37565
96820
1671
83654
72446
77723
13997
82963
37272
15753
50950
79385
34919
52006
28892
22469
19323
74168
26747
44940
23243
87550
35973
50221
52565
20305
30656
16844
81751
36021
47283
94413
21907
56070
30308
97740
1146
71552
71599
89967
82088
45822
84359
32217
17829
2527
44404
45175
17787
89843
66232
63743
76713
72631
7540
44000
31611
74502
95605
22370
57111
44261
9064
20713
81990
4580
17083
36271
44124
56412
13119
19868
13366
70494
10146
98265
57052
10860
26710
83267
56223
19675
93160
50023
87400
30687
74067
80266
1790
97245
46457
42710
84063
95193
76403
3870
82796
83212
12613
72556
74665
31417
62682
97648
52868
72579
32762
92114
54486
17435
97489
4374
45395
15765
32850
59029
83959
13972
10921
25420
63353
43301
77975
45671
59744
83030
14051
42597
11872
55481
50570
44415
65672
2947
78542
27698
43914
14943
25132
25457
19498
17232
89486
59089
40207
26609
80765
64492
74456
14549
89382
91204
95351
59341
78099
43838
34469
61795
67489
44930
68405
76434
17977
72780
16418
28224
90300
78755
79862
19775
27350
96038
18367
84942
30504
36399
77378
21312
9338
36446
78814
70906
93775
64068
50704
5059
48760
69802
12616
24987
89613
9108
93481
58557
53428
66855
67767
5240
69524
33993
1491
70344
33033
1096
14621
63443
69676
72717
50670
56042
90673
18735
60786
22076
8070
60222
1378
9602
51202
76558
96752
30292
18065
70214
5139
13335
80217
68897
37041
28135
56601
24103
61936
38434
43695
99486
46008
17698
17167
83474
47477
61600
97132
15873
87398
65813
37816
10188
97292
98648
91038
11138
16086
11608
14023
15915
26661
60871
79231
3822
85119
40918
21668
30769
86858
97751
37030
97807
34754
69305
18256
46243
56822
44629
88635
38361
79721
22781
64166
25195
8569
21717
30472
15268
81211
66756
83044
632
16669
6699
38659
59760
59011
80852
68259
66831
42657
22203
70359
19876
76170
42504
51660
97513
73082
14193
78672
61757
29138
56021
36744
75402
6668
63951
87887
9285
16918
22065
52159
43880
53784
87088
62779
76333
19253
89475
5337
11765
39298
84764
61643
31480
78678
6899
73361
59454
23027
58326
53169
78727
33652
53834
74262
27257
13788
40754
54003
75620
33949
12460
1701
58689
46794
78146
11088
40453
46239
47454
85926
36146
52918
82909
3421
34171
25222
71973
386
57345
42195
96163
86376
84323
29081
73975
25509
16533
85931
46568
71937
61411
24935
64939
9997
99036
26082
61847
35217
55997
29018
12147
20156
48909
16453
47144
88269
72799
899
78194
11721
18212
22102
48753
93530
49511
44696
6261
70940
25334
82728
62326
3661
89388
80813
72623
46448
67437
34521
62507
69752
67277
74812
5842
76116
73322
4922
47139
81287
3739
96171
42521
12347
63908
64687
52502
66738
65292
67559
83271
19605
7529
2662
53264
60452
88805
18105
42872
20032
12424
31005
15028
26844
55590
95487
39200
85827
12052
60149
97646
88319
42373
13141
67018
39994
4989
86982
27759
93696
87381
2478
68013
95858
60738
46055
60465
65509
43223
18756
47479
66583
2651
99310
64321
5950
54317
70156
99015
58735
10954
6864
62874
40180
10346
43044
25775
36555
24681
6532
66669
80666
67121
89787
7037
35504
20146
71172
90982
44962
19674
51720
56845
5598
84952
55072
38733
57613
55515
61417
82804
19540
6413
59480
55014
35455
77440
71687
45697
10809
8497
43500
26700
46386
1140
41603
45992
83627
25346
49303
81509
23363
82455
90587
36668
37391
36937
70192
36238
41801
39044
36208
16403
50224
98696
37708
3712
69947
32878
69263
26638
64044
89312
76947
96986
87464
60553
28169
81050
76111
34496
40064
30271
67490
87228
27080
60395
34718
96600
90355
80181
81757
97992
67382
39552
37192
69268
30974
98965
27244
3656
53621
59157
38494
186
56810
16779
52082
10098
9652
97106
82665
43776
91300
83429
26109
17126
50462
98024
41863
1679
79572
15218
98172
24306
82409
9485
60894
50704
30939
68787
80795
81691
27992
68414
20304
75290
9759
5482
98444
29260
1276
75917
31053
15050
90810
19562
25245
14298
20890
59370
76531
81779
1240
63774
92579
18443
52805
15047
34128
91612
88730
6466
39855
97860
73276
4209
30958
59769
50149
73395
84471
26477
63539
82717
56127
96096
28585
23966
31345
55668
7387
32507
78175
24047
42729
36851
1360
2997
38102
36744
56465
35254
82236
28994
44842
91115
56606
6172
91321
82230
76059
24950
42265
13853
81262
7502
84861
44627
21124
82921
30841
16995
26418
22246
96910
70724
21084
81077
695
70659
6410
53675
7905
46148
62414
96027
61269
76772
81345
79991
85644
19871
785
8977
92622
50249
46034
24467
25175
31572
25862
56349
82141
1760
2986
9299
8664
67556
80414
32687
83992
23492
76069
87766
3481
43536
28030
72809
65095
25676
78456
7447
3918
58952
87742
37767
7042
5210
17812
38892
36236
75717
54960
55432
35070
81327
71986
5353
97956
13497
28031
89981
14184
7931
9481
19027
55542
31287
22182
75276
99239
49465
19809
18467
18867
99755
50613
4540
50071
90106
98974
22486
18253
76285
96623
45017
66883
6539
10659
20211
92337
16572
98179
138
67063
18889
92328
48452
65559
48772
73220
15694
58483
14523
3474
41955
80185
57186
74809
9788
58574
29705
74727
35919
92055
15983
13728
87836
40962
4179
15638
24738
83370
8640
21607
49883
48523
1598
59361
55242
52893
95891
67233
89666
20760
41925
3279
66830
24730
34480
27986
28019
24051
13753
61079
7273
96448
8545
36184
93714
37713
81028
71058
30023
62394
46494
737
13407
18871
90028
56294
85194
54069
7760
96872
52613
22921
43663
40156
28654
72758
44548
81212
50078
53409
18394
14641
99452
77057
67951
5232
39171
79714
93759
89739
32647
76035
65980
20592
52627
25678
39268
93086
62743
98286
46782
65741
76518
10075
4695
717
20619
92662
65196
10998
43315
89228
20126
84460
44826
82824
65412
15118
11103
33522
48995
32305
45292
65972
14376
22627
63400
45481
17869
72890
11853
94736
60611
38448
64148
43299
34556
6553
37012
6684
23947
66239
31783
52733
47404
58877
26836
94045
81374
5947
94257
49330
10633
51984
78613
62275
81077
52503
34213
7773
2559
12455
55807
21201
56318
45262
23150
69999
81765
98189
40305
72455
48096
75206
13507
42775
71926
73417
70871
35442
59554
70039
57040
47885
92062
97646
35168
46424
34319
31375
74414
63195
97697
89927
27293
72364
10787
41239
59764
3838
74169
56558
85204
32900
40068
66732
22566
45058
47025
51929
25593
20127
46160
33468
90980
15426
75813
69535
49894
69843
14672
1255
87076
99601
50193
24060
45544
96513
30284
48531
10996
214
69288
48515
57155
82446
90038
37714
48554
89207
60622
43361
29354
83541
76868
67456
99156
61217
56352
79132
869
75265
40187
72635
92519
82208
15635
95702
68496
64303
46660
55954
3782
66093
71178
12358
61413
49577
82952
83591
74516
8516
86822
75365
77532
39521
69260
2498
23590
94773
47241
50715
80874
20744
60592
26723
7692
46262
56481
83790
41632
41617
504
53824
35776
61994
38278
12681
68258
72021
6386
37602
88123
35132
76546
31445
22380
51981
84451
83473
87161
84924
50573
20810
82068
44440
42770
5397
33287
15281
97748
71255
90618
18115
11131
76154
35118
10430
12345
10703
27725
22292
67934
69819
97638
7607
81963
91231
31795
73934
93532
68763
13166
8266
3895
75658
27262
52929
79094
56134
76598
95805
32939
84597
58338
61534
44112
96049
52266
99661
51395
417
12007
34641
99351
20950
55017
81830
84392
71141
20750
37594
25298
84766
57896
7938
45364
43509
86608
49630
77735
83201
65595
57856
89830
27956
7781
68114
30274
52542
32632
12004
97120
15459
4240
71597
98097
98299
64740
93025
54421
86054
43163
49993
29177
98948
28449
51786
52433
3649
51966
62873
89285
79068
85270
25906
77448
87621
78443
84253
28755
74568
69653
99009
20002
78503
75644
2335
23308
75419
19129
50107
77323
96740
56255
97803
86107
68998
18121
31510
6817
21539
29922
63322
21073
77013
39645
40344
65159
44386
13833
35749
43486
28775
49793
9593
73287
26857
16097
87182
96783
89484
11721
38925
83606
32790
6157
48228
26868
81457
93719
99040
5883
29783
73649
92391
74157
72441
67338
85090
31654
97825
76399
75008
14160
53087
87677
65254
3694
51559
89411
30006
12345
84096
1187
44678
19249
93573
59521
67154
30751
42166
43189
11211
24763
79579
29824
3695
79288
76224
94180
5098
51176
69878
25820
70010
13079
62536
76030
34965
84792
86105
9252
27861
27289
18935
70743
24079
90619
85521
1400
93397
71609
30486
20651
87483
89420
61427
81955
99753
36641
28415
50694
31268
49031
86682
62539
18081
55270
66511
14585
7038
40697
56986
25153
57111
44778
99803
89314
86091
92621
23485
28667
81008
85009
30594
185
44325
16821
76844
64729
80243
62807
46858
31812
87453
48920
32011
20770
19564
35928
80517
53436
93761
6944
12700
68091
95167
56819
39601
49108
86922
1696
52629
41745
35749
98057
7023
44220
68535
88467
14554
80672
58849
50038
57253
20754
73516
63647
39831
14329
17857
11320
93781
6406
92551
86091
62740
55107
13372
9179
11250
52448
61728
68955
40163
16760
91398
58900
45852
72894
44901
48163
76222
80809
96205
2437
91902
31018
88908
27590
44872
32739
12014
63487
63134
62324
9095
4276
37099
54516
41635
70558
19238
73962
7420
91217
88894
98083
59261
30782
45815
73255
28097
57685
49436
72913
17623
76984
12681
42471
66012
78063
14914
73680
22053
32490
67743
4365
96061
70608
45459
54728
2147
12568
40962
53292
36775
82917
4452
11254
60694
62991
85101
41412
50986
65361
11241
17718
80927
50548
28252
85667
20905
80700
22262
76223
80116
37322
40051
30853
26209
80604
43732
34172
93185
35036
81649
30236
85625
7999
33081
29754
8901
34891
36950
97119
31743
65319
18962
61329
8320
54749
69333
46665
84451
3674
50825
65214
69273
85277
36746
35895
46047
47217
52947
34107
88334
81286
84272
42120
56250
1196
99184
91144
64661
50665
91738
33731
65665
18035
69922
90602
72690
10313
73030
69762
12718
97820
2617
46103
73629
49329
59471
70578
35148
9416
30187
59066
65385
84893
98125
86289
31144
93729
96790
36176
54615
6153
92055
61289
15142
47323
91979
48772
28813
63397
71761
20298
62244
72250
64416
16445
24185
43676
19213
40948
60187
96574
18846
33333
51630
40589
91400
60789
79782
39282
13835
96082
5844
76060
8123
26536
53996
6261
44689
71517
36421
30838
59659
78378
59916
21519
66357
8593
7784
74818
53854
73669
89014
70599
17794
26066
90463
81872
32764
3907
83965
61156
86753
79564
97106
739
84959
38482
93745
99094
48203
55717
3708
19347
39727
9628
40639
40354
64342
49745
61888
5114
11631
6879
20375
86766
36411
26225
1541
88856
10384
26516
88177
40323
95366
19492
37541
70112
65429
23620
65852
64603
71505
2413
68401
12085
72523
98328
86197
4787
27595
98234
16726
20119
67329
55760
27136
68191
77281
84729
13570
92670
27772
82120
55414
43616
69482
26837
43933
69711
48604
59530
98856
90672
31684
44888
16010
45738
46993
91703
37892
33790
75676
37877
21818
18880
77275
24227
10735
48787
94467
27918
36486
30798
14540
93227
16550
40204
86570
23384
35503
94971
84840
14269
9696
6637
50277
44038
15877
32133
45280
64946
34467
37797
83745
68340
19645
15868
45982
8366
83811
64527
9066
82836
74763
89690
70267
12121
21711
60438
37999
41196
42801
12582
60313
14804
91630
49133
39377
58955
92755
35103
89858
79392
30584
73164
78065
71178
7463
43358
86052
67839
12770
57450
89054
77401
72864
56063
24741
73389
33098
98659
34468
59905
64081
25313
47271
79163
29783
53543
21697
53025
19000
54031
18304
56878
9005
10671
80794
7466
16594
8496
67574
8695
28701
30585
54396
43573
27558
37181
23338
22643
98822
16079
23936
85881
60765
87942
96050
32082
78502
39783
52088
56611
32847
33813
91535
66372
31539
52188
69674
78839
97467
42711
91757
19820
31801
70815
57994
67955
33048
26731
48973
91523
14828
36567
27530
58760
23494
9095
7678
97314
12544
23517
69141
19416
53099
24100
85037
45773
70587
89012
80751
45856
28640
64214
30345
5096
87393
31775
77733
96240
68561
47553
97097
41320
23125
32565
42873
75130
24450
27620
68691
14580
70628
564
38706
4838
45227
53471
97205
64733
60453
94995
79927
13
18230
48943
41322
35276
92355
27832
20314
75034
55834
698
29083
86080
62725
44135
51458
69194
79968
62484
91900
72106
91789
25653
64537
77799
97348
45044
3950
58448
13285
51442
13779
18945
86074
45766
3094
59190
66142
22778
45899
29468
75043
28026
58318
99280
82155
30644
67093
58370
79316
35033
39407
33796
17410
65642
63483
61615
20514
69660
92683
85098
32365
46507
97977
2750
71182
95118
14740
1998
62438
70287
17645
23604
42289
66307
64290
89950
30188
51868
66872
21686
37730
46289
28301
486
81431
31713
10546
3479
71069
98055
55237
80912
26618
94570
3846
96729
47203
66683
36771
72229
45043
22944
99442
66015
9637
67037
77175
11330
92279
96096
17947
50406
84034
29190
72194
19904
53314
10471
53890
98048
66282
97815
98984
1318
81368
93793
59782
14217
43798
53472
64567
33970
87201
77685
9714
85864
51466
16781
60426
31854
8303
3171
32962
83137
30897
24175
79512
87920
41386
53500
59253
56336
40867
46456
40998
40956
5596
74563
17107
73097
66137
90534
16807
31329
66491
48180
69206
76569
39736
30635
69258
88573
99718
98225
43026
81298
27602
44919
35519
76735
57225
602
36548
80475
3359
50859
19438
11388
8924
346
43533
46124
53760
45890
67903
26804
51196
4718
67282
38036
91863
73579
19931
35640
15650
94349
38473
21855
20544
26963
57515
61454
37430
95787
14500
46915
75248
99266
1368
44636
68568
52167
15772
80301
317
68567
81685
25862
21183
18673
24103
6906
13300
37696
19016
4607
47104
78699
96181
2465
23616
58914
2637
12031
45273
22260
74978
58363
16013
28168
67738
13613
59634
9995
4539
61283
5219
19662
44339
95310
19233
96901
45488
95889
53607
70251
36385
59718
73214
15835
86029
46063
71445
80220
11288
21046
3897
46914
7172
19774
9645
38044
89769
89135
55125
22631
81301
76930
90424
38840
54530
37897
98153
26779
63708
93239
66628
47711
34392
96334
19502
65072
18801
27954
10402
85163
58052
50119
17123
76846
83066
94022
35916
91481
99841
61061
48286
92113
58519
93903
2737
10539
17725
76304
26123
77917
61498
81234
23194
12928
85920
37298
1197
59993
5536
36548
91432
76018
2866
12717
72095
60620
53471
41144
52627
35029
71522
81155
33494
59593
8403
98342
91949
87849
4803
53743
83065
15117
29229
6083
35158
66703
69771
96155
30512
87739
82926
77937
49002
43088
97133
28586
63025
59592
17708
95599
62885
75803
84787
16399
51224
26178
2909
84318
25300
23917
60056
92996
96855
17637
89247
73441
4914
51660
11444
39601
18985
87334
60302
64905
27356
78378
57144
91336
83454
22542
12770
53408
71763
57654
22051
56296
90569
26056
71201
73729
75471
1186
95155
14094
98195
84184
143
59249
48933
72273
79164
64331
40067
94138
96907
91193
12893
35434
96987
89915
29491
4037
25348
39117
56099
7291
86992
61129
42355
25759
69125
46930
55395
66761
47675
81296
55945
40667
86369
59075
99631
68238
15095
64219
84731
32519
55101
93207
62917
45339
20378
39680
29143
83480
21018
99947
51331
92550
58372
27416
38247
8264
82581
34028
51766
31014
44729
85289
93598
75221
57150
85034
77672
44786
54589
75913
95113
96402
30218
78421
27531
43246
34121
40993
16101
61755
57720
84574
93821
30576
5233
94848
65038
44386
26271
88753
76327
82993
11342
72462
45710
9247
93475
68352
18194
27846
39781
4051
24983
76428
42861
11568
11042
25774
30338
33102
54318
89681
76801
14594
1704
30970
7308
86784
48584
43921
97089
68921
23167
81155
30643
12271
88084
15314
14314
47481
18778
67712
36781
81267
52923
33892
58278
40734
38755
73541
1504
29143
39803
78611
46143
44726
15033
97697
14769
41969
38631
50208
27423
4459
70825
12668
93809
10168
93195
32477
98482
91169
9001
63201
29668
48175
77177
16461
33058
62860
49080
43033
35548
44370
97776
87914
5348
7135
26950
96037
464
11299
27070
77818
7419
30811
73482
83450
83778
95149
68389
6583
50220
62813
37308
93060
53061
16745
47305
27348
28945
84034
41596
8443
41547
4769
88424
14673
87
51207
81115
40184
43816
53089
69826
83371
34257
90385
37285
68665
62644
86834
48943
46604
29179
18042
80442
91931
76642
97572
53521
6884
12283
96011
30876
4743
48475
47463
9263
60829
73635
9592
13269
11306
83404
68645
98413
41679
78927
10236
63451
61994
77854
59673
87775
45057
1164
25214
60724
64149
23649
90804
51941
4586
79213
35865
63273
24639
96567
51801
11998
72404
77665
43153
9108
90368
19420
2704
47183
45946
24284
80332
75104
26262
97071
80946
43279
58211
88101
37819
35565
12343
33418
80703
1157
93600
63257
84434
9238
9425
2032
98094
21043
28067
72737
53749
69236
49857
84618
68679
24458
73555
21066
81673
93260
20982
95557
26143
26830
12724
49953
73687
53858
1654
35665
83008
52725
87239
90537
20439
72804
72522
86713
37402
17710
18556
47621
65759
96689
85948
31032
68611
54410
27567
99694
74696
2003
85040
95289
3316
77383
39353
90540
25207
3532
23855
41369
75500
92279
58960
14231
64524
64276
39502
1482
41014
51567
63139
17254
33406
60034
78616
36624
5704
85045
48981
95350
56170
61142
31921
76411
20553
63831
69463
56620
57817
72761
70115
23593
58391
6875
21588
22220
52424
13622
60245
9357
50564
92456
50173
33689
68269
78164
95852
49225
63784
78508
21027
51450
97868
52363
33072
27222
15375
18318
36446
64299
86657
48494
98373
90213
11139
78914
10728
37990
8139
69350
25743
88773
95515
99181
45655
4988
58475
92295
87819
41834
77481
51750
78283
95031
45572
47289
38129
97519
56160
97331
37088
29201
13780
21900
4179
85590
37977
16826
65631
5465
22645
88102
11792
37549
71704
3381
84863
17563
27487
73986
57882
53861
13059
40022
85487
71168
73475
14831
11972
90242
27831
71666
94275
59026
30287
53729
77200
90123
55969
73196
91285
23431
59655
16579
42025
84119
59196
94885
83593
97655
62930
46658
96857
99989
69324
81046
3413
69398
7398
531
77568
26034
79986
21479
54707
49791
15140
41786
55070
35534
23438
13604
77489
35911
32463
99885
96997
9435
99888
97568
41063
28251
84900
74798
9900
36588
24916
44691
1355
71818
52565
31922
92878
77046
38066
98579
67198
55535
55058
1253
38910
83195
62636
95728
50755
69315
23500
13813
16311
14889
87635
26418
96323
77783
87747
93534
24199
1568
80796
2065
89849
95108
30220
51465
58941
49977
58045
35562
44492
43883
22183
43047
83932
27809
34839
4129
38607
27834
22394
99926
20787
67734
66552
4199
19239
47342
49093
17838
33778
11013
56701
28445
93884
7645
67938
81253
80588
64725
81291
14354
61376
28852
19028
48765
33106
95202
49181
7965
44225
88871
32548
88315
26849
65702
70129
10735
73611
81464
24931
75918
87647
31811
75577
57530
78512
56002
64849
47589
27952
25077
98096
50483
71114
84759
8988
19468
23522
44963
58142
90498
18119
19280
14580
69826
91747
95815
38094
82593
45444
53312
29386
28300
89797
15118
70748
8672
38469
96689
53621
56496
60888
62357
11186
97440
23669
63739
66208
51834
26970
94362
11471
87235
94151
93376
24637
59010
97789
6368
94474
52793
22833
62519
44092
58172
3753
44478
40066
90213
32471
11306
390
99905
45850
64742
17525
83567
49992
16115
17022
64513
60755
41159
12441
66126
34758
12539
53970
88522
64349
10826
14021
34311
53426
47768
44323
88530
53883
98286
27443
15398
42785
83014
14936
69119
46958
35338
43018
12376
58995
6151
55775
83527
18971
39402
84245
55645
97751
29617
42251
51647
83365
60598
83926
42007
40302
65753
42634
41846
41900
74651
53243
47877
56189
67680
97779
87534
52372
98289
20362
61125
42084
30599
74465
7641
89120
22560
42919
1494
84441
5378
89784
53365
33605
38861
5277
19138
92461
87239
79617
80962
54230
59339
46869
22176
3981
19462
64415
70469
68527
80291
14800
99752
12017
52967
99792
81945
9172
82813
12715
8230
77250
88941
43794
87913
49800
2546
42290
19343
34358
19632
8913
55218
22498
90305
64256
24831
78415
10235
46093
41525
41767
49532
21446
56546
72768
16756
38515
54425
23885
21436
85920
34846
83357
13374
15781
16472
3024
59616
30484
89814
42736
69007
46141
92313
7465
9805
24706
22399
17650
69192
32741
33142
456
6943
56543
50806
4306
39650
53765
34552
86157
6857
62083
3842
25475
86348
5500
64493
20575
80325
49823
91722
34261
79507
4687
91780
85199
55075
96487
20966
22892
90307
62765
126
6705
25475
44927
53433
84586
46168
80173
50015
20921
24160
75200
65477
13105
71810
88859
9958
62465
87815
77839
97558
61994
91387
66548
91818
44330
26039
57588
61565
61945
81397
10372
97803
3662
1361
13650
32387
53200
56840
95778
84297
47821
94034
91823
8674
10189
39048
97115
380
81944
56330
51636
36578
87545
87443
10766
29140
4231
47998
73855
33201
14307
69260
67385
41657
17179
21213
90103
28965
7664
76983
36157
52380
79337
16469
2779
28895
74776
69443
78620
7302
41634
33307
66367
29228
2476
50517
35382
73413
41329
41543
47596
63634
93307
44233
90552
30509
7011
74339
86526
45212
7488
33725
42669
96038
59054
93831
22185
67811
23811
52921
38893
37881
48204
66850
23762
80297
1362
6585
35896
65730
95815
76080
26499
14965
24742
51399
25678
99601
42665
93866
10555
231
20040
4275
99677
73570
43040
2603
23825
42528
4032
50550
5370
18110
58035
67874
37416
45451
77181
20600
41767
16407
19407
74173
55559
2263
91005
90372
6933
28347
22992
51331
32481
12663
5638
6246
84349
30479
69697
44700
56427
36253
32140
66660
93247
47143
65737
35435
35189
4216
49679
40210
87005
39349
5823
11907
37448
70802
55411
14449
66162
67045
42181
60542
44748
65764
56297
35325
14553
95887
83188
49880
19057
92768
93067
79295
71549
63578
79452
87969
11396
29559
90279
52870
49039
53304
8566
38464
98064
18805
10266
8666
83169
32064
87254
55542
95459
60864
24486
53344
79432
94209
77485
2212
10237
36916
12225
41287
21848
78006
15730
18911
79122
35937
84829
84527
8729
24061
79198
10164
61606
60625
19119
93098
24728
83507
66959
28310
53147
7001
4341
60728
71639
44337
60113
26581
87648
23344
33167
81790
25892
94542
21553
46942
74827
94683
59998
81594
13183
41624
32942
83062
52740
69819
37790
72812
22941
55985
23739
7183
31007
60762
94553
78652
79835
46523
16982
20218
80524
9640
11310
69426
79743
63808
18610
31350
47279
25982
73725
86565
14317
39239
80726
87998
48506
64932
2576
54452
46926
66029
70712
86023
3196
26489
28307
24648
12211
72681
3176
95046
60126
5517
84133
62200
29815
34192
83659
37624
64327
25436
84249
7130
68711
50227
31384
47603
66059
85128
74464
82358
12185
63430
6836
96904
68142
12003
68580
56393
96656
39485
16815
50545
58894
69734
41633
33663
5721
93480
15439
38190
8375
67482
88282
57441
18890
31789
48566
42757
90991
33852
50185
55248
73342
51402
4335
18836
51178
11925
73799
34256
64070
22348
55157
19099
24275
93413
56305
83408
97677
22777
10324
60470
39110
83479
36175
59370
22921
23256
85312
24279
55408
28699
21958
42925
55058
58550
6324
72377
39291
21615
8240
94490
61167
90510
5035
2938
30567
1696
5105
81695
88903
54707
39376
50189
18808
61186
44433
78832
64989
28087
19380
82129
26148
43874
34024
33680
39205
93599
79947
73702
84398
45917
92305
97421
69525
35939
37664
92395
93238
95458
84400
89898
37774
77013
7550
28612
76951
6826
40950
44676
72762
80371
51851
75230
36716
6191
24463
51599
3280
60087
4216
51061
34636
20415
53550
18946
60540
51972
18026
70674
4130
58441
23604
23974
97892
3321
43275
29071
69047
61348
19657
23080
56497
87079
38607
16251
74304
19881
99615
36257
17621
35381
31720
71909
57532
8574
96153
45638
34317
23006
27098
8767
38591
87477
29578
97800
74018
74307
70252
51744
8879
33547
39163
54607
68181
76711
18952
39623
8220
79512
88666
54777
68630
61777
94178
5831
34144
51712
4849
96971
50500
65905
38857
48657
59785
51931
45343
98247
42918
79901
45100
6022
32534
96301
13955
21830
15980
24457
69148
15962
72876
15370
74082
89143
47515
95797
81772
54041
47567
57555
1514
79369
78871
1578
19788
20995
32157
16357
44420
26874
77208
39108
44644
25532
69786
28600
10684
36419
22629
62194
61803
54053
85799
89949
54976
35259
68430
73600
41179
8323
92555
93887
42001
39110
68554
62089
82717
34326
86284
44507
13535
47916
50844
99274
27600
58917
3534
15756
17246
69793
55896
13086
36383
19177
67514
63101
64681
11221
30472
80019
68496
67262
35661
21143
39633
149
83230
42225
39778
23233
47007
29099
18896
71000
49779
99669
31012
3057
99683
84788
4065
98892
46242
37986
37711
6722
65105
97454
79770
84034
63741
20373
82683
5215
98739
45423
33933
25121
62668
5135
79904
26598
39544
54710
21987
79201
17596
60694
6401
92547
99279
64692
77139
57997
40988
52507
38070
76752
28294
79441
76239
73216
84657
30778
63882
20293
55398
32861
42924
46475
37715
91385
17295
46954
76014
14525
30290
30551
17692
63955
69176
11465
44016
60746
22592
96675
22787
54083
23949
23172
37980
95752
2194
45040
27978
93050
56043
92812
72583
96113
41871
58906
89349
32800
7904
95724
99752
77240
86029
1261
42459
16796
11710
3795
34234
36175
48328
27442
31978
69142
76198
18808
89553
69092
21694
81997
94233
25698
50631
11039
42735
62321
45614
80791
62925
71770
63086
21582
94164
26740
68166
52512
21607
67407
40883
28448
27479
71930
98454
13437
4885
85570
84223
24906
20769
90120
14133
23790
72233
23825
73064
45906
54179
12389
2636
93467
8982
98714
55010
44397
19395
111
73682
15389
90712
75653
81692
30797
84482
9837
55699
10782
50978
14704
14162
42868
3144
17445
59322
67769
40954
69510
66703
21222
87063
67294
96495
13623
8881
34476
21314
87616
88344
29744
15081
4496
74745
57777
61124
71938
85034
90587
47085
79836
26981
5155
41618
73175
2728
84623
3490
41717
96276
95326
2812
67126
66198
81762
51539
23847
74597
80056
6424
90885
31532
47054
9
48448
60026
71066
57194
20658
61213
2822
29420
64880
44261
27454
76725
22647
87279
49690
1993
52763
70695
97331
9373
49046
58577
34204
10925
14454
99287
32373
61035
65341
21120
72488
98451
8787
76544
75994
94780
34174
82393
81887
62447
7453
51492
9106
92287
90198
69993
94924
14494
96425
84231
67324
67229
53315
8572
29154
18444
2971
38290
2815
8040
1067
88952
33280
49996
56893
30462
53684
43773
37172
61483
85721
56283
8015
77088
54017
88328
34056
48088
58304
96394
77744
77296
34759
78651
97684
3447
51229
90582
66668
24602
84187
5591
21397
66446
1725
79513
98727
13578
91274
55586
68821
1273
39370
47523
19899
10456
15560
6375
98857
71635
8705
19704
21815
11283
76430
6119
69792
23161
57204
55141
9978
43816
35616
35940
11023
89894
75116
32200
96401
29984
26474
22438
7208
62734
41998
34762
79824
38772
69285
3166
22447
6446
44864
98831
16052
5098
18971
12521
66969
930
99855
90709
83951
85056
7248
63473
32207
31028
43632
91939
60883
89180
40937
85834
75579
35861
15713
56128
1447
5420
11912
90421
27231
9450
56361
56992
89844
58499
35717
50639
14773
81574
97970
70440
94383
87910
7133
44024
65641
53084
78406
80399
9071
77948
30099
66513
54374
92062
25681
15300
15875
61763
71195
66085
31685
29432
70456
37609
4477
91530
71264
67955
28239
14760
38356
14744
16895
91156
89625
40690
12417
50631
47752
13737
26345
98408
92081
60990
52023
49512
12035
16508
70353
47795
27413
36308
88834
11788
79612
59029
46820
79385
8529
86586
34562
1345
44871
712
47702
53950
92915
98389
33110
75740
9168
84663
82614
86639
6361
95122
53575
90459
9431
25371
14865
5278
2112
96520
94946
13871
37663
30953
65961
24263
67677
92106
88384
93455
70250
42586
93364
91386
42617
42694
31459
68151
48644
28572
92762
63972
62738
5577
3929
83806
66236
55289
6408
43659
24506
44211
48871
82432
17103
39736
89721
38764
20102
83828
75057
55429
34195
83549
59304
500
27813
61193
28789
48082
31742
48135
13042
10361
48103
26260
41635
36717
29099
65575
98682
70321
64379
56836
89421
17163
51138
20464
85501
63700
92864
1927
45129
19639
75576
66104
81429
3491
66996
37628
30428
35927
48352
54768
81292
58792
90354
40773
77942
3575
54274
81215
94166
80091
30303
76814
26485
45403
48961
6944
75910
75298
71977
74517
97478
35343
33525
8314
82149
72727
51168
55257
60744
45714
40434
75318
46735
78580
89649
83502
33608
36462
58267
84969
59546
42558
83803
53382
26606
98233
85456
74946
11089
98324
47965
95932
61592
40209
89910
41480
96968
56634
73457
15312
37162
53261
56830
91837
68688
88296
35648
30746
54600
3067
78991
61551
5149
28844
30378
57858
14845
48704
15102
33145
43849
92180
31122
46423
37571
83088
59851
75560
90540
46096
46112
25096
95151
36187
63413
30271
56127
92490
49013
76867
9280
32628
52269
74481
18689
61821
8940
68339
89602
67060
45445
72528
82613
61405
88378
16018
57620
82089
9118
11130
72395
39489
7211
21471
84369
296
5601
11194
83469
59828
13458
31284
95147
17887
41671
89154
99667
76417
19031
49903
15020
55371
21220
75939
48209
15286
96376
8009
11210
33415
9915
15098
88191
46523
54047
44861
36502
87741
15871
92254
86295
53430
13568
49893
51495
4242
93474
30409
42812
44604
70415
59541
91030
54201
55412
95228
68585
79106
65020
64583
94886
89905
11267
44074
32239
59318
70873
82833
41087
74660
93896
3516
78170
50564
27517
83195
40151
32375
46162
18333
36430
52441
77128
36963
32986
5198
93752
41970
45639
24158
3773
42547
47326
10298
6689
12999
47716
58090
69129
23804
48402
1995
94677
81664
65303
69547
48084
27290
35075
47482
64633
86721
64570
59371
38829
13426
65388
64736
94427
2587
93663
25737
64634
22958
58852
67440
59747
41333
79356
17705
15013
41391
14863
35312
90973
20488
61653
39216
34669
60412
34114
5819
26943
31857
76843
71503
12140
54873
43776
25205
31589
23955
55014
8195
50358
65794
9532
52589
56951
18381
76467
3392
65825
7402
22237
5797
87400
91263
83303
55650
11629
19150
1651
83233
80519
96531
19441
63386
58813
45065
22768
83849
17388
57196
87027
18400
21599
58431
35407
81355
3483
80059
58271
41378
44593
