87059
51941
81500
96401
6488
44766
27926
187
18171
947
7239
18110
23758
79644
2847
73836
44863
99199
37291
24566
86150
41012
24072
30412
54632
70731
30223
92046
31555
46274
46314
74926
72116
93097
95077
51504
48989
67990
83703
19685
7064
50220
3766
33910
43906
82278
33816
32706
49277
85152
1979
66788
21551
3728
26484
54518
35041
39678
67685
23033
44766
42417
22503
89863
50325
64719
4568
58759
32488
74182
29939
73042
12319
90410
15244
92022
80995
31779
17209
21773
33756
3100
63193
34866
96643
20829
1998
11891
97418
87845
39867
87251
91294
29893
99135
16179
55504
97365
4036
46966
38566
19023
34199
17002
95660
69179
48344
39043
41198
72864
70308
67818
84962
93690
17948
30982
24508
54251
17387
1701
68049
56427
55611
55542
14905
80395
12815
51247
91072
80065
58931
43972
68245
75568
27796
62986
19843
78963
96922
30406
64802
45236
64529
51664
49332
37263
49916
40340
27213
90900
3338
10172
28138
93365
28910
28001
90976
84507
79755
15365
52747
89232
7739
29828
8679
6662
20198
11184
56848
96344
66478
23852
88272
35082
56529
38320
25909
20505
51459
41011
36406
99964
36963
66263
29331
55607
41585
34588
49617
92099
66024
5387
74463
76186
60858
53663
55692
26692
98765
23769
10083
62920
29159
73154
95037
60808
9536
23763
81271
54876
1556
56961
6882
92152
83800
96658
35157
87354
83727
12111
88565
69464
78731
50029
17259
18466
71804
24667
42819
71923
94631
90673
4933
32952
54779
74777
80681
90826
64825
74031
36585
89840
92692
92117
83596
72866
50401
74898
40781
49205
36431
57026
47325
95765
60199
8356
80160
64851
33327
3939
40181
28650
41614
44010
70872
9736
42318
8470
80277
76322
54642
72977
33928
38182
64122
97866
52603
77074
7884
91016
61238
34853
96118
43011
12430
96842
18482
79305
37475
79337
47178
57221
61762
47546
88365
49
51425
77220
39934
43123
31919
66636
42614
12179
90887
31806
56312
16967
71225
11834
1183
68715
19305
30025
17411
3508
38438
2180
50033
96644
10924
4361
72746
39865
78689
93967
73698
82791
79756
95555
2394
99283
93878
1474
15961
34015
47420
66302
40004
26256
4185
17705
93830
73766
86128
40784
1790
68547
23239
30908
29228
31011
38855
27987
53753
57636
30554
30830
73462
30977
23104
16323
23639
60031
52721
68184
30927
21533
91847
56766
33669
76392
34496
6922
50264
60488
17137
74037
57530
15271
14686
5679
2557
83585
6154
23361
41234
52952
3755
15718
86414
45740
23533
93001
2432
77088
79650
71825
62999
82806
46795
65254
18446
33757
14093
47191
85247
27704
341
50194
186
84904
13154
64758
60949
69652
874
41564
80368
13323
72608
62565
92945
42230
29309
93765
38358
1248
53308
60629
29215
69412
74388
38560
48141
30198
57705
233
22802
16659
71277
84751
43099
63558
94560
35472
35311
76561
70701
38423
16014
2608
68014
33635
71878
79129
40078
42619
82832
57608
15587
76384
44246
66507
61530
91737
74616
73120
70256
2281
4338
61401
49978
52097
13648
14918
10016
15620
57242
98812
33452
82690
68239
6136
92660
41225
9451
69750
38292
73456
31104
32662
82350
59837
38968
90498
26919
94062
82524
82151
8604
80877
65563
62222
68250
23277
2519
93715
88139
93939
23982
38388
81289
9453
91661
35014
47130
6126
89815
86347
87250
68797
18765
79181
31100
32956
70317
14787
14625
55857
1661
2858
35752
33580
62546
85167
69096
22118
47361
9256
28665
24989
74121
72576
55389
80218
33169
55407
21583
42152
54653
25931
45652
16372
67768
19195
78151
51359
96502
89858
40097
55588
80659
58370
49082
88157
15874
72497
19408
22196
31340
21523
70078
69935
48307
43388
92635
57124
81883
15156
69429
70970
69638
57116
27312
95254
68070
39689
11766
17237
52388
31353
57170
80489
57915
99486
17282
26323
10212
970
42287
82723
62237
96211
15340
42229
55657
28080
71601
75848
40942
40220
56955
88011
27594
62408
93450
84942
32137
14411
1642
75739
48022
82326
99606
68732
67448
42636
41661
68455
36803
74134
96964
28835
43614
96342
11644
17120
64401
9412
6091
44597
65057
14577
9062
26327
89991
50400
86597
18866
98514
68836
67220
58803
58717
23941
37095
49321
63014
44659
58988
68532
72370
95434
20691
97431
75872
16003
80677
43633
3086
709
22870
48888
40034
74471
2874
82088
18403
14076
86345
1923
77787
81494
3150
48948
76177
53907
55944
37406
11431
90957
88014
85632
43785
75727
47752
15855
58571
24033
48452
94311
93662
89578
80699
56507
17342
76177
14784
29107
2061
92220
27183
97210
77764
82098
44891
71542
73376
43423
71041
12656
8850
87035
58372
82063
14817
81109
62882
30326
11734
45453
76207
27743
94624
67211
90041
74256
59713
47698
26060
41072
99331
52673
14956
87036
87642
26527
3097
47413
71738
50979
9342
46459
32970
53347
58863
73141
72664
72675
75148
97298
5089
50326
45376
12035
47298
84712
8911
4716
73145
12246
17219
70500
87724
88034
86460
18249
13547
84042
68926
40164
33207
28598
99114
47380
1126
83352
49925
86502
57151
14405
19424
42370
36777
71043
80404
18976
96135
52002
91006
51278
39888
46514
93212
69507
59126
81480
15049
93814
22650
53594
54005
45928
90348
58604
27739
26921
91280
46375
45911
92199
26310
14446
50850
74043
86560
49087
46212
50422
67476
37161
65636
10068
97488
12573
93130
79184
86072
94560
30385
64661
93794
32547
10917
99571
95567
67674
39497
43828
36665
81172
84558
55322
87132
87514
73279
40494
96119
19575
49410
72802
94777
65629
87677
4873
25661
26614
682
11516
84039
79769
31203
96379
59512
90058
76195
50222
13563
9948
52016
74572
46361
68392
54919
40790
90142
19442
57030
75582
9974
13765
78333
3047
10859
71975
39887
64161
11125
23298
30719
48112
49715
39456
51927
40215
13801
38191
95895
92234
62957
86995
2878
46213
71288
46273
9941
89539
94974
99421
81569
62984
97438
12636
42478
90663
20838
30793
27453
36018
30828
64192
84298
34164
27127
52386
79627
70919
19998
46965
23373
9653
29112
35721
85181
50808
83626
28973
50265
15740
48946
63517
1468
65660
3306
72993
6182
79563
77873
43000
11523
8732
34202
13251
85754
13586
72879
99221
32516
96519
1236
63627
85091
29501
28789
61922
54622
78764
25494
59020
67238
3075
76762
47208
13054
27759
894
39804
43368
57229
13842
4749
37713
37878
89550
21259
95209
7355
54154
41485
45977
53349
53842
21081
14493
14052
74293
59032
453
12321
81736
3538
2777
71840
6140
5720
94035
79767
12629
79372
47611
73996
73193
81174
49942
77180
69361
29686
1099
82835
38211
71952
49757
93250
1251
62221
79679
76628
19112
19879
53383
26998
67788
85951
48612
86385
42260
55017
80962
48477
97221
79949
49092
36340
80145
35562
33851
65814
43460
18616
90519
54157
16054
94747
33852
37007
87929
60878
92553
43368
23771
28971
47636
94240
61137
43825
72696
46578
94591
38174
39687
857
88111
55167
48537
95879
96921
18069
24445
89858
26141
77155
41599
88272
70566
33252
24780
89115
97105
76491
97261
20433
20401
86878
82747
42467
59161
30650
26447
52907
2283
21398
77471
23839
59643
37311
49717
44681
35059
27117
71252
84009
95385
3941
76042
51063
99685
65384
73673
45838
87765
67115
51895
22413
75607
98843
34467
43764
57064
94004
93355
22782
1138
33274
73743
56541
10134
35583
96397
96276
41327
21745
68487
34836
72356
19725
31300
53941
7842
61912
32551
43754
46916
66113
64567
49945
5240
98286
38404
2214
87445
43156
64829
16860
18348
70521
40349
81559
47717
43203
98342
86850
69699
14180
98471
38808
22343
10685
23195
42541
50279
21645
2751
17622
13203
36228
30220
16388
12592
30554
51528
71021
38700
74881
20147
51937
52697
12791
84862
96237
47868
29475
61691
30212
58003
36871
38487
88357
57420
20304
70219
15930
69141
1193
4945
86157
59188
38287
88643
10986
52493
63614
8361
7421
88815
38723
78798
41340
35060
889
59718
52867
34038
54275
28845
72336
68476
82763
56947
84312
31750
70713
42924
35080
80170
45623
38988
84062
75673
96393
90729
91761
14479
50997
58334
5221
76026
47028
25491
60964
63335
51407
92721
94380
57958
75755
13477
12608
90204
77055
2574
54297
92115
70478
97044
98323
68817
52348
30250
27737
81022
49740
86102
54112
4624
31843
54995
25787
22898
55637
22465
99240
46466
39186
7426
13369
36713
30867
17363
37759
54968
14332
43651
88821
56092
1277
37729
6543
48347
66992
78006
75350
96149
70643
60531
58469
11802
845
25543
13226
65025
52072
97685
64815
88637
21931
75426
3362
19609
32424
54824
47037
75921
2225
28006
84122
1299
88052
46579
14297
80016
92717
69703
33918
51376
46279
44770
21136
55723
85235
55254
58357
60451
1129
16461
34152
11501
5746
62856
13099
46279
69170
10326
587
35111
91802
90557
80065
97935
46927
78113
68235
16575
87386
78199
52053
94839
46584
72134
3960
11543
25651
78734
98825
69162
76895
67257
98566
23963
33063
19571
1992
83038
71745
45734
10465
89998
77323
33765
18617
71169
84632
90187
75344
40568
58057
30819
96312
1528
98940
89946
98462
71437
16070
53141
29255
4351
73646
83832
21327
50924
6322
91662
84366
76720
10812
10408
31792
59395
88594
64066
87801
64093
30373
96306
60830
66566
41835
86738
57624
83135
5730
9392
70825
98492
82212
28205
99449
78370
79239
99034
54364
85676
82403
58267
47185
7381
57118
54139
32133
85882
40561
53764
45250
1672
29210
9098
99473
85310
42644
30809
53612
97840
51962
84855
685
78575
52886
40159
18735
89281
81341
64608
57946
92615
96477
92420
73127
37950
97886
53774
33681
24880
76368
54970
36647
50975
16101
92642
47247
1219
38042
54489
70440
17860
79584
2490
69877
13117
69099
70169
17941
7385
47441
78592
79753
27423
30668
24050
48558
68427
43159
46990
67888
87813
50793
15245
30550
53258
38916
82975
42109
26737
96508
30932
1371
37258
24324
40777
72152
66950
69074
62544
41395
14971
79969
19205
73194
43058
24799
82679
49482
28792
43723
38008
35969
26772
62447
76461
78230
67254
11943
38929
31249
9328
24197
1190
8477
66378
49581
98354
9053
41542
9678
69663
70200
4856
85603
24034
56412
51901
99229
29689
20535
18654
69939
43976
36229
75234
30260
76654
42708
12846
61272
47841
24031
69748
79052
55530
80673
14785
27774
37615
11133
29281
49866
77296
10945
90141
81072
40391
86448
28871
93005
71905
78526
47432
11744
9697
73631
74144
37065
95778
52917
4703
68470
94440
76941
81586
35911
40309
89185
71249
61372
62447
23889
67020
72759
60222
68557
79692
30767
53899
4013
57396
33264
30907
16165
33416
82772
8556
15418
7469
60488
73185
15629
94242
73861
98783
19298
70318
27106
32452
88799
13366
28014
94899
65156
77862
53944
64529
96276
83423
66733
53305
3530
67937
41577
56669
95706
99124
28170
89568
170
60551
73566
32237
20146
29061
25092
1347
69956
3586
60726
18694
81010
51810
97320
40803
95244
36847
35334
52783
22102
75815
96414
34961
35841
8655
82799
83951
87174
83563
15101
81246
91876
10232
67936
61460
72577
57261
78796
72679
44619
92322
94353
46962
90486
92729
49642
25475
30956
67253
99615
834
68932
79576
43503
23376
8219
75838
68586
37819
71289
26604
48133
17473
49377
66975
79652
44913
2316
20856
52146
40401
38802
1359
57915
29037
25156
48646
89258
95421
27446
68669
45240
95555
37616
90272
27580
33914
1968
23188
58897
46339
2903
86940
44389
71050
70535
64940
31871
92326
91434
67118
29086
5477
22239
300
10637
55158
45964
34736
53985
80649
79237
54296
86602
85977
4709
38244
96473
96120
3519
8058
50168
72213
5303
54599
67036
16683
6161
83366
69982
77465
51072
81992
18361
41412
75167
17033
18357
3906
70981
5042
10622
49953
55950
56220
87913
15149
29092
29006
21718
77472
9819
98268
74591
17023
24063
33109
4576
5826
87859
82341
30853
67485
81326
70179
15394
29594
35790
43716
64256
30147
9751
70987
28427
91037
73335
6513
7509
46904
34766
86109
61864
98170
48492
97622
62211
76192
88218
73420
97438
10161
62060
79224
19965
87884
25403
60013
91501
58318
98658
48343
21463
23876
27288
12121
40399
40354
53710
3335
61327
11490
43949
81886
57436
49155
13639
59263
48258
39252
79232
74137
43966
33607
81545
80690
51530
28804
99180
49832
45342
28301
932
4373
81546
64906
92994
70257
94708
51846
16398
42060
80293
64480
50527
55303
23579
12425
45193
18910
30544
11358
99662
50617
86226
49544
36001
28618
32457
52725
61452
54641
43941
79015
30980
49164
75757
3063
18411
89896
67777
48271
32541
69472
5248
20602
39363
80274
99976
32181
50315
87264
66514
74218
87717
7058
17964
28736
8223
34331
36618
13105
97870
18557
9420
55711
19976
25481
9514
40119
28190
28781
95858
69055
40561
76719
99506
16817
96920
71114
16509
568
86883
24879
43566
5285
28591
1087
98254
74832
12765
25748
61683
53101
69787
43593
19288
89631
86932
46003
29110
20691
31122
51975
36998
28131
10351
93117
63349
59145
80771
53925
38999
80940
22178
96135
54375
86794
35288
35399
39262
89850
77171
78714
16521
46331
35548
70841
43584
62554
86024
74477
43230
41420
37379
43495
75277
40671
36304
21869
8386
72657
38082
65837
37588
33600
46625
27882
64587
31783
10852
40124
8322
83407
87715
4312
11781
98033
49227
30991
76848
9857
75736
84143
75567
61716
11818
40161
23961
79156
5969
79317
36902
26216
65581
27346
59858
4825
93375
24827
70877
57295
75012
56358
98097
66231
15804
35285
32713
4498
6402
66252
52474
46024
98536
63477
83609
43689
23692
98779
34771
51172
77178
12672
29107
27511
98394
37417
6281
58215
91762
63774
94811
79348
31601
21275
82105
64414
22202
56139
50436
34138
75126
49788
31495
25145
84327
39048
75776
50136
8399
76695
87614
56590
64757
32446
71012
50270
9461
35171
52947
2816
63648
84940
76406
16416
59649
88961
90548
85031
42264
69646
57667
67075
63311
91358
85568
78579
8720
927
31126
71691
21786
85003
89384
89381
52851
41859
79643
93089
2807
42706
89853
70089
89904
29238
7398
92903
43855
16949
43904
12280
57239
48432
43422
25673
92556
66270
51
67163
96438
4125
54644
58637
41236
49672
19455
10719
8681
70125
81548
63579
83519
89327
81257
44040
23343
2189
49764
40401
35338
17930
69416
78971
4207
84794
39950
21635
26146
64778
68875
92840
60095
81013
37108
17682
98529
69561
34388
52371
97251
60337
66689
81673
64920
45554
92446
28708
98109
59566
88228
55185
97379
40034
41385
68825
93807
12953
32290
36727
63258
83694
28775
3048
5372
2102
27842
87541
44361
53489
70650
26056
6745
73791
35063
88087
25974
4604
63910
94166
25982
29895
76972
49484
48948
15921
49273
80928
4974
18855
4286
47034
39499
33406
50219
36854
64337
32115
63887
51115
45360
81349
44534
61952
96640
80790
19365
184
14089
42585
43982
23838
11115
21375
46897
27974
13162
33074
60831
58518
96930
93382
87158
6579
73740
55477
24416
2978
56517
27077
80071
27547
97765
7313
24711
81495
37756
83727
16965
87693
69452
27312
74288
32493
60880
8461
76818
25160
78951
98861
15695
6467
61193
49762
40599
23248
55285
81371
35045
95327
85925
45325
95980
25722
6302
57687
87736
5985
78691
60596
52186
68827
39030
49155
3325
41560
19469
85970
19076
85487
11945
75981
42080
94878
47835
64873
23187
65809
50882
73195
2798
51955
1662
52125
74022
65704
96057
4329
33032
94412
20653
4255
5620
34017
22863
54272
71175
78609
42110
611
84033
59510
11307
89431
2125
66435
60110
62443
55165
42761
77895
32230
12013
32381
59065
15251
69164
46855
96578
26859
94329
28772
93137
59735
44876
39297
62411
51133
11943
53616
77143
13435
91315
66545
92839
67348
54758
59074
37048
8708
66379
66066
63006
47270
19194
88996
5717
22982
83658
85855
24544
97801
75499
85001
58703
28846
48210
20073
55601
20240
53826
10540
83612
30707
96827
75168
29701
50580
84171
77436
29306
15314
74445
66543
99368
51434
21697
2374
8735
35522
30476
4516
72222
30409
4880
68091
60817
57583
43360
3920
60489
56323
58903
5828
79954
94673
43519
42495
64454
75894
70817
66571
83286
86481
71225
6663
19471
24218
55932
70642
18057
96761
80290
37590
66110
78631
89234
14077
17555
4425
86502
6644
10781
21835
13499
70803
83295
27101
48135
53960
23925
25911
87818
62187
95302
68176
59031
62905
49371
26942
33415
90374
9356
60436
48890
10819
49085
36458
51644
95226
53907
80918
94959
57770
46507
45976
36906
60522
82216
9683
62890
35377
37400
81073
33101
46558
21543
26796
68281
32759
66782
18443
18473
87137
49182
26775
15095
3499
52766
12485
60741
69992
26146
25001
4263
98055
5076
31525
87441
96933
29827
35908
32119
35556
80125
53932
33757
53676
39607
76582
93472
42419
88744
6051
87107
46989
90484
80389
54994
46546
15881
25430
10180
26068
28399
54827
74327
51169
32059
15228
26409
26621
45819
329
43757
48107
55344
23247
92282
33780
26529
13246
38275
75045
13301
105
49123
67466
78610
5879
69952
20930
47078
57339
30434
24414
96642
48913
3326
77901
31271
81324
12526
66400
29039
68053
93336
50871
38071
52662
24228
6638
38088
7136
50661
55064
414
18846
68880
50570
10430
69012
36299
51543
67844
54043
80681
83524
66061
69388
21623
87544
30722
27660
17562
91534
15157
44424
98366
53142
78581
44285
94929
91837
57907
88319
88183
92694
85958
76798
99017
95353
16839
12700
58230
7693
3372
64912
27404
21444
62571
13319
28722
26053
23940
32880
76664
34832
2313
73480
68731
9025
36903
71317
60274
58621
65293
47072
38807
90318
32698
66234
71773
13877
18585
59625
38392
74723
30279
65795
90914
90398
12917
14027
86934
78053
94011
50156
15241
7154
16438
41887
28531
93751
63926
4832
17204
50882
20710
92616
75564
56173
23383
3396
19273
95698
76946
47026
28094
72691
57845
26365
25879
59785
52865
64194
26463
39898
3488
38118
31809
68079
58144
46397
78452
96126
57476
425
96564
5559
62406
68945
10877
10703
11168
80755
93338
19037
77001
87639
38967
54306
90382
74602
45015
85424
78344
36749
38067
87439
69666
21262
5381
17039
59508
93374
74206
35536
37071
28060
51877
60156
69955
10631
92711
7823
36313
8318
37002
47262
54035
99644
29512
2847
44631
53786
63252
71204
60035
81300
8657
20594
48948
10162
79526
57622
10944
84373
58793
65095
69032
32867
46933
9730
89444
63472
41071
36161
54721
69083
63050
46226
70556
10824
86822
9906
25721
37351
84991
49730
73705
9636
6248
73632
24349
41957
57417
72366
12692
69765
50777
42952
58996
78836
32545
98456
6233
27478
59718
66506
62640
24393
53198
53183
52744
96532
9265
50127
45655
62665
70689
33735
45652
86258
17829
74800
71466
80937
73441
31427
39713
15501
98596
70746
89139
4069
48114
37099
72995
76511
36382
27411
88093
7584
94259
32521
27625
94742
97981
22124
35877
89168
22445
52151
76685
20963
31067
812
16062
89285
45554
26031
25132
56224
38496
87645
27638
92678
31569
24610
29266
15604
61934
64533
13375
32442
99465
44673
35149
6826
85366
79091
23790
75956
96328
40788
47967
45943
26967
93307
19065
73821
28831
8674
16437
41866
3299
57650
45123
43727
28903
91201
86420
32539
38120
41965
68068
22781
54857
45423
2661
27044
92946
75894
98929
25977
88262
31137
36940
66187
82001
8592
91787
33595
48465
96555
75342
37864
2989
70586
56016
59897
76358
64555
92704
17319
58577
92777
57723
36326
46143
53288
26660
53435
78915
16180
23977
80675
6851
45202
6965
3541
45446
97532
71759
20863
69641
64573
38816
11855
84750
55284
63460
89824
15564
59601
97615
77541
862
88646
18477
65770
32978
45029
91168
8426
86922
85671
36226
17376
67550
80690
56062
59262
44997
9181
57410
38042
50782
29286
82254
48498
64485
44269
5736
72880
18503
96871
53631
73865
63032
1276
34005
61770
26733
97059
76172
10488
38968
91939
44840
8713
65764
80039
15183
65601
17673
5646
10251
14985
36193
8154
41800
34341
80925
69493
74273
13921
80283
10963
37214
16839
87060
84198
27955
31391
91905
53478
60592
68695
33800
67538
39435
77201
24598
7163
51175
17238
23203
36157
33967
69118
34623
10425
60722
74608
9546
94554
37841
99675
44716
74729
73894
20042
40392
94610
56841
6584
44925
57584
30218
32220
29597
52726
54181
1616
93179
97537
63612
86870
48601
28320
67480
91248
55114
8623
67957
77779
90944
20774
25789
7320
99509
34857
72911
16817
65472
84878
82201
84831
74933
3770
53357
20946
91826
61835
13356
93352
42855
66073
2505
84069
20496
93674
80859
77040
77250
56585
45167
9056
5999
50012
51844
84887
13238
55921
74863
199
98708
75993
61792
37443
56978
90007
97334
87014
76210
62866
87377
44120
3156
88599
70642
39448
66339
13905
83108
20432
19470
80722
16506
26234
66508
26021
65483
22377
38675
21092
33044
26702
5362
94613
34118
26304
96117
84852
67029
22171
19250
87664
62372
99844
27685
37413
34255
19983
19811
36394
23144
87938
43875
37855
9662
94330
85892
8438
76491
62432
20168
50471
58652
79861
45794
40852
76522
44184
47870
29453
9366
56356
98252
70264
89356
96857
25425
86569
85379
39150
40467
81086
74725
94865
53441
299
94624
17269
84378
87165
80710
54264
25885
92312
78734
43764
63180
48231
93530
64383
64803
98007
78703
77707
52458
57847
31372
36346
91694
42000
4820
3787
23421
94045
29851
85416
6177
75135
32135
67301
53607
81189
62626
43725
64649
71245
55560
27940
18908
36018
84605
47413
42988
44178
28999
12486
64668
70208
32066
5627
50124
93555
55045
88095
75093
25949
45812
91986
60341
8494
69996
84933
12987
42828
29102
37262
7058
18998
28062
22246
29220
11834
21953
41706
67358
6464
85754
25755
12328
71540
47951
22230
84260
9250
46103
59836
51977
37697
83020
17531
15891
53583
88447
85479
46558
72788
74490
86382
20246
53882
70566
15769
10782
44022
52731
64736
86379
16015
1529
46397
32593
37802
52560
66443
68284
89321
27905
1334
38465
710
27245
49682
19161
52834
29789
7012
6130
30832
71903
24306
87633
32514
77173
38923
29868
96248
28787
26030
46424
51787
61674
17787
47960
49940
1673
91470
85887
62680
19595
33695
21851
17176
96996
90051
15852
14407
49061
2977
80381
90611
64142
4947
67579
10860
36196
18528
50710
131
95413
83762
68716
68799
38741
13409
37523
55824
94035
33228
11882
32629
1441
71968
86513
59696
31133
87010
68120
93082
70256
53008
92804
61595
58561
95792
17483
81626
81613
14929
90008
15200
55120
72177
99249
91189
8602
75042
50060
35873
62684
19166
23503
16707
79774
68314
61784
63877
38935
591
59286
68852
38724
51539
41995
80586
80998
12292
14691
12096
14792
88977
94359
74658
29358
43556
20774
94818
72300
93195
5777
13060
7255
94710
43959
65916
52007
30800
20928
80333
41850
88122
84953
57370
29815
12494
7371
38076
12150
87492
69842
23808
11987
49926
47085
46665
18449
39329
17043
62283
24368
26201
27109
8426
13900
10266
46870
54041
18292
84165
42427
3730
84861
23235
5213
29693
3000
37129
56090
75221
69665
73968
42260
608
54266
13490
20154
40624
1232
70747
69081
83612
28651
70455
17057
67151
69826
19080
4563
72194
539
98802
23554
28794
69067
95931
13739
62746
52976
80874
55231
43432
48850
94050
65607
66267
52959
83021
66207
47563
31794
61006
18767
66778
67732
24569
35398
28605
51251
75572
65875
58476
25645
52021
11601
86684
46902
47881
57218
3227
60294
62755
71607
5875
3013
12818
91835
38768
10908
98762
21918
65752
44147
28882
68618
5547
20120
84791
51185
68167
63229
90043
90859
1469
70046
20522
5715
77247
64363
91745
79314
68050
86817
28258
7193
29441
26215
98840
34265
55519
79418
88374
18068
68243
2501
58944
27800
78465
25194
34887
20108
27730
53893
81747
45364
73186
9780
16609
55848
58017
55756
67375
96033
40926
35175
49792
93420
93504
74199
60766
28213
15946
41454
93331
11335
49807
37260
3039
83206
37715
36711
1748
88884
20339
99765
90842
68684
65770
28
17882
83335
24947
39939
5418
70074
19189
52472
87515
36959
70305
85872
21512
42377
72379
47706
62741
89085
93395
14289
6908
12099
87082
85576
12039
14447
95602
61273
39509
17639
7843
99933
52942
39444
41315
77080
77068
84721
1047
42343
35816
33232
85592
31775
86293
45604
91168
98670
17589
43455
74537
64015
85949
24510
52112
26032
59337
16900
15652
49031
44057
89060
63951
29648
3502
36801
80605
28910
1534
86765
90939
70706
67495
3517
65607
62613
95562
5716
56926
36385
93108
96576
33399
74076
8242
75474
80531
59226
82739
41305
76688
94509
77135
25077
74629
57322
90506
50502
49332
77658
52409
97704
47996
89727
44340
7911
56863
59153
96602
44399
41398
35712
66619
61003
70114
42973
81185
37981
31829
58373
17342
50151
95844
80310
2896
24514
19142
82978
49803
15327
56105
27277
7472
18866
66003
49946
22317
3747
75241
62936
98764
21320
67562
3085
55201
98546
44289
73481
93395
47408
57121
77968
19621
26656
96185
54245
67612
69256
31090
33825
67958
69345
10918
31299
90993
73915
30602
707
40985
80911
54011
23565
94098
47727
35268
66673
55329
5145
79464
90497
87714
17438
33420
44670
22786
29016
45532
69103
488
32714
23959
8101
76162
61831
70621
47394
10268
15617
52006
25232
22044
35934
12702
93015
24006
56340
48213
20602
97744
19283
808
32532
92637
88946
3682
96675
23789
69011
61197
43567
19183
16759
36855
75677
62715
87077
54067
62456
1900
87657
63920
81942
44460
94079
15018
1546
81285
80403
91208
6239
33803
34123
65081
95309
43820
63445
55337
54166
53879
3728
14649
37534
71305
99321
67765
25613
39922
80402
25788
37266
16280
20110
35752
32457
1354
30888
62088
11480
671
71067
22460
51638
53165
14180
6013
51310
36491
27864
16152
32482
51859
66457
24944
18774
2373
83774
85917
45274
5236
97772
91795
65973
77165
61713
9244
39765
656
34172
76469
30183
28666
90757
11612
57265
71258
5325
33508
1576
13507
30475
39514
36697
36608
39837
6504
28672
73583
88072
38607
6512
40604
87960
13542
84112
9312
67217
73693
20504
91405
20226
78326
22610
18535
94100
96545
74896
54850
38857
18061
46936
13462
50479
75633
88864
4467
36504
13633
72381
26065
19515
10689
70393
22678
30315
95469
39729
95125
66342
11398
66360
21857
33107
74416
97692
51626
19453
21143
42679
62446
95444
68349
48651
3540
38813
56822
60294
47764
44724
97913
90851
80678
40312
34297
27226
8382
87830
6420
6610
55554
59115
51654
71164
69187
6117
23418
5594
51836
28543
91244
72128
18733
49206
98389
82835
47134
61991
35495
97364
60005
18035
99498
2710
61413
76201
75595
82544
23275
70225
4769
79893
11052
81997
6072
37569
1206
3680
74303
94694
59057
56384
40207
98168
75247
64866
11281
72381
20750
55399
38567
86627
41561
99959
65566
7864
14541
11368
51403
35697
41059
84582
11699
41919
54175
72387
74314
45538
21925
86543
33091
25647
31812
40773
14057
41833
35735
34540
21823
97470
87143
63945
51542
83141
64330
88998
81771
66086
96513
23758
14810
91777
41132
73244
4618
50493
83779
17528
48286
89492
15878
55900
76045
42838
78322
57082
17216
30219
59204
73831
40391
97855
71784
67364
97637
50435
43384
32687
98100
270
5824
17011
79309
92790
3226
94959
72729
63229
1826
28647
10876
59256
45028
98482
55828
85961
81152
88463
76917
52704
86789
99272
48022
71197
29297
75950
30581
54429
80034
78729
91654
8985
23904
72740
82580
49777
11069
95803
51673
11507
27293
23939
85819
7437
76823
63155
63515
23676
18142
60904
34354
41642
87552
90394
91391
18132
96361
42072
40640
75771
39719
93885
19949
93075
98809
49079
98496
5568
43145
86904
72809
25523
37876
78131
112
81135
93546
65151
73682
20058
98438
75150
36565
64227
59591
31713
7654
24144
73386
24841
44484
48232
28846
38292
20058
11354
16213
52130
38023
39398
43293
71070
37656
72548
92249
25118
76177
93792
26089
52567
91340
19136
26605
59127
48436
4109
9880
31138
30545
65594
78979
20912
86845
1162
90644
71090
22444
37979
58952
55711
32555
49257
96777
67261
7491
20436
69102
87965
28438
68425
72732
19878
74013
31325
80352
86071
87599
51354
17923
93714
72309
30675
80914
48949
90242
20277
87148
73662
55735
52028
64181
17784
57588
29257
70576
37916
52757
52286
30653
67259
99201
58985
34248
35000
32957
59667
17856
61459
11183
73435
64480
6092
80145
12936
94661
39711
61618
55976
36739
54377
87774
77348
25657
90667
29893
45041
12516
21773
42862
75673
99611
74281
88244
69789
75342
75142
11604
44703
77190
7210
49207
37511
90668
91594
92606
36641
67325
38993
26186
65679
4105
21138
1187
14105
81717
3122
67827
61230
64084
25737
42256
51724
11206
9104
87646
10414
54260
37485
93105
72931
21654
68013
30990
85778
24651
14418
95219
7310
65537
2263
90466
28380
55945
22939
57032
70787
3822
9315
79377
92940
27697
40798
53090
9907
68476
1621
17335
40359
86712
62677
85206
48191
56386
8161
447
59050
82693
844
2047
5197
56921
60349
9696
23675
59726
68560
52777
30978
32073
26838
77672
50957
94874
6563
38384
84524
5897
61140
98072
89249
86837
63907
29320
9052
76350
5869
90693
43766
31452
48104
66103
52201
34409
91052
63256
83531
56336
1349
30851
92442
75938
65277
36730
905
3489
64646
32354
92662
6560
77174
11530
17704
68271
28591
23561
35190
92645
65848
61475
73291
10557
43155
47566
77405
13815
59304
29642
78615
82061
43233
22907
27104
37667
17677
55409
45874
22111
96332
99831
71726
19707
18662
55866
27926
21247
32664
38612
37500
7754
35515
43485
37475
55826
36665
24570
61880
80706
26595
16863
87367
2556
10360
33073
41703
49753
43271
68044
95431
46188
480
42515
40268
75676
5834
50511
78542
62452
93808
22363
66633
20741
45820
12530
29964
54727
72907
69166
27047
40162
78420
5963
89330
71785
10100
88376
28943
37252
60586
84795
9217
82478
73638
45378
92946
63132
19312
58888
29370
93581
32901
61088
7882
84227
21481
97310
74551
19804
62859
61410
36052
38272
54968
75020
7696
84586
93919
33821
87607
52965
72167
75551
11987
29330
69167
2429
99158
81938
58958
68101
11632
81309
35965
40158
56224
8613
44710
9985
32044
74561
19911
88525
5951
95076
71578
13251
55809
20793
26003
22559
23114
46084
1641
19582
29029
63922
90284
94765
70850
22327
90415
6613
44309
55180
40584
68639
41143
67218
36662
11158
53924
92083
22197
33863
15533
49336
17197
83760
29201
61911
70604
81316
30541
32059
20504
35973
48486
23239
1304
67935
40714
39880
14888
95515
39948
62256
23665
83210
95451
12868
12469
19063
81130
69762
55200
85836
27623
53224
13261
70391
28831
73457
97504
32989
12910
74409
2959
86551
57515
92318
63132
56421
87157
86803
24198
77627
85680
38126
68860
64282
31562
56545
85660
16888
84669
34081
93577
47700
64878
51054
68122
71941
98488
81461
7936
21822
11724
68812
4934
54060
73148
56136
97093
9412
1467
42626
58286
36752
79028
42519
97593
4612
48733
75400
84790
15831
83117
4459
46872
33944
77379
23057
43147
39121
22674
94059
45391
51995
12598
32951
80970
6048
93682
72483
84506
75572
8958
79677
96989
78894
38868
55377
43667
1262
3962
28757
85729
52772
18251
94326
3589
92043
5309
29617
16386
4460
46739
26686
55434
94350
24067
67566
85246
52184
35053
94569
34576
58210
41225
57175
70896
12185
85802
89732
36923
43884
89884
90098
79516
32982
84002
52854
98875
97360
89219
87388
9604
76919
46278
82798
7722
2188
25892
90595
49405
53665
30842
43244
95619
91403
42966
21017
53091
20376
26278
27645
17041
72819
33295
22582
53305
27092
98907
530
28030
94847
98544
1939
36148
10084
2273
62057
3635
92812
73327
30145
93532
26366
44599
8588
40480
40202
89534
86447
10961
75823
2523
67303
48933
1624
39711
6797
14550
87156
87322
36558
67281
93841
37124
1688
58344
81948
73467
5131
44351
22125
81587
99499
68300
18259
8886
69146
4551
88620
30313
48162
51344
60306
93778
29525
28334
29886
7980
32229
3594
89185
90173
61933
90909
84701
85711
24436
27328
61387
15079
25957
33063
6889
70111
90936
80043
89376
37953
12047
50665
93750
69397
38879
90561
94266
45858
69871
32510
49633
11737
80888
78222
5720
82692
99758
55369
62839
96392
44808
17936
9076
63330
63749
62125
371
94109
24987
53203
19036
41553
22225
14533
8247
91795
96923
49750
45496
46334
14740
74340
3624
73808
25446
64285
8404
58136
24496
35962
44941
16755
10870
10122
63544
30308
97933
75738
93415
34592
12472
74795
71005
25872
70868
82966
76766
24732
57543
69466
83252
78597
37130
97115
80757
41534
68114
60366
71797
7387
50750
1024
9494
71144
63541
3294
89776
28385
44623
74125
39518
6
25363
25840
19949
46510
23858
38810
48390
30289
80262
12187
18540
73488
77687
7709
40662
86383
58926
27084
95652
37804
49268
44225
64178
3532
6300
94366
43967
19738
82799
63106
77715
22599
19277
84791
30452
45451
27844
50384
2996
36741
26887
22293
5036
85857
77305
43351
54092
47162
59910
41631
22380
85871
39009
37286
35546
54010
68704
57886
5837
40043
77292
56815
16615
91596
64569
33162
17892
85608
61694
63997
88156
60132
12668
37322
35745
32758
45697
94331
16465
40498
19310
68802
21085
66248
83822
14682
82916
45711
57742
48906
8459
60455
8277
97069
52102
98183
65024
82170
99963
11022
90084
45645
10532
66133
10753
34089
10621
10278
29836
34255
23098
10215
301
61964
55633
86928
12690
38845
6639
79156
33957
18100
14035
55458
75755
95148
82703
28943
10731
10291
53035
49625
46456
76596
1781
12148
53260
80111
60347
95553
77345
38324
61849
23439
44918
60186
46658
10236
54560
19227
80488
55333
809
12603
69248
14805
88255
2965
86207
22591
98069
15895
95220
66847
35876
61934
31030
42248
15590
24044
42614
81960
58150
77442
69639
48112
69760
54776
52465
15345
67525
83397
30497
66521
38264
53801
10141
6726
26293
64498
35299
9897
252
131
10654
59208
68027
6893
591
47854
68665
91066
36853
22440
16142
77262
83002
93675
82201
63912
77113
10838
31394
32847
73535
26900
15888
49645
12894
57313
10787
94949
2934
8335
33473
42070
22046
51960
9768
96731
10799
92749
19106
50281
96252
72163
68910
56776
45298
94822
7425
91794
20022
94541
12597
69573
40339
10145
43232
5725
39160
77057
49140
74790
72811
69612
40290
59455
48466
67695
85590
39364
96224
71147
64417
78117
8424
38027
88957
10741
30142
15947
21575
89193
84599
42793
18744
38587
34585
17671
12125
86878
67959
53181
16469
40152
82116
50281
3636
59215
86710
6988
41673
35615
79244
63529
75723
82844
20942
26735
34551
86252
60122
31265
73412
46783
69773
99988
68322
72595
32569
57969
78368
127
69987
25624
35564
36773
35893
79742
97791
73515
38566
19358
44018
10250
66252
42112
4963
14727
92547
43523
9276
79376
4680
43528
64471
57085
12266
50267
49129
91176
64112
82994
86239
56864
6203
67676
45668
38437
98896
91273
40866
99671
11541
16502
56398
53661
88524
20942
27730
55626
63
7908
68795
40150
30413
7101
52017
50642
41598
75666
18563
25516
88049
27944
73191
31777
59396
59054
16736
58377
38556
58633
41168
23601
91511
23096
94312
79718
2719
28631
3486
9560
46270
65982
79427
8714
64474
44847
49862
56133
47600
57802
76180
14669
20824
57180
78218
78652
5460
93913
83287
44235
76920
87849
41334
37786
14862
67810
85497
37816
31337
2035
4981
86848
22381
60769
62686
7286
16381
87638
31689
38630
54502
28991
88905
59662
30514
38939
73864
23047
74869
55043
17362
44722
32634
90875
28819
39716
50819
15617
95442
56905
34675
80380
68383
89402
70848
87839
48150
48954
23572
3030
43425
95607
45332
66151
81424
47392
67543
67763
450
43850
33372
85181
26778
77766
39451
10525
69716
62364
89628
61497
28560
49191
6672
20517
45698
75644
78637
55421
32872
74598
77398
50221
91341
66749
28279
44219
76228
90164
1379
53197
70913
26812
74726
85098
97162
81565
9173
86726
71911
35900
66668
84138
11813
33865
82168
25110
13599
63618
49651
18678
19918
11848
25184
52416
72016
89
6305
18754
24580
65443
73631
94637
28055
75309
87484
10407
95041
20566
98682
20572
6537
17645
27788
77945
25570
31376
90534
23944
42277
96300
17489
3484
77950
96134
81199
87117
52428
855
4074
24813
6770
165
23969
8477
98148
53496
83980
97730
90311
80709
88234
86563
68109
7770
98318
72000
19642
97752
20671
4710
67175
90063
28908
9932
26600
99888
86087
93518
92779
35775
94137
99326
37508
10896
21765
99293
3718
60475
4336
14237
28792
62951
9019
52076
26709
73248
80261
9283
71791
52099
25002
576
15410
40877
71205
63778
94612
39378
77417
67000
75567
6589
49353
78902
29645
33268
60494
81703
61555
39251
84427
49105
53765
88541
10697
27211
70307
36445
64573
61837
49591
45840
56436
38860
722
88768
3470
37303
84880
47199
60135
46569
29759
7762
90422
1471
19985
63204
85412
78844
87629
33181
14538
56315
56109
78840
24401
2135
21988
63652
74659
79335
11912
55882
13993
59133
54935
85057
83624
65079
58953
66976
26636
73228
71320
31543
47889
4253
87344
27541
45565
50615
47839
67800
20074
92305
67837
73506
75633
51397
73924
97545
6545
79815
27886
55390
66280
62371
64029
83587
48700
14959
66739
49253
56707
46728
4544
84050
64360
47945
80861
65595
33901
32916
72504
61194
23429
37308
34147
99488
64652
7881
30011
28444
51770
59793
51591
11618
24236
62555
38754
35479
25373
62256
55554
84965
64049
97315
73797
60785
18600
1037
93813
66853
43743
13160
49220
15683
35816
87007
32787
5433
24338
4168
36823
5738
51505
68241
4214
57776
57512
44584
57235
77432
84219
61283
51059
37870
80200
69126
15286
10331
74150
98791
55065
10707
61328
92400
75879
45641
53684
99583
85395
53487
14052
39347
54967
85581
91563
14503
81429
23184
49370
14948
23464
45241
78471
45148
71479
24759
15779
62369
27829
85789
82534
69816
32913
24370
72638
58648
82190
59076
93807
73130
13418
15661
72979
13919
56015
50049
84505
80321
32926
48614
78729
8176
83775
77007
88984
58177
99350
25414
90437
30621
41616
20582
12307
70684
60966
90910
87584
29350
91470
2023
25593
7304
2038
65772
13728
7203
7131
47679
82220
32730
33234
1342
95000
33152
85038
13433
41512
52812
42932
61315
34502
27564
8878
94322
80334
16663
73423
33949
46933
39563
91489
30229
89958
74965
15073
67469
42188
91823
49007
63203
66077
76746
34422
1567
71761
67208
18201
40278
84311
24945
33551
32160
78838
93096
33784
57347
76954
78123
39569
46749
70219
28227
63461
87201
31144
96408
44296
46600
90324
80241
68089
35918
35881
20535
52172
39359
68676
84996
3820
43738
17012
47995
17664
90350
88819
53256
45479
16762
82034
56866
46808
26600
86104
53782
11293
80656
90885
41685
81454
97829
66939
95428
29770
8294
23688
82517
21839
20986
60338
28923
36245
55139
48085
99027
61889
42025
5616
30593
76555
11921
70907
20046
97872
44625
84880
76648
65243
2422
85471
3792
25233
20337
61739
2041
89879
52944
51267
48159
26827
61730
89361
87004
96814
55217
71080
78318
25076
56189
760
52414
41629
65769
31354
41262
38778
51531
7769
44717
47745
23602
38609
22932
2760
60381
78062
58855
35378
78763
52073
83953
79937
9642
57426
35829
95652
20242
7921
23921
9244
78451
53565
81998
69558
35166
71720
93921
98185
90429
20266
57549
94888
43274
20490
41135
45907
63482
65398
83660
50799
29732
66444
92036
52150
38468
26910
51743
6024
63538
3642
44142
72424
69685
26051
79621
57164
95778
13839
31600
82840
42394
46171
38671
92015
47547
51004
49452
33328
84484
86400
64421
80910
3956
30397
58692
52463
16732
89123
55331
75382
61123
95086
55624
70963
17626
92334
5379
61647
20511
53570
93537
30809
78067
98109
77181
80220
53873
34118
22647
86892
49070
66621
53978
43826
34768
94817
19818
9937
1363
42322
88996
69046
62319
27468
34507
86908
24900
15149
76907
70745
38719
33031
18510
14539
16569
7187
47758
77295
16498
23014
15669
19058
92502
21899
73114
48132
66837
71894
66482
20129
90721
25387
49752
53448
94881
86465
51539
51898
17452
27993
75206
44736
57555
83616
4303
91439
48219
393
24569
69059
90041
64720
17765
10860
76777
79768
27567
68020
30594
49139
29717
54231
77179
67781
46067
18390
67072
26430
67370
15379
91321
27452
67833
22887
38356
30083
32531
84259
69785
50941
21011
27639
67932
43728
18630
62699
4627
13717
22054
72835
41023
38399
98589
74321
43383
27637
48405
5471
70310
28102
86267
72444
16911
75774
98718
26799
92971
3227
206
7210
59245
79827
84846
28288
38152
4293
9067
1108
65179
192
69206
26430
29947
14429
48854
18109
87841
91536
5310
73107
80032
4721
40227
99936
58040
29619
32462
89637
25670
16731
23049
65125
20581
23412
62344
66062
19399
22115
72359
91335
67270
22516
10610
1329
69870
49315
13881
68342
45757
6112
65687
47876
22541
67362
2859
89861
10824
89854
86116
73711
34510
32441
15611
51602
77079
42713
16713
49039
38793
81400
73362
33081
39198
34369
63335
92761
25233
20131
52767
13953
31979
46360
63567
75153
36327
32589
76571
9245
569
31734
54614
57979
44858
2912
23135
14932
9658
82479
24566
81921
85492
22993
90936
92007
28298
66003
34646
24974
1867
37488
42098
48984
40884
44824
83712
78637
2375
41625
82921
77578
43705
7632
93948
69543
57098
63653
59677
66376
3899
98428
24320
60089
548
64187
24835
67735
53330
78746
9465
36023
83145
25446
74370
5494
56272
6509
68142
86126
45326
38637
65904
64044
50293
27642
10116
74932
54295
24050
78691
3671
6918
34294
53752
90604
33219
12702
98444
7390
9146
25861
64182
71647
21562
74797
53229
46508
31888
54462
23813
54374
79848
27207
31792
94040
6664
48977
41761
36246
54175
57609
41740
23683
58440
77955
68770
99196
60930
32704
57946
99343
41826
90610
4866
37956
10373
64863
27491
1330
27727
40703
41463
78791
64049
80504
19817
14071
30137
31391
10130
18874
15808
94827
89306
70063
83729
12169
98281
19109
91271
94424
43432
33864
92857
44116
90148
29890
69630
27307
58556
18017
12037
40134
17132
63200
47659
1170
77542
48470
94285
27110
81960
63281
89140
20695
38509
23998
65114
34314
82557
15865
54222
80020
69530
62178
35865
53826
26748
86241
87986
61359
42435
392
68835
11238
64703
73078
67572
79873
33355
12968
49701
2768
6204
73301
76644
56241
31299
85295
43537
68019
4485
31096
87014
84013
55002
69171
42397
57248
55502
83857
20970
39421
3498
42625
39968
69638
70414
14724
54506
13295
56143
84826
10818
39786
22880
78928
74017
50418
21548
37251
93050
48196
49985
94619
72787
1728
57469
58224
91466
38042
58767
12287
68599
82437
44758
14414
92439
38504
54266
44728
43005
45106
85383
56264
65146
61985
95966
73052
31342
51433
68734
26625
67603
91481
58211
1570
45055
10037
22811
68974
83817
81360
61083
7427
73855
80428
27431
58933
32839
76415
21486
93126
75105
53581
1338
87455
80722
36288
35969
81168
47096
82331
78875
74277
27426
1391
81972
3751
90751
64920
28977
46711
74212
96391
97168
45405
3858
20550
9219
41607
60867
73066
97933
50984
39118
36038
65455
32182
85129
20097
79412
2091
99658
37473
8593
57977
13913
79259
46474
84763
54336
50861
35942
49145
14066
23545
80779
25572
43289
65313
77310
51645
74958
2775
22995
87970
92644
45135
39861
84728
10578
68982
41788
17723
84980
38064
69848
59983
25568
6349
37818
74239
74765
15875
27579
19197
40008
35729
29656
17265
58976
92029
21431
42411
94859
69847
85460
34251
39043
21912
55255
13705
16468
72959
63319
31454
65755
18470
73319
27903
30370
37095
69088
63706
1596
14430
42150
71491
14006
36478
13122
46753
24655
95192
28365
15170
68742
17370
54205
98053
51539
41660
73305
9560
9849
61548
86758
61098
48709
53849
8813
57950
99895
73554
14653
3370
15348
21740
15253
14418
50533
74854
65370
34572
94304
98249
68375
16144
71591
75355
77199
9742
61990
59018
33999
45435
14977
48829
48021
31251
86619
83757
61985
93614
9480
39684
40119
21525
88173
92083
82645
72041
99639
50374
30267
77909
91498
32103
30256
78709
66151
30103
70751
12850
17865
66194
77835
13777
55635
59023
74564
21072
82142
83304
91183
16500
44658
64528
90415
20477
49336
11532
19199
53540
25721
70161
17898
93386
59128
86439
39597
59789
48598
64229
57415
64181
87039
91505
76147
29247
83641
2924
89982
15212
94140
89388
30835
53294
51868
53160
27713
60636
88408
69121
71319
50733
58693
98196
75312
51399
7134
9117
49832
32558
41411
11403
46997
20944
57499
34845
40320
81155
84929
40058
13008
94249
74975
50085
7171
23518
79138
44312
29249
64240
36802
87528
65888
58352
79535
74932
18511
75261
26137
96455
20636
97551
48815
4941
4663
36976
10463
27815
43807
88271
21410
87682
12964
14785
30291
81433
6232
60104
18212
2830
56376
63999
76353
79801
30151
72341
18368
25080
45500
70555
70671
49678
6753
5178
54778
57797
34461
74438
30226
51610
70283
17399
10359
87186
38850
46903
99643
66183
14880
30433
24699
56801
10229
84317
75214
35635
16677
73457
72346
46535
37180
11521
96335
95354
54671
43506
64483
61076
74023
58956
58046
91972
86806
4624
6494
89519
48941
92706
56979
81163
1003
23229
40938
79316
89634
79862
26369
75179
69329
99517
64793
73998
91927
99069
10289
27287
94954
69913
97209
46741
2531
5026
88465
14570
49652
33674
88315
74409
13821
58958
73553
85453
15782
95878
41863
72130
14484
57982
35262
15701
75568
38762
17701
41501
66511
34659
11040
97373
13517
67435
22285
23061
63684
4856
14682
84144
1157
6921
30292
40758
79123
99458
42202
77578
61635
59442
27018
66160
24438
56812
78704
66542
92082
18884
8838
75927
75247
14878
46565
27145
36409
5648
63016
16167
21585
25992
30360
33109
90934
37093
68174
10871
7540
42795
98468
3465
98006
42988
5754
52839
66974
53030
99647
17045
1269
87135
60754
77711
67952
28326
57298
19990
11209
31607
61558
41278
81498
45968
76119
96129
73357
99204
87247
42114
81445
42773
99679
286
60196
23817
44819
15970
32525
6094
76043
4705
6791
51074
73121
21521
42134
83480
49384
99648
39257
84507
75314
18047
36656
60466
42873
8934
7058
61029
96174
52453
2900
96545
64063
21029
43865
104
30425
35636
78846
53340
21231
50180
93299
78653
2217
19215
83235
57941
91747
2022
78550
25702
71696
47896
42573
76035
85983
95187
80801
96667
49848
36972
42373
77062
94635
76179
46635
79663
4614
37428
308
10505
31050
83644
93569
26219
40933
39599
43943
44943
42468
27630
47939
58577
7014
57141
17721
14005
73747
35286
67631
24
34134
87956
856
62159
78786
62953
74752
67102
69773
29405
95994
71780
58166
95561
82320
76481
22212
8441
43867
3367
46144
6507
93037
98223
41295
76844
15805
93564
38367
86813
66799
27226
79238
45999
40242
53179
87376
97933
78055
17650
18493
23320
20205
58197
89311
15250
1408
6474
9159
26995
79245
70207
18097
13483
67598
44254
74637
27496
21166
30495
46858
53211
79942
84089
29085
68353
79544
22593
99151
48938
78660
19615
81314
90709
43390
76605
69250
52741
99413
86641
82242
69473
60425
22679
68671
60097
93768
60641
37607
63226
84358
4105
33238
78956
65909
50135
19152
96138
76623
84511
19966
73056
12944
95037
63991
48484
99234
53609
15571
86049
29847
70855
88167
23376
45353
61733
58699
19320
29797
26803
2811
37258
96855
74953
20761
29802
96922
7029
78690
89082
59655
50748
38582
108
50602
23961
9664
65732
43342
15629
14327
11264
24008
52595
51998
49421
23313
48325
96667
35467
3361
74468
81618
49338
25810
15563
84162
67639
33806
88004
24029
6735
31540
11085
77848
5976
22894
17039
32023
61298
99511
40286
80006
91892
84757
12411
27810
34705
68999
44335
11359
88527
54595
31572
98857
78161
33805
70130
32107
1016
90723
13535
81918
40240
79960
58784
18572
12621
56213
67059
2276
15841
16941
91768
70889
62291
12574
47445
97059
16141
44865
77983
81844
85795
39707
81412
20793
67262
62928
27610
12833
27506
18827
63787
78547
54850
23488
42442
8768
56663
65577
4879
51531
82588
46441
53236
94337
63548
95071
26180
65326
15187
41257
77436
21046
72352
21012
48604
75624
69137
93355
80331
2003
68004
87771
29720
47353
97498
60786
30602
14717
87148
29372
25134
72213
9338
86456
21927
67377
49391
64063
42285
25429
90013
37717
4299
84428
50446
89979
57176
68560
3039
53585
4710
1318
52047
7870
76571
35237
87592
5610
8635
68566
88754
77634
8926
64163
50713
58463
53501
22681
57601
41714
98112
2947
87878
49057
53518
90102
33268
66864
92991
96627
60857
97629
91801
10688
90637
20163
95863
75925
22881
20645
43605
53290
18164
75901
12810
77445
83972
26876
35244
72502
41830
17911
67148
71704
68834
61805
6128
96341
22609
48743
13223
55986
88343
29974
29267
59872
72963
72922
43704
22162
53173
33495
62848
46125
48102
16711
87949
53277
11918
52841
68703
26088
38489
85622
40452
29497
32291
39501
57346
39680
10172
22083
27566
99914
92407
34193
3595
17497
40928
92156
59285
13719
81630
81764
91133
50458
9051
81647
52836
51412
26866
93823
38587
18142
11889
36980
98642
11969
98423
66734
30507
61811
71435
44218
70782
56156
77110
34284
24505
8810
14356
74744
31405
17078
99992
37884
3654
25956
75789
37743
9934
5740
62024
83877
50297
30758
23775
13292
61312
29944
59394
35677
67978
62608
22003
12131
96132
98121
76086
72708
8061
40633
15201
31811
35096
22658
46936
19045
41712
40986
97047
10239
76479
68846
15308
2203
43455
84415
15635
85904
61965
22354
50684
69276
10478
76579
17474
98420
73516
36515
30822
42363
6624
61360
30042
68902
66024
78389
57955
74301
98616
96669
76623
99841
79218
76590
63321
96307
91863
51905
78655
16301
70489
60956
90331
86673
54072
80329
9689
53179
7098
67806
65445
7612
12781
79540
72700
73275
14696
81714
86069
46524
6533
53367
7883
6422
77516
88559
49760
49740
15318
7389
58660
6243
12447
90581
90996
10974
93929
43263
2888
85391
28951
82119
45467
18985
20056
46347
33571
9000
80339
20077
47332
32068
90573
98387
46606
21864
81879
39888
94083
34086
90272
3617
94053
21110
66734
53366
87164
37461
39040
78120
47007
66811
76072
5498
31206
44888
69120
65587
63493
22780
60456
30486
66683
99074
54472
26633
75903
38898
40346
44859
81046
44356
58048
74891
29551
35221
94378
49936
7428
30886
33488
91375
45883
59329
92218
8679
44951
3416
28779
411
39982
45038
21044
46355
7410
9516
91059
18162
48827
37726
21392
99032
29109
79578
37840
21543
5197
23324
26687
883
5972
24480
25454
14807
82342
10842
9366
77380
98855
26299
47904
42373
49805
6170
62250
53888
37167
76036
45031
51138
77828
83175
20823
22046
85225
75564
91726
47493
60489
2536
22342
40485
45432
93101
7042
20242
10306
44820
92512
66430
63556
34807
4513
67794
51648
28715
75462
47696
97182
14909
44279
56792
78345
34829
339
27985
32172
57064
6244
86626
18685
73143
33300
93971
79944
9849
66633
75851
36742
98544
94313
31542
83427
56890
82977
71159
69073
42072
71325
55813
32662
22381
57167
73149
3799
27288
99865
19982
47098
52214
9469
83310
87209
59477
81824
25355
28579
8259
10827
89953
91978
49629
89407
13367
46100
78470
74514
87975
32991
16418
60517
40571
94867
53735
50307
77268
58535
10018
8059
32947
33160
69340
74536
5334
24218
29108
72413
49550
71843
2823
26881
76998
61899
5474
41330
62209
60587
89364
21088
25588
79942
29867
93398
39766
7674
52786
19994
54040
90056
16001
4106
16982
32217
43806
49489
79288
73879
9536
95218
82843
3340
19928
43145
64068
28678
25806
89410
47487
58699
12242
13137
72783
72501
96070
31034
44903
96448
96817
41117
25531
23591
1542
42393
47665
21188
96678
1724
29677
40029
86089
94178
97412
53754
47160
44894
19786
33064
12088
5028
34847
78876
19811
81974
20999
29184
46171
27517
29454
82762
77599
12282
26068
13301
80604
46972
89953
299
38918
78813
9066
93456
20783
82394
79334
85377
77834
3931
87692
40913
36936
22625
83006
23784
59444
88881
65971
58963
73834
67450
87838
31805
28481
149
46126
80394
97887
62560
20283
10872
89416
6417
78837
48196
99987
79722
88523
78503
29486
61852
87858
99836
20212
3243
82871
68021
13024
29947
49836
61332
24267
96396
86596
87419
4857
90843
52283
3030
35468
4657
36909
79390
84968
64403
72848
54097
84401
54558
26266
60331
17971
6910
70720
25866
82999
9836
86370
56721
80367
76104
58215
59750
93146
56338
12433
1123
49037
1177
54545
28691
90809
65196
22680
42105
28653
5738
48806
41613
56254
54971
23283
3790
58284
79571
68500
17581
38015
30819
17536
93859
25026
38890
38842
39318
1002
77654
86023
91066
70745
61935
10194
66182
17730
1956
14919
96480
41552
61513
72586
66798
2859
26389
86243
48172
51546
426
15480
4049
7029
1729
75796
96323
94601
40471
71146
57886
86563
70261
83422
66849
27172
73127
88611
69197
38033
66018
98322
71421
34116
28392
14486
63220
60484
8055
42858
16536
21624
57124
29940
54608
93198
11993
45334
70835
12354
5200
48894
7873
15298
14137
94975
42792
41394
89005
76696
91279
1080
76535
39158
36161
91466
20042
99509
19208
95680
15636
15552
17908
51494
17656
38246
772
95691
1309
57895
73309
16824
45183
54704
56881
82705
62595
99121
8261
20584
30695
85733
28271
73480
62419
62748
38438
43904
62575
21652
92281
1493
93014
65785
74500
77373
43089
49126
48047
65529
93475
76480
13173
22415
61077
65852
21179
66391
60598
95771
89248
18420
47558
71995
47392
94521
27254
18824
49014
3216
85120
65738
61597
79294
70083
48373
66842
22991
43048
95745
3290
44531
82237
83
60300
33201
29263
45778
89919
74681
40533
70121
61804
52310
65357
80954
80697
68493
56832
14437
23964
84725
14540
83563
92357
13649
43053
4771
13269
71285
992
24743
77623
96537
258
68733
58724
69647
66982
26913
93165
27413
22149
69018
92527
85273
88693
45676
13978
67468
86122
66363
60264
25724
60598
16326
70630
61970
8903
13497
21668
32811
4858
44497
11764
14299
25640
58497
22249
39984
6535
64449
61281
92367
3161
54070
55973
2903
50046
76777
34649
65150
61679
95273
29061
22061
75786
60776
7109
15966
44636
914
58400
32250
76025
97984
31205
57618
95799
61936
85777
96436
32768
55553
1588
19722
70018
5976
2350
69412
69888
23473
97449
51116
9914
90051
78298
40200
913
70357
88582
82923
15682
66013
93010
63534
71631
73539
42581
62714
72448
34420
81794
23913
36009
64841
22239
22197
99153
64375
23072
7179
85137
46274
32804
71991
83110
22947
62396
70419
52692
3732
70792
52366
57243
91320
6850
43115
85351
51704
11728
2503
34336
86308
89611
21070
51962
32571
32643
51843
50638
86321
27242
14368
36666
48853
80384
60030
99231
9864
19055
95343
84410
51842
9267
35892
42210
53132
160
30677
58802
58363
38924
13970
67514
41501
57154
93535
82119
22738
41109
13571
68295
76748
69973
74278
77840
47187
43223
7182
78530
22941
89922
30515
93049
77833
63469
84821
98507
61633
59636
71795
33188
22765
45564
22051
75854
18268
5958
44655
31790
50950
94450
26665
897
50781
29993
88725
99930
23931
44054
16750
93533
56158
31198
60427
27651
80327
57238
14597
63149
94448
86208
84648
48943
18956
78145
68794
61100
42631
93024
6561
52682
8934
927
61220
47660
29805
11462
47644
51244
65694
16713
53187
3797
38016
76927
92711
75212
37273
59616
34610
57123
45823
10543
78787
36887
18632
24236
497
45332
31643
17375
59728
1885
27714
55534
82176
30916
59776
99055
93342
36793
14743
21880
99805
4625
93217
31233
32845
96515
50407
18967
97623
78891
15775
9624
66886
41288
56311
83909
53056
90343
81193
49009
71057
58728
21159
46810
2978
92505
38811
92659
9759
74652
84670
18745
29468
19303
66976
15775
45522
76672
58224
62654
69317
86108
35970
5038
53599
43959
43978
47572
52483
2505
64748
84971
14582
83892
16012
75548
42083
53438
91513
22447
74627
93340
34972
92869
46296
12034
63852
60650
45844
87484
86012
64956
45744
97603
11433
50205
37744
10480
12311
94331
10424
45429
35619
27360
92368
23289
79258
63500
73842
24974
30732
63433
80486
62603
11265
13639
7947
3314
72683
59236
74836
19917
95709
77308
80840
32771
53540
15625
19212
1202
16909
71882
31732
75321
50884
85336
93540
16320
32848
74045
20738
15283
86708
91335
42716
65336
32905
92283
80726
7185
92388
39812
38279
624
41086
68824
89980
35
17042
39612
38715
84377
58087
67421
62650
98771
1209
94486
35043
30862
39010
8134
78627
74987
67809
46097
57589
315
9085
87609
56432
74501
15584
43415
51183
3270
99978
52925
29078
9222
15041
82228
36584
56067
94555
43519
10633
27614
407
75797
96496
52898
87611
68720
83018
85790
32291
87315
96234
58493
47951
92018
8487
64594
40142
71315
91949
73108
43326
54239
97729
1004
20285
94969
43001
97984
68199
11903
52353
93618
62204
98992
75351
75388
16672
32395
65838
93923
46195
82554
56665
60640
54272
59573
95374
33813
19030
73626
56878
94804
37402
98809
3074
7616
15564
1487
91205
86139
67733
84400
27391
46359
38785
8492
1544
50918
27704
15908
2697
81556
19547
30811
1683
47802
82235
49592
98450
13342
80974
86862
95020
5831
90467
48516
35813
43882
12111
69212
68733
23702
25804
23462
90328
20477
41470
67538
95246
63517
2354
35814
67286
13470
1361
36917
33583
36009
88800
31478
34961
5026
33516
26211
30213
18957
40256
30409
52874
12599
35425
4935
32261
16699
37326
5985
52417
41044
91020
53746
68835
57761
89721
2866
74701
51065
88509
17424
73001
78600
96582
69482
37332
16917
95296
21516
4305
91029
14524
86008
45184
89493
4173
6763
36200
17854
96852
11565
92948
79646
720
64943
39885
75696
11347
34073
36821
78848
92751
32253
19877
95803
33469
84111
3165
78369
4643
27137
15918
81832
59436
63145
28621
68531
53800
9239
30486
81338
3115
74161
51574
25807
39832
66867
27439
23492
54251
91227
53604
25243
35430
19655
42846
64946
61075
47370
40870
57268
22423
9683
9197
64444
40013
9143
39469
76224
67218
93421
48779
87564
70388
24235
21204
40318
60237
17693
33729
20262
47827
6866
41443
43942
80220
57393
40665
80072
37084
47005
35577
54187
19764
12919
99202
86027
50241
44970
50713
99822
32499
93645
88614
32142
4581
25420
11928
91536
52305
64637
81141
28130
12905
9329
6403
79000
46782
98850
48159
35053
57725
85805
84656
41537
14941
97474
87863
54907
10648
21313
68637
38321
14818
14756
35102
79357
38813
12274
1079
69344
9595
1881
25569
29962
49008
71824
88271
92315
90113
70360
37523
51138
54591
56935
23197
95294
11997
95354
90628
51515
72692
45236
15698
31754
58288
89944
61507
51074
78119
74068
79495
30359
76655
37248
56339
91921
72861
31787
79858
61234
7097
52158
26561
24261
50909
23751
95229
57235
3049
57287
72509
80743
19996
11172
68312
98423
46038
11156
61052
62261
407
5654
33932
95640
78005
15300
15092
86271
57883
70499
98177
29586
34945
75816
27767
40536
55946
27757
8597
69459
77597
6744
43037
26490
31098
67379
13002
1958
6839
52683
47291
92934
79844
37140
16625
86072
15889
57243
57316
8605
70771
41295
74037
69228
84433
21794
16748
76456
66778
49942
51946
4699
20785
89165
70507
30321
2074
94914
85974
58571
43063
94875
95638
28450
26355
17865
5225
51738
15036
54713
47456
76673
13934
77564
25066
99100
42594
64068
34963
60692
57846
41866
14515
69860
93180
28062
39040
45989
79041
77976
45338
75621
78490
48695
9073
8672
77934
19872
62555
80655
22740
77168
72900
63838
37598
74989
27927
74811
53232
93339
23907
66851
74796
58240
4694
51824
28329
13667
80937
76120
67045
22392
20237
6912
58331
13328
41096
55810
53100
65607
96690
78484
50004
1132
16894
41801
75989
99887
98652
72536
34715
31685
77368
75059
94103
80597
55536
28503
9170
90670
15708
39753
95202
29324
87152
83097
78516
78174
23394
91445
94847
36029
70038
84856
69221
82386
58158
47754
11028
576
80049
36451
8447
81384
19451
20945
27999
82390
52921
54586
48860
94047
24478
35350
35642
35733
25760
42716
73247
70017
4228
34945
31020
65687
75781
39836
70719
87861
57920
15787
22241
25781
62081
65445
84935
32143
63093
73522
87330
63282
43934
58639
67897
18234
48603
97442
19824
12205
8598
50201
55091
4417
71170
14585
67819
97907
58871
20873
97657
42340
88658
37000
84832
3556
3822
58684
10738
62696
66255
59621
45801
66473
82318
99128
18489
36684
58085
12580
87089
27655
31722
88975
40755
54031
61135
8507
20236
73871
7482
6297
17898
11359
44314
24952
86530
14516
43479
80777
80825
66889
3227
64623
13818
45579
53723
87260
36534
31829
28201
83611
34328
15876
4763
18347
70367
20273
52596
77853
51805
28758
89592
42979
99795
81061
75343
40564
56520
80878
3289
18570
11716
98959
29013
30539
19517
94576
64055
44055
99815
77213
49545
63564
90672
96111
52082
96091
9908
55040
97947
64894
68990
37690
99571
59760
82706
71225
9435
75027
27263
18258
38130
39066
69742
96210
59577
83078
89870
56483
80426
55321
57098
5981
14029
80592
65368
81123
71313
48146
48582
74088
8081
78075
93815
4518
31471
11416
80987
95548
20360
98421
53319
93736
98655
59396
70718
22208
2523
31865
73141
31637
98993
61091
79749
70423
53663
36164
97783
35597
95052
47596
17949
71848
64121
88171
58097
15201
48205
63717
40526
29945
83672
24389
12745
41095
70116
30738
92391
1097
87654
99464
92411
20377
11416
95489
18003
35264
80284
78111
48383
39440
22459
96670
62276
62691
41189
52798
25607
6008
68787
76916
41329
20260
31247
68332
31275
80774
57313
1608
72639
99960
26513
17668
49080
27762
16358
98517
40226
17885
53277
26162
41052
60435
44018
68514
28326
77926
95517
29043
77268
74671
18973
63825
17355
50595
77865
36327
28096
94706
78812
8457
32877
93667
49948
12985
77750
60952
45087
14224
75193
44136
6669
17850
97313
82893
20526
32183
7345
43800
98043
67719
24295
93785
87131
25319
30010
66039
70856
19481
10701
17645
76289
46787
59084
54691
16173
54352
9879
85273
57472
78711
66462
81792
51490
6383
73363
73394
78278
27553
20080
10957
6514
37931
73084
18613
50090
16024
71958
59060
44589
9791
66473
44082
33146
91555
64178
34080
35824
34775
81272
30900
69544
14748
92367
14325
17413
46349
46096
28904
15977
30568
3984
92313
99685
46425
96870
6944
57409
27398
53986
28109
72470
13291
88486
22109
32167
18598
36668
99965
33737
41124
47945
96981
43741
60407
89560
55819
37827
15096
14193
33516
55862
58797
92658
6092
97588
48147
57511
42714
34835
7640
34447
75204
75288
86979
57513
69977
43598
90162
65116
5384
95693
2110
47484
63935
10284
6139
71675
71757
74718
29802
12356
39405
27022
29285
60822
9242
73225
88852
69372
43706
51329
17141
33237
74853
32675
19724
50471
86626
82848
1998
40271
84142
99111
71444
31646
5466
66854
42458
36913
82366
45434
15993
34429
66373
86276
30393
95306
5909
77701
35567
35327
10522
86034
99049
32552
12993
62193
74102
285
3713
30676
64178
85980
86559
51482
37453
25719
47651
88731
70291
663
60690
84589
47450
55038
77999
68698
76587
83946
31553
70472
50751
19800
19827
6526
19937
10757
7825
70284
86182
47262
61394
21916
81357
71781
5054
97917
94326
53937
54633
97665
37107
46271
47453
28688
71671
48578
53031
72194
14309
59902
97084
42136
89544
49949
75623
59473
46563
54828
63975
12408
85941
86525
55713
82701
87335
33850
30789
83376
46858
29354
8319
468
71802
78881
68457
47329
83390
78048
89897
2314
61924
78764
572
32765
96448
16249
56509
14723
33859
51456
