26469
14242
1092
47053
28084
39458
79220
80790
98892
44496
93070
7360
79722
16029
14797
67824
46782
81056
91400
32392
92939
70156
38652
30191
18359
50469
29518
27507
76647
33967
43986
65920
10349
97857
45009
69384
27074
83093
33071
49354
45398
26764
23528
67317
90667
83133
6943
95908
23365
67174
78916
37841
72325
60034
82537
83940
21020
14233
60308
71546
40094
5678
97487
21178
52972
7827
19519
83652
74462
91001
55762
76487
32185
2960
23156
69088
39143
75668
95865
77090
13491
4787
52703
44878
69102
79342
95868
37996
78478
23582
61254
24290
44801
641
21432
41367
33430
35192
1554
27366
82690
23756
69710
33485
31218
32810
10711
37929
51980
13904
75126
85537
53397
9018
57024
8965
57199
99470
12021
86967
6985
12603
58386
71614
64658
16829
80999
6990
85081
60474
92871
95707
93272
810
98702
79933
30096
2528
93593
26755
64380
54811
29519
33896
28021
16807
30653
34749
55323
35243
70608
88838
55201
79792
93058
81739
91332
19322
3777
34002
93227
55784
72536
88197
91221
10713
93263
4177
28066
91052
949
91981
98742
88979
98046
51354
11795
4685
50058
76754
66774
28799
84514
3218
99125
42365
73037
32994
62584
65220
12557
33529
98410
34951
31975
81312
23580
95124
26241
16045
67181
78662
41508
49994
70332
94242
32706
2254
21650
54904
54640
81764
88646
18023
12271
47715
13366
42025
67848
82355
67536
3886
51999
43249
60704
71764
71221
29836
49218
46546
28349
18281
25279
65996
70631
28551
70365
5460
61987
84452
87278
69198
31541
38685
90802
33159
8316
14457
737
26030
96678
24957
73872
45425
30573
27375
45076
85671
6445
16197
35655
54125
79045
10439
4488
87434
40290
44672
9098
97549
50434
3594
13433
25614
47747
16816
56035
48042
77359
16135
35260
83857
25076
75494
94583
70125
39272
73659
8877
10910
76822
94457
39822
69990
32731
10148
39337
51705
99976
70137
64891
24467
44060
37569
99678
38040
27
19168
12789
57964
15376
86009
74044
1474
30709
57512
98347
86477
87761
68866
58066
53615
66351
5866
4742
53063
5410
63099
83996
86620
47004
92856
47486
409
12905
26364
49575
1033
11912
11065
26116
67963
613
74260
23339
52278
17106
86278
26856
36047
50363
66522
26243
83958
54873
49967
18474
99037
78616
73976
32445
87736
44898
22301
32063
94064
85880
26325
76021
27447
49008
51916
7625
43599
90021
93219
14447
74455
15087
85669
54897
9223
83006
96020
44099
75531
56598
38369
84135
46483
44424
92092
85063
75442
69911
35845
1795
48979
84731
10640
49494
90866
76834
40200
48521
68097
71330
50522
74487
77736
30151
32115
57116
47835
84799
15356
24545
68254
72452
7519
65823
83402
88323
46771
82547
58104
84006
54421
78284
1118
11332
31252
895
94036
32706
42737
21084
42940
37943
76225
29481
69148
76021
57085
62959
84936
2031
67424
70979
58316
98155
66849
14015
12713
95503
64066
67657
51141
62318
93805
44476
55103
60400
80748
47771
54741
72361
5078
70240
70614
7936
74507
10188
26610
74735
46823
59931
23741
29969
36901
99058
72239
28403
72151
47653
281
4951
19259
34806
57662
56336
16964
93386
95968
60367
27494
32917
99552
1276
14670
64349
82160
16177
50805
33061
76015
18860
40342
88707
92211
61248
59284
60268
97884
3387
93896
50810
75032
68911
16515
60610
58699
44038
51022
5153
75933
82765
73281
28644
43650
30387
24905
67657
30217
67281
82632
77832
52152
1967
81649
27394
47195
93324
9719
21516
15779
64501
81786
10103
51644
1761
69836
72483
20251
58013
31064
15976
34662
85550
47228
65694
54495
69976
84088
24539
3617
48477
79467
84993
12236
36256
95628
30565
29143
72284
24452
22771
36649
87003
94152
74048
19463
46133
28835
23313
72070
56633
2778
84431
28226
25021
96072
17605
61908
52715
38874
93820
17554
89207
2771
78770
32042
65205
89309
28950
33862
89200
64247
48984
86723
95922
28220
14905
30229
92122
73320
8597
77750
73757
79346
17854
53193
93111
51680
21263
52280
45445
99192
37889
26418
39295
74104
70186
92707
58959
59564
38120
51545
9131
76766
15961
89743
72365
46360
77428
8317
42426
83905
73797
91621
99912
55628
87256
91142
66584
40747
93471
17659
31647
96024
96401
47960
65029
28710
80150
59795
97611
83637
56602
27969
33404
28394
96546
14542
35362
46637
27640
78003
5317
59171
97707
57129
90558
92008
99537
26593
65981
79996
54749
74811
19153
52621
64245
77080
83525
92341
26159
88504
15776
28142
6195
5158
96139
19168
55058
22911
80771
94436
67151
30662
38201
72929
29514
79309
24704
3725
56636
31787
6519
44760
61094
37366
4630
16606
91991
27493
13496
51084
44470
23343
85053
6260
91133
98374
64581
83943
59700
83022
3674
67894
32875
12223
85636
53800
9540
24630
42330
99195
72775
98965
66193
31748
47961
7542
5874
92796
24231
94020
65083
92545
76558
91629
86509
97306
65994
3918
3946
53493
40167
44856
35833
10903
80339
64550
17213
77087
60957
96898
3651
68112
72992
51846
78368
61069
19180
73451
57276
71021
56886
80187
29890
58386
97043
79821
81596
81001
66094
58063
54318
11986
518
11419
95770
80297
91050
82114
84638
71056
52387
29892
35879
24181
5939
73590
77548
29164
51173
80087
84334
72266
41277
36681
55191
91385
26504
9105
20852
52962
58527
25214
37046
51553
81999
13907
21963
85130
68311
7857
69814
33086
38064
27853
28539
19979
19438
90129
31422
77440
86825
20481
14133
68566
39603
43785
52301
79018
78140
97347
12061
29264
41099
93131
84058
93694
16213
98585
85751
16995
98439
61981
11534
90424
73767
9528
84047
4411
62085
99212
71396
17180
63718
60908
17336
62034
11080
51769
17692
83720
19993
25477
64335
56981
73576
26667
99073
69878
1743
59949
3014
9428
42655
96203
23350
56695
31451
21405
49973
31200
86013
26562
24756
30506
26973
10436
96104
40839
28732
2040
88465
8885
81870
85051
80991
6401
53777
2889
36248
755
6232
7391
83896
67399
18829
17918
19164
26476
56152
54768
7312
63166
65418
47581
10793
7483
35353
89330
43607
67689
57772
47752
24507
30979
87096
19821
72051
6692
62672
7835
19052
14095
74486
54270
57044
81636
34894
36258
70052
73206
27191
74413
36879
44932
75061
97781
54338
2309
93756
48434
41224
24994
41446
72733
4826
57533
590
98565
89585
86087
51459
79309
98075
12730
22126
40584
40094
88222
92018
80413
96466
73530
46648
57941
9053
22176
3731
29448
33935
45464
29312
96614
12836
14390
198
67630
65063
12017
58722
33059
26411
4681
84886
26947
61959
59047
91521
37275
36995
61518
87532
77170
62534
42830
86109
10530
31239
10939
44660
21853
83127
78969
79714
81969
38079
87787
33486
47295
57917
32514
23203
44253
7754
71197
51272
85751
49185
35882
41842
28949
28280
8168
53125
47351
10268
55333
99015
91366
92999
61499
39187
29076
44982
87998
36208
62481
74953
88877
91949
59536
77306
82179
45877
39719
43360
74471
51260
11854
70708
2864
24566
94893
89507
88117
35802
41179
92988
18877
50042
31207
81339
18931
65141
89819
72832
10121
82964
41200
9422
43358
91772
48531
34536
64115
97617
29724
1913
3630
8945
27359
97781
85792
47035
29111
58273
94380
42607
11367
40704
36715
48121
78244
44633
41561
11514
31089
85652
10417
31369
75974
7892
88130
48607
41316
23995
18044
43423
90564
23929
9265
43803
91084
98312
6327
97891
43462
84074
745
42384
94736
54727
47115
87910
73502
46849
48482
74323
1454
13624
95127
96349
43840
81419
51332
2397
20494
82456
50137
1910
6380
30810
32034
3356
98254
37354
84687
70105
13622
10042
42905
61422
38074
72962
17725
67521
65860
21593
37601
74278
13741
16537
51459
20586
49289
95415
75069
59429
58444
23062
59529
93922
34877
81188
94235
79991
77732
19050
13024
29675
24561
12284
28487
2722
76982
93128
42650
52219
86734
43674
85014
42281
77519
24214
12070
33284
39939
31452
33459
86958
87483
47377
76193
55010
52254
71913
11089
80463
37537
10231
99802
57327
98944
49877
34130
8558
76783
56479
9307
29663
32470
30570
41743
33601
55073
14073
17508
13147
63551
61107
70819
84505
46791
78421
85557
76910
7928
31818
76006
66329
92962
17273
96533
80697
52439
1315
14799
88084
25333
20093
26895
49067
52785
85395
16102
5490
28230
61310
53704
87341
66981
59221
82647
16114
99573
75626
19052
27721
20452
55974
37547
40637
15981
70940
37723
73010
55461
52310
67558
72562
46015
57480
73346
85870
25655
37816
1696
98334
90245
56753
27720
98549
71664
77890
32700
39690
88725
43496
90902
89605
49964
95099
91505
28299
84515
57644
16555
17204
7483
88362
18897
5553
90723
51554
580
93198
62976
5249
51666
8781
24151
34392
95917
84619
37046
29912
55325
98382
99492
15590
54495
8863
62626
17268
19504
48892
34800
66177
57226
61673
52670
65629
21414
23560
76616
7801
88112
27752
11649
62223
50943
32511
38567
77895
57013
33819
92505
71757
83900
58045
60702
49872
20256
36784
93733
13873
88127
28635
11174
60842
60543
75560
64213
81558
79110
32542
33968
74830
62318
92320
97045
50616
69943
4398
86411
63491
99424
19529
29916
63436
73960
45991
9738
29663
4000
91553
39417
84415
91047
65359
57461
21608
93218
62248
24851
5201
16112
57783
81634
19170
69163
23694
39957
97723
4512
15270
2764
23084
57496
98700
54204
28134
35578
67881
18161
17036
39537
36531
2751
86938
47596
82975
40795
9713
41080
24562
70576
640
27871
91785
45762
72166
54025
71734
12772
61949
63194
59904
33715
35798
18641
82207
32824
20430
77912
66852
1726
6688
17787
35754
66004
7556
14910
65586
62604
32917
2066
75106
97638
45184
85350
96165
46808
21353
71393
72565
4961
95760
84244
65487
97778
89024
73273
91723
26973
98631
36728
66716
26691
93346
41939
36012
27315
19536
15071
2180
75851
78128
9576
84958
62050
92566
34622
39112
54495
72561
67518
20774
79932
89013
63460
25018
69861
63871
79357
52456
80111
58821
34813
21937
97890
71076
45714
45829
13918
99462
87456
81379
28588
75745
73563
78747
10228
43146
27675
21509
63331
68496
37312
16451
38478
36408
20790
99588
20671
56229
16321
41381
10924
30288
52585
75833
99188
70759
49345
86280
38306
81392
89137
53529
71609
91379
97726
35073
92115
61041
33620
32748
94476
80974
31543
10370
46027
62285
61277
7099
50100
97443
65511
95186
72031
86298
42654
44757
57503
65322
75431
14500
47934
74338
38620
80558
72471
59405
63720
34281
38984
40679
38002
73729
62822
69944
62630
51985
7058
35761
4974
27036
76380
3385
77288
8421
55119
32972
6450
43449
8164
58413
3958
89371
87559
16008
63976
31155
56047
69078
90904
13629
22550
80464
44718
2452
35939
63427
32344
64531
2716
63194
48981
24715
57055
72572
49973
14292
66819
64184
85879
34361
88732
40765
53354
87432
92982
20301
6612
27028
59992
9591
92033
69029
7194
43018
78213
16812
33187
96394
64653
95869
42656
63244
87098
60093
74868
37662
99604
30691
31882
63366
22
84707
89368
80345
43120
36535
24671
14172
40218
98138
70931
26196
97762
57363
42604
6518
50239
22571
81101
69357
26449
24807
91860
37631
2053
13652
66766
92829
74156
85884
98542
31773
10947
59255
5026
5982
76433
60899
90819
35010
53404
96403
14658
89647
97604
85921
70870
27383
86135
3232
47778
59201
20742
78662
83171
37531
83300
26668
69275
88709
49483
4656
98430
63081
13767
76447
74167
9136
69985
53178
82505
83938
49652
21964
61929
82118
27021
1527
10049
56179
18510
39760
65278
91397
56672
23962
82332
81002
41705
82345
61746
93532
12152
1297
41219
6828
66013
48726
52502
94082
31186
468
17500
76071
96870
11853
76451
6044
55029
29413
74238
44740
1549
49584
72291
61906
45010
13578
64546
91434
5228
93989
59350
37204
31690
34471
28989
21421
75384
81055
83420
95231
38438
73378
52535
17544
43280
29199
64119
17834
67281
59326
24351
25523
8557
48323
21653
7747
24661
68938
19329
47637
97889
86956
18014
55786
27764
59013
79012
28335
33055
9959
91657
33407
85833
2879
89973
61474
27361
93323
21995
33901
71865
42690
8702
20001
48901
88020
78316
98463
80419
43864
21065
94274
36789
4147
82519
75913
92342
8311
64864
86567
83629
38093
32006
55634
23850
66764
88726
99587
29083
7595
64141
51811
88735
76391
4150
33664
79865
10073
92486
73992
79551
43419
12246
89381
4240
33402
42024
20277
43329
12241
16473
10149
3273
62205
97365
68188
35114
20658
70590
99446
19
4863
65005
31787
47152
58945
93875
15297
69639
88010
67187
45828
59915
63925
8836
57507
71984
76462
83113
5008
39683
92543
87604
31187
59301
56293
751
18333
641
7997
85338
17676
61252
63748
41019
9988
49885
37078
85861
80168
74521
49556
17616
58257
36179
90638
3983
33845
99581
56169
60598
83382
92520
65825
73911
22910
95821
88359
82299
93334
76297
43529
44948
91516
76844
46993
91245
25547
73141
44582
20639
40253
74599
56376
52449
78750
53410
41201
37862
88737
63208
18823
20333
26020
85157
11641
48979
93982
16751
83335
37594
40795
36196
5355
17922
61273
92048
97474
66359
22834
87041
53281
68395
75668
76384
30283
33211
79885
58247
81115
55887
57107
27823
26238
24417
4349
96180
16451
90780
23799
33824
22313
49294
37976
78062
40879
46078
48789
40365
54404
91633
71756
82931
17604
36703
6479
81212
37347
16452
4145
98711
93255
18699
42092
45901
15546
38605
66519
85824
34345
2859
5916
59259
47315
62234
77858
32723
96112
70958
10844
93119
49195
6873
91544
82503
50152
83089
52366
68036
14000
30432
54180
48059
70038
28201
83961
62090
31911
5689
61343
30598
92436
14963
9283
55556
13698
34877
16952
38120
4513
25739
91344
47076
13188
25627
53371
9164
80944
89540
2743
30876
7697
80844
74278
54925
25050
99237
34694
26008
11080
40912
25171
64573
43172
22657
79360
71661
46332
65669
98404
28725
3177
42670
85154
35737
90981
37092
21467
39630
9811
23448
78289
12939
37195
89028
60837
11828
61883
29478
91301
67776
53163
72515
77927
41035
95956
97259
51126
46875
70269
85717
74835
2569
74461
94135
70115
92590
11445
71842
4196
88196
56010
82649
65108
97059
32420
50341
50406
21069
29245
98800
45665
47720
30495
31525
96592
78562
40867
38743
81641
13566
23611
9687
3930
6962
94606
39907
74247
79872
64331
77204
94268
88228
18700
67228
85558
56751
75280
31865
39534
56470
31040
94368
54337
15025
41417
31551
4826
83864
70675
98146
20501
94630
4317
93851
92482
88842
61968
86504
74131
84313
81938
81672
40370
20037
86773
21853
53876
94623
59118
85102
25342
74188
19136
79503
3528
70768
65096
82106
26732
58020
30154
7142
86335
47523
52624
68563
91368
76319
36308
49153
72711
24030
15813
93134
92574
8132
8704
85040
95904
76983
2828
94479
29227
40932
34311
78487
73929
88566
32594
60989
28585
9448
48724
64803
433
39194
74405
44464
84846
3361
69484
77542
66572
33926
48183
89892
42777
15638
48207
85696
96308
51733
59282
51265
56594
2773
26478
44222
76666
34382
88016
24301
59374
19378
86807
81799
79887
94279
89387
39195
55574
73196
72801
79190
96601
25346
74319
40171
6935
82605
98138
26340
94053
98627
78688
57288
69855
92828
69863
57277
82761
89487
64793
27288
69478
21241
67387
54810
30486
55044
86545
290
60496
33585
5961
54397
62493
49011
9131
94887
2904
51175
46215
30114
88628
86970
83132
57955
22125
5080
21301
44159
68077
86458
76801
85147
81150
63745
87944
12869
55968
61074
18920
5635
26247
23802
56179
2060
91458
33596
38154
66244
45003
95116
31586
93494
67431
6891
47220
35333
58633
68988
38436
43539
78763
8467
20644
9114
19566
7267
49876
90494
76289
78323
74791
89206
42852
76419
94684
29268
83498
80046
58662
72552
72768
934
85024
68859
49644
29278
66159
71076
98571
43976
51388
88469
21301
99723
41257
67575
74145
78324
17287
76298
4312
44487
29570
69642
85182
61080
61819
95539
5278
9423
59747
90477
20755
61698
59892
23950
84995
59532
47954
53397
41622
74084
31362
24244
49936
7090
79370
89536
1067
35952
61393
99924
53610
20429
89767
18723
88473
46222
94836
74671
75035
4069
33030
34631
47462
20965
81167
32491
33105
6947
46977
68237
14730
48847
92594
75098
19652
71794
87161
82297
18542
76733
95282
43152
78099
84897
7740
10770
14318
27041
87466
32059
62326
3983
6590
14597
94947
24159
84809
58226
23857
2980
70535
47070
19371
86920
53836
28523
56472
31371
71913
2100
22802
1075
53808
88214
66618
46320
81178
22951
78664
67250
96865
93769
86354
52518
9498
1864
87641
26315
65031
17894
92294
93680
12549
29734
76325
63307
65462
83447
65398
72778
87170
58361
28792
3913
79310
493
45896
45633
58535
58382
65673
12448
37114
83812
82010
33125
78863
85392
26507
3293
87583
10566
65474
19771
64246
19876
34993
59701
97523
77682
87516
65728
61101
64406
22067
78863
52895
10476
77203
50863
78154
93239
37307
82729
76159
74595
74553
60301
705
6996
99574
24686
31273
5520
82447
99757
40055
98040
94118
32037
45077
65133
23759
40377
71929
9379
76957
24618
20266
28784
88041
16464
564
19194
94035
12296
63107
4911
76823
12218
50997
96890
41993
2741
54972
71765
20846
29529
53028
80409
28074
26298
97992
59529
6095
50737
76341
71834
73348
1055
73984
83949
38888
99125
26848
42562
60250
75537
22658
11126
71080
23892
90299
67684
28900
12466
77336
16278
61226
73308
43752
14257
8809
57999
73581
22774
44642
82222
6065
85532
55126
11857
95662
58349
39205
11827
54712
3601
4844
21074
49045
37950
3025
11645
61039
47009
36596
9831
55826
30751
75544
94642
97098
34559
48746
33409
58173
93734
59439
29594
68516
67884
5446
45623
80381
46900
50601
44800
54741
16194
16766
457
1306
47896
24449
61521
31589
13751
40780
23525
98408
87098
75190
2314
18030
56223
94094
20769
75331
21727
8709
97871
40368
76835
46816
50618
47014
3632
3620
60393
46590
45131
95525
98937
44079
60487
4597
43222
45452
66642
8389
93637
94241
57629
5028
30217
88620
81625
30673
30862
24519
22407
25819
5633
90741
88413
51132
43789
80945
8629
64052
96992
28952
25906
10969
17212
92979
64636
16516
61951
26212
52799
1626
43012
16093
6507
3486
81583
3171
19260
24491
70398
73237
10885
86078
4317
85115
58876
53898
76290
69330
37935
26967
57817
9485
66170
91900
26407
74569
2725
65994
73116
21520
31766
91140
6975
736
91224
20226
43518
98962
90535
90988
62006
52690
52573
76772
65616
45540
1396
28401
95925
19061
10101
51538
65328
17547
48511
48905
54346
2040
43615
23680
86851
11483
86366
58648
9097
54080
37929
79429
51381
90188
47910
84734
19675
40245
97349
2663
16143
39176
34715
26367
5601
76378
56307
22005
74949
37050
843
35509
61091
21494
50726
97935
66094
78275
63024
59612
32159
86626
88696
6553
25335
12418
94683
83241
59924
85796
9041
98558
27750
21373
55303
40948
36667
17935
85617
90255
58648
89155
89131
38018
13621
765
7746
51146
86919
96790
92520
95353
92086
33839
93769
71257
66447
99826
41551
32651
98021
92494
53524
10206
56699
25097
15030
6759
95309
17807
88030
60091
25571
69310
85626
98397
28402
28222
14415
70344
1729
10462
47241
74232
47009
12345
11594
90319
21284
23597
94390
55488
74979
23091
8835
1578
36637
78455
8870
57699
66732
39078
63867
97172
77797
57068
32793
16264
77255
74320
49777
89752
49680
77346
38444
38758
32493
22876
82403
34989
53265
45668
35241
59612
45431
41471
17513
89661
27116
47624
72664
87950
5086
73212
35808
37519
20838
6717
2703
68386
97776
68663
96242
5047
18869
83607
65967
72903
89070
65406
14610
68638
13693
62695
57343
14450
17758
41367
97033
16000
87950
84063
5867
65420
75289
23341
71924
29881
47360
35679
1527
36490
79760
8119
81773
46311
62369
93679
5939
87548
31648
85376
28042
45706
28929
18397
54093
57718
52102
11631
70446
25277
85281
99082
96715
96411
2156
88145
14646
41872
48659
53287
17990
54452
98415
71991
89298
82836
38444
96366
92388
43480
75360
4487
96864
29775
16461
69268
6861
7497
9175
35483
57494
99215
91485
16569
57623
43302
64760
98292
53367
80276
76907
31566
83033
72364
3699
1729
63365
23432
64690
67152
49011
53058
81835
82842
9314
50923
56493
45215
55411
92283
88961
67895
54694
73709
25761
23767
83712
50289
69327
79427
40804
92431
62069
2261
23959
29681
95999
88925
19669
21848
96682
13997
86989
12762
72600
6015
43930
18740
69709
48228
1613
19370
39153
69322
27661
9286
60466
73440
88999
66316
22494
90915
7369
88540
31475
77572
27543
62941
2166
31058
45744
71444
20128
68731
87103
11509
14474
14755
29629
1771
56861
70793
29093
36552
13807
21251
26760
9138
23421
61982
57420
1484
85820
15665
49519
20394
2240
79808
61671
39635
36911
96865
55718
68064
9553
33891
35723
15788
50322
35544
84200
80948
80965
79413
65676
89652
29061
79612
28356
49779
14788
25016
48788
41800
67356
33912
75020
6994
88213
10147
88957
3476
28780
28857
57793
29067
88927
57737
25050
69289
50272
17551
92210
34452
39316
35570
284
85970
73076
91591
29757
98119
52557
39178
68118
23318
87479
8120
25710
3284
18824
79962
48068
34051
76738
80913
46789
10992
50350
14170
72471
8451
39722
11695
34612
48300
70446
35671
6973
86906
77267
46270
67858
93229
74311
2644
73782
39743
92769
63800
85571
22408
57206
60397
86762
99688
70069
90247
74811
24974
56558
70830
13439
92524
98185
66877
96288
38914
43476
92574
52980
94303
19991
6549
49641
37289
89726
39613
85204
45679
42049
5140
10905
86544
10003
83806
79234
97224
43731
88863
43176
30728
21963
15753
43557
72277
306
66174
40856
99646
266
99606
77358
96683
92017
74427
30663
68434
22787
94883
60889
46278
26888
19653
90455
15135
12495
28665
46825
90216
68453
80625
92
22700
65200
28050
90373
51628
6749
50687
40580
78812
29129
89503
49622
66348
48575
6684
95717
43434
74365
70478
6847
62412
32020
79548
56712
19240
70301
85210
21123
87953
81698
17948
57693
68239
27870
30635
26999
28386
50345
22142
66143
65505
13958
26507
19839
72690
81702
86806
84099
67435
56337
253
22551
7358
71366
78062
43492
93972
89120
25383
62725
77844
42381
78664
71626
13025
81885
79831
87890
44184
49184
82019
4474
41886
59999
65604
85967
17981
76220
46038
24730
13663
51581
5492
70313
93839
11236
84451
36923
74970
50455
97902
61543
81151
45085
97241
41686
61642
21404
92418
10970
38013
30758
69291
83635
27776
3305
47907
50912
22508
55745
65045
91723
66889
5598
74080
16917
32305
9486
86983
98584
61075
43826
91394
57469
42592
46818
2692
2791
80151
45753
84755
83113
2945
55519
97646
52790
45192
2730
80342
67042
64632
67729
927
62833
10241
21927
30409
43376
50446
75837
54655
10139
33048
68912
33427
58447
21351
26404
46924
13527
39151
83342
17994
12501
23638
31344
56365
55803
35211
43590
67409
49883
40974
49895
40032
26585
44920
11001
89153
31543
47639
52646
28812
52806
91429
87076
51955
21489
73860
55669
14163
69917
68704
16121
86274
4466
64130
65366
11088
50624
76505
83928
85586
35546
66699
89794
17648
65400
91840
9789
79276
13704
33076
15003
2032
93672
8483
17641
18331
16233
26982
74715
56297
5516
32266
39918
98877
98903
77815
17399
88780
24368
38178
44324
44004
91809
45266
36989
82693
63918
63864
1364
73620
25269
69373
7429
64804
19998
73155
94211
26644
23629
15529
51423
47701
75930
60058
47939
1768
85760
62480
45192
22405
48040
4620
27096
66884
93031
18440
56591
31822
8617
98750
93673
37933
67373
68623
82507
18741
11873
70707
44052
2790
18273
15139
21516
88152
30280
65040
87454
54965
5428
16351
38520
83263
71588
72471
45749
76961
50202
18802
26517
34817
91106
45585
93806
84899
12377
94991
88510
96604
79507
98844
31269
92629
25436
73048
55479
5327
23096
85256
81941
79763
96918
1372
90399
64518
47748
7373
12566
12067
62297
40278
22791
6253
69471
25178
80900
69581
23490
66203
42560
59442
8006
46870
36599
72253
12940
52397
4854
90093
57106
90257
29327
91595
50735
1588
97713
92560
64969
38448
88197
28709
38850
40392
18506
94208
89765
80967
46059
15869
77584
89352
16318
45404
67331
76488
16024
78162
89236
88949
39091
27960
28060
2130
39453
61265
72758
84254
58272
60661
81289
80646
88008
41601
83912
16108
29383
23580
96535
30059
73143
44313
46900
27737
72310
4797
73402
60489
13971
28262
51560
50754
40029
77208
36085
23594
74482
60348
92451
65256
30663
38228
80615
18448
47976
76157
22276
55576
90475
5100
62397
41556
24976
82993
68588
73603
39024
41899
43123
76230
20228
10385
76010
2151
37226
96311
23453
44313
30548
22226
12241
9915
4778
66526
90782
55314
90139
3629
97050
27052
8468
66360
6400
54387
85787
71761
8279
86711
91002
55313
14511
71751
69559
50344
89340
69707
37162
16183
50570
78490
39314
60467
98928
38303
16176
50627
51050
46653
86406
23667
48313
91695
852
11454
66728
58236
660
9031
67022
89791
55454
49748
96259
86580
80697
20589
92082
29005
55008
81976
2941
20960
15045
10038
2080
57242
28319
5697
38685
11978
52809
80975
25396
3016
34732
37067
29285
49461
86248
30796
62062
45666
22370
95503
41542
30894
13702
11103
50209
12576
35462
26787
99940
51206
31158
36402
16783
51571
98190
5053
6426
73626
82654
66974
30289
10548
62386
26842
98387
88036
74989
2306
96729
76701
50311
64991
37941
90736
69408
32135
35249
20179
87753
21591
50271
68346
5712
23215
99033
41081
42513
18000
89471
62841
33494
88419
27949
50804
70689
72387
72257
58339
77118
51322
13042
94128
87657
15459
38952
92886
70048
27510
35631
64043
5135
45482
30131
17261
35568
67026
79308
70620
73302
19893
75342
25470
83014
69933
43890
99687
53496
71386
41592
67817
52578
17365
65249
64738
95062
38933
12542
51777
42875
13465
38873
23376
17765
1529
98886
23274
63626
45579
52179
48507
27890
29952
72487
15244
58942
10771
90214
87973
51810
68911
73620
47284
48292
49911
34390
37749
55105
28861
25133
41775
11424
55355
77807
31477
49448
95640
21015
1130
71182
17721
81804
51972
20912
43024
69290
60955
9621
68385
21482
10346
7081
12480
25263
20473
67783
64973
51330
12568
78592
63067
39535
59303
15384
72456
41898
64807
39873
41943
55714
84667
29909
35193
6780
67906
67350
71006
77803
74010
18949
38448
21207
91473
81960
76772
66400
83092
55766
95928
33415
97533
88181
70151
91887
60491
56346
13551
43876
86246
21790
62935
85205
98694
44588
16378
37916
15120
66201
24465
86932
67936
66642
34911
41956
27900
12108
62025
90504
64039
88396
2303
68853
12341
78839
72621
71340
20834
24605
65322
58454
50955
23915
74175
74271
18219
84032
48266
54792
94800
80722
47884
41574
90366
57762
27540
82154
65546
19092
80108
14701
75073
9919
80323
98622
53364
69789
67168
9884
45013
69213
49765
95917
41053
33390
6521
39062
23510
60577
96771
64605
43719
80251
88
27526
48996
15475
17066
29162
98436
98956
3009
40577
24640
83258
53613
12116
81583
93451
55229
47559
37244
33580
32402
34329
38364
58874
65112
55702
9312
51455
64699
43694
94907
16350
2424
63441
85424
39876
70602
88038
29406
53459
48553
22508
43921
65794
13134
71029
61399
18127
99287
43157
55310
81622
46403
5011
91857
48287
50229
26965
27324
51566
19092
82508
14189
14852
26516
10758
59295
50875
16332
89805
22384
55384
91104
84084
68082
95415
79861
65711
65711
18649
66624
20451
82866
68929
15822
52732
22906
54197
31615
89117
45572
55286
51568
9390
75089
19840
148
27299
72539
26662
16642
17774
49919
83721
51162
79216
35691
69779
84918
69415
12142
68646
15276
29660
62384
37143
66998
18365
1593
25584
22864
60495
3565
58426
73563
58420
19599
36411
64966
26115
79724
1149
71788
8941
59900
38536
70590
85397
3135
39360
51686
41576
89450
62415
19082
22345
63173
42429
63117
96730
53821
84247
83677
62308
82489
69422
45898
90951
74400
5906
69308
16823
26877
44947
10977
20458
89298
34278
72898
23905
91463
48768
47158
57962
54380
16907
94604
13832
98300
88677
37513
29884
4972
46037
1152
84855
25411
54958
25740
20345
38389
63653
68356
45876
49821
54012
14915
53051
83057
79515
69620
18486
15774
48575
62131
31604
83659
63609
54457
91042
2807
96763
75917
19061
43869
94396
32485
58902
35388
16285
99125
29257
81844
44012
91409
19500
21256
83769
92005
65347
46374
5870
63450
60850
77916
80303
30661
80403
11832
1098
71635
62718
56601
95560
30711
31310
86988
25398
64379
40517
25367
29739
61882
16923
78985
11606
58201
51741
20226
9052
66576
78116
9924
62125
27483
53792
11129
80210
91112
52563
13892
20060
67154
22321
82944
56705
18831
767
745
71396
41135
81543
21172
81187
20301
65966
24427
35394
75457
12978
36718
10824
70612
29224
66381
54662
94054
80965
84516
99796
68699
72743
89882
63377
55817
46330
84870
52900
99809
87793
35947
21432
90388
6402
61084
20941
58335
22561
52405
2605
73485
22610
89976
874
4598
53453
76955
26818
34035
88959
50038
87203
11770
33745
79112
82891
95522
24649
48065
94327
456
58227
94756
51200
37984
74310
10272
48117
30379
20788
95476
61968
43518
91853
18729
42546
40067
18756
14604
28976
48173
3284
38630
8286
18528
99075
32603
66816
9698
10130
10817
36744
6313
11592
8994
43820
56748
3569
58188
38686
5403
41684
17005
21494
20945
39600
89831
73221
5340
94938
29490
40539
68237
58469
80860
81493
17217
34095
87254
11665
95711
25722
24910
70929
66193
3255
4401
13896
52393
55118
21587
1941
97391
79055
86621
15086
54882
17611
88134
555
95547
13129
87491
64267
29581
97939
72030
69708
3419
89527
20855
77150
86592
79840
55095
32611
91289
78762
11659
59546
32081
98918
77563
27522
51490
54810
76256
90416
94665
4612
16337
84896
44849
73879
1470
39164
32772
4925
99379
43133
16713
76142
37782
11616
87220
12057
45672
27182
40571
12108
34307
89971
65042
50204
19381
10484
56564
6698
44914
34226
39576
97697
61205
60446
62849
64179
44663
33310
89695
2356
89009
71150
18414
1478
7010
23110
28188
16804
79318
14172
36157
53038
27802
21078
92224
6636
18585
89233
26464
39557
56891
57016
68052
18974
57694
52435
10313
47466
75686
21595
92710
3572
86877
38791
78997
88505
97969
35444
93446
329
15228
30880
92233
83077
20424
39776
22705
79707
41038
8304
76646
1169
96448
37837
22859
5493
35166
28544
82335
55473
13642
89847
97287
13160
34261
84623
445
4703
94584
85428
17326
90550
12540
51399
30703
95019
51250
18148
28992
68384
21923
90011
20681
59227
30666
22299
55516
95796
85189
39767
59480
34823
28555
40432
81965
99756
75194
65304
62720
29554
68466
59439
16676
18163
43330
27682
88498
72344
26385
54421
94592
86433
82323
64990
27852
43934
70802
3312
84837
74141
59373
62372
94304
56598
86457
95640
76082
73147
63967
61475
81474
23815
29097
92298
5566
64090
34573
67986
52789
4765
88924
16744
36551
40847
74145
75892
93090
90287
65208
76290
93503
70428
86727
49037
92632
21404
69546
12513
77767
91566
35060
63369
7180
86394
12717
90833
84227
85926
17925
912
34484
34897
39549
64223
32046
97932
99588
31021
67947
42300
82702
44897
39958
88863
24896
84180
46792
12542
50307
98423
87647
69579
19194
34015
12567
44750
10307
13895
25028
20514
1566
61448
2374
62833
60759
402
80078
67942
54287
70386
46370
88465
65427
52945
37622
25696
63363
46491
21382
89056
44718
50570
42583
46847
2331
66428
3226
84968
57409
15018
42107
1779
70828
77223
14813
16179
30811
56485
30782
7325
71597
56014
63286
51961
71965
73952
88270
29212
44659
94440
84754
85890
17473
44365
73165
79212
65078
22074
24709
13796
90495
83476
24268
38907
30602
93663
23011
95730
5694
41378
54158
4651
86909
16391
91400
96143
65420
7395
16722
22823
77454
40456
72495
8320
83439
65142
20508
80090
95097
110
36426
94861
46801
34043
24011
6250
86038
21641
36355
23084
35094
82665
37683
61550
88081
61727
94725
27116
30656
18090
96860
72538
32926
99549
66052
65165
54898
6303
93664
93415
66900
57746
88402
19730
34021
38029
89577
78389
92630
82949
79177
98686
17735
9729
9647
78463
22205
50381
80583
14670
63003
35299
21095
57889
42978
98743
30927
71674
22245
93020
79473
37848
34819
18948
23187
56345
44968
42622
58981
80835
29420
90792
90539
71063
64154
23304
30031
93330
48128
37054
62059
37536
80982
82610
22032
2062
36317
95308
76291
48882
9178
78762
14238
24269
42874
60190
53201
3677
94113
87610
34859
98409
35830
22914
58206
23053
51363
85691
19240
90071
4190
85492
81089
39442
65201
48193
6471
70716
56641
27882
60361
39387
5023
53539
84945
30727
80710
27641
29410
51679
80264
44927
38403
15179
23198
4963
44915
20174
25755
14674
29038
23675
96124
9570
42958
1806
52324
19657
56867
47336
58416
12936
23856
39618
52368
9731
89564
32917
5843
85765
5072
27749
74573
80169
45448
42518
71344
33023
42158
61502
27741
35290
837
79109
50118
16375
90027
34326
1547
7579
30198
61885
92815
95194
97364
53363
21609
46536
86109
40524
66433
25100
39835
94993
5082
50303
84121
29957
16517
52140
65944
34816
7736
34294
52604
7478
81985
323
94514
60858
60631
55445
59733
37313
57597
13217
36734
4687
56117
77538
36925
16976
92657
65605
61068
7466
78095
56337
78397
92522
74108
3073
35559
57433
58804
19252
56668
92389
80109
61190
27027
44661
8137
69598
9330
28773
14923
12548
16017
66222
28884
61690
97365
16358
65651
54745
85872
73234
99598
41772
43816
69797
53019
78119
83191
7835
968
85227
82233
95556
46967
50254
29100
86392
88368
47863
33040
15220
5929
8316
84177
9770
44234
83966
91816
44152
57219
4486
39194
32748
57396
45999
58899
38224
69762
91727
1971
87892
29993
53137
33648
19731
95437
13794
43572
35330
16862
65329
22826
8817
4753
13798
10352
95373
84670
98700
68742
68056
9840
96240
88958
28261
93971
18311
48021
27936
45761
87167
18519
5611
83517
7516
21133
9668
74259
87362
63166
78868
7663
57099
13458
84559
34186
91023
3849
30700
10870
18362
58606
6172
59078
49825
51207
76407
61694
1515
74971
61551
75397
368
24931
93731
77718
80248
9316
43572
65294
82611
82637
36967
99834
57837
33665
92861
5539
25165
97324
56124
21923
33359
62988
30342
7396
71938
53901
64518
75641
53756
68619
97317
82299
58808
5381
87189
70779
63112
56100
62129
57472
22116
49564
98682
22451
46246
26860
16008
29763
71203
81886
42948
800
70799
23457
54758
66373
92689
26547
41088
61609
30303
98123
9981
75552
35519
82651
43596
70210
36582
3209
1722
58956
7206
87752
69499
20572
49406
62681
42459
8402
62760
20483
34831
2228
48406
96872
20859
46175
13797
59976
1986
23671
37291
67051
57993
54726
54103
19114
88500
64213
73857
6236
14337
36498
17273
25087
46848
67064
16337
69900
8254
37600
35617
3409
22124
25267
43093
95548
95792
59190
74049
65655
20321
77046
9316
54767
47632
40833
45080
37301
82068
36707
10920
24135
78913
94862
65610
55343
38182
92176
74858
50740
65416
60090
51414
30863
20298
66614
71157
91614
2667
82388
65068
78589
6090
42363
74404
64298
98914
175
40844
85342
28973
52579
78755
82872
32111
12764
87489
3523
50148
41899
75681
18474
29834
69437
76122
49192
5089
85165
3281
31572
43204
93559
61778
28249
35680
59266
55444
32825
27506
94149
59780
36442
80958
4888
21013
8867
67063
39695
41702
55105
99029
38176
12356
27765
35717
29969
10383
45534
29991
2526
84637
73125
87142
75286
1933
94500
62211
97785
18754
75470
34496
45198
10160
4399
21194
35951
34284
75966
38440
41079
55485
76919
52665
19345
83425
83977
24216
21547
99892
98557
19864
21852
57087
34886
12495
59824
1191
40296
65882
56272
17897
57240
99021
45472
75307
455
13489
98629
81114
22516
44998
938
23208
58736
65266
62962
87466
31795
48152
21894
68101
81590
89039
75826
32188
45824
31038
66337
15109
60539
13063
34900
68687
48783
95658
14260
10389
46197
82108
17779
66899
56430
20716
60338
82297
5609
23161
75953
50053
10471
58705
28904
13985
44003
26846
88537
27610
69584
46432
880
63943
62221
78638
32148
10139
50267
39648
29082
50259
87042
71776
98727
92263
78388
96142
28851
87456
94500
60113
27251
16134
42662
12814
2768
75988
70916
65239
78322
84527
74824
61010
74791
78548
67625
65512
29293
86993
41804
13159
17037
59481
2145
2376
68925
38585
50559
37012
7999
21210
93569
33887
34807
72242
98350
2514
65272
33450
16487
7924
96182
10115
65668
62185
46182
52252
6024
21610
80960
98573
98306
95439
67015
39415
77775
22606
40752
66818
3614
20888
86213
48034
52329
75917
90038
97409
19305
80666
31337
66157
32632
58095
37991
17453
10189
37023
46459
14878
33387
723
78737
48919
1079
39548
52556
99167
84088
57117
16245
8731
44559
46294
52741
566
88905
32450
20087
91480
7352
25635
2940
10958
57465
44127
93134
50073
817
45299
29579
72086
21248
91897
13495
74671
98747
80364
7405
97808
15316
45121
78327
8639
40143
14274
45473
47747
22101
8466
61741
26308
67241
362
30081
32481
33077
98874
33641
81598
7010
58569
92907
24765
35272
42590
96708
43433
42128
92815
8760
34592
4060
16334
12163
36420
32910
59434
26771
633
13905
14073
55888
89498
58612
44975
68035
15019
87522
23221
81755
83912
60955
58156
12867
50437
80245
77097
96331
60696
99722
84771
37095
55161
45587
56564
86033
72388
95798
67421
85183
17280
21828
36136
80876
81772
62642
28881
81961
51685
26347
84204
16782
73318
17353
76544
93954
40554
63942
5461
41174
83049
41990
53355
39847
4741
76873
18344
86355
6013
20731
20201
55460
96170
90287
49079
59015
47030
3435
94947
43738
92364
44723
25087
79742
1614
7611
67293
74362
82117
333
59979
33441
60827
81289
59118
94232
88240
48894
80487
16994
10477
83258
68188
18092
2864
58991
32210
53427
15273
39889
15688
19994
87543
9685
55405
78956
3626
94351
32120
77700
86879
55726
72381
71938
5888
27751
73907
63246
96278
42017
98151
76257
54803
7075
91223
94445
64073
87978
24107
90213
5771
60315
35677
23164
45607
31003
26418
48644
42774
56524
53353
11350
81609
31513
29353
50543
50702
36112
97317
26315
629
58176
58660
87742
26458
53088
77350
3835
34800
68347
18472
74410
82461
48427
26414
22380
65953
87476
30683
54585
94715
36300
78726
14904
69911
71180
61383
10931
18062
72500
93938
31585
4327
97581
74047
24061
60648
42412
15366
42457
97456
56372
26995
1807
9426
52
65413
77533
97273
43272
35411
83879
46088
83386
44759
5211
42880
45673
9691
2089
86225
54557
1518
5178
66210
98776
96335
10798
89860
14069
58473
83933
25399
65056
30350
25660
47767
61640
870
64466
62191
71973
38676
59106
44930
82232
19011
8773
98437
79198
54333
51334
52131
63251
14428
67672
87612
56084
27524
67550
18620
20301
65417
12830
15406
64820
36423
76498
71490
78613
85467
44395
72070
812
72116
57805
61286
95487
3413
40118
29989
80701
9912
86306
19017
69276
85006
34271
64109
1442
22046
94468
97089
5058
29289
37146
45916
3267
82308
66605
76465
31035
71801
81935
28821
98332
2765
36718
49934
49222
52215
11286
46433
85039
22255
38303
52460
48170
4906
60497
41191
6842
19885
59352
48514
19632
75775
30482
59209
93794
55821
34411
51686
65908
63635
53388
60293
87496
27835
11121
17058
8498
43423
31062
58283
75494
92796
92110
62904
43262
42186
53733
58430
7544
61741
72407
10887
80032
837
95849
43979
64758
37361
39036
99017
21159
76749
2188
91809
48239
10900
39945
2546
24663
86874
67072
68991
53352
88908
62451
37774
94514
87756
29978
41304
42380
25072
34751
797
71235
4239
43233
99537
88985
98526
32303
15469
41459
182
32600
94532
32661
53796
60159
27972
38274
21317
27908
32370
23513
55765
84622
96844
28114
83749
74669
51920
17213
67641
99334
37419
35585
79974
33919
62321
28947
47213
28717
93839
11630
23451
74106
17691
85514
92073
44141
89821
50325
11458
98668
99523
59235
8931
16730
76166
78815
28288
19279
34053
80900
85963
54169
65893
12329
28073
19333
46672
89641
41827
63148
16244
4053
18897
66214
67251
66360
29363
67468
48044
73300
96808
7235
30877
22491
46796
93785
47216
60721
82654
99330
4170
66440
93647
82972
91625
75786
80162
30560
68700
49494
8586
10536
35253
39295
49935
88110
55790
22943
53713
9037
25
69593
69057
19600
57788
68552
14274
93532
45581
34503
72307
24504
57911
6862
9546
12507
78094
19009
98699
9629
96810
56812
85633
24030
84373
55488
46461
37223
88016
4204
87545
85922
92561
16596
55414
88201
86534
1561
60921
42717
85860
19311
42081
76726
12121
92340
54674
48487
23419
82458
38437
50377
23028
63457
1573
38141
18358
26751
1775
91425
55236
13320
39500
5581
63335
21078
17328
3551
74945
75191
76299
38062
6597
49309
36456
67070
94898
39547
69034
10400
46372
39860
54953
14729
8060
76455
92608
47501
20463
8932
79372
58617
19024
97152
5058
51005
93659
16432
78795
43521
10049
19271
91493
66994
35605
34124
82783
26074
41948
37845
73128
9680
90086
59371
93838
83451
47614
71252
77994
94180
39372
51586
51995
88285
58585
83891
21465
24592
80372
31052
72964
45784
507
97060
41876
5436
44583
82826
17330
16652
58160
42688
66831
5767
86388
973
4006
62519
65790
8363
38756
73684
5521
8204
57047
57957
87983
60439
82518
17296
93326
46830
28053
5650
89494
19967
41632
59450
10314
98795
3356
21582
68368
21143
49976
53175
32508
19235
95556
50238
24929
85264
73233
66614
71596
70073
53859
34159
42232
95388
5146
33202
67343
33627
27239
52052
40520
4870
5280
54289
83765
8036
67966
89348
78105
24311
14274
68388
49186
14151
52906
62619
32190
83524
22295
14437
50537
91769
3278
60745
38823
13934
84887
28555
98235
4760
58159
76343
54967
58721
9173
87029
91742
78120
92679
25948
50129
66058
25296
16181
8702
46172
27347
24212
54315
19590
88258
17655
51792
51725
16343
79391
2940
86316
99506
35731
87113
70396
36221
95516
2544
97711
5308
70560
69058
78264
37388
50504
44706
86955
4623
33271
65595
75247
24735
51320
19688
77144
76420
80779
29409
20285
40506
90311
78783
34786
51195
76686
99848
61617
52590
69781
47835
45692
19819
28887
31102
17807
16273
70626
78342
16986
98974
905
87474
27090
51554
46777
23121
33488
32088
22127
30889
81177
49705
17308
75247
10345
82900
86713
71024
59317
45002
93558
43671
49977
57927
37787
29117
40595
50386
43218
58484
91103
40263
55731
25197
27096
17216
68725
81758
22084
95934
87774
52750
8975
225
76080
81298
91531
49026
11802
80943
51336
52596
95904
81831
49580
73957
16095
20441
59682
12313
11766
85271
72866
76676
56480
44344
79344
12962
64655
46686
54784
28019
50933
30504
93584
51311
6342
22320
86388
20105
89937
87663
99790
19468
93784
6505
79712
48200
1379
60135
91020
66666
20822
94087
42329
79580
31200
64096
10866
39161
27022
25581
61252
61711
63572
25808
54572
10878
54347
34695
72422
86159
31082
90207
43327
4536
93141
48888
22202
63476
49543
34333
95632
15183
15456
57438
88558
9084
89794
28850
77166
4733
54994
16002
78576
53424
96915
56349
92516
42038
19310
63961
32790
35430
1585
85280
49996
59353
49016
77712
87448
64797
79767
83865
95480
12969
43465
27720
20895
79222
32555
92225
80367
2585
86061
21596
23072
86655
15946
81744
83751
53621
99731
85871
9870
29090
93355
53507
21934
9600
71990
58360
832
58168
54150
36729
70557
14924
5024
42919
12451
36414
8730
39634
84159
34122
79250
30489
50578
15601
63198
65354
79178
66910
42868
31066
82778
36699
15460
60082
62832
11668
52039
61552
13852
20834
15828
56541
31614
99095
47902
9126
99238
75909
11448
66663
76427
97326
55445
41859
99335
97741
25794
85903
82793
27776
22542
34719
38275
3752
2216
67152
93094
96747
85956
95268
84590
31322
89102
77838
82181
10293
43396
58824
51956
68253
79002
96317
57992
51848
33198
58570
98059
94716
48950
58785
34680
25702
67766
85184
61698
21527
67464
25285
40404
48379
12083
25374
8387
85388
85081
53950
52888
48533
59674
63773
70490
52712
8426
82005
64799
85093
52975
56820
67103
17190
96980
84834
43604
10838
15760
63324
38304
63078
45508
61208
10741
64447
98434
55251
27992
72468
51273
18165
40144
38597
36455
55195
58967
89949
76629
49126
94900
94550
32000
37274
19050
53226
5353
92133
22828
16791
93631
74533
6837
89838
89670
98631
82551
17768
46404
2295
43853
47914
52654
79626
73724
71347
17856
39477
84739
26866
44387
56512
25742
60729
52187
67336
19715
91371
55406
79663
836
92007
9428
42558
57622
56218
32725
53070
52762
14791
71008
12601
67159
17292
53321
67882
14881
2159
24313
83577
65769
17418
9893
850
32106
79749
43191
12810
44341
32671
95044
72114
3462
88286
2732
39025
87510
59807
33967
27606
11390
39183
72168
48092
13725
16632
36039
87205
62934
39008
25948
65166
55139
56963
51418
65183
25613
94947
80939
79812
41329
50630
14070
20174
93740
92357
88460
65382
12139
61723
66885
73535
26563
78448
515
70643
66657
34852
58370
94735
75431
68350
82255
82803
22795
11403
66833
55947
90138
47672
45824
27809
31484
78431
32276
81539
96479
23301
61650
94205
13601
92180
18809
3734
4026
70256
99351
98470
98982
83644
62395
45755
37253
39163
99430
48586
51077
93798
67690
174
68944
75046
41280
31012
10793
95479
48550
69651
59357
99728
97212
85052
73055
12624
63298
83645
96645
4195
62047
63869
39980
12738
76493
84416
46895
74379
90809
21943
25941
44462
40695
5452
17976
39781
14526
91301
54349
52312
12779
15026
17534
11159
6095
57147
51044
40229
72658
30257
93426
67371
29097
83819
88388
15629
94612
22870
63699
96727
12988
41145
89766
40689
16068
52750
70123
31705
15391
36088
56183
58904
45563
70972
78553
48854
18641
77347
9858
86648
64560
8100
4770
60508
94820
25762
85781
33119
56890
51375
43516
73952
7915
7774
56529
22231
16576
40562
11503
96010
76354
55812
44590
64237
9766
84745
66741
30948
27518
66084
3312
90813
87997
67621
83617
36340
47883
67870
39467
78653
39894
14566
335
68008
61614
72965
99498
25887
13416
32445
2532
61827
2751
11367
83593
43785
74879
59985
94933
76335
71037
78167
55563
20183
44620
95906
76411
15944
25595
36633
795
733
678
69077
39593
2330
26962
87517
78866
46286
46275
69186
72701
77046
77157
68648
88791
30998
49204
79730
91853
57618
34154
40995
46250
53764
99
24062
6431
67686
56520
72860
85118
20205
56386
5785
68551
69557
3445
27530
20940
52146
44887
29850
3510
92953
53075
63002
89987
13270
30409
2177
47147
24286
74872
30789
56568
29634
62317
63092
88333
4266
5380
99371
24107
43377
45590
92793
19866
58279
25455
62546
1901
11984
47735
68600
61371
64421
39074
26319
66005
81947
55260
9175
10447
27926
13224
65149
35896
10336
80545
32989
77090
760
38586
56290
60773
99032
4667
55537
63847
66987
38863
1250
30132
48467
15798
59043
73925
37111
26118
46145
12363
2149
30243
87046
80569
14193
95049
31514
14154
24739
19550
27982
52459
8391
84859
73994
56820
18956
4374
16268
58855
52005
15051
99843
62387
89885
19758
50111
70132
54888
96327
42669
77073
15176
88282
18245
74455
33773
49782
63793
65963
70690
45101
56615
98469
24128
78707
60263
63680
91250
90353
57374
64887
10989
62275
46288
96036
46027
64576
73965
88243
40506
17415
97269
92951
50957
79587
86756
86758
66100
25941
49836
80584
550
11172
9341
19244
71467
61715
51942
38934
43735
43298
93298
27044
40692
33101
77468
38490
60380
19082
90586
7859
28445
79000
83483
35871
73068
23377
22474
82949
48074
30809
65766
27430
90088
97756
56973
61772
22240
60618
24147
42501
31176
67771
55717
71116
35707
78890
5621
30174
85915
58995
64298
10987
50242
30080
47785
95689
8167
66718
93986
86130
50993
33675
71500
38761
47632
94804
86494
52146
76979
31810
15985
55249
57179
76286
65994
44599
61456
72351
37285
84967
71376
30530
74123
69025
9120
37896
21069
91264
97167
69402
34098
86672
88109
99896
78559
8276
58101
69024
50707
24085
55405
5501
25624
24942
32047
80965
8207
43400
31214
65815
27287
23417
900
46719
89229
20784
73178
40085
53939
8577
14311
703
78935
88546
88053
49275
55631
35344
50404
43760
34730
37636
64760
94854
27311
16245
93418
30210
51944
73989
46395
25343
62980
72496
74569
15446
21027
68109
42628
64283
48503
20774
24367
85009
88101
92770
91682
38788
57948
63044
87507
33806
34974
47983
83825
53478
21291
32234
50353
21247
62534
3911
3817
38932
98069
71050
74362
4378
11137
34564
21451
64588
70282
54410
97552
51838
29496
24487
40468
18359
15236
11387
42347
19183
60496
35069
34755
8239
20144
23119
87900
77632
15136
35941
27223
58048
77279
80324
6545
94206
47861
55072
38809
65758
6602
12116
91631
46374
55003
44347
44195
96452
32952
10036
73905
40577
13371
43874
51955
91951
54003
91392
30059
7407
38950
42950
13035
65697
54135
59552
70113
56605
91436
25834
10151
2942
33552
30804
98895
97204
43533
4107
13176
60314
28107
63554
64986
23305
4500
82194
2546
28059
44887
80981
21524
41531
98421
82718
30727
16894
25972
35462
73385
95857
93581
25226
99051
70308
89278
98533
12674
1477
97193
21423
95231
60879
46318
76222
58686
6839
23367
29380
14915
40237
39784
4358
71730
20567
47999
55179
2894
63009
29954
22535
78374
77660
12113
20416
13438
52977
56469
80393
47282
97578
63878
46231
87821
61206
83218
13868
26866
68236
49598
1964
26584
64519
25370
75909
6756
74663
60806
12080
46998
19340
82409
99186
62874
7459
85661
96434
63727
55721
95852
17606
6423
4411
13644
79269
3571
88037
47554
49429
43973
74026
32381
63075
66013
92246
3338
24473
85144
46259
71710
21509
47325
79827
64916
41108
78104
71321
45379
40701
68610
74905
8147
82205
39580
72998
45117
51991
16245
36712
31075
58620
63225
66928
74897
15918
11980
33822
70944
79331
76661
89071
97523
57645
6279
86402
38550
14936
46309
35290
57019
92167
37481
29931
13971
92657
57084
1613
81382
76384
35278
82829
99245
26827
67448
74319
60541
18267
65255
47425
13730
10497
96461
79601
9859
74673
96568
26503
19240
50764
10450
49851
21296
4705
1342
67205
1825
40801
56445
67180
20419
7008
2049
72431
11729
10813
11672
93874
81493
60257
35932
11254
36027
6402
96083
41646
9440
64617
26876
12966
41291
66944
12438
77130
94984
40709
5136
54950
33716
34175
35202
62393
51119
15628
62057
38465
63872
29030
70292
562
47542
64910
98609
65744
86669
25791
33042
89012
34429
65506
75884
14078
30073
15353
66897
68082
16043
41352
36421
41139
82257
4397
62138
48265
15374
59153
52107
20109
7987
43687
93517
84769
65076
91944
52451
5841
38651
1497
53159
72658
17047
35343
90733
23863
48504
43228
93409
7266
82038
42518
782
75222
74724
84357
52890
82944
62809
79035
51623
93203
20098
34725
65128
16403
88397
19400
49601
65888
46112
54502
43379
88400
75848
12816
66125
75056
52848
28087
56910
81790
40046
3728
17974
86691
93869
85214
88330
25203
78038
98602
47709
38139
58382
54767
77610
91943
84242
65024
55112
67991
99174
67481
65331
78867
81228
49336
79454
8192
7066
15347
95268
58156
30493
60872
45765
24167
96600
95107
85355
86814
90901
14965
16228
57083
29331
32206
32078
64468
77777
89278
82741
56966
2991
29514
96610
68391
85541
39498
92541
27306
81085
54859
98664
1601
5195
13891
25373
5231
45369
29832
22432
58159
16427
81495
1984
36207
50417
41960
74525
73763
56135
63888
96017
9449
33761
2342
40262
84608
27791
38361
79326
79859
16603
16550
40232
69719
40270
22033
73298
83599
72354
40068
26231
70039
43704
89392
85078
33988
28736
30282
77907
77409
86422
75445
84396
56509
42909
70814
37367
10476
13718
47110
83646
50469
72061
80768
97718
53907
2309
62282
82521
38705
69014
49920
90033
83469
91769
29865
54563
85934
70083
48102
38407
85130
76220
31391
70277
70034
20560
59878
65954
62997
42861
90198
6853
61056
97495
19802
16221
39740
21688
86592
98036
47595
97266
58677
81051
47977
9626
62172
26815
19843
17996
62675
57058
8306
31671
46523
36784
70159
74933
34053
50632
49378
32906
65441
62443
58776
24942
45198
11715
29856
44674
65950
78731
35413
48374
44898
90245
96017
8307
9713
15998
50303
8057
93551
35473
71049
6895
94149
44159
77268
69849
82090
84631
60884
63105
17653
32009
86883
79457
98155
68585
4472
20964
97988
11303
6212
59965
2161
69837
61546
28371
21387
68136
30941
74692
72216
88413
99978
48623
74995
80815
59372
9673
23861
41595
55114
939
29193
15070
94829
60930
17066
89598
89950
3013
72257
64045
68444
75478
39709
66513
41335
32131
41000
40355
83667
30710
96568
36322
87498
12117
92323
50968
52761
52233
17315
10316
54432
53223
48699
79026
54378
99206
34862
44405
99890
79708
83688
8253
82463
38679
3496
77917
7018
48153
18676
58638
12368
55956
31604
21311
61903
8534
85044
48702
31623
8037
18209
85990
36430
31437
78360
92365
48158
14498
65487
95719
55950
63366
41154
40705
96528
35089
27803
16293
14996
63910
16761
12300
76251
39891
16056
51602
22662
28431
73042
66457
11240
88770
85395
96834
2830
24961
97424
35494
96718
26457
61023
89932
62630
43768
24135
11275
31241
1697
88513
53119
694
67979
90695
92271
42168
70461
97757
36937
12291
57727
1461
19790
94355
61462
7364
4994
56140
7794
57314
39855
22522
15336
56327
38841
19492
96415
93672
7412
92197
52548
60641
15963
68187
80297
79293
32101
7369
56592
87323
73091
93913
59074
31594
60418
64451
981
85691
45188
14564
28403
60216
3301
76368
36151
14296
27420
78539
51280
99768
71370
97274
33599
53426
30581
2534
93872
65886
38458
96447
1227
92933
10621
79064
13292
94321
26941
89120
95874
67795
65010
19622
28110
73365
73984
10357
54677
40950
68703
86751
23418
40281
48190
40747
87019
97689
74288
57810
18495
62961
7479
85475
63828
28681
60548
15757
31172
86536
33121
1771
81627
21545
66608
64589
16679
72119
85175
32901
6343
58493
34094
7183
92353
3425
47509
4203
51619
97985
26860
35883
36498
21991
19032
96215
6163
95529
12778
95734
4605
32343
99946
4184
92341
12167
24324
23439
83061
70987
20245
92294
6717
25741
45430
48578
9647
79085
1482
74819
73967
45700
64523
98750
88737
40311
21764
78196
95184
43910
65472
16947
39931
37878
47676
56789
64794
85842
56721
70714
9850
76432
69
22073
71285
39095
11809
61257
83710
41320
95652
79606
89893
91664
72314
8101
43141
17469
68699
43900
20411
77181
98224
6403
92305
47425
61720
23627
44334
92062
2411
61259
43950
55624
58510
5976
84604
93962
53783
51615
50705
9215
86942
40215
73861
41033
61982
47944
56181
51454
98523
84549
65716
1409
87176
58806
58168
84014
72557
42298
4110
16310
91178
71829
75091
28854
44816
19884
85388
85874
26855
85421
45001
18831
69099
22084
6149
20795
17351
86247
24474
87724
99656
66480
95854
62164
86719
10343
37719
48498
148
29081
22408
49898
48038
86459
68512
35658
37720
50408
80582
43806
98368
15553
61476
48842
63048
7425
73362
28750
14271
14373
23168
62311
8983
44097
11313
72899
78622
38112
71428
40751
4876
69885
37587
29994
86992
7841
71684
89479
37597
79399
31461
35642
49256
33247
5729
56619
47356
58092
70326
60569
21122
23371
20772
35970
42183
84349
2868
55858
10364
55255
88438
58951
44025
43020
5891
11854
22416
57560
32067
2232
76563
91412
97382
36181
51931
37599
99587
37084
89658
60243
20718
67943
19117
8263
71328
91701
24556
87586
79078
66010
48086
70203
60122
45805
83285
38003
57879
61880
92744
90378
12448
49197
92055
12663
16807
65440
24951
63543
87301
93812
24644
70571
82838
29253
25127
74323
39271
43222
50906
97169
45093
63914
75763
67683
30173
83358
71674
77739
77173
12978
31637
43136
91573
61544
25022
81457
8475
77104
15076
90740
35571
4615
64989
84421
93898
65542
76967
54927
38501
13943
72196
71772
13891
29240
45587
63400
88602
10293
57306
94535
45360
12807
52513
83402
58824
48263
36254
14579
80247
77825
1046
86470
49518
78081
5479
53010
58591
25747
95460
69452
66832
28644
28023
95556
53657
30332
20638
21428
6821
47470
55298
72624
23191
41490
58231
91027
42239
96484
54027
9282
69021
58405
26343
56548
87454
25744
63594
90890
41900
66396
35946
30018
38644
5821
3897
79557
81905
25205
94394
42336
24006
27262
78168
20543
2441
71152
15933
67542
28734
90367
1800
83187
99694
76272
50177
80435
78280
22004
94112
96343
88940
69578
90159
41031
51457
64634
43834
80577
85394
1711
61080
88000
30183
16782
38884
66496
90999
66698
60873
77737
49364
9585
43927
52272
38419
33268
21326
70905
55064
33783
94781
56768
15535
8771
39507
47542
48255
87372
54653
79883
37479
45701
88944
82900
48091
3909
59461
84213
39343
76246
72411
33638
79763
61085
95666
51239
72788
77135
89254
48177
59760
202
40340
39189
81111
35801
68081
76343
90423
12469
22788
63366
60954
62876
48295
32955
30109
15803
19354
14100
83583
97681
36100
30021
43527
3708
66203
7750
62667
98341
1198
37302
80782
20078
31372
12380
94827
52332
27904
20125
64772
36467
94437
69716
29570
78854
69956
99136
66136
41691
74958
34444
19958
75255
96130
30850
90770
39870
32930
31902
70196
89354
19454
86897
25924
38247
66190
34535
83835
15631
79782
65144
94316
95615
18602
54166
74844
80442
20970
16088
69134
61144
85659
37657
1656
78678
51371
59038
11891
57565
76746
69561
39830
6618
27447
53131
57884
17865
85680
26318
51681
58829
20886
13151
65997
33415
14073
35529
16751
5286
20473
2990
86470
24401
161
75013
51060
95920
81068
62291
30677
21830
62735
51032
59779
66824
55326
75051
92707
62861
98685
17452
54862
45698
17155
84423
48887
90600
45029
17358
42405
23674
74530
72719
54705
58395
39711
17757
80181
46982
55782
47631
9434
83855
89409
60170
27673
76599
5265
6749
76642
42529
41669
11023
52775
21633
55138
86654
86671
45116
43869
80812
41966
49570
6052
98192
60732
4617
62946
94574
26435
16152
69078
61391
74362
56685
12480
7024
51724
96432
74045
53147
84962
94438
53076
26529
55232
8526
86263
13487
73607
99135
50794
4926
31705
52326
6704
35837
1665
34760
63281
12297
45471
5573
93761
40213
93837
51042
19621
79089
65871
9116
23663
94599
93420
66768
18083
30120
34315
88313
49113
31099
36616
45158
85600
79442
41945
22104
16494
72436
63231
10400
88909
47807
40992
36766
63209
29888
44614
89599
78725
81531
167
54097
54330
37819
70913
82714
34155
86449
19226
56562
44299
27600
30853
97728
30989
88641
28451
47283
68342
95131
89179
65774
57886
46771
40509
96223
33148
36118
74554
42177
88182
6078
60467
84693
52549
61231
46768
37269
61111
95228
87946
53619
81678
91006
33037
77115
25919
36078
89755
40269
68771
47108
30729
15602
27630
42487
16908
66867
44906
34337
99642
25208
56660
28895
1811
59091
13149
66659
93533
42049
44685
82374
82862
47197
14809
33060
20488
21476
80794
71806
23855
90092
5931
14327
4667
76815
95044
82780
96248
63795
24156
40217
67231
55545
84543
75079
29701
99981
83142
5398
37443
19847
45114
84311
10566
3696
49153
92397
3536
61054
89568
90470
66923
43304
71261
9992
55639
31626
74511
97332
4480
56127
66999
72273
27269
76166
31698
63749
92486
81444
42959
41944
46551
64170
93551
10384
11140
23743
89811
45518
3149
24892
92033
40000
66868
93341
95791
77470
52634
89673
37337
90709
29497
60851
80509
93765
68259
40009
40367
98047
95038
10066
65186
48531
17014
7533
18485
86292
97854
39350
14773
80503
98483
57203
9929
71173
95212
27902
88093
74192
23577
23870
10434
55363
31199
28549
34660
7566
33228
51337
29259
14713
74841
42475
14699
87542
73163
52004
95729
34853
35989
88549
30359
52814
15089
46702
69929
94174
60850
96925
3386
7438
94341
31043
15430
88730
58218
28028
95820
63940
39359
93187
82376
80469
72251
94022
11364
14128
63901
56660
92700
1594
22314
68583
85009
63570
2742
31023
66157
41857
93325
42778
76614
52229
35272
35083
94008
37076
82826
91439
19339
7024
57831
15878
24798
1523
44460
47559
37314
59697
85300
34180
77792
374
36974
35668
83006
82302
86763
1505
42493
63314
26593
95559
46090
60635
85796
34224
44313
76321
88380
67507
96715
30809
35382
19672
43067
51271
70862
36916
86469
71396
17202
11851
70252
97996
86904
54214
64608
92246
98453
87636
9836
83852
6265
14374
8385
86130
71925
35670
65060
23299
93504
18754
47743
71271
52426
58582
47231
60819
86543
9378
10527
73293
40372
99194
75193
13384
95089
97665
83692
84409
19375
33107
18373
91077
34371
32903
98630
8803
43689
22685
53230
25171
27655
25719
83770
59634
27887
64907
84064
15104
94196
703
62378
28229
77305
38354
67908
59737
57792
60775
81890
47958
70977
9099
85299
84521
50967
34446
87001
28956
92710
57607
66024
99659
73293
47353
51095
68674
45551
24701
64506
98460
71939
14450
23993
23419
77609
77241
601
94412
33909
38860
60885
97646
94
59009
85631
33984
6482
14565
57357
42866
16763
95195
97984
56798
81630
66960
52421
72995
18149
43834
59225
67279
88338
38426
51062
64300
96076
83643
16172
58410
86447
419
89786
19551
10431
52643
78946
34893
76984
32023
94203
67362
23389
88605
79940
45472
29302
65150
77217
15387
59769
44718
50117
32198
22163
90165
85503
15599
36418
10381
90323
34100
92084
18720
57742
68689
68666
47240
30054
18926
95416
97991
22743
91661
46325
11024
55089
43149
78066
53145
31674
6133
63789
34640
4333
93121
16126
23033
26121
45202
36757
19810
96831
48229
18069
58068
67828
33162
26793
27268
71240
57745
60385
53726
51605
45700
80980
19946
87917
5219
34788
73048
24900
16938
16999
63196
42367
51793
77625
37731
35474
68851
43042
58495
10711
94434
36040
578
7181
3960
96462
59973
25902
71549
89848
61406
91999
77732
30639
60538
79176
80041
48303
82190
27615
33878
9385
64388
29013
80470
41597
70112
95661
27870
37365
13206
17734
103
19665
3372
93359
95988
97084
68273
20419
68435
82180
32478
19764
21491
59687
92356
67691
26113
36233
13942
44479
67586
93661
47313
68495
49487
82874
74309
74455
49353
64161
15976
37321
7219
91581
72092
99116
81155
69840
28423
58885
26359
11198
59988
47273
14644
15488
60392
96544
8332
44853
25326
65493
36905
17886
56422
35738
76167
51726
73340
51937
2745
98571
56474
71499
41724
7640
13571
96758
2242
32036
18993
99158
23547
99832
81847
97823
54141
96981
66088
62050
58819
68028
95060
50594
19001
90114
75142
58679
77090
54418
41209
23694
66050
86816
4960
72215
98609
59621
24393
73742
698
76621
82718
10163
51587
93841
5664
9347
71550
37906
98420
20298
43011
91136
20949
20779
97661
13527
90056
96155
43400
82171
38628
83730
56873
67013
75954
14032
72465
92143
42279
1804
12001
45782
557
71800
21267
6161
62146
63864
83302
97857
96585
30261
26593
66561
87499
61303
92558
82187
96336
17322
98833
60310
256
32799
22074
53876
3167
34758
35909
17740
3813
62338
99566
38271
42574
56237
55599
79348
52763
87936
63941
97118
75882
91203
87943
80683
95307
39048
36178
88889
34292
53027
48863
1799
13214
45215
51166
83983
69009
32525
91962
10114
69954
2253
58400
66059
10776
88482
81347
42795
14953
21378
76350
19340
62586
44248
84309
73590
99960
45546
77021
91104
15633
52687
81574
37897
18620
35611
18342
38242
36467
49331
66941
58219
88199
33567
21829
84660
9742
37998
78853
21293
34151
3247
57100
665
43699
72036
67700
98566
1862
15564
76930
54323
