25416
63736
48039
83604
40778
3431
96565
62476
15314
72516
46830
29700
12188
15495
22192
60886
78720
54441
83391
64990
91097
75136
721
40627
76554
47882
96088
58617
66796
18858
52762
14744
26893
40201
63348
42888
74568
18281
41004
30764
38174
51724
25163
87218
65125
50092
68660
9383
90016
46815
55777
67713
93710
28189
92690
11143
90083
18567
70757
99901
73870
2202
48284
74003
90455
14080
94863
15605
65885
59048
41646
85125
50989
33450
25116
14086
5131
90469
77037
26951
59573
97960
38628
93729
78852
37002
54041
34793
3294
59863
9160
60948
56853
31463
10727
53098
45202
32449
3081
34668
62379
99314
16566
62647
56587
4118
1431
67758
7931
23145
55481
74554
67175
84784
99310
16379
98761
31262
99574
31423
44038
49237
433
79738
83618
50088
59355
89152
74430
12234
93179
75271
94928
94374
254
76334
61945
96150
18614
10022
10019
60331
63073
4102
20032
59221
41242
18362
94028
31093
24690
53203
69049
2448
90556
56958
32873
53243
78393
82951
78983
32536
75354
11469
16428
67546
33961
77320
38315
1790
26011
309
72385
37876
75980
90923
92676
76291
45758
85630
12314
54390
94333
39713
44422
64739
6961
57215
84219
41034
75878
16381
17041
34574
5116
4809
16057
30152
37295
62571
17498
77256
10500
15382
11383
84259
50792
32004
29798
39545
28819
86306
40133
52627
73357
89519
87135
92653
51685
40291
89246
94781
24055
11647
32576
90924
13291
29773
99651
31215
76450
23450
22921
32305
71757
65840
83581
88672
33338
12440
35349
74566
32691
39968
46195
32172
19805
78347
24694
50376
64092
62312
41920
91010
75908
92021
95328
86070
39832
96653
40969
69803
37659
86302
5486
90358
8482
93211
5656
81683
31603
45729
74931
86438
60951
72155
38104
83208
94080
41029
31535
64600
94554
32378
70241
72830
57589
48791
51391
59637
43026
57983
67012
67938
23442
58555
35847
22197
10695
92006
62598
73606
1243
47034
78332
37478
74544
72845
74120
69285
76609
32664
85552
89006
20159
56970
80197
53541
82343
97686
55240
53043
8373
79004
29800
57596
6739
59268
23863
73360
60845
6565
69277
71192
42824
82342
12361
74479
94681
35063
46368
36093
84971
11914
60695
23140
49418
43786
8911
31653
87830
48429
51242
59977
76977
59849
64594
7811
6041
38021
93411
49062
56703
76020
44748
69797
48747
11034
99933
9678
88626
32636
88123
10356
40180
44498
3835
9756
23452
46431
57563
42659
67862
44913
1810
59793
67566
95779
51873
19003
88986
69731
38117
73217
70349
73537
17040
41479
84392
74486
31210
9169
92428
56183
43130
47632
43233
35962
28417
12828
48320
39600
1866
61990
63419
65653
20280
29969
76207
53460
45672
54360
84589
73876
64028
25545
65182
59718
22404
76960
3778
42947
42898
10415
87944
81193
46951
62
91830
67250
47669
83767
86696
98673
55929
42447
66706
20964
22746
84909
46780
93193
85356
12388
39975
40248
8430
15898
48715
12901
32812
677
67852
58339
22264
60594
85848
12366
34938
64130
39902
31427
44046
18633
72938
43649
68693
64823
45399
78055
32182
95204
92643
71195
67980
83803
95346
57757
50523
91240
5048
81143
67874
93657
37138
21720
74573
90723
76363
71688
72306
26958
85698
72980
92021
38491
5569
84045
91167
19551
88361
90308
28406
56561
31476
96391
10388
5888
10269
38163
53647
38407
62541
58130
13152
13631
10541
68076
11744
37705
69961
1177
91444
12811
56856
58380
23828
29871
70210
85381
56802
31312
51645
22993
54996
36491
17968
56883
58459
12108
14937
9267
52820
74012
68086
71883
73407
27928
82660
46439
5051
96489
51693
57591
32972
33830
20497
79365
26802
7454
92684
6442
64398
18016
54471
36798
67179
79861
46948
34058
68497
98678
25181
30286
34175
90747
30705
90103
43577
98076
353
8917
67158
53037
65291
22609
31790
46606
29103
57766
83320
33365
2105
51546
19436
11363
42084
97220
28957
60809
63273
67260
51080
87999
42741
32044
11665
10369
40259
51503
92829
97651
25499
1958
7619
63343
25625
63767
94383
81270
49658
34014
73142
97736
96450
32030
23953
77673
21380
55238
90672
16644
35262
33225
60822
83713
1521
90396
6412
27323
29007
59807
11900
38143
14132
24020
8383
86235
95872
45364
27155
908
36072
53656
9800
5183
95895
55302
63318
70690
86841
37707
47309
25452
81310
47777
71134
6777
76436
64286
58070
27662
92578
73923
61523
28546
11285
69913
89930
98188
24801
57326
98482
45405
64041
91191
18920
5383
68303
33436
37937
30469
49033
50701
54618
52517
66184
13406
37954
86869
12394
61566
38262
56779
46371
40141
90392
35218
15742
75014
61795
35302
82746
56690
54577
25648
45637
17348
56709
57041
13531
91627
95777
15147
75462
65556
32607
92920
59125
22101
88227
11384
23908
67879
19883
36213
43219
36175
71089
54256
47595
1408
12793
36212
51616
37802
11549
27929
77384
12257
23488
99390
5071
35424
34013
6018
85813
78746
7966
75868
136
65837
66629
59791
92497
75946
43930
9341
38147
23693
87490
53179
47275
25974
77592
89502
78676
66121
37881
73525
95731
7051
33235
54987
84855
97340
82104
55662
66652
33101
63806
48691
4694
38782
39250
66332
27469
45254
84195
66045
12542
6246
7762
3907
46417
79817
66156
87992
42379
17636
78764
12762
85695
65550
94195
99730
76995
16089
76261
21415
1011
96269
83007
85197
67638
95062
35083
46164
70578
69974
32158
72457
29155
97030
24528
8240
24078
97744
15139
40151
87755
48544
27060
25178
8751
38756
83162
67052
5245
94329
53570
41207
30552
93115
72682
73021
38056
36145
36975
1499
53923
14141
27107
99474
7368
63133
16106
63298
71817
19660
65422
40273
69589
6299
89356
74808
62209
71082
29427
62034
21593
8322
54502
17633
43667
46345
16346
23303
12021
57263
60443
45088
61062
50473
90524
16182
27687
11401
98662
9293
68376
82028
70504
82992
38296
74412
57745
24612
76991
9484
91187
35778
44207
96567
3461
51356
56397
79548
57645
35477
7752
12430
62101
47411
19342
72853
43893
75381
72339
72288
88753
40962
16592
18584
88868
19158
98722
15713
7891
82528
1141
32637
34499
36478
42244
89560
85248
95300
97823
8219
80153
56289
29350
73968
58313
9120
73376
48034
26485
10250
50011
33963
74345
24286
6463
62960
57312
45946
32257
31501
95407
94659
74162
34629
11860
43499
6130
58859
64831
73003
6830
44722
71309
87297
3452
33067
17030
58499
83364
81788
27331
38461
65955
54302
16849
90773
33171
58279
38190
67450
97259
28978
87513
7755
10666
85250
84160
16658
71142
13258
7624
50420
36106
60165
30976
32317
45309
71738
23279
72719
53569
84754
21710
52352
47584
84429
65658
11050
34818
36166
2534
23260
10564
22307
51457
62842
85893
62232
11783
55107
39343
96259
35066
92279
53985
78466
51162
35891
74980
35360
56609
81495
50169
73490
15632
77340
80858
39803
55551
30995
92403
52912
79889
47521
134
35270
42057
38043
2141
97516
49715
85322
93736
40227
81171
41184
50142
56117
11671
72979
91299
90772
12517
23347
10898
95465
93209
57305
81774
4568
81330
6399
57735
75120
48667
3240
3743
50942
568
25211
80494
98725
88087
5725
5434
43915
85641
94800
51225
44581
11026
13118
79941
31376
60587
70168
67060
95690
69393
34164
44760
89947
72188
97034
5850
68806
95870
66091
18729
1309
68347
15073
15483
68994
46382
30547
50756
53276
68470
73859
18000
92900
40459
42479
596
11508
81377
64094
60367
77626
40129
443
79618
53674
28062
23520
3434
60940
90430
73896
63356
3980
69262
40793
96866
64214
6522
50187
18365
55304
28471
71870
91903
92539
33843
91655
58871
96641
98980
70942
94119
59713
8396
64208
25700
79670
91478
36421
47346
28318
71716
92126
43421
59485
95622
41891
16989
96120
90479
85776
48733
80111
19613
83361
69836
13742
84973
75638
30564
55806
40210
77259
64324
23021
20943
40001
70987
9411
37442
31080
24395
93688
21912
94115
62988
78487
16054
56908
61571
52512
63065
64396
8788
74614
83419
66695
79391
14228
80442
50116
10521
28731
62828
82052
21418
96178
50744
54437
76295
1482
70117
101
10343
9753
18672
38223
83472
82121
19718
40915
17128
18402
38144
11928
71154
76684
23063
17034
82103
73013
44000
33715
12950
49546
23737
20508
17748
6876
65375
86340
84068
30979
58168
68668
44901
8200
96664
50975
21975
52329
17053
87259
75199
47652
15978
2655
25498
13517
69574
73824
57868
54664
72191
21291
73460
83694
62754
3770
94798
53081
82223
24722
4701
14871
29514
53886
68676
18891
56357
66535
54370
7180
12166
83546
82826
36335
59160
2719
2686
82560
45380
22599
51754
29880
14163
66620
70103
45999
40723
61787
6226
2310
67467
24859
52562
48477
24232
80083
4964
83607
347
25078
84561
63630
40141
12761
22484
7135
95931
65854
88148
37292
9774
79508
62807
33081
52149
61885
36226
39383
94183
66935
86766
75898
49018
47789
17458
4874
17847
83335
28398
61954
18103
56337
83672
62420
39011
5681
29355
87625
72034
22147
82230
72339
15001
95465
69710
72181
26976
99902
87991
99410
53469
4858
30061
71297
43022
41542
29398
50035
82549
25998
99272
98171
99342
60475
24008
82642
75233
39622
8943
71808
40200
87885
8555
20086
74795
51212
86299
84035
3981
10081
52265
43333
98646
39846
51852
89623
19051
20728
97768
79161
72244
74078
58520
38864
73824
4512
47079
76902
36547
53796
56587
67490
52940
62577
85431
81978
98405
58595
34085
91180
69424
80630
59678
41203
75677
93342
44572
51113
82662
54449
49321
45229
66796
21763
32321
28253
61651
95086
13255
74137
12266
88922
4277
62460
20027
3540
80149
80612
84074
79849
63949
87467
6548
52979
50070
23842
64054
12467
8187
44301
76297
92886
22120
62039
74275
6622
39709
59812
50044
97310
64199
56842
81209
16388
78964
32478
58595
55331
82081
12639
14268
70382
74477
81239
79770
5690
10447
54570
93880
74683
19950
22456
2060
27943
32750
97957
61408
49707
4180
36345
90597
69889
73717
71048
31910
93094
4829
28047
10756
36003
22937
70518
34495
88054
36050
16618
34122
41329
42248
11655
66413
26462
69388
94917
20579
34752
15864
3910
70893
38778
34605
52107
80970
40451
73533
56762
15382
69633
33515
55328
70593
52250
18891
35666
66698
9635
22722
20994
52713
18647
30230
96611
32627
92591
69357
76560
71237
67087
87198
24662
56794
10154
95555
81725
65744
73539
6014
78691
61996
88242
41947
48151
42292
25678
95719
82525
15994
1279
22007
24603
59104
99424
4358
64505
98242
67154
35400
52371
91901
70763
59267
11484
23057
91081
18537
23342
94273
85251
20161
73184
50431
78087
53646
96287
96238
63860
14513
28021
60968
43287
69744
97432
11730
61600
60281
29085
64320
39364
80627
3222
7071
61060
41845
86552
70559
90722
28023
59561
1088
61730
70677
87063
6113
36846
32820
28299
34790
24644
31201
67785
91874
3287
81965
52995
14882
53053
6324
86083
28865
41360
35274
14937
61170
84544
53695
53186
34002
97507
50320
43553
16894
3619
82870
4085
45765
25552
96873
53805
87699
40677
80869
75642
36206
25597
53169
35000
70890
81986
79972
83305
13814
56423
73144
84047
63457
56970
19249
48913
49975
67811
78852
2826
64680
2015
99648
37208
54743
79484
27702
18116
13036
65732
64668
64836
9931
1971
27219
84038
53588
17634
20841
70806
62735
11503
62589
15227
35931
70175
60383
80305
87048
9964
7708
68830
53648
50796
28392
31087
15532
36365
58877
85694
85157
54287
8800
50622
60394
57058
38417
81721
54357
50688
71897
40116
20413
59798
62425
89973
88855
96792
5725
26841
94634
17827
76904
15165
97784
16219
51199
35517
19469
80473
95597
54493
59637
37969
16698
55303
97952
35946
3817
35154
21866
94436
52454
44521
47704
65560
42349
61
49786
38498
40296
90977
61808
27634
29776
27815
22133
72649
45854
47296
17451
73311
40271
18567
80234
87302
57212
97053
29733
27105
61536
47557
24157
19468
52321
89328
17370
66116
54607
43430
68717
26393
97029
36639
53705
2839
73219
57598
75007
23685
25749
44965
92682
94117
94891
39767
41719
21473
62335
46621
41383
33165
56404
80039
23720
34905
22288
84504
20371
17810
60358
99517
85528
45137
36768
42470
27887
61788
5391
99812
75638
77157
83049
12234
66866
51637
78098
67602
92177
76439
48474
37964
13455
45338
84429
37065
96935
69910
20837
9818
95977
86463
13182
74787
81956
79362
59137
28281
17480
86550
72854
48651
33155
45774
93546
18422
34233
65618
9292
51414
80954
32432
24101
92510
66095
64580
7290
83199
1594
51184
98421
7553
81193
55581
91898
36380
98143
36748
23537
6529
12290
67848
18872
47117
90698
7507
42216
87179
48689
59538
35898
86601
11533
755
5301
44935
50430
44904
66682
39748
373
6238
79950
76460
84992
8072
13279
64678
39704
69637
43813
80765
55603
65543
71536
29044
22338
24738
37726
71817
20059
2204
38253
18061
97250
13618
52654
1917
63565
90051
67304
16720
41476
91818
85989
8626
33885
40888
45661
9130
99336
83473
79011
82793
91115
33446
18577
77846
85202
45624
57278
87712
66813
56127
68166
17706
4193
66812
38311
44783
15677
34363
59857
43100
67990
6694
63248
61526
26495
17052
64619
9950
64200
52261
85555
9150
94055
39647
48908
87876
37459
86252
33275
61263
66827
4814
37664
42648
41287
26813
81986
64987
35548
42848
5009
27348
48362
35713
70368
27047
86813
98364
27462
64437
42575
29778
29654
2775
56335
65127
58597
10318
89787
50958
27505
47225
27872
99674
15434
17010
14541
7121
96333
87750
52812
72350
20891
86052
78294
73659
75577
74762
44231
99687
52071
19174
88073
29921
33040
58553
41899
51447
85784
96645
30076
27704
70951
13026
45588
49266
43952
60426
64373
35402
12944
77171
73288
72362
77830
37989
24
12559
14806
72690
8611
52411
28514
78468
83905
61107
5824
89866
28672
12021
13921
85829
95613
79924
89299
93061
730
13265
3564
5307
52630
30415
51998
10073
22581
14356
84981
78040
15073
8014
21048
71992
90209
70182
93021
91180
47495
93353
32966
27179
81029
35530
56220
55180
57776
53083
15334
14409
87437
87074
12506
50091
77015
43989
78255
56272
31617
2863
84022
28478
93609
57165
74708
33645
19801
50727
86089
43092
6722
85033
65295
49847
13093
6411
23313
25272
92512
20275
205
22813
50187
69410
15135
50822
7871
5659
61902
11392
97838
46314
90602
27673
8758
55376
18769
14716
24191
8390
74941
86766
74132
63941
4184
95704
6652
63685
20464
37081
40442
79020
86572
19474
89511
2394
39858
66000
59021
92660
90003
14709
99064
2806
9422
35546
41808
24810
50712
84222
92960
32193
81641
17878
80545
15824
70392
40327
1791
72396
66231
86831
83141
22188
56396
7033
2777
99597
62929
62992
68100
30408
416
53013
99569
55013
87875
14296
53089
82816
85136
18912
76032
52273
88842
9170
25531
17409
78175
39673
54110
86434
53610
36463
2594
674
26728
84029
46190
89486
11811
55507
63150
82194
79997
1851
84248
29753
71724
99085
91174
37657
99796
85746
29432
61285
49021
1127
25879
14318
55408
70700
71699
2981
60407
29115
51395
62041
57957
51269
75909
37378
16521
26874
30278
24610
32228
34352
49669
73359
31280
85260
41921
76972
84150
62538
16634
57096
34409
7428
31257
5260
63289
96053
59195
4574
16297
66756
44064
71710
26136
23408
38340
13434
18034
47765
4281
57194
22841
2949
27141
56861
66643
66757
32996
54812
56724
38506
43553
51924
11550
37811
14392
965
13634
72480
32524
31080
80165
91025
21668
58279
344
10086
8611
26208
34057
75584
57953
32815
57873
56348
37274
21316
37463
25059
31349
4690
65429
83633
84362
82295
83623
74793
67253
59677
54135
41714
99810
63969
88114
50234
60515
71327
56383
39450
89311
5539
48003
61831
42908
12451
85497
39975
27999
23578
22453
30685
9126
26432
91587
55546
67490
61156
8252
68916
43084
44295
57427
3828
93274
21816
20217
85513
66980
825
12292
31705
18844
63461
53452
40438
64705
25371
33611
21269
83590
25829
29657
72875
83320
10001
29818
42468
46673
61264
60836
7599
99926
14829
93539
32625
86330
56712
93275
85598
57925
66967
17390
92832
86446
62569
72910
52537
18766
34527
21517
99972
8797
21950
21780
13914
69628
81662
35884
79079
23291
71429
1075
94857
61256
13861
32426
28349
35955
19760
36102
70520
85397
58420
25740
47987
81155
70081
6232
57330
66277
59432
28632
81848
22917
44350
28211
66929
77052
27539
45380
69720
80504
15782
26676
68949
13165
69629
65490
26626
87270
44677
24737
25180
74206
78889
93284
21728
37478
53867
45698
92465
87337
67320
34315
97292
95804
18313
17339
55272
45759
92083
82491
17419
37153
93714
50956
18225
32352
20708
28277
13448
80968
65047
67351
48426
84384
38461
15075
29216
32386
56740
34135
18290
53751
27915
62410
12073
95598
8882
83500
65323
59667
70782
13902
37419
60857
69906
37007
4624
87123
19979
50473
86008
47985
55817
63805
4173
95308
32658
42537
2768
95034
45359
92675
46825
18398
47729
77683
89051
85598
31504
72872
4050
59954
10052
3770
35280
66584
36397
67562
46525
61092
5561
96719
88850
64885
86584
18349
90808
27368
72516
65342
93969
86068
95740
49034
9883
58539
39927
34865
40520
53413
41827
64274
40564
54264
71787
3653
96080
7762
68027
66939
36406
85666
55247
42554
41950
41797
73907
90815
40535
68579
29573
41285
54143
76584
69053
82733
27244
47137
31974
85298
21067
13530
28200
77188
54234
31513
73465
30202
97145
34968
37497
2365
29096
35640
78911
55310
64936
27152
69041
73053
80553
79089
49963
73860
91387
47922
27408
46566
13005
96073
5524
4429
55964
77295
98204
32616
98737
57087
56259
8538
54803
57185
49051
10917
65195
94003
90951
67506
19520
21964
22850
51055
73261
46472
45310
63676
48142
48881
48307
45095
9809
93172
91631
61020
62590
18704
68485
62965
96118
44931
80424
9740
78485
8832
34194
32760
11957
91054
77990
65502
97224
46972
56223
66397
97372
89150
4586
63295
28159
97409
19048
94764
68902
58150
63736
73859
66916
29433
81883
56845
86572
6641
18185
73135
14972
7278
56256
63817
48217
48526
15479
35205
62670
51139
87420
88875
49659
20012
13336
87176
95046
20340
94923
79588
19688
45719
49662
84329
84621
6260
71423
65617
16444
16911
70597
68374
51138
36861
89519
83362
1924
73013
51104
77953
29012
41660
17532
46861
77424
82074
96290
24548
74608
38171
69843
10123
53196
59298
80127
65435
66198
68430
35425
12699
87373
19161
96591
45660
19803
57744
63422
82952
66987
98321
90107
18593
74643
20320
53303
47292
13104
96066
99163
80110
14616
63502
49154
64754
76841
96959
39310
94945
97288
9978
53413
25145
96783
16279
25898
96643
66188
59235
49976
38278
3074
36258
16224
9658
75922
43475
42373
36593
43844
93900
3891
50700
58939
33046
79460
60481
89562
63013
97975
13528
40021
45315
12622
11396
35735
39045
70791
7426
95825
52701
83197
61618
6403
48864
45357
15158
20694
37806
64480
32686
38455
73086
79398
9460
12960
55941
27782
5216
20688
74138
25426
55033
13574
73759
96877
53007
41963
44721
1916
56731
76072
86571
67739
44866
65202
90297
42137
48262
16093
21908
37722
65459
22931
72818
5345
7094
65899
89145
25283
99495
30214
56144
26137
58385
32715
35178
18639
93675
59623
24937
68678
33452
55794
62989
23859
72262
36344
95300
16273
32525
26125
84710
72335
93519
23582
48711
83245
16974
55781
28046
86592
1656
13282
78928
56731
35313
95435
41741
4737
3979
76361
9515
84684
7322
94197
58713
56255
63174
96769
42587
17958
48098
76390
10901
3166
84996
31948
6948
53657
71077
80813
51523
60780
38232
91659
10410
3083
79370
7911
49421
91827
57543
3983
53035
54536
94271
82411
45187
38400
90915
87818
38248
81986
9188
45638
24769
70841
24764
13528
48279
44558
5197
79003
66053
1941
78604
89001
40628
27516
75105
25447
70129
79710
70584
90432
96566
48750
91755
93720
7999
64490
69522
43624
91955
98693
40670
5010
65848
4741
77748
15555
85576
70478
23486
6700
19345
95626
18475
54546
61469
13670
91473
27312
48687
75721
27587
19254
44672
31607
34648
43915
40374
19210
48893
39430
70048
66419
32851
56140
13506
1549
41251
58526
45609
52616
54955
51020
71992
73576
6621
40846
39113
2904
14147
11706
52199
32457
46915
2628
65028
99105
44575
85237
96246
83385
76547
61979
47858
24444
99582
54355
46840
45193
11553
35899
36482
71998
89591
79809
28769
39622
66023
97105
2509
32300
55702
26943
47331
81071
98867
63576
45702
21014
35121
11525
1528
3767
83682
31719
16906
90872
97097
28476
91804
84506
29209
30276
64206
69450
95570
46452
85818
68522
43583
23041
6
90812
23502
92495
58995
9076
7352
33974
54142
49160
15380
67683
6983
82509
17328
93874
39731
61592
14951
24385
44200
2577
21716
5885
88455
33724
29769
1601
31479
29319
71857
66698
56209
79335
25514
44648
54451
93741
47542
78520
43113
40553
97924
87795
99796
76185
89239
27598
42687
45839
93387
91966
70376
76880
9024
25355
64923
64920
26496
48644
57864
23039
5354
37228
95934
54693
465
54019
98041
93055
29106
35637
55920
71728
88708
9946
21869
9877
58892
62332
52824
5728
91360
39447
4188
83251
67955
7383
27593
73510
98244
19643
51751
33151
23976
82725
82376
54598
51420
89155
70160
25168
62198
95967
69978
1339
79108
81828
15905
33063
53803
48091
94142
42012
51797
96993
70725
34884
22544
26655
63027
97534
87568
78213
19455
46035
11997
59740
39994
38028
78787
23251
78144
54463
47198
42083
33470
21623
592
5834
64161
13085
71887
26689
95634
10254
94010
88124
31471
12023
12619
1042
74892
71851
71398
57469
8148
6064
43279
76709
46259
49872
53105
51740
23861
20860
63645
57000
60853
15661
17255
56327
8249
63173
1557
7471
33073
19208
53996
54862
16226
48704
27363
45007
19182
59959
38588
26847
67122
90207
43137
4849
85340
82964
10470
97350
53345
9815
3473
8100
63939
80688
59061
98350
31110
82623
31674
58345
25137
70329
57515
99777
52361
80900
79092
3740
97223
94915
10828
93179
98055
44378
14445
66899
18664
16116
94872
84650
23856
80619
94215
92380
59527
8225
80180
41087
55450
43475
17512
81920
99360
67334
13897
72020
38307
45056
90604
84460
65512
24996
86369
3782
37392
46459
7155
23549
40414
80820
18976
92285
57997
31604
89979
66048
9198
27481
18891
38815
55640
49642
84828
49204
51363
35367
11041
23978
94215
18873
10118
99306
16889
70451
99832
24368
51676
48359
26177
25814
11382
65421
16923
99316
81401
41457
2337
76839
5490
80464
34898
41867
23867
59597
57603
49825
79893
39703
32748
4953
9238
1884
47016
7057
37715
74796
50797
93044
5445
28702
30014
29960
78455
77713
47250
64909
45024
99336
11296
67784
14127
53727
75173
46420
91244
50785
9687
59207
22848
634
11667
26892
57480
47868
17094
44368
42117
55251
69843
20737
76831
39662
82692
47881
69889
79207
2568
34548
68973
94959
24133
29388
96350
91440
50809
73605
18267
23239
70988
77093
49682
3745
99640
93249
13971
76873
3416
42207
66759
8984
41186
18812
76501
71578
93855
78024
58889
94527
17492
99447
93715
36617
49904
95914
47225
40369
27830
79566
10881
24451
39700
80399
28704
61466
53583
56507
44414
21816
21
53894
93854
22320
47301
99202
88488
69790
46126
53658
84017
71922
96446
81143
79603
32787
95710
44438
58527
49109
15330
31452
92113
56909
28574
52535
41423
67472
24469
32180
54496
48113
61406
12081
94105
64182
76075
85764
19955
79860
39961
3263
38534
10124
15297
12364
34717
90691
95820
44321
44561
79141
22576
8934
13314
26954
70317
32419
40783
96123
4337
72338
91152
5997
75568
89641
86258
25662
10051
50789
43699
28334
19406
57001
9442
74242
53301
76890
88287
27833
91897
31581
24080
50071
32392
98671
83480
94604
6823
5008
60075
79727
43086
74264
18642
12061
99467
92468
32677
86555
82549
4318
38978
42549
98945
65546
18866
63480
51164
52843
23318
83563
71333
74380
67082
36403
18651
46078
36784
1051
95396
8724
6867
50294
8288
19705
60758
3486
38408
58229
25700
45765
73217
55939
92956
59873
6888
97520
60739
81554
6932
57464
2288
15154
95516
95601
61151
4099
52666
73394
86938
35027
81514
83100
67803
18310
77611
24121
5798
25266
90863
2392
39454
90679
69666
27474
32793
89965
7251
77087
98912
87638
18474
90130
47615
51601
96769
99994
97125
35428
54938
97436
64586
43188
55784
21933
27995
12655
53256
48796
15970
72868
51259
6165
95051
50379
51670
28954
98757
92297
52672
97077
55828
53852
91819
11438
69545
51897
92881
20645
8450
73139
22894
85856
72288
49138
94221
84203
96603
13629
48390
20656
27821
86263
97576
38964
68234
41704
47013
54547
77583
37920
87846
14965
70790
11020
12038
44508
39120
92647
38494
83682
19282
45968
31740
57412
14740
26376
75451
30601
68985
48461
26427
53298
58659
28852
29322
56257
76367
8070
52429
3897
65582
30241
10587
90124
50235
73350
96759
68392
22724
33674
30449
20100
12505
53024
65131
19114
39844
37053
4392
12549
38198
22990
72114
91745
16338
23127
60702
89860
31858
6577
91622
95155
89857
89047
61084
1060
62982
51013
41943
21881
84631
38536
61396
77666
26091
18649
75518
95323
95262
80187
53831
97457
61879
13119
40812
70777
67567
39637
25785
50238
27350
56111
84189
53233
49361
28897
31753
87228
91208
56520
8822
83982
2834
68651
4430
42200
1701
32512
20565
12537
79336
96127
24000
16101
74396
86744
61898
51785
84209
39730
35469
63633
20900
66217
201
39098
7536
57692
31243
13207
18533
86133
72496
70085
185
63830
45908
20854
56462
38640
69450
14039
84485
34031
72760
74060
12428
18910
49096
63434
31156
26389
50368
7410
17929
31703
94380
15572
88975
50759
16548
33306
24078
38553
14390
91820
92688
22314
45159
65948
56982
36233
71695
54439
63239
11160
70336
5329
44958
79346
40197
43528
1401
1941
49954
15776
87690
4768
28928
50403
97113
45113
11953
74172
18998
72734
86560
76908
11903
39793
64199
40246
46188
25249
65484
21079
65301
15321
16814
97645
60328
87716
22806
37866
27101
4503
71594
35270
40828
32350
19176
53021
35384
96275
68532
78397
55097
35284
7465
95756
32380
89598
71614
61332
90453
23114
60199
18134
10689
51151
67033
80310
30799
62267
35071
85869
43907
924
45729
71309
94976
951
35349
19068
62502
38465
94280
65869
35828
52196
71065
60959
59288
21917
38767
30357
58513
49257
23146
56263
52573
37031
55600
63007
13184
27948
32930
32102
92402
98653
15427
66950
77712
48420
40888
72232
64619
3493
86479
26490
29732
91643
58636
93451
50447
9794
56480
91063
81079
91908
5602
76478
80832
59869
87812
39482
86523
32020
78531
90798
86119
63844
23195
13
20423
34415
48754
87280
47311
76948
19305
1897
1504
14068
22862
11857
17506
19805
67092
72155
44635
75857
58213
35149
72863
93728
60804
70146
95036
69843
97520
52798
20220
60246
72372
78357
90467
53499
18172
86080
12603
37088
63163
34242
49729
44774
45521
4748
64771
35750
38753
44874
57468
67441
82201
26304
55447
49558
57941
56756
92846
21905
24084
29233
43671
36314
45885
49707
76481
60499
28374
45086
57016
36407
70633
33747
32488
76421
20764
51328
49056
41357
7446
8599
69942
45
84220
28632
19643
40878
82991
35010
59165
20005
15417
90473
54825
29286
2017
95639
18032
17938
86577
58858
90636
67157
37625
32664
31587
40756
15040
17183
97298
8653
8976
34537
9255
3018
11907
12270
87302
29351
82694
46747
22666
68626
74973
2864
10259
88685
97472
55479
49749
14079
47753
95645
8987
30614
44734
61245
19620
73780
30402
7434
45768
79634
4435
16433
83071
94940
96384
74641
13196
7804
25135
61641
12825
64334
62421
61724
97521
84534
64505
62659
92865
78532
70426
41428
36483
82840
75455
9418
3110
14222
17677
27086
21921
50619
80123
38496
5602
2993
53120
47097
65351
43724
6331
62565
3311
64112
72027
11464
7420
99866
34511
75953
61302
77815
28933
86642
72745
45484
7681
39362
46396
96454
61754
55446
8274
45005
76782
26578
91797
68017
907
98338
88474
98375
6674
12643
31584
54762
79872
60072
27210
16089
73519
24412
1282
30301
63728
52035
96822
78666
469
54266
9927
29459
1848
40293
94478
64352
44346
66118
37746
44596
48015
87273
32525
86432
81477
44969
36136
23154
74357
10430
20703
79034
29037
59960
6957
77156
26330
27302
9524
92688
83000
30407
73548
16127
17603
3594
33603
23905
76110
19499
4201
26217
93976
9133
57309
78829
14865
1682
18266
86990
4467
81705
31099
17508
508
55828
78461
83280
28114
28829
97958
87570
32593
52298
16549
21765
36837
85834
1405
14349
26085
55439
12241
14581
68446
52874
80338
64422
46821
65888
13903
64314
66575
33534
50317
75855
64294
1521
55710
27384
5129
21958
86513
14474
278
76181
69243
94825
80432
4860
54014
90808
37787
94324
28040
31400
73843
60253
45283
32417
82518
26805
90138
21972
46191
14360
38177
16032
95923
65517
90822
34865
71511
15899
7861
79628
5281
7857
3545
93439
48298
67883
67458
18829
10247
13914
2632
64898
21158
67234
36996
22647
80679
29602
28180
75748
76706
57525
24256
50001
68315
68841
35302
98448
25111
66458
1329
2739
57970
68927
70307
74885
69732
62155
75659
55302
87458
78338
46977
8263
30311
28169
72656
88311
46380
89852
8927
67748
7321
72809
92987
13610
48903
35042
45014
40972
13123
38205
44994
217
35792
4511
88879
31980
50580
46824
15546
67850
72590
32309
9594
64674
49126
7819
77129
35514
341
69766
62222
70860
15753
18231
57229
1961
94517
86556
7071
34758
48142
97451
10709
70279
42318
94754
2961
83472
36522
75834
14214
9791
75444
63354
93227
64902
33590
45390
67653
17194
67347
1427
58796
51666
12921
11207
67549
52914
54198
44233
63668
27397
61573
97999
76283
52763
76788
73466
60746
17125
90385
93555
13525
62004
73067
76824
60
73287
72026
15210
37828
52905
7633
14369
48190
25886
70797
73510
83591
13953
83690
26883
50604
77431
10338
20331
13467
948
36374
66899
50875
44975
78039
80339
16315
26406
88358
98637
44293
4388
51303
75492
6173
56375
53605
68399
58861
41386
86745
18192
2518
75250
22582
33504
39030
34118
69236
80345
58177
67514
15976
61513
14475
16354
50802
5214
92280
2777
81089
87243
96629
11886
67959
6508
59924
51326
98446
45830
65547
21115
73059
70577
54199
57110
4653
70788
69270
45757
82831
86635
11809
72927
30490
84521
41370
39770
74493
23435
43955
29306
35074
77244
93014
9077
37183
13371
71204
34637
28492
28560
11372
33213
31712
28927
37119
31004
50265
26877
43490
73708
82576
70980
94660
59721
56590
36271
50110
26110
83436
7185
82516
89097
14378
48358
5645
96188
32442
37557
23045
61029
78717
66688
5852
40295
35347
68307
66057
52788
16315
7427
65062
46556
59134
52118
28331
77791
86150
68975
42660
43158
50087
45635
10198
45520
94371
57402
52630
6596
68656
75100
52120
75615
27773
71363
51347
58824
30690
64023
74251
18565
56375
91297
59894
18830
62867
57486
85179
87911
56739
34861
44603
31412
64381
45860
97928
80489
45584
98637
66013
99320
7406
56030
78903
27406
77504
98374
50407
67308
79863
88869
81272
98728
44191
48200
54224
10408
99770
73426
48240
99239
48848
22970
84670
81026
35112
72096
79583
57979
30001
3414
28096
96875
41740
60279
26441
36110
36416
42280
92214
25236
50774
63991
55373
99793
90712
31855
88077
7931
40279
4677
97856
73118
19635
12713
11971
83307
89655
28026
19282
39858
80102
57609
83852
37148
17727
13859
96439
93447
3424
36934
93437
11645
37043
62740
85174
20308
54328
12314
67448
41195
47340
32271
11967
4112
87852
84717
91251
13878
47738
83400
46754
16706
40132
70465
91957
3899
65596
8617
20264
63449
59613
63988
43250
85457
98621
94301
56778
43260
79144
73277
55815
97399
54060
8311
29483
93356
52338
81701
92831
60844
75411
7703
48536
63920
70412
25905
68911
74801
889
11196
78016
90425
98871
85307
98268
46639
81463
8093
71182
56136
92806
6766
50411
10908
57872
89197
80931
94112
84982
4681
64516
81686
25285
77504
99792
16580
39043
64437
94853
56786
11977
93029
80726
52985
57669
87924
41213
46712
30811
40866
84845
12455
49736
49955
10740
88462
28878
94107
53539
60362
80152
36168
55918
69707
81216
56236
46108
2855
30970
92808
92195
5166
66431
67766
45424
25005
34463
52449
34953
27043
68267
99062
94074
3331
14102
32054
81812
56805
86015
88613
21618
95768
72520
49513
54123
1017
22076
92478
85785
64327
87051
68143
78992
40579
87599
33920
88820
78112
37046
85939
4794
69770
13225
25131
20942
54959
16941
78231
41825
31634
94871
43424
68519
70348
36417
42917
56298
67138
75394
3961
74321
78136
42057
35725
2235
9146
12421
85543
18839
51792
1057
32762
36448
76415
64956
13082
11384
55178
6765
67187
9494
62283
64033
76320
75619
18197
12319
11899
96277
1861
12520
44782
57780
6314
8684
8070
64062
12062
99961
89638
29059
73616
48575
3189
77094
12934
30615
43932
13721
92151
62488
78179
46114
16495
642
7493
71392
76738
18868
27890
42618
31627
92709
52847
89509
62871
1850
94934
81487
66130
64205
31834
15162
51529
18721
72211
45868
57633
42072
90666
78691
92385
2550
14282
86994
20503
880
20923
43241
357
32039
81761
15488
50199
1612
67738
53515
79218
38794
63290
89892
60194
40462
68697
36211
35808
4580
80836
60408
74763
68470
38292
15858
19545
7324
38218
44346
16719
97757
23450
89500
76663
34934
38144
13545
37178
54191
8626
41061
85481
40191
48291
12239
46931
95904
98291
25221
20950
74767
89797
35427
48782
32353
59962
11186
77143
83963
83594
21756
78088
98988
77955
15362
81285
93236
37679
50191
80772
80287
44097
64789
13068
44069
3806
76475
17299
92714
31911
19868
44586
8524
23884
36882
82162
64281
91780
20977
98662
7385
76089
18640
20998
85772
64926
37376
97388
65611
61121
26115
49386
88829
5024
75188
31736
38863
27390
13269
93452
16348
31216
19357
56968
46914
8009
17837
74261
51811
99594
63136
94730
48045
57601
13347
38261
78961
47801
4441
9687
26547
87859
42529
29170
25013
515
12226
61627
61110
81263
39789
60404
53564
1999
36494
5938
30266
99457
33503
76868
90667
98272
45816
65440
67595
56488
28379
84740
97134
31632
61673
57423
75735
30625
78474
26366
41446
27004
28859
26276
39135
45233
64476
35415
33358
87411
28187
78452
17076
4961
56250
62644
21328
46252
62085
62802
62146
24566
95428
22633
84131
11706
53312
55469
154
24475
52546
94627
95156
73981
75753
40588
4601
91720
22415
16523
96059
76964
40566
12273
45076
54134
66489
60423
86944
6192
48735
18164
17089
18728
99718
39727
20927
12270
29458
97990
27433
56428
9291
21547
39093
58771
90132
53989
60838
38809
42225
89017
32383
21196
28763
78314
92748
51796
59124
88431
39946
99248
84916
6196
18218
75198
68609
86594
65466
75853
58773
87090
1748
67946
54762
61004
75082
50851
43196
97171
34205
34581
59787
88277
4229
78527
2957
60938
68516
71185
2552
97330
27082
76891
69517
62860
99372
24297
83387
97902
11190
91124
86146
83371
54560
71036
99308
26465
86069
63026
84584
81877
8267
22645
68892
17571
47130
45492
75719
64001
94825
59974
34906
59370
77563
60457
30471
11136
81816
86725
22433
63315
86981
48574
99016
60008
16356
48427
43449
62549
18733
60929
16793
1362
47682
14274
76874
81218
34693
2499
52232
67493
38139
62994
45815
7307
44740
27528
57274
77452
45630
57635
34507
17975
30378
10262
33776
50795
87130
70042
28661
21519
57643
40532
20713
62323
50452
93287
34444
15415
3063
91282
55169
33541
35280
11147
48694
43918
85587
19030
74071
62638
62082
46716
31206
47572
24903
50454
4649
78502
45708
26504
23201
92992
25141
47533
91725
93275
93108
1842
26943
56939
2928
33724
81154
5272
55196
79821
38729
22135
53311
17839
74488
32720
19406
58453
83788
11846
27788
60931
93664
79249
38391
15764
93232
90393
56768
9460
64059
97104
12754
87121
9361
95366
7066
16847
67130
76610
5690
68464
72832
54952
128
70069
16109
19715
87670
45970
38934
66449
39926
47195
41853
51444
91210
11949
88151
96066
53658
30527
25975
94759
19666
73235
37331
38421
90948
7077
65634
21587
32334
32009
72893
13007
72600
98970
30589
79614
21181
77879
51527
17654
18227
86395
46940
80616
33680
51707
43649
31072
57951
40582
77757
85815
70117
92261
7003
7491
27555
60878
88024
21343
85984
92698
5328
26032
80209
26394
73292
28353
25251
78748
35981
37174
39450
64924
85073
91812
28643
54161
11570
75946
88378
18062
17093
55182
37182
80565
66827
10095
35910
26029
72012
21342
84296
30932
40905
32301
12205
11105
24651
77891
84342
97524
57330
84297
85170
74686
19599
29348
71957
61042
75489
20786
86877
77884
72250
5670
45524
8674
69034
44264
95911
15367
55490
16323
21433
51359
23130
61289
4233
23128
24640
80728
10093
91446
81119
1172
72440
44644
13511
83582
80014
34018
25652
52320
44078
26199
13014
19219
90466
69227
27682
46447
91187
49131
80638
99522
94143
28131
7983
9061
40072
63529
69369
56487
55192
2017
84452
10252
20220
45927
30140
67677
30535
72624
78813
32993
78815
77466
53496
28212
32979
47893
64995
80496
81842
57548
47884
89903
77700
95698
21265
1594
91509
52906
68589
42539
45449
46195
73786
8546
759
96947
96818
30012
37181
91967
90233
38225
64649
41372
72084
88189
31264
69231
59393
72602
37947
35198
32209
69903
44616
67809
81968
96010
46407
28983
91430
50756
22452
35578
64395
24065
31902
72036
22579
52920
56879
57309
11948
9463
12584
48948
89459
46645
12898
14168
86163
4807
46955
38568
1870
69908
44568
21917
68471
2834
9936
77339
25615
92205
20628
72555
55520
54279
68717
85842
8823
32813
87608
64125
60447
13388
12439
24245
21924
7220
16884
71424
90802
50261
88758
51878
6621
2316
99135
31075
9832
85607
15858
14107
96131
31187
89637
68322
68897
93237
58381
44155
64726
33192
33437
59042
68222
24726
48875
98115
60772
42365
89788
49546
15064
79907
26864
21592
5966
1188
8201
85371
95325
45481
10684
21099
98409
76840
91536
47638
25931
14987
85855
58737
89982
68402
47885
2321
41737
13224
46305
65328
91876
14576
65865
69697
16399
33431
78425
98136
19730
68351
1484
59049
68927
18622
75246
12852
18953
10631
16670
27009
41524
61856
51195
92159
48509
18182
54163
35568
79789
40220
63993
60200
43338
47446
20458
30055
24912
46456
35324
60063
42723
69075
16514
51895
34649
49229
3368
18791
12601
40379
48933
33815
99410
32778
99523
49951
34691
80311
15818
21472
28053
44288
62766
78801
41262
27403
52867
93438
17775
43323
73687
76842
44686
95348
88610
2118
70745
1350
27544
17179
16735
74899
44306
48578
50762
6433
10038
89954
95443
88986
23725
25458
68288
74623
95470
86134
33854
35239
6378
84808
23311
45273
83725
47168
31246
36499
63781
96984
4172
97718
60115
89312
98136
43531
1856
9076
69460
73207
43980
34197
78575
65213
62837
62863
2449
94550
25252
9160
99841
45434
85319
60232
73659
54194
24721
65517
84025
69912
83920
7419
53086
99180
59713
40524
95791
16527
81850
33615
33961
18783
54686
5533
37604
9681
21160
45373
82879
47824
18467
71488
79218
93234
57879
24466
28151
4489
91003
3357
17752
44540
97451
74041
49861
16303
93929
35237
58473
34599
23494
54992
24614
98790
45035
31382
73239
59780
44055
69203
14312
26671
25576
30096
49049
92164
39707
77144
73638
70186
58677
63555
77389
61261
97154
44461
31082
79590
54400
8870
82943
30130
2473
72020
2936
98567
33078
81424
56352
96536
13993
21797
54277
5296
72054
94754
23561
98981
49998
55448
76588
27825
83131
12885
73192
59318
57593
59970
89328
48566
39081
52256
99350
69775
90599
19329
59484
49876
4075
95293
10146
55743
51366
91952
9526
89884
32816
15676
55197
99000
97671
46260
14486
65866
19384
22813
52753
60559
40559
50654
98294
18003
12208
34257
91867
16055
84182
58024
51575
1407
50337
86322
63585
68200
2721
59187
35379
66813
14824
46410
14595
52900
56673
25117
72257
20707
91423
30261
69541
67452
77165
52305
30025
78039
35189
38825
62528
92653
65690
10043
67293
16904
15869
41826
47932
17547
45189
18265
8787
92802
20346
21167
74217
81815
91215
53843
27904
2941
15441
34585
2800
57596
30737
12969
16987
53767
6205
25418
3042
94419
11906
91199
74023
80090
43192
13163
42529
41239
70868
32884
21322
81975
50149
17536
17064
72996
82969
86653
42608
14928
97065
43335
26878
30481
39725
83700
45140
88152
88524
82809
12305
71993
186
50989
5715
9471
10904
39185
87056
97781
88959
29053
64440
77189
31773
51208
43676
32008
63905
45214
1971
96224
11619
74384
81789
64840
68995
48123
44814
98701
31908
13361
93118
19607
49972
32495
1123
71357
12277
2780
47578
88926
13482
35139
87830
72290
41360
71323
77106
32338
93924
52069
23693
68734
29496
25595
84492
88260
83448
59256
17846
32536
43841
45670
40701
24722
16761
61430
35857
84759
72283
42290
41914
22446
29802
2167
45712
15547
43263
1080
59505
61652
61151
67734
31933
9830
77236
50537
94287
88285
25556
32407
93747
9634
44568
13746
15276
54238
94597
21933
40110
59781
80526
80323
63834
49643
12351
49791
7554
11826
22276
65929
64699
75173
93546
2949
74106
87067
93876
95810
18380
5589
91936
95336
83389
23623
59447
65167
66993
35897
9320
49738
89514
47751
92493
38948
55399
99620
19172
79011
12411
43243
23493
81918
65284
97461
81136
34630
13398
31756
93834
53693
47948
59909
6445
35844
98989
49776
80963
79806
84784
79910
77970
66539
4985
86277
38242
65277
20290
19118
10401
19030
96227
78929
57142
16739
87847
50603
87912
31206
62941
7799
71558
39721
86402
33152
45432
66977
79311
25478
67620
98327
11519
61818
51021
10256
79336
10958
35530
92397
28132
21699
35355
81691
12625
21486
72506
74380
9781
99676
21735
63979
89201
20200
57608
94900
16762
21142
81106
91100
68711
47929
21495
85979
31301
82
39669
50456
74498
94479
46808
85612
85194
42175
22136
15865
11313
90073
51145
17936
87305
7740
54796
56664
76841
92152
97395
48657
25446
164
85717
34240
96761
42626
88535
61587
40967
56900
59050
62291
93233
34370
55993
29710
2059
65148
11353
64093
19306
11853
95945
3233
78935
65728
5792
52075
88223
7118
88555
3912
10242
45087
40286
69708
13150
18069
26932
89572
87725
79680
10443
57022
92513
94809
49298
75225
4869
661
764
35996
23462
65634
32687
56483
56959
87256
17660
35642
79005
5571
30691
66716
20758
79934
6804
64221
16594
43979
71256
3121
91919
9695
26457
21509
29367
69250
64965
48605
95469
45518
18537
21762
5190
23740
57632
77911
39844
77155
63803
13148
70674
16668
9202
2579
31426
97018
2481
99594
49047
66056
21281
10558
16124
56071
52633
88508
28646
80192
47611
61328
8566
60750
16924
27468
84508
287
7096
24374
50093
39944
54723
50979
38686
64766
89558
31165
68812
34585
76711
84713
84195
75615
78229
82127
28057
38619
15444
14520
62523
29860
90904
43817
915
28148
24885
39000
83844
70969
69232
24622
45795
94237
67992
88632
52676
52865
28743
46490
34687
40417
95176
14021
17414
85770
38444
58698
47591
64725
34597
19469
1747
27454
2654
15575
82497
69706
3603
58725
48285
20513
92446
18032
74094
66375
78551
34286
95110
4394
56547
17873
36879
11934
42583
46889
31619
38371
59584
96306
80906
11440
4496
20043
74156
68656
84689
51404
21657
65258
69084
86875
30657
71661
37304
12651
65441
90517
65791
4070
15549
67221
19971
94429
50385
74909
26412
83874
55213
45512
43322
724
44682
30524
18038
51245
65629
89976
8299
96056
33616
97985
9963
34185
25556
82516
38306
29470
70562
53838
16482
83190
24036
34847
72375
18586
65249
85547
5373
70379
66769
99386
91193
9370
49401
52800
49157
78768
93137
10036
42188
39519
68232
27274
71854
2192
5485
21421
32485
87364
98734
80903
90453
61977
87292
84648
6185
34360
8781
67384
99521
97775
35705
1290
83728
35894
11419
95484
66722
73849
67697
88373
26914
99134
23995
36897
79674
85648
53395
3063
36078
21657
22010
30971
51918
61821
27749
3625
80812
29755
69993
80898
38659
52584
88214
63195
66220
22701
46504
28231
72970
42965
62357
78031
111
79079
58168
87887
69311
77500
16926
91014
40027
1260
27278
63441
85895
38676
21130
46693
34401
19465
46573
7283
7599
96254
5693
4430
76838
92641
48789
52370
67607
65191
35184
50581
64708
34183
55280
48479
38914
49856
42064
46951
98462
39411
66014
6743
2657
99462
79512
39356
43214
92139
63506
95581
42419
57874
41804
89096
92003
41655
10884
51867
75460
74556
88864
50724
6490
87653
82956
90448
99742
15945
16180
83206
85996
94305
93017
40813
20990
61650
23779
36982
80257
26049
65572
19354
61504
36107
13192
70916
15791
78236
8936
47277
41815
47486
11633
82120
17313
10722
18136
59350
88441
73643
36276
93712
62785
98890
69652
97210
20914
26912
12070
17962
92217
77885
6505
99778
46810
45882
4355
79914
45875
20852
69739
98194
71232
52774
89146
48267
18770
50770
12177
86291
36074
9044
15478
16079
51455
71293
18021
95116
71192
91113
98974
99677
53984
47220
46071
10192
5142
28441
97481
9552
51770
24202
85153
49209
95405
91450
90728
78682
64891
81108
51723
99388
31846
89263
83930
84428
83919
52428
7975
22313
78076
39194
86340
15116
58687
24230
2587
79627
56171
73512
39866
24056
95261
64171
74611
23694
82820
75963
16390
46657
73816
70960
19883
49138
73068
7110
45970
50884
28887
98233
91942
47014
43703
82516
62012
4095
93442
87128
92009
99668
25825
4074
57810
23189
56340
36128
43488
90591
19681
3905
80989
61893
33797
572
64638
85526
34343
73594
10573
94095
64987
70356
65638
42484
29311
79471
85081
17157
75762
52945
67809
93755
76543
58290
21049
11519
35659
63378
17078
34539
48578
14409
15350
18953
58879
12262
78528
72755
51122
58594
13495
64366
65528
7278
95225
72305
69811
45535
19998
10649
40137
92543
29705
13278
84984
8477
16000
9893
67612
56898
44580
68160
13910
2693
79547
70589
81848
20984
19256
52758
34868
82918
29354
75363
18220
77059
21676
16271
78850
6998
1019
32501
48579
1358
63185
37743
48631
68386
64561
50887
75174
7870
2778
41774
5975
1977
6917
16043
98873
37333
3115
46004
82478
49473
17946
99038
12770
7698
34144
63141
18700
509
76800
38951
185
76718
46942
11504
52431
61462
80350
80875
11139
71478
48618
4758
93352
12777
76534
91926
51391
75946
47066
45380
92995
40799
26186
88061
10673
92682
16318
28063
29291
90182
52318
55210
29701
35505
43078
8322
92281
89718
41081
22633
7363
53598
79514
49314
7494
39618
21727
94394
8133
66684
56616
92797
22266
62517
573
53937
58860
36755
30626
44145
74899
53381
65735
40371
65237
80224
26676
27959
33594
93670
84286
46920
23352
69214
83041
34953
90509
73856
81055
87931
71321
18767
12590
37074
67521
6481
41233
79016
10755
61154
96127
71503
35917
93630
49149
48968
85749
17847
60779
9708
43702
26207
51451
33187
86593
70330
12096
91996
71398
63930
16262
83857
53863
18149
28287
88511
51711
6880
71368
80305
17485
69584
30871
25405
39851
15502
39837
68488
84114
3102
84027
74678
75497
35447
11843
9978
52712
45236
50670
48842
5444
71727
77944
76492
17361
40656
59859
76726
33492
92684
435
77932
61478
50547
52190
35348
32125
52677
43401
39139
53231
73612
14135
43755
22975
11423
5598
85061
55492
74133
91566
45508
45165
37390
34857
40939
11364
38789
5413
44726
66083
92836
69199
28587
47527
49418
59147
60653
97462
74418
21330
92806
44899
59511
99804
18167
7825
23257
99394
30151
79748
10245
99700
51516
33195
82299
7028
18230
33594
80568
38119
28913
73302
53435
80126
74798
33169
46658
24241
19509
86155
88483
42173
54588
33177
47777
21089
10345
67175
63284
79762
39091
75675
13008
92479
85210
19528
50982
3778
66788
75510
81766
1822
33620
92008
78738
87161
53906
58625
33260
88770
98910
98594
25015
7772
22212
99988
63326
12582
64072
18991
49616
55036
37325
78095
63377
93904
25786
4361
85567
44632
23286
3235
69060
83024
42827
58636
3729
62464
16219
72834
64722
22347
77096
39329
57239
87460
62924
19409
10777
77553
67822
37109
85871
58120
83610
84604
55733
92157
66109
75558
50201
275
50083
82560
27732
62650
74042
72377
88656
68951
35403
78370
47519
10040
26097
94232
28735
3107
4860
55515
43799
67816
13877
49085
38950
4934
92311
59042
53559
48155
89998
5398
80173
59946
56266
89520
88892
33727
80399
25474
57556
44621
16748
6624
57407
11312
50469
52558
82005
3821
62081
92427
86039
51240
91454
53290
55711
95387
9609
60472
47939
22380
20852
39850
29540
59328
41678
54019
64764
33278
50487
19040
2611
10306
97693
58841
81469
15081
47424
37301
59626
33416
29531
75418
3381
45021
75928
11799
5752
79148
86549
50835
97978
60737
18213
14731
49539
41815
25929
6289
781
92847
74934
72285
86652
47625
98253
23965
79847
90962
12809
15386
53450
12249
56510
62911
51492
62770
4527
65769
26203
74780
55112
35008
75716
90125
70118
72314
65581
11130
95757
23705
16651
12759
45221
13733
39873
791
78438
74663
44357
70522
88764
61740
39718
11814
28687
75762
23888
74565
65900
80491
28861
2882
21678
90744
53570
83177
47763
79964
90057
78859
11656
40640
44199
62222
84989
17316
11656
42123
81293
15599
9412
69135
37247
19566
78740
30462
56186
9309
40317
26313
39383
20039
39324
20911
25466
94738
9889
17142
55401
39881
4527
40304
35430
90430
87616
21578
8262
51035
43989
82376
22432
16457
88068
77662
92149
90982
27976
11990
39413
40848
29593
91451
67155
27507
54767
32844
10279
70207
33966
65657
26902
14454
35400
43746
93428
28967
94576
32042
34754
10461
39435
34537
96746
28274
18633
8909
20603
47686
30756
77446
4288
32363
83367
58117
32090
53789
44058
59583
67048
83863
31162
29042
75204
65713
57807
36647
62253
7825
89888
98331
31005
96061
48528
93274
2240
19876
64184
76514
7988
25577
92907
64419
79842
49421
51478
24087
80291
80864
36846
8707
35888
99255
59055
65946
78655
4884
69032
20010
49804
36171
60584
10778
82403
13678
93377
72207
7837
69098
71468
26713
75448
81689
4920
45716
66683
50060
12838
80398
33321
44028
65622
91231
7179
10319
16967
26910
216
94156
66695
47884
72266
65283
52920
46668
11719
40975
41975
6306
68585
84466
3934
96703
6983
3699
42719
95418
85880
4191
48348
92037
90364
67746
58216
14842
54004
89646
99956
12202
39214
93851
8732
4462
90044
90560
50619
82008
40364
34766
85063
35122
75345
28079
90494
46829
58683
77572
12722
24877
6134
49105
79333
40839
49710
31528
70701
50367
39443
76333
48127
38557
48640
24842
6428
97126
58042
26947
15349
61895
19192
6571
26847
10041
21386
44752
86047
1878
94356
67292
1918
98963
4694
89991
85769
90731
29900
38182
41682
61697
62425
36765
63672
9229
15872
24990
5316
20091
90471
1723
40366
46921
23797
62967
83590
5246
57590
81233
2451
22111
89038
11522
65720
65143
84800
56208
99382
94876
5765
30335
72801
86176
24496
69792
58140
74691
42084
14917
35866
83784
53163
25992
80055
55369
30959
64166
62773
3043
46840
72508
14233
87889
44317
77952
38249
73545
42918
54205
27871
75223
57062
26569
64127
91876
33852
66560
16393
97161
58995
76735
211
25547
52530
49451
25717
65319
33248
35667
91402
90853
61061
14494
21708
25171
5676
76765
53206
75310
34915
1664
27105
50240
57329
24400
70437
79095
23494
20159
32025
11553
69710
28846
53976
83684
51405
40124
34884
73405
7078
27291
49881
53321
92911
6322
46880
21561
43278
47201
98742
3806
8846
65880
36444
85431
21500
58144
57364
71276
86927
64659
71107
92271
70725
21810
17940
27226
16972
62326
44637
82705
69696
58539
58135
53693
22176
56452
91838
42789
16525
7141
26343
32407
14303
13444
77188
78192
78270
6008
6000
24132
73897
60011
34575
40823
28986
28071
76564
65668
57365
49301
54893
4654
88242
35652
60162
994
55206
83520
56589
47250
23076
90280
15934
77782
67048
53018
21067
49660
61374
54264
42180
6535
27159
67356
54421
36176
60680
36856
4155
6117
3470
59781
90282
77421
67248
73006
57630
30929
68852
89874
60804
25659
22652
14938
24902
42509
40488
87663
45416
25654
61404
33943
42905
20262
43666
68878
32476
60988
47208
29386
662
42417
57834
33911
16349
47292
94797
91453
88740
4232
54980
21190
91667
74366
13040
69593
52655
44793
46294
19485
6116
58079
52358
48853
94593
11340
8010
53992
12830
26044
93699
97155
13925
41174
6316
49944
43945
6750
48176
54354
2736
76458
80011
27241
50248
65791
6611
52290
22870
91187
82833
76584
77453
44480
39493
56964
96761
69590
94284
46127
43284
83815
66618
91859
33442
24569
62693
88033
8204
2496
77638
11042
36095
34135
3845
78462
82306
17146
4861
13223
58093
98552
83231
94482
3901
71713
8149
88317
25889
40893
3503
59426
53034
87754
65722
61688
383
97495
557
87118
68970
28220
79667
96995
36709
86793
11367
54318
21294
97870
85195
74499
72961
73237
7157
6331
88469
20619
97927
70786
2382
9624
390
52055
83204
23332
23787
88904
79704
13766
61676
62734
66550
84181
50056
8415
17365
78027
93336
71968
56142
5659
39302
6087
55190
77438
64792
5432
79340
26640
21484
36502
96566
5360
61028
74375
81935
45862
21693
37206
60573
3948
19699
73292
64676
78520
64750
74393
1539
78010
92289
84892
35602
57214
9235
1190
28961
87947
18438
38121
1242
60194
35227
29910
8706
70757
62177
13234
92232
46699
45180
32740
87321
88471
35805
83238
54240
55912
54116
56617
17961
9647
83089
63351
66305
30065
83997
382
70345
45964
64285
27200
96716
18566
64792
38478
92989
71252
83436
64065
2461
83828
5239
98071
52120
57450
98222
90107
24500
10801
44523
42624
19684
28396
79553
42330
51813
30474
84570
83515
10315
80905
54077
73762
6322
68028
81309
92268
32361
1753
79337
29362
56052
39261
50850
9693
60638
76565
87828
30376
75606
80679
94879
33150
69468
85142
2325
59606
44418
5704
65836
40826
39303
12250
46366
59885
44269
98016
32073
85231
98730
50319
52775
20268
64042
38653
70123
98913
64267
62320
4045
20841
81381
96973
67910
41691
4050
38589
40800
27338
41106
25910
51670
25109
70341
36510
15660
41998
14078
40282
29258
48799
30133
35119
20754
81137
17081
52475
45246
17484
723
86012
67180
11494
48548
46705
37803
96851
34126
79517
94884
45336
55768
73834
8508
64530
76457
94056
25425
25819
5113
23519
47735
69898
48847
87981
71082
20225
29955
94272
9282
82799
50442
32861
27750
43935
18295
19218
85081
10774
46465
31469
5870
9643
58969
61163
64593
63599
44502
81590
89172
24509
57547
55459
72270
25399
29391
22288
35795
36910
90193
78925
44240
47832
6077
60849
82555
60500
81645
84130
683
93737
60853
91804
98847
22277
20419
65742
50778
38595
43997
40242
29880
24792
97292
56087
78968
71040
73793
54454
55799
85248
18110
37349
59812
98174
64303
51113
9915
14620
45980
45851
26150
68333
62420
87036
15996
21036
50833
37112
74716
94236
27543
57601
25474
61991
58208
22470
58938
58145
11701
19611
59087
41622
72407
49161
19006
13400
49506
93662
50593
24556
60663
53188
40249
31686
19425
85438
44092
19384
88649
41303
13577
49544
64650
12614
10947
2127
39738
13281
21947
22475
96212
48254
35578
29672
49475
22362
68075
22078
52976
26068
40344
5774
22298
62120
95765
31327
93298
25453
12824
76971
67485
88409
47133
94954
90485
31700
68146
22221
44962
46964
86357
383
45420
6884
52990
1010
96000
49080
85143
22877
1992
66454
90260
39227
72438
4350
89855
24379
15538
46858
53011
82863
26794
90957
53112
68450
97660
56617
51511
29133
2793
6244
55135
23400
86034
24128
34739
157
37223
22372
2143
75764
31896
28593
1784
28897
78794
30583
99989
41859
67898
67217
79122
84725
309
41153
75963
75399
69862
79976
11969
71741
9285
28242
15694
97045
88065
15074
76254
11731
54901
94084
73830
25302
26635
85408
84386
3668
71771
28366
92821
13921
81787
58966
17944
29630
5881
11133
88961
34685
4548
36089
36307
72826
50143
30964
37161
50809
202
25073
54073
50436
35567
18384
83326
8675
5704
33894
15743
26965
39738
27291
49174
83290
33590
74883
26574
44397
24734
75565
49219
18963
55171
40297
3933
84159
71710
89726
57215
75556
64508
56177
8449
83822
86891
76182
22135
52205
43234
57840
45745
6399
38520
83073
2
24491
57280
13580
42996
96875
25035
63108
60482
97308
75396
86976
59642
47534
45478
76926
69468
25336
37474
78425
6361
59798
83235
85456
91765
81200
51342
76255
87779
34395
49986
55042
5005
65735
20685
50047
72356
67718
53287
15803
21023
33534
15106
47952
66521
34492
72919
26731
89655
18887
92879
89699
36613
22506
74941
21460
33969
51973
50817
5991
60466
92716
52491
64801
11796
8851
24385
34539
7981
23049
3402
82121
80238
66483
81971
5031
62702
23300
40187
42391
96283
37967
8386
16460
66080
7670
78996
9794
17423
3648
49081
31642
19645
43287
7075
90718
83662
34809
72105
3774
53867
15535
15423
23146
96447
15462
92126
11809
44896
57449
71106
79630
90558
52888
93114
49148
65397
2571
66164
3397
62968
77026
194
33277
25641
8593
42844
60589
14321
86527
19347
87226
96814
81424
4125
61688
90238
72427
59941
97057
11030
76772
25246
77571
9415
91088
76475
52982
69118
75090
74990
81466
96501
27906
41074
54046
31462
20686
13963
55888
86923
5909
91643
32754
91057
85185
2515
26125
11660
22879
49977
4273
8463
67758
383
49532
92880
63524
24473
57878
17368
28205
61859
93133
68642
97015
92671
59785
50521
74806
65098
62489
72187
1755
3694
58724
91314
74166
31550
95478
41081
31115
54578
3987
15567
1298
90726
33246
44395
86565
58574
69186
47745
15467
13554
99812
13061
39513
79558
970
45377
57415
49850
52864
92906
97137
71827
85652
30445
82138
53739
29946
73099
31858
78159
96784
41680
8198
33754
237
18109
95294
72068
73971
64351
33775
87217
71938
65452
21389
89055
13547
22533
23291
35764
18722
73575
68233
80677
40826
44213
14084
89202
19311
52596
52921
4269
39892
93655
74454
91984
60758
5084
67347
83313
88760
53099
54988
53361
43955
53784
5953
63925
94380
72399
47015
61763
31131
58890
70755
34882
61357
76162
7671
59023
98995
8365
30450
82571
17932
18580
3442
53270
85992
23383
64891
11675
59108
4839
59453
54895
1494
25015
40913
28077
61940
86002
87115
809
86665
19547
32795
30736
46963
6418
89024
9551
15849
93920
21929
42965
4383
14498
76340
17340
6289
91010
49258
63037
75850
52611
80637
97022
61367
70826
77014
81333
42520
55182
89039
6847
77478
6419
16593
48520
41774
94534
4799
60962
98618
6567
85595
19493
45640
55001
61754
32227
27753
21136
4802
60783
69443
52142
46085
99961
36654
61201
92963
85182
18951
21960
40420
78044
51804
25910
64451
94876
88779
79614
29738
14297
19573
24030
32136
65776
9766
56146
57517
78037
88603
32120
78802
18783
6963
88146
11674
69235
97509
43687
22643
21066
30836
2983
68939
27626
57345
99218
87038
93248
2701
5656
48322
67486
92299
64900
91400
38733
6203
5125
56947
55211
36808
8138
1841
27722
20403
76598
80889
39680
34189
92834
75851
80603
98189
55328
39842
34211
15176
34233
98405
88216
64199
28209
13379
76391
2541
19213
71338
15646
90248
55311
34531
32222
13790
15329
45893
41329
5463
27232
79295
2385
67554
69265
27259
91911
24894
98933
941
72015
94182
65560
33923
83788
18627
57403
1010
23551
70581
11559
22179
40022
15545
79609
39426
48854
94044
11478
61685
42553
31978
84615
506
18250
63685
43867
85494
65037
86158
40257
75100
33950
99169
20512
53247
36092
23715
40698
78658
12323
20368
77974
94550
78180
41450
68605
435
20269
80871
28236
76708
74925
64895
97765
53670
93145
79368
36844
39211
74785
92192
68008
8734
16963
16857
64761
62940
21080
17924
50317
67787
21302
14601
1787
90822
36362
37995
44876
51258
60536
38952
32529
18490
93865
981
61105
64812
52008
37267
58270
15252
68916
50046
45999
26496
86539
9675
77210
31211
30757
62774
70138
59534
4057
11502
42266
19275
25992
79567
54113
72516
45408
8556
35213
18838
17960
36367
56923
76407
78259
45857
89178
51750
52325
4299
69014
14361
67414
41144
25273
28857
37453
68549
3961
35666
88951
53729
79336
46236
10055
58199
27691
19123
14492
60139
67437
42921
60573
75495
61856
58416
37202
18060
34279
54230
7701
33618
72561
21194
17300
50794
6719
37572
92006
32347
32991
13921
47152
42615
14381
14936
52522
44306
40
42242
1388
63955
77255
61406
90859
54735
883
23847
45746
80738
86073
64728
87026
71253
29743
13638
59979
42040
42426
19621
49970
12774
30370
81926
65963
20803
1874
35355
93262
24529
33696
45788
2294
48241
30220
9486
71583
36621
78765
24239
86986
62108
17287
14409
81495
60523
61163
24216
5144
5040
46807
83622
98409
2567
72901
41850
76330
64575
8864
9928
69635
29670
73485
88819
39719
69510
80687
83965
87014
73971
29017
35349
35243
10531
73658
51877
293
41663
59325
73884
75756
19623
25434
42229
91575
85789
77585
98419
96381
35497
91066
34254
87688
5953
96701
33015
12061
51140
47191
81674
43807
11538
48178
46011
4023
21333
97731
14044
60146
60933
27575
34076
80411
33077
26088
70489
4171
54865
17723
95156
88208
47709
74595
23678
92343
91999
19900
9752
64115
95235
83060
43566
91621
95995
92737
58966
55875
4617
50806
81527
7292
25735
36865
62610
67675
35363
9882
56410
14556
27549
62537
25607
21057
15332
89811
59782
47963
59809
56514
99670
18181
92414
72522
39840
12884
60787
18484
49364
69175
95619
53692
74752
985
68212
53656
23259
30461
1268
11659
82561
37509
93143
28200
77509
57705
72204
67871
62798
88748
21201
38563
20953
50819
42408
60508
47188
6945
92776
74993
51358
11365
8329
90391
38235
11839
67679
99931
28140
16691
51697
56106
87212
52033
98004
3577
97288
7331
4316
20295
69713
91051
67375
49750
39891
80183
20300
50054
31225
44854
48987
8339
45932
60900
63713
86946
98020
48646
31717
27355
4683
38493
69663
3069
23548
11009
14075
50279
37003
37931
19358
17615
85309
15405
4717
68890
28731
14489
4085
22416
18826
50665
25502
97770
32634
10503
99991
41581
57468
75790
86487
50006
76661
53698
74465
42579
66996
56942
72143
79453
64253
68930
61376
41902
7245
14645
56558
47951
4615
71879
28957
855
31022
13392
19089
818
58138
73930
20548
94312
26968
24688
45576
89565
48673
16941
10664
94225
50237
738
58123
4879
53680
10684
31979
99996
42282
55325
62457
63472
48670
34369
69334
59953
29596
48951
50508
29901
50801
54018
23446
34999
64368
97512
34057
37427
83418
55947
23987
88817
33963
81189
67210
60896
11553
99471
62659
41845
93982
60902
4991
20642
81823
79610
59278
23466
14209
53154
85178
96317
73725
64945
83328
35473
21013
34057
91005
4841
96313
79390
71636
909
63183
63163
55121
32500
95828
28208
21611
19808
33250
68491
18834
68312
78566
94080
96226
77984
34890
48281
76357
13471
78474
57606
50999
90334
46047
72508
58250
35470
72453
39140
78381
6815
51648
7937
52326
48308
48737
87165
1748
61904
77229
2759
21221
22272
96386
70062
38396
8152
12263
88630
5296
77433
96389
18279
39429
37180
98381
78982
10989
67986
45339
98552
80194
76238
26558
11560
74663
33503
35232
28134
35653
85883
58579
80751
74612
66878
13682
98741
12673
65468
23593
25623
7201
38234
31986
7467
85751
82893
30808
97001
70253
93032
14861
22341
33839
26516
68443
75960
4932
37797
971
97386
22573
54176
13395
90837
65395
610
69324
16273
83152
74170
58978
12029
9101
20668
86044
98201
42259
25158
90091
45981
