74769
26185
80048
17876
89759
91532
64507
2928
5427
81241
79654
49252
36876
74846
97413
1476
66662
22826
51863
93935
77239
9468
68230
10492
77922
98573
14920
34628
26457
254
34989
10176
8649
41051
37539
36728
13459
53328
95262
34279
83426
24270
22283
87613
25637
95984
80782
2090
87772
25296
41104
11536
41471
55567
82950
89604
13246
19126
95807
64993
9243
23665
87468
18006
5046
65966
3098
69131
60575
6032
19077
20530
66669
66794
28749
27989
40367
16450
71089
32326
12924
48092
2014
78814
39499
15879
37931
68659
87104
55771
54108
60821
75220
9878
9793
67911
50656
9922
1399
72169
89892
57534
72224
18227
51220
19852
94608
69911
63523
29827
11079
19800
11129
96381
46616
84746
43578
91428
46760
89121
72944
94934
26691
4759
26559
34863
79220
1120
52826
27089
55831
32917
99365
61318
5626
53098
50623
50421
1859
50779
7002
48155
76051
87072
82847
59396
50418
49577
18641
43008
61294
91757
3021
76097
58319
78646
82941
16836
16481
26396
89856
13888
25356
11768
33255
12983
41275
56825
55060
39472
70932
19941
16352
37572
3324
65621
97135
48727
44102
63645
33128
70171
77324
80327
84854
53246
99753
69164
247
99308
36294
9944
74209
44804
62787
74281
73839
72822
50980
58436
13701
69610
4708
49164
63418
73583
28943
57283
5415
30363
77682
98195
38116
88574
25485
72736
29189
66461
57992
80340
36535
51467
75170
14516
97300
98619
79229
32085
59774
44660
74373
342
12722
69440
49266
86416
22628
59119
6584
61009
40079
93576
29338
50034
64718
1452
77589
93625
85016
73125
66808
40157
69008
39040
16803
23263
80268
72869
47020
98541
7228
19367
14826
18166
62206
69673
96975
96737
24132
29976
29478
37527
23965
856
44225
58533
30448
97222
37197
85817
76511
29895
48716
95390
79912
38177
2000
74651
93595
24072
41562
1845
49549
14036
80520
73828
65795
64100
94121
45093
61914
89244
453
82141
7929
46166
29310
72611
69799
14031
28754
78388
85741
9924
65882
94325
61366
16029
28673
48091
90624
80343
7684
16501
76914
8629
75462
15859
35442
41300
48574
68136
77886
25240
33677
63249
43842
2788
14779
5343
96121
93685
57174
19839
15182
64348
66826
25971
40769
98459
88040
41737
63225
23149
25521
19253
59810
88734
17642
25495
48944
14354
59478
4869
6219
84922
83817
22307
13091
50793
65886
7252
96267
21609
80431
44725
76042
29685
26312
69922
97438
94440
38265
44720
8808
76868
69186
4909
47168
96199
33210
72569
72284
62549
51730
98126
21682
37254
70370
84949
51204
49528
12471
42898
53599
58795
60582
36838
58707
7812
88289
26052
68093
81926
80230
49834
74797
60619
76308
42770
26784
80895
27453
94872
10364
32466
85407
74832
27091
15660
81852
88656
47067
40802
38776
89818
8649
52946
47702
63089
36399
26465
72963
52047
17096
7773
28312
87905
93568
39919
28221
79311
51096
45838
4093
97117
48238
62349
7881
69230
8689
66681
73628
95661
57767
39685
51642
45046
57366
67218
33771
51289
51256
63996
43557
79891
42197
71745
75392
52708
38323
53848
65835
40716
70422
462
72830
61816
17533
73450
71772
9791
11612
58977
49038
23455
26976
92953
85614
47909
69023
74829
41945
37228
35223
6805
6063
62080
7846
36980
31935
48514
56371
62567
27653
42918
65805
54268
97405
70987
31439
92622
88501
96639
46300
74743
26680
22984
35462
92852
74768
68360
47469
89895
73738
21478
6966
2248
15347
703
56856
4418
4256
23630
48722
78178
57845
55539
76511
33998
29940
89578
50497
96629
58430
46432
27518
75496
61798
85818
9278
16870
40239
33165
82752
55496
49651
28727
16848
69275
89616
68505
58637
40904
72814
56612
99932
72551
15876
41139
80696
90806
7244
16620
82441
20394
73332
7121
73622
69041
52070
19742
68140
10375
23843
571
77962
25120
97074
13973
65421
14711
48149
20907
71961
48051
3680
69525
509
39070
32337
79889
55189
57624
61364
75421
38994
73200
83990
94968
4836
85576
35752
11645
74049
20801
88631
33993
64158
46794
6835
63203
66883
63468
43884
32995
32600
9626
77566
96985
58770
5053
16030
69814
57856
61450
66321
16306
47568
67506
60827
89136
35835
35962
39816
58503
77388
95337
76132
37912
97505
33906
88486
1090
60786
2927
50032
53061
76152
24172
27508
55040
9306
69823
99492
96848
84843
73457
25943
56036
82984
29853
61620
37463
43081
99706
66384
1723
64418
95155
56081
24190
57853
83238
59238
10521
42292
93332
95971
88
5303
98056
7903
46473
68326
38413
7543
64292
48608
42109
71367
31262
90675
25254
29922
90371
37035
60356
88887
69507
41040
80757
76377
34767
22191
81782
97691
75461
68053
39300
98123
57943
77601
94211
3364
11781
92512
77436
36327
89630
22998
25444
68665
93648
86976
34274
74744
48237
31780
72028
60434
33192
32704
22314
60855
27385
51619
55133
83623
79246
74913
93593
83755
8259
64577
74695
6856
51001
5644
17458
54118
92108
84526
12313
70363
5657
78899
39875
33424
41120
6945
85063
44888
27719
78683
59695
80606
26798
20109
68840
62083
85559
54314
82082
81045
94795
24812
37320
1506
10841
27544
7599
20272
93243
50188
89944
82958
16427
47066
53079
99
62328
65296
89237
19339
56083
88303
88234
52665
72953
99794
32588
60277
76510
24747
52326
3396
78444
63651
9820
16068
20886
31494
82420
57280
68854
30355
51746
11760
40837
68713
20627
6240
35043
22039
55613
74959
93209
99575
88768
96006
85271
50003
19606
17250
74294
41904
74917
2706
97681
19620
36610
1094
75208
65212
53169
44873
82035
2693
11039
84376
85739
45435
6839
36
15484
69713
94765
40951
60783
94647
71458
29100
3961
40443
69192
67031
62806
38155
30733
64860
64940
10839
15423
95648
65940
4594
58839
3067
31067
21907
55721
85613
7138
32716
18993
75709
92044
21267
61684
36793
95264
50099
52979
18767
17632
96020
38777
25903
95953
1463
11516
95056
38014
15196
21301
86982
17683
66870
55976
59847
78474
96342
44998
50954
20199
72441
83249
66392
29793
68630
20579
70180
23146
19442
59838
91117
38205
79012
87049
1132
23064
70453
66
35664
63450
53467
71511
53051
74755
5994
26330
67258
86880
82973
14278
59889
46598
72511
91484
61939
37473
60749
77018
90379
12888
47647
85263
9517
15971
97804
69960
10035
92654
36645
1102
86016
82148
94086
45335
58778
69525
59931
91247
9642
35878
98017
65671
61004
26009
11429
71349
11391
35467
43080
96469
31018
96551
42073
90488
75699
92238
57995
97051
25699
94939
66415
39159
91053
58776
11910
30083
99640
42750
77166
67900
38554
60070
81910
27258
79360
82408
20458
36818
33620
35944
82278
56046
66221
9444
68719
87727
687
24663
4412
73607
90324
86100
15815
87787
6396
89560
53892
76204
97966
846
28515
54637
84189
31464
59867
85444
5143
57644
77606
6963
96911
81962
75384
95614
78245
3318
53903
30772
5797
2594
45686
99686
37064
49819
78579
44052
39129
63921
25235
76831
92504
57435
83822
63357
23698
2393
8653
56905
49662
3450
60748
63324
32227
27407
9936
98032
92333
65328
71147
16209
46739
45434
99835
54840
112
89982
37918
37353
77952
90221
26996
4417
45210
76955
19595
34418
15878
73552
68273
48501
87722
19457
78140
86379
77939
19530
13399
16373
95219
19096
90738
13122
4083
91118
76624
15005
15112
56396
47847
62791
97880
94344
65629
26901
93763
23122
92140
76248
14704
72859
59201
30797
12009
7780
54032
65879
12834
34834
58119
56597
5578
83946
4602
18991
93795
30999
53917
58428
22786
52502
14749
59260
15245
76840
62263
6367
74445
98862
60894
13500
21727
28461
45255
26393
7919
81789
84921
96788
61624
10225
81970
52004
54191
34074
88661
3085
34350
9341
48032
52461
72545
73640
95484
94832
3225
15262
2377
33081
75458
82312
59741
84802
73574
70703
42559
88706
64928
54996
9582
34008
54401
45805
74725
49219
58970
77354
27304
39462
9365
5917
63042
53821
73055
50770
70686
63586
70997
45727
55287
7390
94868
4661
61750
78242
71501
42742
73315
84493
22253
1247
51279
4569
45198
79294
36448
98651
86126
68977
20080
23252
43283
86849
52018
18222
14542
88067
24789
77285
77192
93343
41455
85029
87123
50717
24492
69386
31722
84703
36110
38657
58475
33994
89489
71264
83922
19988
60636
96688
16864
83860
23700
51706
76227
46236
41960
47852
60632
54833
67326
31790
49971
56491
26312
11622
79272
2565
55775
33358
48821
50867
95665
19964
59883
25064
60835
15996
93776
66468
81850
24507
45026
62447
315
65288
35757
3546
55751
47987
90916
29253
40318
26466
38172
97904
29421
32225
88362
61186
26751
21886
52692
80151
58271
79095
5544
79783
18420
88684
64455
28338
41059
79276
35251
15634
98166
23660
98061
76829
97534
13573
2861
2532
86778
30770
54232
77076
76976
39398
47165
66171
1748
23869
91785
77764
20117
13401
15881
47045
88258
32026
76279
95629
45373
22596
91419
837
54465
73713
4804
60449
33357
8663
12750
40113
76242
59660
60785
11938
56678
42686
42292
86431
29906
91784
25801
91773
77171
36912
68298
58038
43677
65162
30005
54005
89165
13871
9602
11039
66966
91014
50624
88975
47725
94561
89829
7324
31961
26098
69070
70313
83370
945
61787
31427
33441
53667
30793
35378
99626
3071
33328
89941
45203
40955
93951
6033
28131
55841
93932
77493
92158
20393
97651
57364
85107
44701
50229
58789
87331
55115
61245
31653
27163
5143
11738
5221
49138
74730
39315
42066
52958
91807
39344
75571
2302
22187
84683
79203
60018
5295
36649
5727
27821
69037
22697
51976
57618
84424
41803
62040
13749
81642
40564
26196
70244
682
87517
36427
4877
8683
69934
32049
61666
14767
69832
41046
64337
46101
16662
83200
82291
80244
7986
3594
7708
8743
1951
45
35667
41265
32582
28021
68120
34208
53465
17587
86089
46942
16983
46802
31501
2640
56808
66212
33579
58832
58418
77651
53621
424
58974
17844
76150
24776
13271
74212
80314
5683
44958
49896
41885
16100
34492
58207
87300
60459
82162
53337
61402
19897
88651
73318
53009
39504
56177
6688
59353
18968
51216
49729
36520
50281
79520
92335
90365
98158
3732
74672
48977
94252
84999
92550
76949
80598
62060
4188
12413
96162
28972
9324
16379
4903
14
97161
24213
65070
75742
77230
85592
75694
33531
33490
62316
67728
67085
43099
39587
23512
503
19683
34607
58814
2596
24659
5302
12557
49737
4718
96420
7211
1503
31248
67820
49418
57991
63141
25436
19610
8756
8038
78151
32152
17357
82209
52302
15093
31653
2660
70199
82664
27432
11100
6891
40209
65668
51663
90549
38343
11335
99515
84182
7161
37047
18206
83479
20470
28525
10072
71795
27874
41203
6457
276
30788
14902
81427
19857
45375
90636
57306
34533
85267
12594
88062
13025
69933
77692
61966
35353
49424
61562
1333
56148
5635
50527
2732
28809
99167
78309
29003
83928
57833
24510
49350
40684
14380
67485
16072
66125
76723
88002
38559
60243
48595
73841
7437
326
65884
10750
10643
73491
84276
87906
91294
13379
4338
87280
12649
48427
4841
49646
4123
77716
4564
93305
62033
59239
31377
61435
80017
31198
19028
38212
49557
31556
46331
87181
20617
75382
72308
99146
40805
5003
21117
76356
61771
62500
52281
93706
383
15363
81644
36768
37292
372
87544
84442
43532
95280
83383
16131
77102
29282
20861
88222
10362
42218
70697
81968
24484
4700
87011
93457
82469
63091
7406
51225
47891
82936
97581
3890
90307
19824
31762
9623
51050
58316
75970
71436
6316
4592
62710
5091
59691
32846
51487
22362
55746
86150
12270
83408
17432
3875
92559
36845
27397
43867
75678
66025
98367
4355
21681
71148
55212
10836
41923
94004
40203
30541
22102
15718
95261
21630
51218
37040
44388
17168
95545
79453
67979
4460
31744
59519
45640
91245
63956
19522
82780
17754
33285
25379
39321
11066
84203
25346
71656
68331
3821
34185
64985
65930
7095
94276
55513
39685
92871
92506
35288
59262
86158
67972
45193
61272
16247
22842
68049
24908
7507
56484
5659
52081
50522
53170
30882
16488
2499
98568
69981
17079
42187
27616
89349
25775
46181
46606
64270
42293
23171
17254
70483
6897
5271
90124
32608
30890
48168
57683
95464
73312
93694
8301
82745
25788
41193
52013
26990
97962
77447
35970
40553
22614
24445
58911
3353
84090
39234
12218
19359
79656
86775
98682
36104
38014
47742
32614
89398
46468
60359
11625
90987
69228
70755
4081
89372
54049
79435
49149
31567
60263
11721
85293
16079
96624
4597
58027
86485
78750
55711
3845
62189
55690
91330
78705
46020
11204
36498
42707
56782
95205
89246
66752
44325
51051
13907
45530
18200
40023
14257
98576
9743
89905
41293
5188
37537
48056
9132
74359
78921
84324
99825
20168
25080
2457
85808
99243
39820
26604
2740
3452
39633
37083
11407
70187
8903
29481
68753
66629
80073
34621
9004
41558
17940
10947
75291
2592
42135
97640
71097
4623
79991
66653
80641
94847
51309
55125
10612
27608
14307
16240
78833
99318
45071
69543
86879
7118
91985
31472
47402
58956
99801
74034
49351
82883
62612
50697
33683
89133
31101
72843
34473
55061
92275
94240
26889
41201
1249
15339
62900
34952
31134
92448
45328
16013
24006
51213
63425
77141
99774
89132
84369
61245
69994
18557
62032
94036
11982
6749
7294
8479
19976
91588
32564
73287
92322
7508
1592
5592
83927
69784
63452
89938
99522
46190
52549
73080
24721
61281
80498
34714
39389
52318
89779
86140
26995
54619
75749
33256
77570
26394
2301
37343
91687
86614
997
7723
25055
67205
17455
88116
42546
67672
76799
36557
43615
65768
11187
39510
91346
84622
38424
32809
88725
7704
77042
37085
14227
13979
43566
10236
33334
87994
35423
91807
24554
97116
12984
46065
46679
41047
38099
82252
32918
4421
50048
3198
10487
20953
23839
52979
67897
98176
12763
88479
13646
50420
65494
89746
33517
17749
85632
19268
42916
11354
91632
22990
18144
21685
45116
74166
97962
91890
67336
77605
15764
97884
98955
79403
2691
60459
45865
69366
84946
92307
95675
21451
20156
13817
43897
59340
56205
17605
33542
8070
36371
38511
19766
85776
2911
10367
93494
83238
35919
97918
66748
79423
27046
25179
54958
47798
92241
34842
60631
61703
58327
2045
15496
86890
34781
52980
92516
79393
68960
81109
41687
54293
37933
42140
64914
93963
82321
80013
55724
67627
69337
89848
17476
45441
27268
12553
33519
91759
87218
20558
1160
11042
56666
33759
99193
84765
4120
3281
10259
38725
50427
26834
1852
28979
47378
15653
54314
22328
20948
6455
4833
95578
52347
35279
42638
62845
60159
64141
94109
14410
81621
91346
21814
980
34000
89432
68754
15341
99256
7477
60533
6143
8931
6246
69588
21258
9428
35673
52225
60367
60965
89375
90846
99131
69132
27912
52285
87725
28242
41675
64369
5386
59685
28911
57500
69471
17116
11656
58233
9787
54751
46938
61175
97282
50204
35793
94146
21735
29372
32525
61606
15126
42155
99356
81748
46137
78141
5596
90844
22535
95306
47479
23644
88126
64017
44298
89128
73221
54232
81660
35726
90112
66024
35269
47933
3257
45943
50353
66576
86965
55934
45215
72331
51039
28839
36723
50336
21209
83332
15879
60118
15469
38138
52027
18788
8058
53665
89710
74610
93624
90519
85545
1615
39445
80926
99750
64916
14071
80042
40838
92048
91411
1010
11173
76471
15620
75522
87191
37529
90786
18464
71830
83722
24642
47078
80075
13817
78298
82901
12775
98299
46378
43864
58557
30421
26883
75605
86312
23085
54183
63745
22187
26699
56295
70226
87644
38283
57405
37545
78658
25110
66363
21356
75664
23352
95540
98368
88941
59399
18250
3300
29144
37103
12736
75261
12788
90767
19623
31302
39841
58073
64019
45040
26067
45256
4073
87144
26402
22460
7901
2088
32682
10015
2185
54519
84898
56181
45490
64042
36801
81657
53302
35197
71847
19436
74765
5907
97095
26688
61991
4525
40640
55004
43217
59513
79764
67450
75705
12039
46173
2363
97880
4011
26107
60636
93796
13399
63065
37781
94905
50746
15807
12894
73464
83403
36055
34483
55065
73495
68529
74096
80750
55514
31874
61456
20199
43408
44487
78278
98615
13961
11139
99003
38754
18558
55813
57555
61002
13929
83201
71569
86718
25638
16243
23117
19822
92344
23732
29538
10398
25532
22231
98311
13611
38827
6040
78610
50063
61377
21991
75260
47385
6105
49633
78434
51787
2483
35379
25417
69050
72778
16994
39902
90512
41969
74570
93151
49740
31600
96735
9867
48322
85829
94693
56513
4389
78378
25746
98602
99760
6188
66162
58989
52328
85176
41633
84865
65445
8665
12615
92193
4813
48354
15070
24907
80555
33455
43571
65764
98300
45291
70489
76430
89240
27557
93232
97378
96487
12509
7600
16661
68124
62920
24838
47332
8957
14294
15794
20825
52260
13390
73149
20198
39224
56039
27082
71520
43886
35853
98877
98667
43983
26403
37374
58765
31353
29015
30701
92933
65964
15803
66135
39040
67437
15563
80610
43510
17308
41437
50298
50471
78544
29697
25075
13726
21981
5330
65052
98530
67372
34869
55389
39201
17997
8062
27867
32257
99179
54978
87673
48441
80345
59152
17844
6370
10758
28991
74301
57589
59946
30382
77852
96311
53099
79956
22521
67447
92026
2976
75015
40791
90161
81017
71852
28211
18392
20235
51259
83353
30789
1789
70909
62443
4503
40526
87247
61005
31433
62676
93015
32899
69213
28145
68526
65699
43139
59327
54217
803
90478
28
49367
66746
48708
75855
13688
42389
76543
94921
36937
83473
57166
49586
66270
34113
61891
32358
75772
32912
83846
80056
83483
30518
99390
6831
72068
66856
45910
11716
86013
66609
30414
30256
43565
5200
78102
37599
81625
89057
72246
21240
46338
20752
59956
10716
84509
72604
96401
97168
3887
48372
67179
29499
2638
90056
60882
91799
75168
88317
12861
30579
29808
56450
12036
49194
60231
72509
31954
99082
72988
71312
22254
4934
99868
41549
89085
85070
88653
76484
39346
55001
13446
35473
14857
74302
90768
96729
47399
30684
87719
33317
65699
41177
71965
78297
14892
371
95591
50653
99013
63642
58797
45900
26489
4934
96402
34687
82281
43156
36281
32523
11419
49181
45878
66081
77646
34895
90516
4450
53535
79021
63627
36692
15752
19699
36250
13847
35766
25055
25134
31495
60645
3743
79403
10987
99417
11667
74032
24682
80588
46782
76273
78379
81033
64619
84773
40285
21236
54857
28476
16357
74598
19822
35634
13780
14818
67823
83776
42694
72763
96990
20431
90862
45211
67638
50847
3552
52434
27865
37072
20976
67522
18668
79490
7241
15789
92664
84877
50473
48848
73342
7382
86657
96777
21529
731
9090
82226
31783
44667
18877
69346
13131
32148
96328
85376
17745
40077
69472
32526
19710
78950
7116
52040
65648
82352
35494
7672
49010
98201
40865
91014
8231
75037
4493
49320
3386
74162
11139
36163
3134
51161
30903
42961
50178
79145
79875
4550
67116
28073
83407
43024
27672
74658
77588
26576
80027
28987
72211
38117
79580
69378
38520
17806
12432
32377
72692
24460
37779
39928
15033
50954
35852
52214
45498
68741
35775
28943
61652
39465
2583
81981
37778
60501
74844
31458
26766
79832
16518
93079
11994
80492
91046
99529
43225
74664
11522
93956
69218
82406
91656
6605
41904
15158
93993
28629
75386
8784
6015
64762
89777
62252
27909
13880
75782
15799
59783
16545
17463
42104
30295
67527
98719
62420
24748
29082
53007
85010
23710
84210
38714
81312
1516
41036
33929
65021
80255
7072
81317
25551
28204
67115
26425
19162
59400
37482
19714
7809
960
98583
54797
21231
34601
23622
16927
13323
74450
45023
90772
26416
92273
57956
46568
21001
9051
81833
35540
14055
24460
41975
69817
21603
41596
51975
2521
33280
4618
53090
41776
56158
87518
55805
81497
82175
90184
71328
80992
64603
31909
99292
52722
81816
79636
58844
58775
3573
99483
43485
44052
46164
13978
47882
31096
742
63707
93839
28340
70489
30161
58115
49394
73168
22363
89539
44049
8783
45642
66089
13525
27404
49903
56990
58788
95818
20161
32957
40401
84235
8162
68874
96103
28842
66010
94418
10156
47382
66132
91820
518
93476
99448
54024
90481
33557
75864
39738
36367
48612
22413
828
13380
64813
27592
65071
39526
23687
99447
77117
49437
73939
39435
23629
74440
11084
60407
10287
43451
81507
88190
24507
11827
77678
51395
24077
20007
11420
68802
13125
73872
15420
82371
28990
24186
1459
58110
82698
20144
41075
55438
84212
69402
75779
54770
55194
32292
5854
85186
71665
34504
52555
41322
61966
48955
31781
52546
4620
83099
58697
88960
2321
85531
61427
6807
6205
45603
8454
45374
74030
16689
2385
95310
83363
6847
98725
52932
90560
85951
26634
54892
63237
5524
42816
43422
66964
18415
20120
29951
8721
32255
79589
42210
65686
9432
5776
53382
64690
7541
39879
53082
89072
26569
47589
36834
16682
15494
65793
13472
84682
4139
40341
88823
12918
27455
37689
85569
39824
47735
63238
19282
65219
43667
62007
54296
45418
12844
67350
93518
79470
59384
2678
89743
69831
95805
20333
92568
28208
75751
70991
9335
23037
63272
17658
77479
68343
29984
5543
24581
61581
73107
59325
88385
62870
39267
93125
55260
12804
68179
91654
16809
95963
28763
29177
52863
10654
71769
53748
13946
47330
2119
76635
7044
38579
66413
18037
34640
21665
77563
68656
14423
17602
68981
75697
55628
45521
73235
18582
48273
44509
75532
2693
72858
35327
5928
51450
50025
47305
93135
78378
19756
39335
53488
69343
90363
50482
46985
74671
68647
17107
86165
94848
4665
25165
23632
47356
92061
44084
10427
76381
80792
18053
61013
72305
36187
20950
31221
76450
46454
33388
96323
31444
5919
33476
86808
45586
28569
96543
11566
92849
55800
10981
1207
4786
45607
15228
14055
81506
77043
71403
22875
10982
3087
1294
57169
87047
86538
21727
97607
11065
45021
36661
69918
19520
35424
4245
40325
1387
29186
836
66917
1410
34077
62998
3285
22045
3560
14829
70594
19061
90547
72986
8770
44568
50981
57368
9334
28779
68609
95375
2383
59842
40882
9225
79408
24575
17360
75525
29654
7198
3056
34182
82478
93663
11429
39704
1867
10176
845
45158
7503
52955
89436
145
31752
83871
32759
38427
93238
26641
42304
42650
57211
63977
82595
98183
53212
20558
82400
49285
81213
68917
70009
60524
5834
20457
48840
69382
83859
45271
57909
52477
37203
24268
48026
74296
78167
2930
47836
15638
16582
57704
31648
64552
24540
55885
85683
11480
55775
70345
32586
9831
9154
69965
82266
38704
92035
90167
6557
91472
83701
56378
90808
91959
60106
91668
78401
53116
71240
82027
10570
78327
6584
1632
6659
76510
49589
89374
80970
74113
57445
13868
55849
39815
55415
97943
50380
81021
2262
18299
86550
30626
21127
60106
25936
35945
86259
99660
52529
71142
4292
20763
19748
67112
80906
21804
80252
7955
55989
84236
70851
60969
69300
81330
42350
61072
86249
3823
75927
5923
85212
44416
2075
12706
85307
60140
13100
592
28744
69719
78815
56692
21463
69813
48759
24272
89246
40322
815
77126
33102
61648
64542
8970
36144
73595
26259
91452
14834
22283
59722
24901
88265
57132
64797
2799
84682
8587
90405
86444
80898
97256
39652
31484
57011
12273
57585
9960
40341
52949
79142
72453
74391
8306
84668
7122
31575
34051
32146
46002
69350
66361
14229
84806
3020
63275
50551
9360
72814
32533
66542
62971
8292
66254
48265
20770
13117
61170
33467
90037
58365
10419
30596
68546
70625
4616
22627
23018
49376
24998
70353
82398
21562
83540
91199
43026
78349
98370
17746
75694
65241
28757
859
75201
29764
52460
79754
64406
8039
82756
3442
41436
54807
42115
66490
39841
15470
20403
5047
54896
84654
78634
33768
56306
48144
25122
97855
54981
86022
12102
48580
98900
25440
6037
49825
50766
38569
73918
4415
93500
30695
69646
87408
91514
2194
19552
22681
79601
24425
83188
84062
8215
29750
23083
38148
51299
94455
14352
57274
80900
22691
48741
11573
41177
26318
41159
26794
63241
76977
43153
88083
15375
61702
87663
8995
8028
71148
34704
87801
77177
6314
95946
98341
36733
98813
78524
28701
26979
8533
1187
21524
64000
68453
51138
10670
76048
27815
40781
85240
80096
69640
40810
29600
26590
1494
11525
56953
26933
88500
97108
11606
4910
13505
44892
75273
47925
49640
55499
90848
24026
1323
32810
84452
63703
93709
41983
70719
55653
88848
19184
53213
5213
21065
59435
97981
41947
76413
45489
66075
6607
81480
60258
80708
62923
82729
61407
80392
40935
52442
71039
37719
54347
17432
61738
77864
85467
32173
43637
99200
36036
49433
64421
38012
24802
96602
32104
97143
63878
4117
64111
88566
92597
77076
88897
35335
51388
66556
98074
824
78731
41426
26133
96807
99019
84429
24070
84164
14985
2917
64339
67534
69207
9213
29360
78834
24464
79513
46290
43373
77599
96974
55371
45370
35011
85613
80780
6446
31541
32178
26414
6800
20901
89455
99185
29700
29103
21881
72825
34696
94233
28618
96240
40807
82902
46106
45778
2221
99067
98453
92756
14896
3834
118
61684
52357
3549
36980
30948
11719
51762
57691
55115
65614
5348
5844
69917
62236
97986
63639
53021
87351
70150
64309
66181
3675
62086
48951
72648
34022
62860
96824
87781
67342
7723
85707
96621
56508
65223
91111
52628
89752
95265
82815
32133
61791
2584
94210
93048
28453
57762
88943
7700
22787
83772
46750
64010
12955
28865
80677
85464
61
37489
94084
61713
90575
23048
35961
65221
23329
58367
14861
15162
39853
8742
58652
42319
16190
26786
12741
17689
89651
99800
96810
48082
124
8310
64491
19043
50288
82057
75670
98685
96031
83802
94807
36947
81881
86791
56217
56929
80594
88032
51901
71082
8799
12153
76887
22424
86609
54111
24741
9086
21094
69052
38124
14926
86608
91349
22050
73389
92767
16003
31272
18850
26811
71443
93064
5551
70612
75378
190
18930
81962
47085
65388
6167
2273
3684
94596
37108
43256
17701
4950
35702
99707
74914
88354
79078
12815
88567
22862
80892
58523
21415
35256
95945
74785
80948
22190
66031
94110
90552
53784
89982
96545
63939
56348
38883
36312
98935
22128
78433
37890
17692
12285
49574
97105
36465
46496
92641
34330
14586
70463
85857
79534
69386
36017
64000
63544
13729
39153
10077
49942
72542
44365
42171
15251
1731
31579
7647
45558
28546
90129
49698
80005
71572
23961
99183
53383
18769
61741
72049
43050
23505
61777
13313
24256
29997
86165
66443
92235
51003
78423
41195
88100
82056
41523
66944
85711
52560
40218
70046
24273
82799
73110
17157
27636
88676
43904
15361
35993
8970
67443
53383
98930
21718
27263
73453
16725
81747
14003
60229
67409
17295
69053
68499
32742
25214
82625
43878
32316
2726
48003
12509
83650
8505
35169
9074
11469
44272
48981
67517
59021
12802
824
54497
63793
20546
78434
13612
62250
72586
48832
17752
27312
14203
14235
92198
12684
47933
54188
80236
81527
67340
66518
15149
76687
33768
65862
95497
76855
14559
32120
21164
36736
68004
20321
26611
35257
60866
76761
1738
11503
35790
68204
50954
74680
70915
93071
49808
69095
67637
38550
93438
50764
53862
71708
32619
15439
63113
90447
64506
44661
53256
46674
10981
86172
5979
88626
48302
30208
33193
7101
40235
58953
85425
80880
44534
51399
69605
36480
45244
60034
77376
15174
60473
29504
57642
26663
61839
41470
14091
62142
80633
68350
10109
55261
8865
97461
28395
87780
16474
28572
93969
71988
38662
17439
75811
33789
85908
67862
86334
28906
52923
30442
9368
23304
62404
11008
8637
39923
40550
35481
98515
94046
90353
40257
6984
7976
74211
28918
83758
27205
208
25006
562
61128
94213
1986
78237
19450
75647
42325
70084
52436
21670
55809
37590
72720
30218
34661
25168
71671
85638
13156
66243
97346
8958
45579
68469
48580
99502
85562
46764
81993
51003
46736
7467
10405
73333
69745
49507
98211
12788
61294
95816
45391
45202
64980
37771
10707
37762
55840
3552
31116
60947
94376
56905
28762
21758
88588
98240
94856
15280
73856
86016
58773
6912
33075
44781
46679
74850
29635
32452
52403
72140
87539
95512
80506
25161
20277
99127
84917
86271
4500
23584
27485
87588
27611
31145
2841
49730
67649
23750
60570
37411
81242
71939
76179
51965
25359
34194
2782
96837
84206
25145
20534
39993
50284
65849
43717
68882
79680
70577
28197
18234
30565
24240
3375
32618
85856
26066
10715
37866
885
62344
84846
27118
32518
84310
97836
76320
92051
15512
15440
15936
48776
87007
6821
49153
33365
28424
76788
1716
1843
72346
63246
2420
52467
95303
59995
19998
52029
17233
34730
76683
55430
12167
68361
58730
11174
84585
42351
21399
48197
63956
55199
91672
50692
59190
16206
43556
72910
18332
54353
95022
66263
61442
60132
17302
27631
32414
82882
54009
81053
9210
13838
46767
8558
34141
9583
43523
64272
37472
52866
72787
36836
69353
77572
16127
47170
27518
97508
17573
31893
14960
67906
85843
40030
65694
1386
21001
81414
48182
87696
10358
98762
18696
19468
48293
47904
73048
99092
16512
51103
37085
28747
86106
92009
37613
4312
79769
44691
87307
63170
55769
54865
56131
27954
94059
12763
99766
6552
28486
35446
67249
99282
69403
33745
17223
63980
57744
68872
80222
92224
27817
29611
12132
44466
59202
50580
18338
75106
59847
39662
84931
96004
92207
16768
11474
68215
62925
43899
69464
32095
69358
68803
61258
34829
50894
52589
43773
96684
69566
40310
26228
45834
36444
58227
63699
8256
39788
13494
59571
21637
68972
97970
61468
80218
43970
67753
82683
61189
35877
50788
71966
62972
4467
91351
65077
77209
63967
44765
2236
10792
29109
54450
3454
20226
98860
29758
19347
73122
75417
51134
77257
6042
49363
86757
51164
50045
83657
9218
70222
7062
4122
76765
29014
35876
63719
50831
10852
45347
58202
5406
17828
94873
34780
9415
58241
49373
91537
55101
60811
90215
88168
19903
79302
87090
1400
16419
45165
40588
13458
53112
85794
94782
4145
54080
4998
29576
92456
37247
49293
80622
48432
52107
82120
23737
89783
63493
33374
28663
41922
40478
39367
18490
48865
66623
80557
38449
44499
83621
20588
93124
86245
83825
27600
32011
54164
11710
19796
72363
68038
59533
49945
67953
87140
42724
77086
48359
91621
3130
63428
30653
67006
56808
19525
16031
90085
96694
14540
48617
59227
34960
76995
27234
59304
99665
97325
47021
30817
92908
93234
89452
75100
98764
98012
37817
19449
43520
88874
48648
18045
94368
85364
58033
9429
56369
55319
2799
8082
22405
20701
70796
7094
47258
52811
94312
1952
97457
24
74166
54651
37829
98692
86311
48536
51654
41215
23313
2671
51666
29361
33556
98753
59230
22195
67670
64322
39997
73070
10768
94714
92947
29305
16137
48275
139
80730
10678
73531
35488
35594
42101
11686
88023
82966
89487
50625
62695
12388
40034
2220
53556
36533
24759
19364
15504
48025
29256
75234
5933
306
62656
4025
62307
12715
10622
39909
69411
20014
10116
23185
49070
28416
42407
17097
37974
7449
83792
88562
13241
91019
47664
18169
93225
51614
79747
58264
78232
45708
35484
14027
66312
79914
38878
63989
46054
49671
83627
65158
71578
18462
88356
68130
56674
29677
6883
43322
25779
89
16930
6032
13189
65566
92040
81419
2368
11468
44273
278
81270
90366
38099
66556
48086
60203
87018
85260
27368
26771
7670
25795
49427
74506
24422
36695
1338
58118
5736
27431
81927
51453
28100
39035
61034
26211
22092
66551
86894
83529
54672
23575
42528
18926
57456
10287
93188
7724
96433
54697
4374
57746
82831
89242
20649
58972
92657
41268
14950
57854
39661
91885
95393
28420
11992
83265
85846
50097
97895
56657
89982
82899
87896
29303
8106
59040
72498
90742
95926
33524
32926
18827
88912
56153
67595
5755
93619
670
2814
67942
32536
34737
64593
45383
74564
94332
60215
75938
88180
70185
16569
59060
56554
76230
91956
91707
46134
15675
6445
28158
38503
25283
5566
20456
42733
65193
1524
70023
9734
93535
81908
72634
42437
15248
38087
86192
22602
65442
30242
57855
10514
4788
72197
60848
88690
94635
83568
52255
27183
21535
97818
4072
6836
28993
58476
50601
57835
89807
69235
9932
85109
7340
2387
54410
754
25745
12165
3842
43999
64854
76125
50565
48277
23176
58928
85450
49983
25828
73703
83131
42283
51486
17984
66497
79187
50130
67286
32797
36738
80854
66049
14551
93876
42459
47834
53705
41264
6564
74641
47095
98738
81502
34840
69688
44191
34104
32631
75611
69799
48906
88686
23613
96943
67630
3941
38514
13117
86165
68125
6401
49890
62877
90696
33877
99404
67857
5742
93326
39398
26371
44728
9730
7485
95268
31430
31515
75898
12600
54970
15440
98210
70428
24302
58312
75799
84026
33037
32768
73541
27147
55391
1392
32368
79652
5854
68384
72131
62008
8309
43228
20188
38638
10549
56771
88146
95215
77683
33757
77460
61643
19829
11847
22562
89205
24807
21818
90330
23155
89701
67798
35547
51234
7798
30930
20764
7960
43931
98941
96812
82196
73760
42280
12002
10547
92012
12521
66099
43412
40570
35305
17052
84360
45852
47601
613
46163
74166
19155
23190
92802
24636
41268
31048
71881
35006
11304
79255
83548
98186
47462
35997
97299
28423
17610
23426
24092
44710
75482
96511
95594
84341
31258
98258
66037
71762
86592
20252
339
66193
64054
47860
93638
71609
2556
38852
46684
64693
83434
39340
13174
71103
44619
4497
42647
63864
71577
1302
29129
84406
8269
5949
40135
45097
16440
70741
94677
56160
88579
39789
41593
99781
59426
92490
25748
91286
37210
64639
75462
38448
33603
42877
8660
19512
10982
69473
99703
37316
28673
29605
22803
21796
81440
70475
9840
3604
35353
22135
71198
65809
50989
14969
52109
8566
14246
49607
62131
60367
18165
52274
69312
95723
57821
77171
73575
47471
98547
64942
81694
4650
2853
20283
54668
72648
49512
91647
45316
69197
70588
83604
9760
69648
41018
53526
99848
68943
26268
23480
52674
58727
95749
96157
46434
25792
77092
21129
48142
92642
22080
7561
19963
65840
28714
21578
94546
83815
24860
64975
55842
40451
4895
50480
24045
31844
59293
20636
25345
22309
76116
17202
352
66133
27533
21108
34761
44855
22919
59067
32675
50422
40985
80237
70097
7019
85456
28852
89552
81274
89530
96214
14670
32789
88066
82246
64259
28401
76602
45211
70873
26108
70511
63509
56498
78815
70333
44768
44449
94738
12911
43077
52942
1476
22919
5365
23909
34427
83709
52093
80603
75284
18558
62262
14342
96944
16840
22774
89503
52430
65798
77932
72035
63009
91450
19906
97969
76460
94294
78663
50016
92851
18183
50888
32236
52670
55471
44968
19319
57267
48231
95970
74564
58538
6570
23897
11920
91374
93766
88547
57005
52340
15665
90138
28647
23627
1668
52853
45691
66813
62037
46433
90830
33976
25901
32333
41756
50524
9980
68675
24366
28851
69501
32298
38001
51006
74954
59204
8005
41739
28531
25821
54415
87064
31372
28194
60913
10275
8083
69926
31666
67800
28156
35315
26983
47773
45024
94551
81271
95183
55642
95736
43471
67602
778
2794
34092
74639
66815
58443
16652
14802
87925
54549
29429
63383
89273
60095
40795
98130
87672
85548
17426
28859
21583
13202
857
80317
6304
26710
18272
20685
44327
34011
37818
88617
76384
46227
38113
28164
38175
40403
80370
5574
51959
58766
26933
60953
49943
36723
98671
55341
33920
33318
25105
84162
6887
55456
55904
27860
1291
9303
20685
57050
81066
47057
8246
89863
61108
71159
56207
10532
23454
692
45818
55518
50626
96814
63816
25759
69029
95655
89979
338
14243
23846
33976
20578
66763
21064
52162
41335
85585
20147
74091
72937
15785
45030
64101
75398
67566
32317
76230
88989
8256
13990
25044
39003
69029
95701
81417
37405
68314
39801
45488
93780
20476
96202
39169
82495
83872
83616
48125
27400
22680
92660
62032
3153
6355
29613
84924
72488
92234
5132
52017
62289
3371
24907
14168
92337
39917
35182
34315
42001
44590
39856
13866
60999
67471
40773
80535
78019
73928
89776
77459
36078
22291
16636
2377
1479
69639
49015
33393
43537
21787
40108
91891
5632
13148
71908
33232
96690
36729
19422
3282
42664
77797
10298
86708
59865
84552
25244
15838
5674
4148
54764
20887
89137
42186
67555
43831
89374
11857
15577
98460
87194
31123
86141
75622
89182
4489
88447
57996
32818
47053
12499
28643
23397
84585
92012
33341
65791
83857
77168
34723
53235
30198
45998
7802
29900
99212
34274
54739
89328
33408
14339
80703
37527
79558
70844
46688
19934
90281
37524
41315
41332
68134
4881
58225
88679
89153
67857
59915
59090
86833
70097
29682
16243
73199
79218
11421
19406
12175
50922
11813
84079
63563
64657
58198
62922
19060
70993
43729
27637
89300
3067
2986
56769
37890
55294
435
5975
36901
39162
69567
32311
99645
7662
28611
84077
6741
75184
53884
43104
7227
41329
32036
21255
12020
12961
93673
16846
428
88111
6172
16412
95878
6716
47983
8460
2264
26897
41880
93396
22714
84982
25460
85201
10259
71685
85196
82191
62465
78547
70247
69335
75800
18766
94089
67112
7358
35574
67284
43553
8551
24600
27418
48283
7722
58538
6169
35990
26949
27223
32762
17005
79579
11450
2251
42444
19348
72914
91974
86000
8097
15205
58308
45013
20777
21972
17529
2949
89152
97395
54250
17620
39490
14342
2927
6247
23602
48507
58640
96737
23457
56980
29833
34495
91752
73406
25026
33925
82754
36095
38090
7961
36404
19598
69031
64363
50788
18204
19344
73186
94445
47316
63708
58353
7242
42290
9855
82009
37601
79202
17216
88984
69850
40048
62005
73687
21023
76709
83279
85332
11117
5903
38800
85568
99380
69435
45759
57060
14868
49822
25397
63182
95999
72436
64230
81865
32615
48102
91077
53905
76985
35704
10031
49285
94200
40060
42285
21673
40748
7059
93172
13242
63742
52086
31546
88462
17958
19796
20380
23903
15615
88963
46494
57673
37370
27099
61631
17713
90341
38978
73702
62938
24108
80766
77142
36300
98207
79033
92348
51813
80062
96064
370
82264
18129
84644
36091
75826
88787
74474
48617
67260
76773
21258
95024
56310
25781
30048
80910
24378
69248
46321
35628
56821
53532
38006
67667
61135
85330
55669
83170
31245
37667
78362
63980
66669
92865
56251
81176
8372
58205
76960
66994
53927
48336
83785
25124
58800
53759
21174
21204
53269
46838
97791
3270
11973
4078
59107
54677
83189
31506
74011
30619
97837
91505
31654
34874
65545
93343
32287
83834
1368
82415
63788
6983
37012
94057
66368
46585
16363
10269
86400
70984
39542
59397
1642
41433
25444
25892
58783
42352
322
15345
15192
15433
7897
69064
62902
72950
63121
87647
91487
95455
25652
57541
60601
95697
51618
1386
32128
20790
99473
47279
61580
31309
97704
40763
46845
16214
78733
51860
46724
12151
37151
92130
43089
63203
26569
21400
12900
92614
28812
34026
28343
77319
50531
41242
29193
54880
45041
43844
42437
2241
70282
71354
87519
18591
61561
80013
4926
89671
88202
91221
25866
23095
54111
32531
58738
79962
11208
46807
88312
34850
20828
65565
72955
84150
35394
32764
2023
89834
27998
56865
24035
81913
35418
54597
46709
78699
69407
46138
29117
5821
73912
82825
44403
49227
48422
24658
88087
3100
10095
28185
55673
38736
56350
80845
21207
85229
92315
60631
39241
22629
90616
18465
53514
49587
424
12248
69088
68925
15269
38453
21618
78918
99659
52358
89972
59834
81759
9932
53785
66154
19574
10042
99146
15858
28845
615
84636
67250
90152
3507
7306
49227
78813
968
70565
57086
70715
70427
11554
60012
67504
28734
33716
61609
60104
15852
51456
91082
83991
26901
50925
82932
5226
42915
31563
28333
16793
371
93886
15510
36245
16368
23031
4453
52601
69030
21176
9975
75858
95603
79111
49754
82173
88560
48649
58198
93530
67488
58016
90795
50630
26644
76515
7157
46680
85442
30611
57363
34979
124
63579
38154
5397
31353
89752
84648
99283
44866
59379
40339
25967
21099
55154
53118
65736
31398
28957
46292
67739
58828
14207
10427
10514
4713
67641
31510
79205
67414
47665
81981
4629
50051
49024
73561
65018
28592
23876
21368
98127
359
91824
31167
66192
13308
87261
31895
95944
70418
27920
41053
57967
84624
10793
85769
22022
55485
87613
82928
35236
14364
13733
37301
99764
31325
48365
29345
87317
63938
18948
31785
11495
23606
70314
7282
55586
53602
39105
11811
83532
65656
75821
3411
36848
22147
47378
43456
97877
33183
44466
39686
75607
5690
3867
82825
63592
85235
59009
52310
62826
75984
85088
55830
56653
99253
36602
62347
10275
47696
46006
2014
97784
63209
10002
82383
46023
13253
39311
1256
3542
7005
25362
85400
34661
53750
20969
61576
84873
55724
63077
39622
32142
2486
84584
12453
51078
48085
55003
1275
24572
67515
9849
66712
50880
2874
93668
89815
18340
90224
86423
44206
38289
16806
18616
14665
43309
65063
27842
92352
26812
30548
39170
51628
15137
51186
24530
92909
84293
66743
13393
72383
36802
80381
94783
86746
80980
80470
57318
41245
72584
35347
41074
50314
53368
40353
90087
49441
99407
35204
9434
58900
29707
30553
78432
32382
84308
23692
40101
44470
60127
53337
96540
50917
59891
3484
58949
8914
22238
80342
39890
32094
78389
44548
24712
67499
80901
5084
25339
49591
91377
35748
62824
43918
47430
6633
91042
61402
31953
8732
98510
99119
69522
40520
77434
71205
77628
76145
39411
68079
18642
4751
17891
8316
12985
17216
91751
29720
19454
22274
48121
23204
77394
87982
3453
40020
26793
74082
74868
29570
84510
98576
32524
86012
85209
60317
64125
14352
8451
70179
46968
47
62376
69546
62979
66305
79249
87593
23203
22963
91430
46998
24548
97079
78264
9421
59561
60765
21074
21932
93590
41363
91743
86977
19667
13684
83025
56800
3304
20250
99737
97827
63527
7489
60828
46734
52905
45421
14770
81900
98160
35223
25082
38890
77585
1641
26204
69568
32765
18854
16481
30384
55017
39227
1043
27271
46147
39196
90893
54596
61464
77763
88454
2149
47642
41093
19398
45194
65708
91103
73396
90123
59372
57629
10285
50668
49056
4930
25564
31028
34333
95276
78844
362
76283
42228
39592
67865
19815
30608
87352
8583
97774
9614
48462
72366
43249
8405
36512
35598
7985
57764
46154
43721
177
73423
77398
69821
57653
69613
93281
49523
95456
28000
66258
55199
43018
26967
36062
56302
91518
60920
79987
21454
7155
28947
69450
33956
10866
91141
19617
2490
3485
27924
22747
57328
63147
60336
5628
47263
96130
9711
12782
17576
84344
66824
88847
16670
27595
5392
70245
93905
56080
35023
26242
82071
92057
43844
28100
81246
22804
6806
51807
40345
65060
4598
57005
22872
31860
28210
82960
53346
57965
85585
79527
542
86482
99808
53123
98420
14165
27857
1906
16936
43443
89747
4145
59825
61808
68571
15363
85039
49921
50730
62143
33307
41342
17431
81643
71814
42428
84140
98060
54804
58462
56672
82790
4857
19256
87694
51750
21738
7061
1116
75157
3211
52323
96754
35044
84197
36466
65547
80276
25000
78179
62743
65110
38773
26891
78633
34235
61473
46386
68083
66861
8922
75966
27793
76304
91229
36082
53776
18939
87482
15910
96966
89607
48690
40677
26691
41682
55236
27947
71683
28928
98933
17771
29728
53607
60491
54467
76475
5613
79597
45183
80982
66533
86834
94441
95056
26858
77106
59428
25325
84665
27427
44874
96514
48607
62118
30507
53558
74284
61048
13945
31639
26881
25953
60397
6375
82890
40686
31565
90910
59911
56052
59490
13363
79922
44640
41121
51771
10419
71500
64871
41446
60388
17950
70270
47039
83649
14851
9463
26752
44471
62919
11153
14785
64852
91821
50330
22466
28083
26140
29467
64285
25468
13932
50843
21365
45520
33531
24857
8462
54800
5728
85171
36591
81399
98167
43167
9116
46021
55382
68994
8327
61443
15996
64870
2637
64877
1127
38074
55864
77558
99977
38446
4927
47966
86499
62355
78165
37852
95267
74389
43252
48934
18555
68638
7852
84297
34395
56486
49646
85989
73818
74289
92794
94643
6444
4545
82351
95031
46816
23729
732
80229
68832
98908
95242
28554
98738
49773
21399
19057
38361
76337
51355
15322
16968
27238
73129
65587
83685
22176
94719
58348
35473
6564
45675
24901
19470
46749
94529
90003
31084
51702
97720
94578
7962
69870
59625
59027
85326
16303
82597
71007
80718
39371
17803
97627
21561
76102
12369
91103
85930
60195
90825
80491
81580
88213
34369
29447
85275
40447
34706
65388
83449
60994
76023
45411
53384
99411
28759
96853
38731
61505
11652
30470
27760
87283
61429
63914
70839
75321
87340
93837
27719
67822
50487
17243
83473
47261
22825
64089
58437
75702
63679
29161
17333
93024
77966
15572
89228
1453
88392
7905
26418
77948
20160
14596
76502
51384
48497
39800
43022
71242
83749
9304
90303
28782
70143
43876
9404
93539
23591
57425
97086
37092
5942
56714
34983
70508
92419
88110
39591
83795
29784
48133
75408
36573
27104
62168
84769
45757
30442
32163
20116
55094
59536
25644
21287
99937
72976
92978
58495
75699
5133
56884
80699
33205
86532
86336
50771
65012
59798
14982
49155
64871
90975
74727
86480
35722
41638
41375
48340
90522
90323
70987
75807
8180
3337
13912
4997
88967
16209
33574
75286
42509
99258
37305
60480
13299
91227
83245
87369
4441
22379
9743
20884
60339
56677
42584
7307
66643
5536
85004
94935
41697
16110
23837
62302
30625
48837
49371
41867
13301
26877
8210
10976
78565
38392
53213
79241
8651
8730
6140
54803
19620
86976
95370
12417
17322
8048
32462
58050
6056
12984
85112
48354
90888
71124
16702
35109
41862
2682
89943
93838
29402
68133
63055
59041
88778
83299
5211
72077
64561
71192
11642
72339
79857
6019
2297
50183
35626
7431
1894
38633
20247
39542
13689
59160
42299
59971
66194
54095
96396
81632
84213
54798
70198
9961
94216
10707
17048
8795
50480
77733
28530
15788
41519
45147
16000
42224
9782
49214
81804
36564
64904
69304
71853
25774
89321
56619
25764
62172
88191
62364
19330
44940
93786
14046
1227
66247
90883
25354
49750
95576
23320
63216
64773
7059
76506
69423
96061
31354
15775
3410
12377
72558
65850
29488
68604
86878
88382
43401
39307
31579
86142
44272
44937
90472
2624
63878
98964
83046
53960
87949
62108
37571
24745
87739
60028
14535
66293
75563
91316
74448
79712
33305
42744
55456
78718
48157
47299
97447
86479
27711
38778
42613
7894
8744
99745
78021
46272
51693
71816
56801
53763
62385
90040
92111
24800
14337
78337
64466
87747
39178
12690
10756
45453
43610
64536
43002
46435
27611
11453
66292
62983
25825
88196
25073
28462
967
46084
32862
85283
18887
1696
46439
69397
16458
63647
43431
74661
96237
62376
95521
9041
69338
57049
53049
13424
20100
75646
61536
29889
99511
32506
30704
41306
88613
16767
76729
66908
55022
71047
77914
10731
18
42941
19727
26294
22233
67564
19419
40137
68104
19944
58617
68517
39425
4910
70007
43497
28206
11222
94045
38081
55426
44024
96021
86712
94835
28032
8142
40734
92295
37365
75337
20560
87420
91869
17547
76582
36778
15822
83331
54291
41384
31857
42151
60069
55371
2638
77319
60455
69835
18642
49019
35166
16171
72107
23841
87998
1487
17560
85607
74301
5873
95233
77264
10692
1317
26318
37789
47346
63481
34362
36914
81783
18049
11977
10653
83061
49942
31870
75472
13891
641
55183
16231
16079
33178
27779
37769
60105
61327
28310
52336
71051
82227
36427
73725
21538
16488
61988
59158
59655
40407
14243
14901
8912
3525
25889
60788
34045
59546
79939
66295
37115
2186
71436
43108
37686
11707
40806
54344
12932
30410
54913
68343
80043
6933
83292
53238
62149
81016
62825
41751
35874
21651
56977
30034
6478
12207
49092
21187
56347
99717
81794
19154
71298
66643
90706
94558
50655
13400
54396
82095
38840
54827
25369
53886
27977
76931
45931
60806
58610
8357
55729
27416
88378
82641
56691
56806
10047
72631
1148
39756
20145
85904
34853
69929
10566
69823
9679
66236
11720
73699
56203
27799
29599
37800
24737
98056
74756
25261
78472
58445
68627
89632
25577
18327
10621
91770
18719
14389
28331
9103
23982
5347
67586
46122
32236
77457
53450
14485
40591
97538
6409
20329
54057
84656
21791
28091
92225
68380
97202
94622
58145
17841
67032
41594
98382
35386
88917
88547
729
59590
22461
85726
98280
11474
71777
58550
96126
76861
79436
84654
7925
38732
72714
95926
97031
77561
86270
34255
39010
13954
64416
84200
41796
42784
99698
99833
99686
71999
31554
87870
70962
16486
40106
29855
58381
83603
83020
2193
33279
54097
69492
64249
10331
8314
97593
32920
43736
53419
49540
81525
71470
43628
96872
30242
49785
88648
81348
6784
34261
22487
44939
12367
65244
82347
51733
90571
35581
81208
98470
30991
90346
82348
27376
45914
24555
17112
56231
62848
19742
33055
70721
21203
48936
27039
47583
12946
44188
60977
75714
79590
60165
4485
45862
75636
95560
22075
66577
65277
78344
72263
42741
18130
69284
71204
80739
22179
64341
51061
80899
67945
42680
58043
34926
9240
30573
59696
62702
24548
4595
3567
98389
50249
82041
99371
42854
54089
11765
85427
65018
46112
83725
94905
2007
25873
89450
93288
8181
21978
11972
6643
19684
29390
13136
77626
22110
43938
39494
46926
64545
11912
96868
5102
34063
94108
90442
50003
81707
81746
33023
12182
72764
57044
27212
90095
62653
95726
51105
75950
25525
94476
23405
15556
43483
25921
14562
3555
76648
25576
22101
51477
80034
89472
77911
89123
46501
57097
4041
90184
72338
9162
31367
89040
78392
81856
3217
6455
26621
80743
63510
74801
3870
16142
11496
69840
26718
34067
72599
74192
18670
2354
4824
98508
67204
84142
92278
55636
44102
19715
60660
68484
49124
45341
77374
11142
93871
55993
81801
8289
97939
65243
69389
88264
50556
59336
14135
73104
31257
20071
34471
49413
59296
82570
91042
96163
76056
89041
48590
69952
51092
99738
76659
47119
74258
27629
27481
79206
22716
7788
73867
79582
96135
71170
72972
35319
9095
64869
42929
88718
26153
61314
51592
22502
27341
88020
33178
25980
69471
33980
54809
77321
30935
99525
60293
63744
12092
22579
18734
57762
73513
89262
5425
86333
73621
3775
8275
20535
60158
99098
52989
72236
27197
26920
96990
79026
78859
68348
84138
60784
81220
45969
33176
7677
56528
29409
7533
29833
72062
14463
8360
64322
21802
94958
67586
65567
70162
61691
44580
8844
24375
89069
58855
65844
89982
28597
74865
29042
14632
64534
24680
58221
14128
44054
23757
34526
11348
78501
45175
84248
70471
83633
83600
62125
61711
81236
39869
22186
21990
71089
49385
31482
15287
96995
68512
52584
75955
15945
16673
62968
84552
34625
70582
46426
42965
16555
6471
18422
47740
20107
19492
66481
47597
9822
65328
39889
17633
94180
90780
61984
90449
74949
28688
80090
24606
64342
33693
97371
41442
20446
26327
1215
54923
88780
71933
10022
35849
44403
49123
95058
91000
5115
57215
89643
25480
74344
34088
18044
40831
59588
50035
50439
38698
96232
13199
73486
43708
38149
90613
34760
24061
58117
29103
59863
26577
39667
3576
19086
37567
2741
48953
42996
15811
84585
28665
78350
29513
74465
46013
85436
32137
39113
86333
41423
31171
18727
13827
88436
11666
77406
69086
92483
62689
96993
97938
59776
21922
55663
80048
98105
2711
71407
56556
78374
18236
44960
82287
71095
72843
87610
21438
2327
21451
57680
91759
46687
65657
99002
9979
15448
66946
86944
77886
94102
3423
37479
75825
66076
3740
50601
76551
89400
11787
63342
32581
38475
46021
77558
12349
49451
72913
55495
3763
60962
84911
57364
70038
87735
56046
90184
97418
17948
58335
97198
69316
4122
12127
32519
13319
65854
47675
40693
42314
40468
51026
52962
4008
18243
29253
5416
55971
34002
14048
31641
45263
44110
15768
28517
38544
44685
37444
29637
9930
38145
56258
8738
75056
7033
58676
47398
29521
19392
80396
5659
70436
43629
67565
86387
41734
27321
75529
84858
70606
95407
29170
16528
40634
73602
14979
29001
7099
24134
17699
6463
83279
61009
20917
45740
21763
1836
96970
91395
41898
37764
75707
19661
44805
57289
2081
81566
50549
11052
82333
2047
98166
23976
33806
20831
63846
78252
83481
55687
14108
85104
75040
8185
94496
97787
45645
96415
15030
59061
95858
160
31924
1285
36766
41321
52611
45456
15925
34437
5982
88866
74582
48148
87711
90816
67984
83799
64512
67348
41029
64531
7644
13022
73207
50993
73493
26757
44399
7217
17158
43129
45780
26713
45034
18662
26608
14763
18613
93869
96642
59635
21276
10083
85730
94956
39979
16137
68015
8404
75714
96301
11668
56134
73294
96741
1123
60971
14665
25506
4296
46084
16858
18450
90365
86431
59124
19539
61141
13461
46835
16549
42407
1432
95541
64426
585
93559
79560
53144
87973
95063
62567
40007
98930
57291
73876
14978
56915
17713
8872
66377
46617
8115
70539
87443
80829
65142
60374
51486
34398
40207
73306
66005
71651
42981
60439
14018
62314
2065
53989
18532
1576
72133
52040
65426
72161
45848
99497
3267
50681
42352
41627
14616
67162
33761
4360
20843
6949
44322
5170
30089
61474
30267
83460
82276
23356
4749
38027
41366
79244
64284
86906
51725
50974
2613
90509
7188
24564
63412
88941
97120
54077
58054
47941
66394
41629
70556
1553
42433
72429
72028
13469
4983
96468
43266
64804
51469
49791
74908
37893
80670
69982
25142
2887
3889
6732
19715
25082
42689
25656
83451
67838
44562
51692
84306
53978
72152
64368
64509
73389
73626
33261
3154
22052
1723
2271
36447
55321
28229
99439
33293
933
21725
10993
16592
90848
53237
73530
52251
480
78448
82008
32587
16822
7274
2553
49050
17165
56174
73334
22554
82766
12626
35139
55170
42109
27538
99742
90721
50403
57899
6769
54594
94480
70103
94946
51737
26143
45199
64232
54399
45909
55277
54321
86178
61505
73087
51510
39197
45689
5751
88524
68817
99896
26011
61818
75768
70781
25066
65408
44648
83127
12005
42221
77878
57074
38168
37980
62853
82110
10384
75075
95684
87599
67464
83678
65408
38221
79949
87599
69702
82441
26365
16772
37870
25637
27964
3835
80945
84219
93819
2960
7077
52346
89542
89509
19204
35243
86985
37736
60884
42937
85235
45289
74720
44271
88020
11531
5336
85993
32821
32406
65496
30214
95000
77964
57810
41871
80997
46713
60625
34493
85304
33763
63347
23376
16168
44249
79044
25160
10813
53470
82896
56992
93506
72247
93633
25412
25855
59703
10745
8168
23933
54740
6863
30246
50140
31710
57496
96906
82170
81751
35151
80007
62499
81154
88214
98807
95669
48804
99091
89566
45872
18012
57687
53887
9633
28823
89565
88018
77776
30502
78286
76700
91958
98523
14404
35527
66216
15493
85830
81358
6391
99179
26088
57597
97859
9391
78311
29135
37622
52660
59715
13510
51378
53853
28697
89659
82885
76395
585
75077
9309
90703
5059
26607
9684
34880
66193
83113
97834
52547
48184
46427
54647
63789
93630
21819
67633
30836
79328
84517
64781
89556
27629
55557
48946
97669
33478
19200
93361
95536
77798
37659
9556
972
97989
88203
29821
73955
69446
16561
65743
50973
99161
36282
25222
89170
8857
82689
41623
20010
9043
38842
70683
28153
9378
94791
46292
79580
9536
92559
60961
97776
74644
83665
73010
59404
85957
5305
769
19044
46983
98908
49820
48807
16132
41513
92192
25214
47291
19588
5084
42802
12152
74589
81631
50523
57287
94248
26211
10038
62037
52926
76600
55580
36369
56869
12735
90445
60268
65581
85186
15170
49331
82622
48389
59245
44181
56633
47846
73371
33116
39119
41320
9180
13635
81477
18341
2539
60497
22984
95568
8613
79480
57760
98913
22709
67680
26779
93755
37928
69716
84880
6836
72981
73711
50217
95635
37649
75115
74122
10627
67453
20769
79409
21651
75153
77116
64890
95468
16306
54322
94109
390
45840
94680
19632
90870
24644
98114
39259
73731
96215
72646
41650
53192
59988
98187
48556
50
58308
84094
51775
55171
43056
12259
31086
28786
21273
96658
87426
96688
5447
12392
39562
75893
52760
35756
33622
79350
22162
93713
48404
61285
97109
34733
74642
55634
81056
45100
84378
52583
31219
39733
40411
88737
28078
77565
93029
64741
80868
19639
74958
48489
65328
15822
45352
3538
71550
60852
59443
98915
6562
7267
84450
8533
10330
2453
84057
41172
11155
59144
44271
41222
43547
13230
52487
85071
92824
32316
46084
93745
79877
9907
91041
78341
34588
15170
62157
93838
70580
28324
30272
2422
81163
1879
13006
41735
5737
91557
61235
58215
10440
83697
69694
39267
92136
7634
73664
38390
63286
16517
1270
53822
8326
95221
21630
93496
6385
8384
23304
70501
44474
29334
43555
74374
13979
88099
4188
35925
53029
36646
79857
10590
59492
83727
78361
54865
31134
19300
14026
8516
84073
23853
71506
73776
50663
91843
72081
8166
34413
90122
38233
20107
77372
33607
52646
25417
42534
33090
83067
14962
57315
84763
33546
63491
89353
31519
8670
54785
6999
5212
91762
74094
3300
25609
27446
27269
70590
78970
6589
81474
23410
51041
91117
96619
64950
20277
5481
60611
78004
65323
60427
32423
86497
43517
66955
71400
33999
90543
48248
8273
7932
30820
2715
10978
5819
2627
96588
75398
17693
23361
88276
67902
98234
5858
88004
24793
38012
95266
47202
90104
46090
76528
8582
53720
40119
96343
47085
17902
46538
41660
34745
46519
29192
25899
51702
58517
8816
98280
3685
55820
14164
51554
18380
71549
30448
71028
44252
94666
59553
40364
66461
72415
85380
13813
98447
47656
13570
93245
18521
6124
92557
47905
58853
599
68814
30739
22752
98522
15385
85311
49253
26458
25770
86944
68571
10453
92129
16354
68197
3070
50697
42909
49641
50085
37822
20090
66423
81915
87826
28290
59293
53956
94628
35503
27881
17624
73277
6269
48645
49799
37653
59277
38611
96567
23203
88168
85369
22001
7296
81612
66844
77346
99571
1894
55822
75683
20563
42260
34229
35483
2298
85636
96490
93751
14579
5547
22210
24192
13646
24968
91413
15068
3233
93165
94909
84096
18313
4956
90860
19262
67225
71928
48958
25820
37997
83026
45404
64353
35995
99384
68587
21793
54512
73522
3439
34877
4172
67827
27360
28754
19634
65386
73950
24536
70729
94488
15670
59979
18287
11448
44731
41208
9437
95932
78442
64246
38609
85239
35450
1201
20663
42596
45024
46899
32438
81864
99104
17322
47555
53773
44532
58855
21894
53235
24158
60885
37008
77619
7267
38644
90245
78219
30876
11492
51241
69402
46125
10192
2967
16790
8296
51731
76970
63182
35151
41413
5026
58814
47290
1386
57833
46216
79801
59795
68528
74431
28576
28329
58021
34352
72763
26289
10175
53770
64383
37714
21242
671
58518
92174
61618
34475
28145
87897
50480
14364
61038
66196
88719
37646
99651
92794
19529
81652
83201
18876
7419
54186
1613
84390
10236
10668
87010
74078
90060
92663
41585
39046
93254
9695
83670
93588
7531
99095
15826
80668
84548
93279
95699
3890
94657
70309
25694
17451
86169
2640
30468
47592
91321
69371
95394
38040
98968
57929
44450
99967
79603
62586
63012
28482
75006
35413
28000
16424
71822
75429
74119
84276
89359
70486
3817
32720
57407
54892
75748
4180
77192
54053
89609
80426
84211
61121
13566
95942
86594
3784
50241
4632
34915
35663
15028
12715
77831
76198
46161
21219
39912
37099
86186
21604
65901
49960
57471
19647
34590
98100
39858
93459
53195
38525
19283
75470
42405
61460
82713
7452
58874
83745
67955
95948
48083
52248
29143
80891
35974
43153
69061
74443
24290
79502
31093
91632
70464
91939
17198
70329
83494
74502
57450
49391
80352
61433
59472
87365
43033
11708
36596
53035
11950
96962
66346
53272
56713
80509
33058
58615
44803
21541
59181
25031
38722
48837
47050
39596
95745
84665
28822
83907
3595
12331
33141
1688
43830
89126
36720
38659
44868
44977
42284
36420
3687
62478
31277
99688
89061
82324
79691
52215
27987
99815
79395
40887
37096
2598
86544
27322
26205
14483
34741
85666
97328
26181
64487
20478
16744
15590
64655
81775
51549
16139
53456
90067
665
49919
15811
69468
89501
45581
38594
74062
53550
78653
47733
96366
32488
79826
11207
72477
22496
1400
14088
94447
85968
91381
52463
17245
41555
33054
66426
7413
69583
81921
23150
32296
47285
92092
5775
19049
99503
95159
11556
46853
75773
4918
96466
98174
91351
5117
10029
86145
92734
29896
71750
66411
85941
40915
70336
95642
14821
7434
58836
40990
98752
83515
5521
19916
24396
29044
66809
91235
97094
16540
51843
31369
6015
82355
26207
62389
47396
16092
39613
25905
3875
50016
93970
40031
16534
55082
20119
99248
68773
93854
81660
41997
17292
93210
49223
17680
91837
11835
28523
85805
60269
21392
72927
76614
68897
96166
80019
77193
49909
43134
73766
3373
851
78947
29280
77755
66858
72430
24580
68356
10212
1876
4024
58499
39226
13547
37426
12684
49414
5766
17697
7094
81893
81017
94964
29817
9713
38136
30167
14136
13528
90709
74051
86657
83256
40613
40238
16709
80643
78782
54210
14172
61878
29639
84507
90628
68839
46245
5239
6059
10805
11588
25798
60896
12793
59822
94826
44645
44108
96712
50499
70045
44636
40995
83640
70250
23482
25107
69803
26322
39533
41712
22768
82581
25015
45202
43323
40527
65738
81770
96648
46114
43857
44612
72066
93549
90157
69005
35616
41239
482
98726
20050
66901
12834
81841
32521
7444
43440
99687
79939
68139
46643
91305
71397
93672
1669
31939
76725
18795
1596
45107
79591
63125
99307
6977
87757
41233
65113
13621
33804
18467
29438
71992
12290
29536
61062
94940
30692
10719
9759
94089
71595
89748
84260
52620
10017
90787
39455
57792
87257
42980
52255
97849
92146
26077
35828
46863
2254
29048
42788
59859
64517
1492
43435
14406
93149
47136
55711
63430
66588
55557
6551
6849
74121
63944
48132
73757
89083
62446
70010
46741
88867
18530
8841
80196
57912
12936
63296
97150
14668
31741
26478
14216
92752
55315
67980
80891
21641
95362
24268
80623
11264
34414
15528
19030
18161
22221
83576
6929
26683
17008
93441
27354
13061
29782
77177
35001
85813
33071
66682
25104
31171
28955
24633
85223
35118
35603
18797
39777
24902
90115
76565
27913
22676
13871
6922
30528
56980
80152
63843
31634
44124
97364
99877
66367
44689
27317
97763
11399
33211
33036
7586
73598
3939
88630
52440
65954
74914
53036
45480
62096
10788
85006
12626
9261
18792
261
16454
24939
61406
6086
42677
7059
99886
80147
52588
26699
55597
11711
21462
51130
17752
98996
82266
47929
59325
67048
7826
14203
60268
86117
89076
52623
87031
60730
4821
21284
68553
51014
30448
81162
96274
34268
26311
44725
83285
76482
2344
46087
56966
22086
74666
36337
92822
2797
41825
47771
68873
7507
87163
58848
62591
66682
11540
66356
77839
17410
85958
88993
67250
54614
21482
71897
99242
68864
72683
79734
82170
9436
41542
85153
49811
86315
58552
3636
13990
29330
40744
92558
41623
24773
4492
17148
1082
46408
69993
1882
62657
84029
67548
70021
3304
21757
63156
28964
79431
68634
30427
2942
44079
45825
24946
43185
40355
50025
70440
57388
54924
93936
46353
96343
35168
21534
15846
65066
21589
79692
45857
19032
33797
87818
23389
51108
12270
67489
48070
62547
10382
2820
42602
40131
31973
51481
53921
19267
66387
79409
60900
39826
44882
40453
45620
7666
85651
8066
93217
16178
5313
21049
74037
38288
75889
24402
67055
8129
88549
95155
14094
25558
77295
4921
45057
35024
59108
91586
42167
68379
76524
60599
65222
61630
1552
12148
81915
23004
34988
46198
50852
22866
86963
34887
46914
83315
90853
47040
67698
99001
20373
72941
50671
40566
60646
47688
85369
380
29251
70006
99698
53596
57436
86362
63011
93644
48342
39951
515
22457
37165
34366
57306
74571
7670
3260
19760
61812
8444
27910
71753
53960
13654
95477
30301
54205
58816
30313
98996
41394
27551
31293
74604
95359
56627
88999
52858
72805
53557
98993
6037
37961
63398
88254
23348
29078
60180
91193
31503
56839
58290
66212
1292
34337
68064
