92872
74061
30788
95635
11502
9565
59025
33040
60666
1493
51902
45063
51060
72679
74591
67780
25297
95125
31330
33924
67056
14916
20767
85045
41925
1381
56640
97415
34259
55448
24302
66035
49825
36998
70115
18385
72239
85592
37834
43574
63771
38346
50450
21273
77749
11751
44702
42956
26793
97701
210
3814
12494
48742
36434
81094
75617
17161
90281
28472
88181
99038
16081
23648
17877
38535
73714
45196
64310
49582
86069
34284
9267
7221
1440
20739
96210
93892
73
63473
77017
99556
28252
73565
1073
68652
78038
68111
59531
5894
48959
45498
46619
98899
29274
17495
22993
52230
73592
85572
3636
28285
21145
98296
52927
43689
25585
8483
55165
28597
22622
29471
87921
65475
12409
16818
96463
10081
9133
41226
85525
95854
56606
90879
95998
29050
33965
34282
45325
436
1070
31033
90938
73578
6082
75435
5278
44156
77154
40822
87450
38318
46106
73057
84368
2843
68500
80535
62028
84512
78655
20373
40272
35431
1249
23514
21139
82432
659
14166
82725
49045
38214
70918
52766
70350
24842
82957
76158
80981
33423
17807
68278
84676
69781
7497
27419
11228
34649
41405
27811
8577
89467
81155
10523
26588
4118
23710
43513
41054
3055
5100
55810
16734
60237
92371
34509
70421
9225
50125
70255
41958
87748
55324
22996
21891
58765
82882
75252
30096
16176
22974
96765
19952
95647
3729
10019
7922
98506
82171
80205
92155
33052
10231
22629
52294
45538
14421
21106
81573
71350
31841
5536
90881
67356
96079
86430
73302
61741
72464
17202
46965
62337
10969
37335
13174
49306
82643
37059
59604
78321
44461
51135
36050
89748
62980
13077
31994
84637
75944
49795
74194
97751
55345
25348
15487
68733
6347
3996
61957
25571
49360
81319
74002
76760
59667
89072
12869
67992
7203
26705
91036
83541
25891
5791
10382
58688
22710
66151
86368
3923
54660
15989
54193
49353
95501
19367
18180
85352
91385
16671
58795
24596
42260
58374
59608
1787
21844
92766
85814
39647
58690
36595
51005
7695
84657
15891
3121
8526
52746
56712
59166
50207
35352
20625
51704
83718
29454
46080
22159
91997
82222
79732
69521
51165
53177
6568
96823
93975
44631
53494
485
24610
688
36126
80719
93197
16602
44023
49840
92761
3906
37048
32122
64457
79887
78162
95036
58833
92135
85367
71267
29807
34232
33113
74206
13641
10496
46380
7114
17065
33697
37141
52035
94460
28462
14567
1620
80252
59968
54691
58457
69511
90006
99692
81883
80600
5527
48753
14373
75172
47903
55878
69516
49119
19738
57111
98545
27154
29611
47247
78104
44563
7904
57372
49670
45773
54908
14607
4868
13248
91782
54484
50112
8234
2942
68869
51758
2246
76634
88695
85893
73169
4227
22784
78115
17380
92317
62100
15244
36770
79174
61587
28018
87522
8987
84400
76024
68667
27706
52711
41261
39890
76433
11136
70258
43846
61791
48107
91676
53212
23852
95772
10123
463
69828
12546
57632
73158
15626
96557
61758
87752
13514
72226
47032
43095
27133
32993
25448
12947
42995
70712
47620
74111
43457
33833
85885
98451
74658
22673
55033
42048
49714
8661
6005
84375
94986
44481
14276
55442
31656
78394
45645
66691
78825
28051
68603
38034
3677
4946
3919
54538
38258
70035
66683
29995
28736
3004
99841
29992
60884
98307
88638
75942
75544
99003
88456
52619
9050
24845
15362
43959
21061
18353
81448
6856
41900
24055
77802
59882
72002
51809
14358
85010
48242
97416
14204
64933
28490
64176
60909
43510
8056
77528
71987
57315
3571
27471
56619
46265
83954
22500
1537
10959
59381
7665
49062
80211
86374
13162
66259
85117
68631
66077
15935
65355
39590
23182
46181
76450
10938
22155
40458
48095
4234
99594
19326
64735
30694
51927
68920
53944
83857
80101
93902
61602
15230
35460
42749
72122
28451
16736
97201
79696
59543
74517
79875
56813
95564
88255
53676
51620
77654
15940
67973
52179
50315
37581
21686
3229
68892
87816
8199
9305
31428
34756
83717
22676
45374
44359
43065
63347
85427
35562
85135
72264
47741
12702
26457
34723
33190
12704
82061
17740
50275
58490
86057
10249
82403
24837
5513
90542
79626
11629
54584
99427
83168
6172
62584
51145
60628
83895
28388
15674
10775
11664
35235
71381
72924
71736
29072
32988
33442
9002
48909
9758
47
26190
51345
85496
11002
25546
76548
39845
28551
59972
22327
38690
99756
33383
78733
25329
69094
72288
92538
38906
28894
51137
80974
81464
86162
17625
64576
35187
77102
29189
92583
695
83829
99694
63867
21919
48216
99559
41264
28806
45576
21278
91876
60531
59855
59439
24832
5968
39470
70967
99447
56166
91333
61496
48392
66286
68216
37353
46981
32813
4056
66887
52803
38596
93910
74179
77310
60326
5628
33736
62596
6697
82148
28708
87704
86414
44727
7838
59829
12341
25036
61403
8678
40336
61314
1858
79513
42089
31148
1127
54201
31803
48342
60586
35024
87164
5609
21535
81565
32941
70809
3368
93151
27902
99464
27379
66445
40652
76210
82940
14853
88018
41337
2114
31367
39878
37584
20594
4604
7848
59692
37814
38090
41655
65695
62243
1239
37629
68309
98070
64084
15610
19503
93649
70392
84129
89701
25564
10548
83908
20187
70661
39443
25136
15160
32674
11895
19823
83635
1113
39291
86364
98207
55286
61265
68067
91670
95280
32127
80680
66506
38242
45474
54310
44280
27879
74262
8179
67922
66936
26929
51657
67291
23020
10716
20121
36085
59221
37891
7018
44637
32697
30715
65765
64477
48881
59970
23973
2213
44302
57018
83457
14005
92295
41472
91581
93430
95117
52160
98369
42532
55600
49393
73574
54609
26227
71998
67129
19196
65618
19074
11804
78094
20210
42510
92363
95092
91344
96995
58081
15774
27558
97130
54938
67628
84274
93421
2639
64571
81384
18442
76720
53033
26680
68508
43489
98285
29882
89752
49103
34843
73422
21681
70007
27945
87982
80337
2788
4913
63280
67321
62131
90869
1368
85274
23951
48980
68568
23710
67195
77189
73526
6039
91267
20776
15992
2570
70772
18869
24380
58835
83451
34895
12101
33203
42547
49857
78909
31290
54233
74721
43180
14043
62392
29102
633
14850
99649
24846
24344
18726
14238
43170
46105
84110
1502
91183
99746
48462
15486
22023
81560
94061
4144
21150
83053
50996
22462
29330
56587
48333
14604
10458
53577
61198
7701
18572
64075
48508
36124
85232
25305
30612
98696
10120
9912
46252
55386
57587
4947
94087
38230
44271
16656
87565
51969
65808
61458
54662
94575
16622
38467
18695
97392
4786
44828
9337
45526
53428
62469
37705
62604
27834
63880
62196
68050
67285
2691
11073
67960
38460
11709
4059
50268
29014
6959
91686
87718
68816
77882
50012
40856
28940
32028
93097
97481
8294
79214
75626
77391
11073
95209
4076
34252
73870
63956
33919
96955
56024
10939
29395
92
47194
62046
12489
30971
96727
78763
84395
92363
28612
47956
47836
29009
55559
31962
38427
25924
64148
92598
44655
21558
34899
47060
56445
90896
60254
12808
87319
61435
94146
43352
29656
44310
14965
87319
24808
76486
81512
15272
52406
47278
64112
46437
18634
64785
2152
68621
42978
73502
83885
11632
20517
34463
69629
77019
17868
41454
91741
96995
66199
56469
83051
49928
38347
98424
55804
83230
61382
21283
98122
75456
71476
21557
97675
88286
69348
40323
98645
36539
41424
30534
85154
48618
50818
14576
20665
22927
26862
34277
85646
99296
57019
63820
26895
94767
73784
22386
80300
52430
64495
21352
44063
50234
2017
40935
88195
53253
31081
70963
1439
147
36254
95858
38582
25375
78700
81047
64842
36472
59394
8213
56043
55664
29372
23285
83497
13985
10591
33980
85245
66923
22895
74593
80058
28532
97717
8480
76327
16114
26053
30024
8966
54312
74064
39232
95610
31555
32221
48274
24097
87964
2946
60593
40085
53365
52167
17434
57458
74815
90794
77247
92982
13079
17938
97406
26871
43863
21557
70370
75240
49952
76426
72374
76459
19989
30201
26624
82751
54635
67776
55064
45714
58262
14935
57223
90279
28692
80641
86113
13179
1944
79762
22718
84653
15387
27652
64770
62341
21893
35222
77541
33987
53492
79343
45692
82297
56503
41640
14866
54396
78791
90557
69541
31350
35043
17211
42605
38174
66294
46554
4435
797
4553
4234
12928
28815
96749
83180
12994
67236
79034
4537
83056
70176
6324
39818
79587
62862
94812
74416
45883
97326
46040
78054
85798
80329
84185
72913
4877
73145
23499
58080
57195
89434
30278
75332
61183
72310
13823
36540
83562
69290
36267
60613
95221
63926
81648
51314
9700
73404
77573
41023
68253
57060
27693
21357
90743
3386
35244
39799
91392
19419
77399
43697
4414
71068
19610
54046
23901
13346
11148
50126
224
26221
44699
68199
35382
21144
48843
28810
68513
85088
78704
98107
82478
17994
50949
91298
83291
55760
65742
93940
65489
83526
83933
61624
39911
66236
50542
61132
90739
79757
84612
8055
1916
18580
70736
25654
40213
34596
18968
27335
4925
92476
88938
37339
52161
26236
55970
44844
94879
34363
38686
83605
2593
44942
43417
89245
30557
82585
17681
1618
35169
28866
45212
32845
88553
70010
92077
38240
81090
91624
79324
78846
9930
72938
71486
506
67333
47059
23938
43532
67925
56736
78364
59634
89398
39914
37220
65251
88239
60425
68351
90897
950
77533
63778
8203
96331
14622
21444
57517
54682
1732
76769
26895
20916
73217
73512
70783
1636
31301
91172
75044
28685
41264
69409
45875
27115
28246
24219
49236
42348
17869
52750
4797
18071
39892
2746
11050
72882
32253
42622
82800
85349
50458
56467
52724
33457
37403
37786
46118
53618
48646
54343
16837
25191
2564
31880
68798
41436
824
94329
40409
69038
11811
32072
91490
63852
23736
67654
14913
12286
11505
97074
54798
68606
92584
39601
64313
19859
72125
51001
21799
43252
78375
44978
2911
9383
36398
24185
50826
93621
39655
31599
49127
23694
52577
37472
63313
55570
64289
55149
81538
83861
35513
45218
55655
76161
75090
21540
97750
29815
43205
27871
8317
13768
8627
33889
80995
14905
42503
34635
81520
11219
92779
28530
28917
29356
70185
95345
53894
41413
56207
98032
61742
57065
80674
27837
95524
56850
5886
59652
85908
53631
61687
93611
5849
96168
8481
82438
5584
53756
43614
97517
69342
66174
40277
84195
92772
75538
90173
47709
16576
13263
2062
97136
93870
63193
74287
19412
49856
75200
57379
94930
8117
54813
87175
6698
24671
10463
13971
45519
14035
79745
32919
96370
19504
8912
793
57635
18443
19235
72508
38922
98758
51357
81909
72762
75105
29931
45204
64046
61574
30021
21347
50294
63881
25463
75958
1564
86384
86277
74539
68530
97337
79757
24144
42972
80024
27679
52202
95921
32361
78597
58786
44111
41818
3511
52987
97290
21044
13930
87223
76982
130
47830
59851
30062
50201
56632
52057
88298
62475
44884
59440
57028
56444
53957
72805
84747
50921
82629
75141
19779
20522
13537
90810
81798
66012
29699
14615
85128
37247
64054
41227
66927
92770
36061
40745
25848
13754
16763
11777
56340
15389
13873
77817
85362
6610
47370
55944
71043
1169
73561
68810
80257
52925
67755
81736
99897
19490
89957
68064
8836
22767
12103
45130
461
76195
97880
75140
14904
53313
47309
99666
19918
33694
28763
7346
58270
90106
98912
82370
10261
17021
86910
54957
39625
96365
9947
11248
49885
28601
75391
4011
79990
18214
79888
13870
33209
95332
39817
19955
91625
22859
51705
58841
12947
52395
37677
85798
90226
93602
79728
21956
53540
77677
63267
41845
75565
58218
42298
30572
69298
38480
91131
86
29116
46880
84110
16528
47650
92570
21099
73756
41238
730
41649
59221
37443
53453
93954
18512
73353
43423
20183
86733
2041
3619
13938
48297
53302
8682
74206
10241
53868
6481
45796
21567
14910
90668
61993
34100
2018
36738
27594
95764
67034
45444
42503
60243
28839
16681
85000
33746
88757
31878
8271
77967
67965
14491
38409
76018
15730
48548
42549
13306
13693
24588
46825
1381
54390
38635
27263
19684
64905
42967
62302
11053
51759
26902
61081
32628
94026
9519
92464
26125
59361
44330
13749
4627
51776
2168
48720
58357
39670
10174
68178
15379
59046
39453
8836
31907
37962
40934
31372
7258
37017
79702
28017
51052
77855
99214
97417
71705
42097
45953
24690
10164
29017
65413
96181
62586
80052
92371
77813
45025
34876
48587
8564
5597
82410
34797
30896
79380
58641
38461
62225
11652
63823
11555
97214
35170
46521
33003
91521
36565
52976
59079
76695
59195
41631
94293
76858
7959
73579
3120
78602
26780
4796
78711
8793
7350
10843
6985
80664
81471
74156
85220
63299
87306
32608
24063
48935
77535
373
17151
36321
35505
58953
57016
98999
75509
70880
10113
79000
64910
8187
30653
17548
12653
59983
39579
73903
50713
30380
34568
30729
31889
47236
59574
25233
17015
81111
61576
58887
1983
76055
70581
88695
70432
72467
9470
74394
78830
78846
93591
72048
64806
31229
73456
54625
60637
18780
73824
21305
6486
23159
86046
98210
45084
2551
86648
11383
4517
4423
88454
15827
76654
56928
66895
30484
74808
83741
93931
61688
64718
86649
70347
81803
48635
79860
97687
73862
51976
73552
53406
52555
16548
8493
39428
36385
23624
93508
56850
8133
95848
38488
46195
42227
95986
32733
93005
20539
14882
46379
73054
77973
72973
79633
43514
64803
19959
28988
12805
95926
32794
89250
90890
76442
41052
95106
25064
88412
88066
30739
51673
33825
20651
6287
14693
39452
84170
15482
58444
91325
32930
16445
3281
25209
21604
62375
9755
27282
11054
18957
70482
79560
10516
58079
56850
91514
46170
35270
94991
89427
65669
64458
39653
67408
64613
70818
94292
83544
11427
86683
87017
62277
91365
49985
69195
99948
13
11296
49472
88057
13947
69768
23150
18313
80297
26915
12416
65938
48798
11519
34241
86148
43493
52419
52463
13574
28908
12149
77214
68076
8176
58868
99619
93875
45937
52374
76930
81368
95406
4802
64739
44925
45018
96728
65571
92423
97811
86001
51406
47533
84517
38889
34593
40195
47558
46682
25508
63063
80340
47798
55912
52327
9487
72369
3906
36401
67832
29489
32138
1373
57960
53619
77404
44829
2212
31334
87893
60833
98017
49513
7165
15151
32216
68480
72744
36196
11481
24183
52519
23901
13187
17787
55009
32988
56529
69792
86395
56220
43979
10900
24258
3679
16932
59595
30425
95452
94474
55977
8174
34595
40870
77753
6040
19447
5036
37485
60133
64516
71120
80238
4023
77822
19406
50979
73726
27138
47871
89089
8214
38449
60513
20827
83002
61849
18135
35603
71060
886
48872
95031
85734
41849
88491
46909
40360
3656
43987
39300
62398
31551
4306
67023
42760
15013
70805
99856
29911
20880
18446
99239
89489
97002
85583
62360
94802
13038
73149
728
26765
79884
21348
19338
51804
51225
80464
57086
80816
91126
29098
95879
93122
36829
94316
8534
99513
58264
90372
49151
12465
2661
1742
5714
84995
56736
80746
53258
43583
94537
9155
71461
95215
58780
25203
10317
43520
70410
89912
93389
42973
62230
14531
95073
46427
54104
79195
19380
63669
12408
16518
81970
71584
57070
5497
85719
98403
51114
91078
57874
30745
14814
61495
52873
30742
26071
25648
40418
62336
3838
42766
78226
17473
73063
74229
60677
18866
89614
75034
24242
43424
63250
62487
17235
47071
31490
54057
35663
70665
17067
39191
57387
19297
96604
98733
3703
66111
15736
13302
54765
5914
60960
56223
13074
35649
52072
29076
37170
1067
30931
60847
12555
40971
80480
91800
19200
46509
92866
91405
92920
59210
96867
51412
1125
64480
99013
39597
78515
56627
58232
20959
42703
61125
47494
30099
5474
36317
90630
43208
68445
49578
41164
74294
25602
39128
99547
62353
14753
86377
65733
75798
47048
78061
13759
35516
87019
9595
39638
80656
58572
21063
92064
37584
56202
48359
20837
65987
3502
36946
63213
3124
86850
25726
48594
92775
17915
78345
8607
78394
70446
31348
97318
7027
44114
84219
11809
26484
65841
54184
48265
78360
69769
15539
59455
42835
37784
96358
37798
3040
1137
39359
4418
16382
75546
53381
57864
20474
50304
80695
55157
60629
19240
49886
22927
27038
25640
33431
66912
73319
52705
81196
94238
9635
4829
38952
73743
93088
49035
7742
70871
1598
96922
75317
89472
97799
22182
25654
92314
59452
5957
47191
51587
16965
87015
51093
75238
75336
38210
17556
57979
1858
32379
48154
2826
93647
90353
28981
5171
35860
9156
94582
94690
31296
89778
5147
97496
82093
55039
28539
82558
38374
23070
88757
43334
21801
98101
10882
6102
17990
68118
18305
32445
86102
56618
85847
53095
50337
32815
48476
4935
94896
86666
15798
56299
41863
61424
89053
31799
4531
6994
96643
54578
9004
20589
76349
36591
65343
52993
68062
20137
41488
50795
8186
13393
85669
26862
82703
81937
86663
98959
70514
75326
23181
35385
48787
86065
16665
23820
29145
57482
48008
73
84502
41884
38586
66204
61463
88759
64007
44362
13471
8242
58222
22362
78855
97420
74862
62724
92953
69097
69423
76974
14981
37919
88330
69099
88859
73858
34349
22407
77819
76614
16663
67891
79964
51907
9809
86325
56060
6090
3925
79917
23909
9824
49685
99451
37597
89967
83580
58256
39088
37938
8343
49127
50871
59810
93336
21515
65339
54615
66565
84241
47654
57002
11289
79997
12077
80597
94162
98167
98047
27837
81752
73693
46323
96613
66735
24441
19704
49950
57515
72715
29439
74346
69810
45338
97551
11613
81239
43511
10438
8293
97104
25108
74742
54936
16541
81068
96541
20658
99065
68719
58359
20780
73316
60171
39491
89449
50503
17491
75853
48485
6539
72354
6548
49155
72979
16530
66251
71099
78308
33264
23048
67749
86663
77352
78284
92323
81435
54136
24235
80348
29474
49821
51448
8954
60642
2945
33111
39670
94498
43459
428
1025
59948
73663
79350
56979
60233
79516
65016
17993
24361
83994
54503
96923
50334
18080
42650
18832
74043
95151
82089
62756
23692
58788
51094
42429
85017
85989
46990
25296
34528
10433
51843
5489
17065
87787
18728
71282
57531
12008
18303
18726
78318
69001
92515
60099
94113
39418
64729
47760
6833
79663
36451
13936
72585
64276
74552
57926
6148
58018
96210
4062
49190
43892
83024
13993
39021
94608
28474
72610
71525
78442
54509
19665
38339
65135
2526
53400
89752
59819
19303
3636
52614
19210
40969
46775
10960
38038
12986
25835
88073
33499
58965
56555
40780
98698
91257
30858
52312
76907
63746
43145
53580
68361
58425
38983
23116
48418
65936
5324
14294
43343
39788
13626
92156
68672
80836
19201
78918
99284
62968
3186
69474
24883
54562
77298
77893
47111
90541
54996
92864
98006
57165
87964
41643
36038
26700
20810
37550
29759
76081
38586
62359
1521
83731
82962
77500
66290
18100
54796
10741
20512
9962
88520
25472
46824
96241
83070
41940
47911
54315
61864
61780
10225
93215
98409
51366
69144
22526
68158
317
39637
57684
732
51812
12728
95029
62426
63126
19818
16034
87995
87835
71424
86440
80585
11642
40917
62095
46458
95053
99071
76546
27156
95097
14876
93585
12400
25201
18986
49788
77888
64354
75157
26901
57906
97807
39617
49806
42059
14240
76902
72161
88674
45119
18143
54238
48904
9103
56019
29148
25937
26194
26381
85418
99752
38883
10629
97622
7735
23516
88978
57348
3375
40746
9753
98385
13732
87982
80437
99966
45
92940
39358
78269
64716
65875
52108
19222
46849
69772
14334
58339
22311
24848
24318
28947
77432
20022
80955
48890
49868
55562
22901
91305
17922
38206
68445
24251
81123
81114
13118
91925
84749
3287
71913
42490
89868
32455
94595
3258
97093
40988
30775
70344
60259
44638
32253
52749
87890
97848
8659
75448
3071
14532
78110
47781
48092
53042
21291
42886
37399
60545
75900
23311
65503
6274
80783
5756
28625
30879
13605
63036
15096
16969
31544
715
57064
10734
68643
28352
16255
77381
45214
56723
2081
37690
91102
3511
89620
87379
44767
36398
73801
77989
96311
3584
30987
89027
1107
54532
59313
91901
93481
33373
360
70982
96770
12227
55171
65049
79564
65584
57421
35183
57050
14093
38528
46710
42503
54162
51258
97452
66180
72094
90293
7146
28884
72219
83100
31831
27131
53556
65615
53556
82769
89525
35663
31607
5221
49391
49510
10422
87799
57265
95007
44674
55357
50166
90898
47481
95204
3871
96352
8561
81370
71941
58197
4230
52319
59057
14714
89430
60006
88168
92107
20139
15327
29206
62091
72116
84042
87817
31029
92016
91952
36186
9741
85205
20737
1957
2468
70074
97525
11991
7380
14858
84395
79280
64886
87724
77426
71955
45927
55993
29744
45903
64998
35583
94433
51893
34052
50273
98405
70239
48836
89398
91042
62651
46117
3766
34558
2158
21249
4370
71682
78332
80831
19512
20740
40040
35419
46892
93464
44790
89686
78209
99547
52042
19717
1112
77820
88878
17579
86923
89025
34237
69717
8963
76158
72976
51008
69320
39330
36013
50326
54563
73535
24240
31530
57877
75949
44636
36393
37758
27178
50083
61490
21014
65589
93215
27474
93613
58922
70322
49568
71574
68247
20344
25490
22975
12111
84726
2987
91154
33424
99552
47265
45397
62304
83703
60368
51558
27561
83035
90970
84841
58968
76693
15531
74537
81435
19101
51330
69666
31956
76510
63010
43479
45892
33623
98071
50883
96293
5228
53902
92697
25137
90949
12522
34244
4219
53721
99194
50426
6222
65561
34673
75194
16354
78134
26934
79000
34815
19302
39253
66936
78820
4803
93523
77433
6411
82850
92808
25860
28620
35640
43609
94947
50824
61388
86578
53072
65487
98322
21320
85120
62172
4317
31089
95969
629
26110
36694
32338
88996
63510
96221
34247
61441
34579
16239
66865
626
38344
90164
41439
21844
23675
16175
55267
67244
45787
94449
48160
65489
14627
52975
5676
61650
16195
22974
77001
95223
662
62954
3384
50502
43643
396
24692
99095
23230
33741
69270
87776
83166
50911
17639
50280
15695
27770
61154
88851
89933
21860
94409
58737
26537
13559
83128
35305
62182
12457
11069
4057
11984
28628
82954
43697
61450
53725
76539
22300
23084
8009
69134
43029
8924
2779
42426
7620
67529
62585
57024
20297
88632
40959
16101
51007
782
99812
93927
34975
23763
81314
89664
37575
90422
68034
87791
20009
95819
3828
68129
57035
43852
59247
26709
33255
88352
6395
54761
17739
34431
91541
5058
24801
46960
80457
52510
20254
42316
35246
39489
79623
11534
46302
7554
42001
25863
40907
6177
55188
3390
25806
62870
5355
99446
71407
86699
32625
42959
1157
90885
41960
92713
29620
77891
96945
62972
69571
54699
29633
95096
13524
61110
69493
88208
59335
31496
36771
15316
21021
33015
54756
93127
3134
37081
80850
214
86022
78823
84809
81247
94882
56369
56372
94108
80509
8447
31080
88953
72961
36827
4111
13394
18057
42730
93481
91225
13806
55682
14151
9440
53904
52095
30724
39903
70436
37462
26974
88915
43786
94595
5733
59215
50003
47060
64224
90083
8381
14253
70028
62595
52834
74763
56875
4373
41957
29825
51507
39312
49132
33116
25140
84639
52089
8650
71697
17427
5856
64062
50395
646
96642
96801
61910
31313
19133
89982
17726
18058
23758
56620
90999
3610
1402
20341
50251
9161
9709
24184
96755
50195
86353
33580
6134
85719
35078
90408
56942
70232
80872
71009
54878
41170
93649
72925
11884
16642
10228
66940
76001
57828
52442
25821
13905
62354
56072
69279
67274
12092
61062
25531
71901
21595
92155
10499
79133
53755
43538
34986
72284
59219
49617
13088
85769
88079
79894
23762
17408
74210
252
76236
41030
58607
93093
77316
89286
29465
7801
86780
75460
30522
13329
95995
7152
9724
64744
43349
25700
33109
86418
77077
25854
10737
87855
11235
43854
46436
62126
47209
5588
46391
69438
8412
72906
56429
48289
55175
27375
81534
63204
48946
99535
23414
1358
37513
3453
39543
56582
13944
31882
62375
7148
46505
298
92778
20410
17578
76993
37645
92869
65938
27920
63307
87441
7982
23438
4480
19493
7326
96387
58360
14292
99466
98690
55941
83194
79315
96342
35490
24777
72391
46202
13165
82421
29625
81218
86586
35956
15429
66698
55636
49775
61986
82883
3009
3509
95989
16392
23744
81501
12183
35486
25716
69162
8253
36372
67747
90155
65378
93889
9797
58376
32100
17891
96469
67497
33969
4825
34024
78308
4319
9523
15497
19680
63097
40805
75890
87688
30279
63313
84642
71130
78341
79658
29126
80233
96412
89321
88059
54688
23555
62301
36308
78676
22835
20306
78593
93655
51291
42797
74982
14819
16074
59436
71895
1717
52189
49462
83483
49573
81230
16655
46743
83606
48929
76468
55443
44493
65592
48103
13142
1320
95516
56049
1744
22471
93163
31577
25289
33613
16113
54414
29191
94174
72678
16107
61937
45
72910
24240
18047
78464
95318
5204
17905
87428
1248
14397
71401
9949
56086
61923
47446
77179
19779
33647
18594
33293
451
29907
30190
11321
33926
92742
99628
43962
71423
64480
26030
14558
23456
2523
21172
67234
30493
4555
24249
64665
18476
97442
98567
16578
78424
82728
28293
93055
84755
87508
99868
82564
1197
33925
13750
98662
85095
17602
47349
26161
69950
75017
90940
4460
55949
99693
84073
85194
20071
93208
78264
99189
41800
17728
84388
5148
57413
12418
83683
4791
27610
52056
51282
97101
60778
34967
60833
27369
17163
70601
71459
6804
57253
96450
46129
62301
66583
78012
20498
10202
59828
47332
25040
83277
38593
8986
66057
40699
79623
62824
3570
23628
61969
37778
9302
30791
94355
14251
2694
67567
28944
23600
74181
28436
37254
10100
54030
62698
59574
56575
25819
63439
95539
99602
18862
95184
82280
89928
99862
54013
62278
16621
39569
28770
61271
42845
93279
28019
69734
73342
94353
33344
87144
33948
34266
31392
69851
52656
2126
84403
54765
3484
62798
40025
34643
62272
90506
82622
38928
79044
99527
68387
61849
56398
62433
18712
52398
2249
99262
50097
36095
5086
2630
90417
29752
7111
43949
43856
15873
26805
17040
34765
52975
42444
81837
82585
44889
35999
76989
57092
63033
16477
57820
80999
20340
90071
46532
28316
75218
34754
37258
72492
11492
78266
5296
51996
84412
85022
47307
53442
49434
82
89621
97741
66123
94139
7829
31102
91629
5609
59472
71647
66094
36923
49138
37242
67644
79771
30501
63804
83754
56456
39667
91096
74513
78224
50525
79842
43706
78930
34723
18457
65635
96690
83733
38693
28013
60044
63732
80253
18223
15876
67404
26407
46520
93987
39633
23130
46925
37638
95034
55949
85818
91911
24671
76874
90534
86746
90374
98066
53653
8457
8408
54484
65610
84388
87792
80127
42896
63299
73449
61985
80447
56917
70298
38669
36696
15626
30759
42728
96697
97920
82459
20510
70324
36609
81244
53936
86964
63588
11547
46346
48732
17549
76753
95671
98914
65528
34032
66381
76339
99401
58365
15003
42306
99453
90659
6884
74641
50452
86980
44138
39317
25627
48154
96601
42184
6435
45997
72973
30289
9151
37333
2807
57366
90677
36081
68328
2660
61321
36829
30023
29181
59506
32955
77681
1467
17268
43706
24788
23431
18097
76596
96190
9270
32168
12813
68005
25386
50966
52682
19915
3345
71237
1356
78239
57229
64792
45170
8550
22106
21954
61181
38398
20612
6253
36041
91806
80951
73673
76591
73492
26857
40644
62770
86531
47488
3262
66490
99445
6698
91374
43023
78191
13676
25130
31740
66457
24105
5979
95981
64239
52486
34323
42623
55801
54519
82658
72577
3327
13297
32007
15006
55404
64580
56925
31671
51567
34606
81307
75570
33908
84925
74831
93090
23373
33940
49908
56955
1043
75547
57803
41435
16755
61343
87889
2877
84919
15803
65711
43328
20705
13494
23352
41981
54992
18517
23011
8678
92371
28409
6294
13027
85181
2696
88180
67248
65937
14033
40010
90617
41287
72228
4601
56561
5088
74521
8184
16356
2073
46688
2962
4844
88937
63342
79720
59295
17166
96858
80153
85245
46346
37281
27320
60443
49744
87183
60780
46805
6106
38284
49730
90059
31087
31877
43137
77827
47100
218
56240
59961
41763
63562
3232
24996
61675
91322
40062
94581
86603
77056
71567
13475
18035
56308
57267
34294
50510
30907
76764
35800
95239
36607
8864
66219
5347
93281
74965
5248
54874
96959
22002
41550
63821
11242
4819
52136
25458
61659
11920
81342
59303
67977
27915
91617
59522
30428
63025
75691
64521
39103
43229
16829
64687
51476
86151
40796
70723
81357
87460
98500
10009
60116
93166
67994
51818
37441
91403
5198
3328
21823
82684
48645
15799
59651
69674
78538
37585
85377
35403
1232
56226
19873
61550
76951
16932
82908
61227
95313
25484
73397
70081
84063
96753
48359
60748
97905
17217
40065
44889
70142
86132
40468
1163
62488
55616
92535
61181
19156
99315
50160
97728
93906
64574
67417
1742
45904
48918
35131
48578
61012
80904
19960
60939
18136
4650
5920
32276
87885
31874
58806
63595
5329
10092
6670
94428
48959
92720
25608
49996
11359
57741
18344
26454
84117
76723
90525
63725
7134
27844
82995
66976
59037
87057
49180
81532
46158
59003
69510
63643
63846
25373
72836
44922
7336
14190
77866
35294
83902
20880
63062
41593
70811
81433
55305
87807
80682
96595
89279
72192
25762
3218
33858
50226
11985
16989
31609
15239
77608
27802
55771
16933
68117
71859
55838
35378
47149
95792
79487
14470
31169
29418
59036
82560
87542
6429
75868
56429
23545
64287
70652
17316
65973
72427
57578
9301
64780
3214
10889
2753
51201
80432
69104
8228
93380
90104
45440
63633
55564
30207
13248
52593
91287
89941
41792
80182
11145
6348
89972
62758
63853
95301
33754
80973
76181
69393
12221
61265
62338
6027
38192
48224
12222
29974
87443
48737
64174
72045
21075
46230
14109
92434
89273
43156
73252
97376
60045
95151
98689
50622
28594
78071
8507
39310
21695
4835
22318
30098
60444
27841
89145
41840
38596
95591
13161
75580
26580
23726
70227
17308
30765
13383
97822
52319
37572
29825
31538
35788
64981
56990
46908
60606
54677
18919
48046
97001
12662
87683
26331
13318
9457
60002
41421
1278
45023
36435
5233
47335
70146
5909
20229
46582
16582
8029
50341
77527
47017
633
84629
56939
64100
23513
71675
86329
85041
58889
7185
23367
69501
99231
5921
11221
24164
92446
57085
50949
28030
63017
65087
85416
45443
48292
71298
86848
46821
2706
94953
74472
32500
1156
93858
41889
55127
24979
32547
50715
80369
62779
24418
60389
35979
86688
2259
32202
7902
83189
64451
75342
4041
22469
23525
36592
80315
87138
26232
13033
21906
24414
60233
65188
90145
68337
32256
89648
46172
37344
34842
23145
40817
19775
68432
56278
76001
15088
89750
86328
98121
26294
20844
20506
53880
45366
61990
18335
82979
30090
28003
49852
83266
51019
15271
26666
70779
44425
36182
26949
92907
32647
95978
19240
17794
66893
96025
35143
23103
99463
11686
83764
72341
56033
17961
84200
25396
47411
85130
70828
40038
89175
9100
31031
94938
40609
94168
38322
27572
2262
63324
57483
84909
83680
8578
44800
63097
65921
73755
99927
32547
59506
1118
18966
29823
13773
36505
1715
78364
31774
62288
18982
48581
8672
50720
6613
67455
49991
1593
49100
5329
35149
39762
61261
31869
95001
35146
17768
37288
38162
95483
27464
13290
56850
75525
81500
88705
76376
10335
56116
37348
84477
91693
61613
69058
74749
69518
51823
47820
91876
85341
16424
98101
67890
60018
24424
32793
20
18012
96302
98678
79252
97631
2901
36716
64232
56319
37070
18663
51290
46205
82976
97419
78672
66599
78001
49034
55936
91296
46358
64836
22160
57938
25270
31514
54906
16855
78950
62361
42244
6807
19630
28662
74169
29093
56822
50117
72755
9005
42502
90520
52019
71238
27066
80398
35098
60642
71894
67047
32453
38081
86240
25441
56640
81430
21245
46976
28300
7108
19267
12830
91221
77460
49510
12435
97698
56374
34281
27125
79154
88094
95988
26145
27145
96777
88734
49632
84148
89019
77132
5366
45203
38600
45112
62840
68211
42559
32514
79579
88109
95343
5727
6395
56704
12335
56332
45031
63257
82691
88122
24634
29797
93907
45313
95482
87820
93039
32703
6197
2929
54670
51095
61440
1024
87464
4788
25697
99656
58373
34195
81848
46762
21322
36158
39020
62104
50577
65152
21568
77833
46208
80666
62339
79509
71549
1892
21902
12521
93803
2654
188
59965
3657
68122
98413
81356
42442
13235
87814
84848
55486
71544
26921
84372
66148
70842
36285
62296
88583
79757
38496
51990
29996
77888
72117
54439
2961
13976
75460
88141
66823
61706
74940
60060
60422
42810
13310
4327
460
92816
57620
59955
77154
2166
5050
11741
30065
8769
75318
96195
47020
44676
10699
7788
81266
81588
74369
50726
11408
59672
99064
50020
79419
57992
96908
77549
75491
13293
57928
33447
72377
45017
95899
1220
88042
98616
86777
40390
71569
66162
92886
10175
87922
45999
60236
76514
76511
51353
94203
16702
4477
52945
54622
77613
31426
70792
9506
95265
99156
15660
8485
12182
1619
86239
14927
32770
76751
56825
80103
70644
84170
87331
99111
89905
57467
28256
78639
34846
67712
26025
87292
59282
64805
18971
71413
44015
32072
93765
24614
54646
75566
51740
19585
72500
78125
28220
87049
6543
95262
92492
68148
44771
29386
59739
13069
68441
58264
87
26697
2878
77833
30062
61903
39186
10596
79461
10888
53213
16126
43988
9404
6465
38059
79352
58856
13768
36441
79363
73970
1176
53280
99689
33597
23754
3908
18957
65741
17566
71377
46734
86790
92454
1998
93858
58724
30151
71463
26033
78951
33806
74381
33340
6102
65764
34621
54912
19227
1289
64805
78504
73341
30330
31126
71298
73444
11459
63204
60555
11389
17840
89621
78599
59422
61205
96855
92650
28911
81821
90680
85459
79085
77172
79511
6848
50844
30172
13147
84131
6462
56253
66106
28566
80515
84964
11199
72166
28590
16588
18070
37976
20563
15771
79514
14137
61284
69387
22549
49025
39787
34640
96399
29788
59735
60914
54812
87871
38318
85740
69214
20372
42824
65406
73727
19845
93652
89981
21259
79528
66844
16120
88266
67175
74060
84330
92475
73152
44761
65691
85803
57858
15942
19670
52243
76816
26539
89434
73875
44744
31185
13858
35334
7702
99016
68603
11965
29805
44314
62585
28639
3758
74553
71146
64440
85526
98881
96894
61406
51524
8491
56899
93826
68682
52166
80649
67095
28327
30719
23252
96301
96244
64370
82193
56758
34777
763
92016
58905
31734
51810
10485
33710
67030
91256
87565
13705
8297
97621
8129
39516
91151
5408
27619
98199
74533
4225
80545
36839
92048
71697
52979
91724
53186
76485
90178
85758
81254
66434
36289
78172
55529
56453
6432
62907
47608
73116
42801
81353
68900
86399
51431
35812
36564
57193
45982
6644
73675
78794
31456
17430
74533
17567
91715
91953
21623
28402
3477
22514
37821
16125
88168
37395
88053
56295
2191
29309
91897
44857
18636
77072
5803
63811
13556
48238
1032
63407
35029
24317
28262
81186
84296
49278
47979
76479
4076
8845
3321
63716
42070
38911
59207
86861
91041
22133
40202
43785
13377
51682
59357
3538
22262
14216
87016
72206
62456
72973
77563
31054
12446
68081
58929
94297
24869
45756
41874
57450
72996
44798
52386
10631
49024
19568
87623
32682
70206
92042
45239
87544
49751
10570
88888
60827
61943
78213
64296
28575
7495
4360
81278
88300
33762
53830
5026
58196
29083
71707
69887
54352
7240
18830
56103
87490
29004
11124
2072
52044
43325
23033
61821
90671
24195
19671
88842
4386
84785
14155
84636
12359
63770
55066
27426
53870
70338
66751
78977
64432
3338
94447
39381
21378
56311
64962
21269
73026
77449
45863
88140
51168
16716
96169
65077
2924
9216
72420
41256
59791
8946
79158
68033
15141
69696
1139
19332
52550
33310
10279
1189
27316
64670
71785
22966
73446
10861
9653
57930
67336
66723
36820
51634
91455
92035
94160
25063
52297
37497
59216
89457
27665
45565
52770
50442
47395
28787
20875
34340
39776
62346
23124
4360
97073
62465
59891
61000
80381
53807
82807
42405
82259
65269
62591
88618
15697
14428
66387
32298
38162
49640
50220
13829
87153
93767
2171
22221
71971
34684
25028
20654
56268
30082
96590
81705
25647
11647
19258
56692
87896
28855
15920
61985
11260
32974
71337
70584
24820
98453
38784
74381
24884
7724
11069
63240
33279
70668
14600
19318
851
7345
10519
9236
32782
80082
17636
38747
48764
66832
6949
99204
72415
3012
85065
9926
56588
8218
32223
18602
6374
2598
51331
72677
8947
32550
15783
68893
8980
62233
23709
8668
37088
45697
69497
13529
47288
76271
64204
68291
7723
51363
66223
53689
81458
37812
37826
18702
20577
38640
1097
86800
46809
71991
29599
25031
56556
82882
29712
68184
27503
81170
95678
60271
50412
74191
60695
853
25552
95661
43138
46341
40942
62359
1389
86400
8137
96629
59503
92236
24782
41997
88061
52285
64916
78016
41435
76428
60088
74247
91063
64862
14469
41228
83850
55282
79637
803
3701
84539
14639
61488
57038
91928
25172
19572
65562
72241
84702
59355
25714
68505
10318
59060
1500
61403
12930
66457
52109
19754
10372
51062
32586
61733
73004
7596
62382
72464
31825
7977
7315
55056
99998
5392
45473
67152
30473
75521
7818
64463
86573
19593
81565
53299
2098
9054
40771
29735
91139
74188
64190
8865
55642
74265
15728
19004
27320
60323
98077
73587
58698
46108
56411
53045
60332
42108
27569
21555
75568
28745
87007
56018
38802
8633
26171
69626
16405
98732
72576
51131
9398
26892
66254
60371
24479
79887
12707
35961
35541
72198
16093
74323
34895
49132
81793
93112
50747
4796
28971
37922
2995
46951
47010
81868
75825
16755
36986
40645
51137
48559
28351
67114
1473
30106
87566
81003
51151
34624
83856
14636
5920
68322
97407
41722
88540
60847
37036
16378
33367
51755
83709
36235
3243
95125
68565
42546
19865
68332
42689
13605
51719
91202
8249
22153
75238
87516
65706
65718
32560
74317
29406
94467
93760
77084
15150
60113
17225
18314
62358
63779
74573
51228
59508
4336
48340
74581
62958
2582
65496
38553
24313
66051
96059
92414
57420
68226
2858
14781
49136
53113
69387
59846
78573
27694
95086
55037
53235
1399
21844
68586
96829
78803
46127
74091
89234
93299
34366
85208
26081
77269
22574
4437
39437
52253
32524
89883
72172
30033
5853
95605
18081
18965
57246
6122
5061
52583
51432
86015
43569
95494
9747
46511
43729
43922
516
72308
85602
2948
10604
35675
15376
65716
44515
36506
84532
20265
49770
34130
64553
76591
29477
40645
90884
73224
78249
1467
93986
43806
82775
62311
84896
65171
75237
91453
99854
15735
18214
28819
16622
82511
41872
64597
77724
54010
2351
2571
98805
83188
48371
37670
88207
60576
65391
66318
39989
51095
44526
7789
73292
41018
64850
2402
4852
24129
4227
96029
68076
8551
39037
32322
96554
73759
91412
86119
54687
33636
4237
70076
25895
49902
55586
76592
58363
40570
25335
47064
74625
6783
74617
22429
39035
98134
10820
67282
28974
15245
9169
8912
26445
6330
20574
89913
19254
9034
27718
99050
20190
57388
98377
32766
23113
29872
20650
12266
17695
31634
9759
81264
75742
47418
53391
18233
91516
83862
19350
93285
44169
5945
32753
2069
38056
37683
91820
63824
17508
40122
1376
92747
3683
26106
42326
27803
71448
14555
79238
18624
27295
21408
67627
47236
36248
4256
13712
15131
92215
42204
84528
29677
76735
84282
51136
71391
21173
57546
61755
15343
63127
99815
90142
22110
29945
70909
62851
82026
94426
88080
50494
8776
78367
11589
1242
95964
80803
27848
40000
27284
71350
6569
94010
20631
82284
96715
6187
86802
41142
12306
94935
73506
9996
65475
35781
3728
60758
69374
61047
75664
5554
68363
1256
44630
47250
27872
13118
26179
11604
26945
65522
64882
77465
94353
6548
2010
30129
34107
18122
7999
49718
27626
9273
4977
45625
86825
27817
50740
84401
59719
98522
78504
20264
74173
81022
46925
35809
5611
98513
10841
72789
52286
15614
72908
39429
83439
38718
10846
18386
49730
8889
96417
91662
92480
23437
88206
77517
35891
10649
93761
3782
61048
89106
28683
83917
44798
78288
77811
76043
46606
50226
76046
79708
42027
87421
44051
18705
46095
12141
36045
62575
95517
32457
38806
76068
26688
7449
71081
64704
30615
45076
98424
1968
89190
94614
51290
98715
58781
10235
52980
56476
7249
74520
27780
99481
77973
82357
43157
74841
45184
75249
42485
81024
17025
30783
70779
30092
55940
84986
58089
37457
21985
31500
27125
86333
86012
95792
86937
35441
22021
75715
66586
1013
38915
337
57557
99806
25149
9161
90450
36004
431
25428
69176
99825
48667
97840
65851
19470
9798
27514
29123
39947
12388
60080
82708
38546
88493
450
98390
93695
46772
54491
22528
92623
48605
11853
30509
97242
43639
88101
97743
59310
88254
89202
4988
72767
77707
90647
80932
93421
31204
46819
54222
32915
9037
90460
5327
75379
97226
84336
39425
29847
43846
4014
13760
48951
50790
82595
98541
93593
8286
5389
57998
80299
17425
36570
20071
98572
2295
18176
67649
14203
39353
89962
17935
82191
43092
76625
29390
86530
52351
87302
79163
49832
23257
73745
7760
66633
3085
18834
91643
58755
79781
82852
78119
10570
80917
2307
98741
18546
42215
8939
64143
96004
32195
39067
45757
15181
6368
63360
61099
28533
17331
86575
37600
72755
14143
44200
43129
80471
20830
64405
31393
64600
44072
54956
67483
70981
96736
23784
87603
84849
32389
33269
81486
13814
44400
45092
59204
50741
54786
4698
1520
51341
35893
3692
18594
61145
71307
56861
45415
20822
5301
66980
94004
32351
39919
54509
89678
55447
30820
31903
14491
79854
65555
96289
55394
56139
38191
81530
70875
39826
66881
59676
15168
31714
86173
97433
81631
92049
71002
55632
67833
55475
46651
52756
30441
67294
63458
6094
76182
85460
78959
16150
13706
63165
75938
65355
75304
75117
62337
23242
55956
50732
49575
58771
68423
48682
19716
74868
83261
68925
94588
13416
18165
71076
97352
52816
4887
24097
96278
91112
4082
65928
76278
97469
85861
8787
26091
33031
34512
29344
78575
23184
20077
92268
90338
25928
48032
65218
12018
72211
38680
13192
32420
42699
94420
46413
53775
72716
74901
54182
73115
20666
98758
21432
20515
97318
37016
34142
84893
53528
83211
31205
84982
98409
96307
3891
60733
66114
68124
34309
59198
22520
63558
57131
24526
1268
67487
61531
38720
25757
34215
51867
99676
1902
33402
9356
25323
12945
30297
21125
4495
49024
26779
48755
17250
49370
35680
25378
46086
73556
40292
80638
79301
94928
99443
50005
22873
86559
54335
28448
23314
18910
49448
93231
12528
96485
60833
8095
95743
61170
346
18176
25295
29008
25498
48538
90470
27123
77857
32389
73510
78544
20530
70703
12354
30592
28248
61230
18700
81115
51509
77686
28078
10650
60756
30351
71946
46117
7945
98206
72854
85967
63536
96811
84871
57077
52357
82399
99582
31726
31631
84494
87919
11700
58346
51765
28904
60942
10090
77494
43014
34830
35981
70883
5966
41598
25365
82151
33162
59021
64508
85260
77781
3675
80213
71587
36587
92849
18656
67357
2526
24836
49761
73033
12342
35436
67820
64077
9726
9693
57251
17342
79428
44257
23781
31030
19920
3627
14885
77362
72888
54430
89841
11739
46676
9169
42185
37414
88496
30503
78509
25357
75592
80346
71257
50314
36554
88401
34511
8281
88538
39884
69629
60387
23438
52745
13071
82396
34691
84403
32077
61731
15049
4313
82863
65541
60940
22875
8429
21054
21188
7820
3001
44765
80698
66264
76850
53665
7045
95416
66617
64057
56533
53957
95895
28130
39503
95354
17262
52520
22461
49098
58604
98895
99913
72258
93680
41229
34810
99776
51430
15472
25082
98408
48037
32262
98320
99808
36709
45790
18035
59279
66176
52404
52852
94641
29423
79626
32163
67239
23622
9878
20246
21532
31679
68135
71236
29983
37454
21189
52315
28157
61527
20040
50716
37230
76137
43194
8748
12493
88221
55413
24905
45964
94621
21510
47533
22182
17162
6193
24671
86688
48563
83783
93032
39825
80
9469
92938
4309
43441
62160
6796
19482
87498
54212
39652
29840
57132
55501
38191
99569
8717
87958
66291
99692
49286
52248
21621
29102
96973
96807
96535
56710
8875
712
96190
47030
91340
18606
66977
14825
16308
96090
77064
32069
57703
85354
35047
86168
82303
76686
74713
75044
49314
95869
96205
21454
23385
44107
26313
53587
36414
6122
41641
97421
1169
98934
68405
14832
45061
91022
94944
51646
15699
49465
80892
64563
56321
40144
97444
32158
79616
28961
47354
21086
45469
50638
89042
11640
11231
2166
14719
63263
1832
93325
403
99842
30444
40135
37375
69328
92933
29336
15157
82558
86617
79456
12215
873
55221
88895
2025
39790
39038
76679
78411
3997
33370
38054
44076
81277
58093
64549
50861
20288
73929
12603
40984
43493
23930
865
14256
96815
13734
82656
61880
93395
59073
8356
29031
99910
11326
21991
68140
10296
4070
46344
63472
12842
37240
64480
99701
43123
29185
97468
82243
41662
50249
82911
38109
22557
50969
91750
48350
66639
79903
67985
42485
8506
92954
25312
23076
20590
6532
95023
10398
71682
98051
41233
68740
71720
10665
9739
56167
77547
27878
96531
16646
61416
14483
717
2266
4487
21356
54500
71320
73388
743
43443
66073
59867
14496
92326
32359
79754
1327
95055
63514
24898
62298
36764
88062
30851
28860
63033
45650
93980
20914
54373
38154
99705
34725
51326
16163
75493
49927
47681
12014
428
97548
13720
56345
5691
70479
4668
34517
94836
24450
43798
41471
2735
49292
48037
23246
12160
86220
93345
75178
4724
39903
48385
1752
96344
1725
15522
70452
90886
42572
11427
9765
86712
55666
34425
20337
36620
26453
80893
60868
45936
65404
17107
54298
71576
32826
34602
70216
64402
85998
64401
894
74532
31733
61358
30686
25959
94559
15419
18692
1479
47367
57433
87288
89070
67778
31196
40991
87465
55832
66104
99608
16457
43515
37803
96830
9920
54672
15318
66191
52156
12185
5131
90434
11736
25202
65943
56562
667
90028
81237
60192
49285
15780
25928
17500
97839
10740
12640
13205
83040
46960
39784
57376
87437
13583
55578
15852
69462
13764
81615
45353
25167
96988
33994
11754
54183
93511
70173
36473
80436
23128
50670
37038
543
56127
95130
86901
55015
9780
57367
12246
64235
47589
99080
22298
9435
56455
48199
41189
89210
3993
31914
7706
1704
94433
59680
21998
50172
71881
66886
42664
25671
52647
56022
11448
71646
82944
85030
45822
92324
99926
33283
43076
37035
78655
65482
85199
46984
29979
84563
79708
6028
76606
13534
98095
38377
56804
25771
18991
77058
47289
81597
27369
39925
78113
93513
12861
28679
69473
39112
8381
97384
65887
89146
50390
32354
78200
30768
47619
83590
64291
24416
33703
45400
71943
49544
6583
9809
90509
20562
83186
24483
86743
5688
47060
28882
38134
59583
62709
906
6327
4814
32046
74414
2897
30857
55348
6281
70726
25906
18896
43693
39307
80484
71676
66021
91122
65236
24764
83498
71099
59406
89250
9788
33449
41589
24072
65885
51713
4685
63488
17920
9466
38451
31237
74356
19641
63083
69034
75401
79321
21043
92193
39074
45122
95780
4592
33695
84772
62286
75275
89467
72612
91997
19894
81137
51310
36705
72091
8323
31358
49778
7933
1436
15514
54229
54271
62908
88646
84735
17576
3971
8677
94792
87512
71554
93107
4260
77563
20525
41974
71003
36823
57616
78690
97430
91083
23289
1945
62232
9504
3922
80929
32105
43605
53650
25164
50497
10929
55446
34146
15603
39183
53842
57040
32141
2417
4437
50781
25222
60479
46140
53097
51894
44294
45526
31584
48572
46123
79006
74658
81888
20089
87161
17226
80811
79267
75784
60082
66423
99942
13448
14358
14153
23296
74444
65903
78138
16199
33648
82099
21541
51622
56898
43368
41048
57268
21556
60640
53951
10548
73280
88504
18561
9506
41073
79935
92631
24747
68654
42049
84381
96787
38259
24224
1412
65202
4137
53691
34165
82907
38838
97939
52205
57196
53685
44327
62256
64973
9777
9118
22384
75267
7152
20459
73474
43668
81954
67328
47238
91925
48989
96981
17868
72567
61346
88286
50142
69244
82371
81920
11387
35813
75892
28436
22716
6735
76712
27946
88704
14849
31940
63834
27683
3832
96182
46858
19860
33156
61845
35510
41769
27486
9594
7283
95617
63612
42788
7601
93639
88330
97021
73441
98025
72460
57957
70971
26276
60943
72115
64074
88543
86355
7833
23856
3534
40639
68635
54182
45624
90324
40658
1759
99474
20593
94958
26245
50231
59216
27207
82671
70387
21692
8829
73293
69386
9317
5397
78378
74043
73639
95293
43276
11401
11650
50927
16730
7493
74414
44283
18805
77819
92143
38056
25894
75319
49945
88029
82206
4891
67785
30934
77500
13514
24674
61423
92679
55764
99478
57055
90097
9092
84627
83485
6826
24390
99534
95003
34245
37123
85221
89479
29840
82518
65629
75062
31569
55617
20081
73141
63173
27874
77178
87023
23229
47866
10679
85863
17386
56491
12574
82276
15746
37974
98812
18177
22381
25311
27966
95198
28694
74806
60428
49076
1334
11332
89307
49102
53326
87681
41868
90491
56906
82856
80594
46868
4749
13235
8118
8695
38930
61394
51048
62939
94698
99554
75392
47033
53575
58876
91696
56766
47662
69413
39125
24911
19351
85437
89303
22459
26369
82884
43776
88454
17206
30343
16522
36702
51727
97583
95075
78050
15745
11807
59022
14472
11271
91480
20950
67628
87787
44142
12655
86032
62398
40876
80781
75188
73122
20131
38980
23012
92191
16207
17134
13697
39815
40919
33231
16767
53402
92520
24922
74059
93555
98430
62371
42686
90348
11811
32346
61185
27151
65271
35988
52870
77193
78876
62518
95318
92090
33150
44907
51913
98287
88981
70993
57705
88788
97245
54882
61157
34488
34896
163
20314
13605
69002
93834
5813
6461
16826
19485
72495
44976
93437
56620
96683
53329
24102
63800
30294
37355
59231
20242
24310
99870
186
51062
88656
98089
30569
39480
13376
35038
63444
19720
26203
92862
70401
5863
30534
62803
96930
60275
90226
51993
33042
83960
55926
75170
73615
50331
78090
91737
65853
2640
27094
11395
41900
43919
9541
94287
61971
40400
64686
51725
86037
60431
7928
61189
22782
89550
18988
96651
74682
54027
8970
35735
21488
15193
4026
63633
39610
88509
58902
28007
40792
59056
83200
29441
21456
30755
56847
56280
28601
13986
39309
64644
55927
23125
96256
52875
48972
54712
19166
49294
9921
44505
15071
23554
71310
84014
11297
518
13483
40362
36843
74053
95364
5413
8448
15193
83806
3998
95376
95419
30472
90092
1193
85301
25895
93186
53734
2048
60137
91361
38468
44499
68165
77281
35495
16139
62026
37519
77724
52415
36539
87866
35161
65475
14753
26320
40868
56813
94591
27510
73475
89363
32015
5441
60276
50397
25903
74571
2243
30340
57265
10082
59505
50225
64358
54159
72846
4137
22312
28073
83200
76512
66931
91287
60451
9483
68755
64737
64883
18567
60718
22101
86134
22803
81283
34572
12460
8197
9411
55825
34326
44321
60039
34769
44217
2455
72847
35640
85184
23814
16564
11094
33556
30238
73971
96103
57797
78345
50899
36193
74300
89173
58260
96316
64439
39224
96276
27359
27406
37133
74255
31860
57836
89486
75520
70010
33191
44866
20547
59193
42871
41046
64491
31940
42082
63259
91845
11206
17653
82799
98146
6360
87786
89059
23330
3578
78249
60145
44786
89899
5978
91084
59432
5770
78150
73130
19013
4824
53524
99789
24549
4865
49400
47572
10396
75133
32693
19373
37552
22800
34661
60821
65087
99040
88953
15482
74509
18916
88930
79706
93379
49052
55111
20594
81750
27287
92546
27099
26302
56075
51158
34627
34616
81912
80668
69185
30746
71622
27777
3644
1633
7699
49177
30236
45361
19114
20145
49960
54273
57986
37005
55061
1070
48003
56388
15103
10638
78549
69706
21044
56301
70566
34055
51295
70335
94713
99128
81481
64165
33270
10496
62017
22288
39213
29716
67066
48609
86086
8864
96266
52489
81137
14122
90530
54964
11040
81374
6981
49828
9008
23973
16413
76446
82893
20627
83347
95218
68819
91366
32137
90866
52423
54529
58700
47983
72639
78569
71307
13953
1533
70858
14251
54569
37814
56830
49280
75724
5424
75080
20980
8656
41383
60828
35159
32919
95992
91249
58965
60899
92219
83150
41664
72134
94038
67656
91996
95188
59657
64970
82176
87883
74691
84697
31584
96142
17475
1203
1567
21190
31853
30079
72471
37052
62313
49330
34209
95520
6824
66397
63736
60523
71556
97940
76988
74575
46280
86543
13181
30386
66479
93928
6621
97342
33541
5233
11678
86776
3815
47425
62589
75927
43158
90076
82191
38882
3146
48789
8892
69764
26684
88643
43935
48386
11409
71494
86486
53581
7491
16530
65408
79842
46948
85786
82064
34778
66628
67404
21330
41659
8593
15771
62104
31797
14628
61986
93457
19722
28231
34469
25973
31039
2359
7077
156
13902
84253
63892
82175
67722
46924
39968
44395
26089
37040
48429
65621
24114
30806
76345
36689
35828
71738
81288
25670
13230
11988
81598
57779
80801
25587
11186
310
23914
26359
45619
78990
40147
67354
60105
96487
70527
64366
49671
17101
36578
30039
15129
84562
64240
18990
76616
43583
17618
46607
96301
48733
40009
60837
14191
92507
25383
1362
13299
76602
72092
45013
93170
90312
12385
77605
82306
47376
81268
52516
18580
96876
55724
78946
32617
99029
53239
251
21522
6973
54677
36582
32133
89206
55844
60172
32530
33669
6399
7784
16200
33428
84541
16224
77191
18114
1740
14991
8737
19810
90761
6511
31812
51460
58809
73328
55506
59378
13161
45059
91900
58859
90483
86450
78129
21919
44955
61702
68825
57076
64121
28727
70734
73888
19581
55990
28255
47507
92208
85335
27892
90334
64827
34161
65389
48763
41532
68970
63061
33675
84463
73400
20684
4659
31213
81813
74091
94517
14276
33420
88239
83308
38051
22873
31204
44144
94856
74756
11176
24493
86482
65047
599
6521
59431
9910
14158
3960
13565
32897
67232
66987
5247
32871
62055
97120
22384
54561
44044
24100
68008
36341
81180
34231
32822
67781
19681
51501
57238
83552
6068
39251
23806
77525
19525
58765
44079
74335
48472
61107
52697
29708
18542
88143
68810
70957
91823
3261
94490
73823
78672
80869
81665
65100
13553
56176
5040
81413
96543
69440
29382
95945
3408
2456
88146
32631
78794
90742
368
66673
74569
23401
5881
41377
4876
11841
89493
76175
67575
23723
63412
90073
86597
83151
70689
78902
40558
73198
78818
89277
83511
45334
59738
62082
51602
20041
70252
60943
48256
84548
91192
36627
12378
24517
51513
11110
61953
10082
46694
37223
97220
15679
67398
89273
53856
66216
65555
54367
92741
39248
6858
424
72589
96514
46198
55081
11700
57276
78896
86310
44576
15025
213
64065
36706
69159
87091
63196
63128
83095
68595
6653
18034
24927
14685
60668
34904
20414
72774
45648
75435
76447
19708
73520
27709
80238
81882
98752
34606
85611
36551
76614
98065
72553
39670
77352
96752
12466
76095
19144
56591
11606
44791
61384
89687
20519
28469
13785
59932
69954
83506
47647
86530
92844
31434
86014
93189
97157
54551
6399
77553
95567
99158
17884
78013
28823
28051
71739
26343
52680
59878
10026
21588
73016
61075
48784
55979
73322
38515
49333
51259
81333
22307
61940
24950
91166
19127
38586
15360
99570
71597
12374
22224
25520
54690
25312
94249
44901
92093
69906
24180
45273
62238
59883
52189
97870
92200
85384
86048
24978
3068
5946
9980
58286
99251
39630
63571
43605
10805
60701
16575
36937
67215
11602
37528
92262
66427
23697
50050
46108
26894
52133
79457
6339
28395
80800
16297
44864
65170
30987
16237
84468
83182
58712
12699
34209
57665
65623
48602
56543
55344
64350
8105
85129
81408
49672
51737
9196
60478
16940
80746
3626
62285
64481
51754
45040
97503
83901
56395
91746
35882
39594
94751
27100
39276
91613
49216
77513
39313
30715
30339
19278
9867
10317
599
42232
53021
84857
47231
82280
39881
17665
55157
78696
68719
17798
73207
73550
17997
58624
86829
63760
9628
60212
82649
61630
33135
43122
95045
90250
22051
6655
53100
63287
50118
13616
36510
71300
16071
76644
6450
2208
3781
32026
41640
81583
96352
69988
51991
93256
25093
98781
33592
75798
56844
17774
97167
78751
40544
16821
92519
92031
30730
89138
70441
38513
65960
65904
3224
32039
8932
41124
38712
37085
4037
56863
97572
61652
30970
83567
48626
88501
37969
74594
65370
62380
67730
4638
58738
77619
76988
4232
21833
80448
5769
96048
47899
941
9274
3865
93558
77691
53274
84216
32913
97176
70245
72347
26402
73496
26488
46034
3843
18445
73182
17913
41422
93169
23361
7837
38621
12639
1617
72291
93024
14762
47759
74199
31343
60001
75377
10181
66486
15499
51328
77329
40842
63245
25494
51084
90135
80965
18673
81285
83017
12469
98020
17771
98230
89175
8395
43115
50337
84766
20851
10715
92761
97607
93944
73852
39772
88460
89584
67228
2112
25680
54991
64776
3975
66844
30434
68685
82076
96525
3077
93915
65403
43785
84223
5238
55041
69115
45099
23733
6495
93634
52405
55932
38050
22498
69897
79971
36800
65904
17320
84397
81570
12746
33378
35863
96157
56216
12267
91964
3617
8790
65928
59683
48961
23876
97483
65153
44683
62823
4996
7125
11641
63604
49940
465
47398
50765
70961
23975
4323
57220
37768
57752
6459
87162
14137
18430
12664
71908
61875
63059
48212
98372
31363
57678
58311
78719
88651
66081
46695
73974
77986
11642
9757
18031
37119
10234
9124
16885
99262
69497
48440
16238
51875
42503
45979
639
14539
47395
81004
68498
62913
66130
98291
93634
85629
19568
98588
20322
31098
15249
40026
548
55697
96409
73812
48390
32560
10394
13941
35142
46707
70056
17831
47435
63793
46069
25881
57230
78594
25141
11486
17582
29604
75414
12198
52495
85047
49876
55195
19401
78129
91053
90954
18896
73482
74314
77169
81114
80122
30405
98604
58304
65280
75654
48694
52682
28260
19343
8162
54767
60499
1536
33303
5027
57806
95778
52405
85316
81397
8521
37533
6377
56560
33541
53519
8352
51699
9013
26271
55703
2108
6123
6689
46291
82641
39478
68937
13048
22852
95337
68338
93353
26901
75394
76197
54098
43900
33601
11316
23503
19309
56701
64633
43934
89729
8719
67127
10691
46995
12053
1887
48494
1329
94318
26192
72540
45494
29596
24519
6044
45690
57105
41238
69244
25488
2809
83297
66484
35778
14421
53645
1462
80379
57856
32265
51097
67304
25837
79448
88845
91569
42722
3668
39563
25980
82712
23105
82820
3206
67656
45835
72576
2220
16068
5353
53969
46025
93798
6502
92579
21211
25825
56758
10367
58038
77626
58639
99898
34604
45998
63391
99505
4972
93528
81672
7797
42157
28716
34233
3450
33131
83121
30140
28226
9974
68007
16341
9964
55211
91771
76521
1395
90914
14729
56588
41120
72417
60346
76111
20618
82082
67091
73263
96744
70932
92748
75718
51520
80200
39478
47983
62442
97219
57276
58388
16517
9193
18474
23601
25
20667
8338
24556
50538
55315
38894
97507
33407
16616
49533
24533
45158
19643
60321
8426
30035
53613
79887
54368
77600
75834
46069
94188
31104
9801
19265
34707
18746
20182
19624
82542
1395
33964
21568
76607
53150
6641
42266
32510
14646
93251
1651
91461
8127
70937
20981
87752
93511
78728
89879
47452
58276
69430
23912
62485
5740
42960
3755
90377
88169
2690
56568
28249
38103
1134
47137
64423
13456
6888
72390
86837
6501
32587
22427
66385
30049
83335
66816
43720
61434
51467
81777
44273
49204
2239
45220
58082
77367
11682
1552
29644
55956
77346
50655
68087
72198
26639
25182
41059
45542
44320
70166
28914
85228
19167
1502
23504
14674
59750
7088
15136
34654
49260
2264
28669
70873
78034
89524
82870
78591
27758
22698
31205
87896
839
39311
55004
76635
30365
4815
72153
3524
34166
43942
58280
71545
88667
63288
19446
18636
37306
36547
97474
25948
72464
46003
24362
682
34665
16560
38029
76316
26307
95321
23218
60390
81682
30428
74588
5133
37879
81289
74701
63939
98897
84703
29707
77124
65626
65138
22083
39330
56386
89975
53162
44875
68927
16152
41763
85972
96625
10862
92867
94247
91277
49899
39053
1744
97392
39960
5266
47379
97407
45882
18960
58360
25852
11698
63795
66022
97116
23315
13829
1440
43731
30979
71667
32636
8463
91804
88455
77057
21217
23677
31675
34290
42859
49465
79180
28369
45664
60050
87485
14094
62235
79655
23394
24793
15145
39352
24764
52725
88846
64079
26699
49420
23859
17072
89892
12913
53579
19639
36359
17513
89589
1460
85833
50650
24844
52683
73940
25455
74679
81485
14483
18439
51770
55373
40436
73132
75994
26675
56344
10407
29265
19534
72881
62170
29123
42674
29672
29284
73810
49276
26835
53652
37478
34843
98693
79045
53518
33103
26300
40922
1640
84028
97348
74967
91364
27677
65854
17086
23245
96279
20344
4547
22808
63302
36825
87508
9600
90344
58399
93757
11680
45598
46466
26447
61416
47592
10833
26128
6557
24324
54503
80522
81450
22035
47318
60324
30476
6056
65955
65225
76820
41492
49294
7877
87991
83264
26610
85013
39077
6808
55565
43486
35580
23035
95953
19323
19449
19316
19702
19490
13917
62329
71082
18894
61354
97992
43710
93043
32794
78333
97096
86090
79020
80003
46171
3630
58117
35009
76293
15861
23794
42662
34560
50110
33226
25190
68054
67326
67608
21700
77325
55906
65031
53151
80939
12151
81688
43507
66077
72854
84743
15012
87743
67975
42025
51522
84862
43131
75518
33901
83062
64364
23406
17372
53365
52032
32026
59403
19763
42259
38661
85403
35789
50240
63203
6270
68674
29146
71391
25077
83016
72024
8165
82023
49888
47533
79585
5983
32221
53396
92464
56136
71698
7032
94807
63568
38530
98742
8524
74371
9435
73328
45220
30624
23560
15632
4296
85922
54540
26795
41890
84484
64270
90818
27558
79605
96774
39195
40738
13666
76495
89473
73275
47354
3429
37998
66697
94002
56822
9083
72885
13283
1260
38820
76912
55111
63729
238
37244
89748
90837
13765
67841
47495
29492
29379
74931
1495
74714
46775
96649
448
7225
78448
12124
15532
30863
6964
91146
29108
34106
73108
48946
82823
76591
98001
33596
36
33784
20602
15180
98050
11372
49598
6076
81739
87770
20167
3220
54153
6690
89452
6868
30253
91428
37796
21268
87474
41771
27276
971
26284
2351
19212
34256
83597
17945
54997
43432
36119
84135
4781
13440
35583
56689
89670
79555
42465
79302
28995
95745
71255
14058
36887
99487
19972
55021
11671
8088
95066
35523
94247
61431
56535
60469
24780
11325
1719
45948
62962
43113
72293
57411
42304
3234
94721
59986
61141
35829
74390
67873
27998
46036
55403
88783
62666
50805
57551
92035
14958
35678
27547
97491
75356
58346
3871
6723
85960
77940
12261
10220
40409
4305
94541
53567
14380
99406
94840
14057
18645
20364
70250
31648
96205
58611
62956
99861
73276
66938
46265
38361
63081
33271
53674
62451
96872
72195
7909
5362
66271
55806
6888
6845
4172
64794
77818
74388
36569
7428
14001
64760
22179
35812
16981
26140
61542
6228
71326
59818
9302
41234
89324
89155
38914
88791
66262
20534
83983
51196
94316
94986
60910
68475
87729
31233
96712
67511
47254
18295
83820
13836
3185
90229
70286
888
5776
6722
62945
33956
45326
83829
28357
23432
54644
91542
30913
23802
33153
38994
12316
27399
45425
1337
49349
65581
848
88777
22979
10040
95055
64677
25453
75546
45069
34087
48788
51112
26450
84348
56018
94470
78757
25894
58174
21282
82116
58951
36699
1122
11502
78993
35894
92334
4306
14409
57065
84964
73317
53405
86979
89784
60480
98666
10264
71266
6769
47764
50207
64942
83676
40634
35217
50469
89861
25979
25069
42501
31434
86472
69453
87935
61730
26029
48544
53408
70290
67519
1336
88618
27469
98287
41773
69861
24853
34002
38327
33728
19877
26653
94399
38246
5411
13915
71643
61437
17628
79681
60405
95111
15172
47346
42607
24069
75107
63325
81222
69862
83828
74428
85079
833
53342
4171
66385
75554
37154
35466
46480
40661
57269
11243
2167
36263
66120
66271
73502
57095
11002
81390
44067
59316
30607
20743
