35895
81287
36333
23985
45542
92863
27834
77699
81580
72420
91290
81682
40283
23139
66629
90885
77157
4087
39703
91285
41717
2825
41177
17464
58580
45413
93585
31866
57377
11161
32653
63232
6849
97737
40680
56233
35794
22127
95217
6211
13045
78541
68276
71501
22566
49734
32442
80246
15922
58528
3528
94337
65739
55390
5389
33136
8509
40948
27620
39001
87745
6047
10063
73015
47376
67573
24300
40883
82018
89567
29130
45307
44293
6241
10506
95250
96137
38704
80584
72769
36182
95995
58895
82088
38655
25000
39176
32197
63075
37649
32085
11205
94514
80029
36627
3931
25881
69222
43738
23711
87305
20908
97527
37833
20601
32971
84133
5956
45311
77289
5496
47984
11145
39555
53110
99524
61570
33191
21287
52435
96755
86528
56509
32215
18083
26329
41934
48751
81508
61664
81548
80310
59986
72993
38619
25947
30233
55626
12004
52369
72571
70207
4881
72388
5349
45247
94311
12643
52899
94257
50113
75451
4285
52425
84868
19549
35542
72927
67806
5034
5248
19982
81498
38721
64280
60611
81654
24537
43670
54935
60679
11935
33617
31223
21219
25552
61477
40295
36464
11718
66111
91763
7850
43
71200
86272
55298
14073
98994
68129
72052
25031
74249
10004
82071
33983
14930
52344
70499
76656
89603
47393
67510
60839
50597
76871
812
86530
81481
39317
24263
43441
10820
39803
12304
75942
7117
13497
28087
72473
54454
43278
56151
12627
87471
82391
82265
48414
20108
67332
50632
95161
1366
80903
47707
7390
63225
47529
61158
21484
39152
5957
8051
5840
30962
24661
57873
69201
62382
41112
68671
28756
37102
78176
81740
74990
56949
19906
68489
39244
96580
45110
1121
63719
67122
57683
23328
85269
74168
75625
97653
29912
79605
49379
52044
12031
56764
17682
81456
34104
1117
7552
9684
81842
67405
19504
84224
16827
47635
11663
79208
55425
97345
32802
62949
97423
74593
78333
52455
73069
21826
2284
97720
64390
68823
68509
21311
58541
60222
74105
72896
4682
45744
28257
10756
98460
73246
2641
24956
47616
77721
34045
9597
93113
37688
4567
4182
10573
46718
41518
40303
53616
73556
96758
35827
58596
393
81130
99531
13383
3102
48309
12317
78348
35403
54761
42969
69080
29232
76571
49559
92662
17445
19932
70019
56681
88575
38314
76371
64825
3845
46437
79301
365
40681
49787
63480
58875
57857
90211
50349
77099
93351
35290
79963
20287
94877
94869
79652
30023
91601
23947
36362
74715
12780
1497
8098
49650
61114
38462
93151
79659
3482
28445
48008
55018
89544
58835
75002
64863
39893
20823
93028
44995
89853
91581
1285
59352
93209
88789
9857
97778
16701
31051
77835
66842
41303
18231
77308
58238
37514
92973
68755
12236
99601
86993
35804
73603
4472
42681
82402
75397
54816
85821
64281
29549
36555
48140
4113
33945
21537
81211
95719
36737
97732
72217
23497
36123
72163
71831
13663
49593
77185
30053
50703
31309
66119
68370
52759
50413
70163
58296
10368
42719
18392
82919
78991
92056
95819
62112
12585
34339
9759
97843
59946
7527
23078
69241
15331
57079
22046
71222
89008
4780
45200
18377
71613
38288
41332
57577
83944
53224
35043
14269
64933
85678
20504
17963
31648
509
62856
53589
64938
58898
63438
90274
94914
35728
95513
40467
62763
81303
11271
58500
39787
23806
73418
79039
63780
87494
11818
76734
83708
140
7013
48689
34947
56411
53335
18854
65943
50663
41505
42140
78758
4262
75139
54321
26543
98439
3003
27704
66526
65987
1355
29215
14071
18708
51184
14848
91429
36624
48549
74154
30264
97032
94320
9218
92318
42158
36750
53830
53522
98291
63757
21138
41684
84793
18898
74470
28287
6999
81203
98205
53425
39661
35974
31174
60229
95114
17623
28222
28208
82530
46877
40952
86816
59922
41037
77938
32128
18785
30734
32089
52422
89489
66290
28372
51859
48376
59702
87507
78509
39285
52947
62073
49313
44260
88118
94586
16301
94240
27871
58783
15128
5964
92250
56262
90858
70762
72461
45475
18706
42626
97796
97953
17806
69096
42747
71619
91509
89495
88372
57792
27181
86573
82412
78669
50055
38350
90075
67004
95985
55238
2147
162
74087
57723
49342
13319
28353
52292
39552
41524
27028
6757
7942
58667
47471
1874
66133
82803
37746
15700
39676
30334
93443
99606
17075
20934
76749
99491
47243
27205
36593
84638
46021
24863
86121
1241
24151
74780
34254
8516
69671
58160
56231
88495
38617
40723
2890
98661
46357
31371
55664
59679
78300
79522
54702
10734
63663
7314
33421
65148
96375
46489
4903
43174
40139
47133
27573
71107
25978
5325
70335
75588
4173
6559
36634
6394
30015
91765
37134
87814
90832
34233
79317
11095
61470
42474
32011
883
68048
31710
95473
60479
69839
57696
58692
32226
71111
89086
28696
47918
17379
89137
87031
32280
55082
44615
80688
49323
19226
25174
90932
92276
10692
87742
53028
70083
93640
88221
79130
81872
72724
14951
971
19619
39730
35048
68695
33839
50254
79369
18604
12381
61754
96881
60524
49215
87662
53400
69698
73425
52723
6589
37252
18616
50392
36138
90338
86290
92459
31176
84855
19360
78610
76221
56637
97539
40928
80730
79472
32462
2527
68515
72865
98564
87591
58666
73327
1747
93806
6333
2123
14327
45594
51521
62076
80184
35097
25741
43626
49938
22592
32861
7814
47374
46278
97890
30209
76936
12674
12711
40719
49700
4940
86266
42722
91656
33691
25855
63205
8543
73283
78600
46843
54287
39461
30101
74797
31321
58695
96390
31362
29870
26608
97792
16429
89899
33800
23048
20312
17697
25563
38780
73787
47701
8427
16945
69962
13558
55669
80042
49934
46890
63992
30958
89109
36792
13366
57
2530
945
63014
70571
57117
53176
59626
90518
56329
75031
29856
25609
82328
15448
44863
82800
72470
24839
38009
9025
63057
75975
82947
88420
85123
1395
72086
4693
29608
52073
1277
67287
71466
68402
2736
8905
76818
48112
46131
98277
17409
74927
50773
41266
8651
11148
8955
44346
9839
15655
98451
4067
31150
30430
77098
21552
35362
59547
31518
98999
22438
41101
78907
27738
16566
9631
81675
36390
42269
846
38201
63133
42478
71578
14986
74328
63816
35534
42161
28108
5957
3754
91974
22580
54955
68441
57524
88657
36418
77339
90171
58671
65269
37257
55940
98954
7725
70173
95091
32315
93244
55768
32499
56340
39934
80546
32558
97680
37636
83274
536
59735
71717
51303
48298
56970
43372
61982
52549
28193
88654
52986
75462
55365
16234
51075
64338
62963
62508
18702
47905
258
66427
95674
99287
93519
86873
46455
47951
25201
20815
92291
41584
3652
18919
26814
89235
22151
11615
41457
9642
86227
64784
77895
17155
6522
63185
22315
82827
45841
83086
63485
63371
12
66479
25383
36731
60734
79690
17931
6317
24027
6472
44273
83838
66576
43631
37259
49531
40079
51888
70592
9997
97771
10020
33046
23779
92189
41907
73470
24348
22003
46617
94346
63288
35809
64837
56766
52832
35046
85968
68767
6162
96881
55900
53037
46045
1847
9925
90247
26626
9992
94138
26240
92657
39031
68232
91901
91297
55677
92372
77209
1529
54287
16280
79688
98774
67635
64921
78513
21773
37067
38343
19174
44024
53727
5578
88629
92068
87506
46410
27073
42571
73080
16541
15663
77302
71828
45892
32398
73852
6564
70579
15798
11842
47101
54873
33224
40221
35553
13596
37596
9124
87517
91659
5736
50689
14480
68707
49988
625
49167
86385
33737
63928
45142
67077
56140
59479
20032
18580
83789
65807
13017
60330
97110
55647
58213
92710
68576
8933
68020
75651
89438
21894
54469
69193
55000
45212
41932
58470
76193
19745
14968
4764
2378
81547
64536
3272
25997
48839
8717
23937
25942
29239
59617
38973
19906
14871
96862
78769
76022
66783
68971
44045
52072
52933
8568
19179
56313
65632
75390
63259
42654
92860
5502
36997
97632
17408
5817
73461
35845
26033
44384
69384
81650
94621
82266
89281
81580
4429
62221
36439
92687
93690
87654
18431
59849
63809
14633
37980
19641
77587
85674
84711
89698
36658
77911
56182
47969
12409
95282
35748
36573
35291
85344
42341
69325
38296
80781
57023
80236
82069
75820
28668
7783
10059
49446
66040
22109
2331
79588
82780
90966
40809
68495
22877
7805
52318
47969
42785
70828
88151
76526
51859
10755
58351
96182
26607
54068
55827
48459
85899
60558
87907
45450
78716
8258
73986
33807
66671
91345
89976
20459
15951
99454
7699
1478
85748
66316
11661
29527
78045
28575
14936
51383
57445
75842
78685
90137
60386
17330
89466
81908
29161
35924
25068
84984
15093
37885
18767
7460
93023
19129
48821
91197
39956
80524
20243
15995
41361
1302
76163
21438
66132
2646
55190
58965
17161
83927
51041
72999
97450
78274
67784
97688
76850
48227
9974
67916
81423
95056
86941
98181
45496
35878
96462
95450
71941
4600
51068
55611
79346
47665
70827
47694
35846
82191
25237
52773
70406
59376
50327
97337
90193
78526
86883
48167
51190
85698
38008
82904
75034
19793
579
30706
22393
50560
15537
52037
19100
54771
68976
61536
20940
46010
34614
35266
44465
45470
43421
38121
33029
10124
24541
84499
95790
72356
26890
74176
82262
78074
75265
20661
50134
70939
56928
10010
83653
85042
17594
53725
28062
36022
99007
44913
18316
77646
80523
17484
79792
11304
60489
51154
7080
35289
35590
42301
14925
43644
12376
62529
18380
7383
57779
51258
63156
21000
1158
94268
39264
75636
72165
51653
72649
10513
34525
64371
80530
51894
31163
71124
42143
72670
52890
22148
70637
47758
2952
94668
33280
9056
27543
89726
74808
37972
10206
833
12101
30935
68132
14960
98420
87052
74939
45045
17473
66316
75270
29469
91972
32707
3224
14915
18803
54903
57691
36198
95250
55107
2529
30762
23801
4442
23483
63220
70587
84091
86254
56939
1152
36107
17526
45552
53315
19091
46918
12348
47488
4714
80137
55417
62551
54310
74378
99520
68625
94921
85571
72045
68406
2004
10212
95716
69177
84981
99440
36749
18810
4399
29562
61232
22140
95702
4742
97407
96578
28192
24911
47579
30992
237
5124
46549
88834
51030
84566
44246
30844
22404
85619
801
53337
28795
59500
50449
64555
42271
87433
4027
51108
9076
6872
37292
41400
21838
88508
1903
46796
92309
90098
23313
67975
53621
82988
68312
35697
70837
78958
33315
45553
91685
48730
21094
95546
40727
7487
70192
32878
82253
41754
72280
11767
84113
26186
18535
39842
41006
56727
31820
22251
80211
72339
96929
70375
67207
43588
73362
10512
5498
38654
63176
72192
77904
65571
77438
6044
77826
90058
66238
72513
43357
94400
76233
27486
64685
74751
46911
35527
49251
97828
60593
79835
47847
70881
30719
69470
93626
40427
12502
96208
17803
39787
2822
7340
2929
42788
43233
68981
11938
56309
36184
97043
4229
44089
82806
23197
23436
6635
7039
50578
48318
15027
25691
91442
441
55901
3697
48939
83314
70054
36522
30823
61272
63638
57079
58883
54163
17502
13253
54279
33707
83507
12577
50879
2468
25272
3018
9736
63570
60486
37209
23736
65912
95523
98193
33676
18148
88460
92616
65229
81389
56761
56950
13510
56061
50860
88549
42847
67752
7860
31490
15138
56728
71037
55484
55374
81864
22826
2623
53348
17291
48528
61787
32323
57079
15503
97454
4350
89074
64144
45371
34557
10348
22951
62526
3148
19890
17441
92827
62091
70804
81744
11499
79649
56454
49007
39953
23711
69402
94633
92358
95977
74053
79796
86361
60721
41456
57587
92574
53394
53847
9519
40781
59237
35230
23524
29129
72652
2802
60371
95381
77612
55721
21111
93983
33395
64277
18417
21953
17358
89926
42152
36342
6375
50530
26218
60948
98924
71305
41240
13633
70746
70798
66958
67965
33890
98360
7450
3060
13270
77586
12096
15560
3951
70569
99934
95787
14051
6461
30696
53845
38942
83148
22272
59973
67250
51081
59671
60701
68247
78971
4128
94642
719
1192
45002
47227
14603
25223
97452
8251
40698
16601
29586
11892
5500
29197
6933
86595
15718
24793
84198
94823
74854
39752
44589
31512
69181
85874
32777
70075
45582
1504
71624
13982
49622
59789
43652
32973
3345
42609
8735
5197
97231
63080
6182
34983
50935
45361
47742
30120
32762
32927
88262
77332
15982
78629
13653
27728
70488
27952
37813
72469
35586
25882
64483
86546
17278
35433
13258
87318
36916
82151
47830
44379
96208
48064
13817
51133
13366
39196
4969
18020
88729
97388
29981
74356
82057
47556
57185
96864
40763
1438
3906
14839
75662
96469
76359
56034
92761
34612
24007
18796
3612
75430
68488
39256
46525
77587
12610
35046
61765
20996
91830
57970
52843
99555
596
15060
70587
61973
30195
63235
59485
10059
18180
39840
10539
75685
46218
66554
37304
79679
48297
39186
86591
17594
42394
15401
38723
65864
11947
29366
85084
50852
97932
33974
26067
21307
94838
82398
19831
61739
54949
55118
3663
38467
45225
43851
21728
84207
31441
86354
34721
25527
75151
56767
79477
13655
4536
47091
92406
96805
44423
16991
32706
45078
48440
66465
9438
46945
51106
78073
23744
45336
27765
60904
50993
93866
31759
46888
24586
5389
49956
43991
4441
87024
70907
44409
52028
35859
77146
63935
16068
50894
67324
52582
95448
84932
58695
81377
25784
32119
62212
27629
42645
58231
24114
69290
77226
96518
80108
19861
37178
60839
91035
496
13132
70508
15663
87821
16616
92752
62869
22329
61064
88054
54538
80479
88704
5783
2560
42035
553
30426
70783
38982
43205
21662
23160
8166
89709
14467
18275
51555
63509
2594
18438
94400
27997
86569
88684
96147
30981
76815
82114
86309
59706
92934
21132
3309
45648
16453
92584
99230
59958
65946
26493
73075
46033
12552
22975
70821
14221
17895
21533
50002
39902
21413
31352
17009
38522
62532
28332
80324
57288
47534
25837
3883
58873
57839
49177
86119
15038
36706
95534
42581
78636
52846
58180
96727
90645
35906
87643
63137
28163
92543
9433
8857
97978
83798
83862
94504
61893
63235
75842
29615
51601
44318
17217
46293
62909
63364
64558
8217
63339
69750
22275
13898
75711
13438
38502
32541
43107
52109
13811
34395
21058
88097
15891
15069
13414
70894
63375
59160
89580
77153
10595
40177
27801
95110
46984
32980
58203
74536
65352
88217
88693
51797
41848
43871
98476
13378
34549
86543
1911
90906
67806
28131
97330
76226
37248
5837
46242
18985
5755
82225
28860
86258
91243
57628
96173
51284
93054
18552
51310
53927
44282
25730
70569
12857
25611
67887
10479
27050
54731
68948
62400
62906
46226
41448
21990
76151
39722
6498
62216
54741
51017
66263
53140
56636
3066
8092
38294
39489
90426
9901
87988
36435
10334
4243
18134
78334
58456
11193
87912
35157
17119
71760
47090
36648
51258
17615
38054
77751
29169
43471
60687
37324
30090
28058
85867
56389
84831
26398
2379
1752
39980
81354
39244
52087
74589
3756
75531
44735
87880
37597
85284
81041
23297
43808
4555
36656
80734
40858
78650
93595
63369
93102
52694
20327
90621
49787
10237
57675
25643
80934
2628
31343
91629
86308
50627
27033
59257
55829
18265
80031
10377
42842
24756
74351
72611
40833
74445
52025
94266
32041
30176
94171
30816
28700
69917
63822
51460
49297
67622
51758
77531
45887
62975
77673
46775
67372
44296
27989
77013
57390
44137
94830
91186
60641
68317
66383
36892
22268
51254
7364
21231
15028
77407
3115
82265
98041
46715
91222
62366
83159
93403
32867
68663
25102
95887
24878
79709
97861
96205
3932
74708
79007
68078
74465
18041
1872
10838
48053
23649
25011
29371
85029
44828
48875
61458
14753
40607
72153
60633
4114
98598
32651
83131
7687
7004
84214
78044
58828
30440
37245
96684
59130
6992
61748
67340
96459
13704
6957
55288
44817
88559
63858
52929
86660
88510
83432
35683
73670
25021
8788
89354
113
39802
49258
35592
93970
49527
22909
22086
77322
4364
44245
66212
6333
98973
91471
18370
51100
80140
13370
79340
37764
84240
44327
48640
66623
63571
77417
26810
41337
99010
16905
88093
27966
80619
12652
91857
49712
52040
75557
4288
38635
23830
89355
46771
1854
4420
19647
79709
70261
83685
81910
93531
83085
73889
51186
44121
76673
1128
91306
45086
47749
58652
60843
96418
34084
86446
86741
4226
70917
56616
85711
44016
30794
26613
43045
41868
23822
5746
9738
35376
1386
90512
90507
75773
6738
79554
79606
70231
3873
35603
32861
58090
2159
75142
12230
23081
69504
92162
48722
77814
1480
80293
59530
25036
12905
93508
11261
26848
75961
7501
25224
2841
31741
27737
16327
93731
6318
94072
64398
58108
96934
65526
66828
86138
77401
69456
19569
12137
2886
13071
23424
34323
97770
32321
72694
42681
34304
19476
34103
5113
12472
85504
80593
25400
6780
81510
26015
94378
42190
94948
16748
75148
26802
73399
276
32700
24525
70055
70941
40519
77496
82049
73176
52558
9458
97954
89526
94127
87169
28906
60233
96198
8660
34856
35990
37541
54127
87033
60022
38807
92852
40526
65236
28672
30600
92349
14264
25504
19268
59569
11387
90816
55520
83304
98645
71387
77217
19140
92468
90192
1707
97928
92485
92048
46101
97584
39426
95517
85945
97981
85097
46729
29250
19048
31518
18528
2866
27065
7025
78216
96603
58775
49277
8445
19763
27472
65047
62345
82571
14266
42553
98852
45122
69581
68315
3566
46825
8889
57418
69991
24815
36637
32377
73096
40497
50102
13107
75124
20655
93756
12271
8886
82666
42837
84466
46111
29492
53225
41939
16005
65810
98312
77884
33695
1486
3335
45825
6782
15420
36515
62571
14401
70090
57155
89243
73028
34573
73053
25003
66988
6878
92995
58288
38914
90900
94370
40257
86961
54458
90508
87468
73430
94218
99697
13479
50257
91185
71188
13511
32078
94521
37167
9795
66423
49531
11485
22788
64980
59588
44615
85201
60037
61222
8262
44570
19199
79777
29777
98864
31448
49650
90156
25119
76661
90112
24367
6226
18655
9518
92649
29190
71115
28920
2155
29909
77631
39699
80278
40086
23816
92775
33945
86459
77315
7098
69901
45935
73326
11006
84558
17455
83318
68617
56101
70573
8253
97805
83134
43270
43910
88418
37014
31513
84501
92966
64270
33380
49685
11698
8244
78453
8045
52079
18617
81192
64753
98477
54292
8458
42988
46059
11262
66362
82450
6185
37289
31587
61222
71722
96826
44461
46855
64671
23240
79750
33402
20353
94137
35562
74658
58028
81122
45015
60260
43753
96575
70707
22127
2391
72038
68852
60425
17126
4999
69929
63764
76253
42875
70385
22949
74067
81424
98133
17732
68576
62381
96811
79253
38520
24531
58025
90135
78855
75219
25529
4672
40807
62481
48646
15223
39975
86664
81982
53815
33640
40446
28048
48807
22252
132
1736
32933
40788
44113
64123
74892
72879
57945
58765
14585
44470
50121
63418
69617
68688
65775
25416
11851
69360
56273
97101
46395
31759
55392
57946
15218
79622
8033
32022
49871
20295
7882
24395
59403
97070
22178
35822
9337
25075
76697
81431
64368
82675
22091
5957
98233
93407
56664
12127
96525
50979
29750
94824
5535
44490
54977
60035
69106
93576
94692
21138
85810
31229
16283
70152
14627
23934
5321
27651
14323
48977
68740
38515
75751
14356
82925
71876
54101
93201
70801
73838
75466
46183
61674
44252
65522
8314
52311
20595
58774
74573
7951
2000
66486
82601
80132
72140
69728
15946
17448
87358
56284
36083
17644
24205
40547
28283
21728
44730
49143
66509
74940
55719
58519
77502
96432
20139
62607
72651
91150
64988
64224
66407
73701
91407
29302
41572
2475
76797
7578
14965
49048
77342
28428
49202
39169
14611
67461
435
74437
65255
49442
22821
13683
66157
70920
77793
90056
415
94830
37371
22105
58149
97883
71156
7635
26363
13966
68884
20900
23598
42084
92210
75098
36647
6023
63759
1335
26236
39966
42168
64054
53134
60128
12530
66912
13941
95106
44583
76072
61500
45
7477
8625
16029
32692
99417
48168
23775
94230
77266
84225
54566
7364
70137
85081
2608
83051
73501
93285
3878
73514
57902
75057
93104
34672
43303
6041
10932
35785
64247
17831
6520
73401
32136
86606
61634
66579
49542
83426
70525
17915
67037
82882
91063
47383
78706
2983
79658
86692
54957
14494
70651
17323
53539
99183
48034
36482
43490
90337
6408
18441
63033
28221
59031
95942
76466
84790
68415
64485
21432
78007
75475
64864
53511
31914
68449
81038
85622
768
76393
96354
64627
20166
72120
10946
50925
94314
44123
47110
72868
84536
44483
31465
82355
35917
47576
78021
15520
9604
62166
63115
49765
40530
52470
16221
39540
13611
42078
97185
14198
36081
71986
22224
57782
35684
39877
17973
91694
181
51196
95158
37101
63419
87504
53807
20193
30833
57841
72727
41968
83137
60670
19447
99521
9084
18578
47673
49562
39988
65124
84661
86871
1244
69383
82028
29790
20644
74059
59183
10234
57400
57644
94778
81160
3735
70868
5196
71475
56888
10714
16309
89119
13201
69050
2541
70413
2133
94721
61999
96508
27463
7428
81488
34618
81796
88247
49783
5872
93383
95862
98720
16395
37124
20622
65599
69249
11198
99638
40810
87220
87710
98366
79666
63123
53844
6951
24802
97195
99125
19039
35048
51885
46986
96756
43217
45698
19763
72057
55332
73093
26583
44109
13265
57951
11654
60966
88376
96251
12815
4111
68312
93371
24240
94442
79774
12754
54777
6754
79723
98615
14309
68969
19610
38736
47640
39540
82359
16391
72655
90190
1693
83231
60550
77833
17319
27843
74688
37304
53723
70791
58982
54625
6753
74049
61390
46284
33049
89939
89875
63996
82817
66098
23012
47861
85698
13739
68275
54368
92093
5694
73000
5795
8193
6457
12311
27918
82563
31373
28443
78562
20079
31668
64456
73796
38993
68487
14498
60248
78744
68839
48094
91537
42903
73534
87983
51053
23072
9636
46675
8422
44138
84797
10243
69940
98260
54064
74744
80792
20100
75373
74286
10569
74470
72802
82192
48173
61781
68575
8659
94381
58355
9537
43973
19832
72730
31391
36988
93653
41897
96904
38422
43627
64682
73267
3791
50540
96437
7868
9701
614
43765
60534
5698
12424
78229
96883
93646
8630
82752
94809
35880
10065
79599
35501
83004
180
2755
25895
9588
64722
90709
29215
79629
96563
8933
67447
94573
42016
40707
40303
5182
50724
38070
58665
68038
37271
43120
78062
7903
51165
42195
7905
62959
95566
74469
62584
22594
23850
41614
58213
23492
23405
68416
52171
8703
58323
63090
50518
2584
24089
90200
64281
42232
518
82724
71036
87091
49624
17110
2445
6181
92402
84771
62763
40818
7256
6887
47796
94371
56549
82995
79788
46866
50060
54670
61332
54693
49331
81943
88596
3963
72792
3227
33381
73272
18524
28868
83231
90104
91820
40949
51583
59893
57335
42035
22007
3093
50271
15720
10948
86534
20437
49358
47311
53626
95640
65081
47795
45012
38918
35161
19384
21402
4303
25708
5444
44244
29595
6288
66062
89735
41073
387
84101
91474
21406
27895
98789
21124
23337
41501
82754
13129
29397
63464
99335
80820
92825
94328
60408
85900
99125
27365
60719
25712
99285
18286
15117
85382
90109
89181
37523
46616
13272
8121
69822
93220
75424
73335
87823
22866
20246
28451
91545
92058
55290
16618
35940
54116
59352
66620
91376
58106
29957
22796
13283
45666
10672
34464
81913
89210
83729
90251
70550
85608
90621
10112
14904
69933
44975
47496
9656
46556
10685
84654
75889
54729
5250
1114
51928
92368
41843
75303
55553
51307
96000
52068
82164
29236
17417
8768
3145
59731
81443
79532
95067
9169
49760
86554
24464
75659
62477
64881
47713
87686
88903
79768
78574
19022
86111
80911
43315
74139
91865
75429
53895
27035
85003
28656
54710
51916
98700
98029
73406
8185
56229
67280
43489
57218
93420
11057
27160
33899
58550
24759
87096
72910
21572
58778
89796
38491
41794
59181
23085
13829
10062
85260
47789
70728
72646
29126
87655
91692
6114
7867
69878
76818
12588
69658
20942
53119
99285
2645
31414
7009
77844
20188
31024
58768
24166
40139
2968
48334
4481
31359
43721
92592
25600
36555
53912
66712
36265
67674
78354
15219
56579
70087
91560
76417
98364
15063
82098
49407
31099
16313
41629
36042
42821
40179
34134
63185
62747
42418
21847
48158
34881
58168
32792
68942
88520
1216
80724
86918
85282
30057
36984
13765
66497
19583
12814
54802
84760
94138
4399
3917
33023
42282
25517
55902
64204
23531
87659
75667
45334
98182
72576
92516
54473
77598
41433
37289
44314
25829
25139
26908
46091
71944
93478
5764
24805
42839
72530
91225
95619
26370
51572
3115
7022
75553
51585
39098
94533
47495
46407
47685
8239
71679
75547
45901
10839
33884
16674
92359
63253
63786
83009
83819
6322
9506
90070
90258
26426
81751
91206
99390
41268
70954
61576
67154
40599
45397
84042
62007
51739
21135
60331
21536
5159
63174
12056
77745
18333
61223
50099
45884
52866
91894
5807
13637
3238
59483
89615
21731
42200
36426
12482
55134
41051
83655
7756
44148
90388
59534
84405
9247
42514
25243
4556
18161
7047
23773
50920
68434
33284
8076
91292
47105
12080
83003
19644
87141
80130
91648
65587
83581
29442
66143
3504
23867
41775
33551
66882
82940
83441
65282
19068
34331
54341
4227
17329
5084
89150
97252
43283
96598
22314
96436
12585
85077
63934
99948
4096
37439
73710
35866
5654
91715
44153
83339
64581
43688
67424
79568
19447
76892
31488
88303
36352
55557
27216
28301
72068
49654
10690
15334
49138
39184
77829
76610
66914
16480
91278
8763
5090
57865
42273
55613
27183
13362
46267
70144
92727
11162
16161
16336
54658
22056
52015
71830
46840
82543
92820
71436
38047
92594
37167
36674
8523
39116
16621
82055
97131
38588
17692
51635
92981
25139
23728
41637
51485
48928
2893
79561
75566
93004
83762
10480
12512
60615
76873
10588
99299
25384
13150
60666
68461
96275
38991
37958
66054
33869
92906
93098
88257
72469
81139
15206
46863
41470
37073
93965
13490
56906
42039
71057
11232
44938
3290
9662
74745
63047
31728
9640
53507
97486
70528
36878
58632
83485
81451
80824
14456
48066
3060
74803
17201
26222
49718
81616
1851
28842
87115
31293
34764
13337
453
45852
26761
31769
61300
58569
31980
16838
54732
50228
22867
64973
51653
57847
21521
86777
22429
12366
51645
26997
82026
66581
42939
95637
2981
68980
98714
74621
96456
91967
98458
66646
27943
93078
66485
21242
84144
31536
2576
80336
58334
639
41827
84893
53388
86060
12074
73671
54797
60424
61443
24933
40306
76868
39430
48346
58526
82716
79677
83865
34665
48890
98592
68811
55144
49441
60075
75962
27721
20296
90484
99432
83455
40833
78697
83596
60539
55288
4859
87393
81031
93319
68452
74705
73641
30413
39157
8985
88868
57542
14236
72694
28298
64991
82870
88265
78412
77388
57050
73076
86813
92539
50652
60414
61106
89593
74373
71308
94507
65795
7833
96585
6915
859
7177
83207
95985
30179
33707
29626
11707
22798
49189
38958
5290
89877
31697
57324
32502
61018
37590
40916
37627
15079
59373
43632
89015
16275
67612
15791
9455
11589
90698
87463
26898
64622
11986
86288
85625
54314
93046
34505
79177
56357
87401
25984
55153
76966
33397
33324
72380
75942
2378
59378
98393
10191
6078
24391
71658
35804
62912
93526
93995
28578
22233
43993
57335
25542
65672
53345
67044
15792
24842
49617
36135
78715
17136
71245
66734
79307
76129
19895
91580
63348
28970
67260
70394
94676
89505
79294
79028
39678
59478
46408
52914
45628
51821
57959
25098
48664
92294
75294
93156
17380
33032
95383
78021
43520
58674
16890
84808
22480
278
13200
92695
37196
71725
82503
75822
99769
80640
22625
34750
49781
13590
41979
4605
83979
42872
91462
30464
93632
22221
76667
11918
97813
3682
21617
35051
90643
82540
92911
22911
71731
7861
19239
51413
45108
16353
344
96944
92466
20031
8277
7587
20363
4446
67315
91248
50357
49061
11985
61263
42824
56658
81268
94437
90374
65405
21203
20233
90542
9535
19137
99865
21308
37312
62274
86560
83387
28402
8640
2132
70908
45934
93303
80495
18616
11845
57465
22631
62372
54395
67245
2903
13528
43451
80573
65846
54172
35935
20051
84352
80167
55432
23475
32003
24813
27376
66431
691
36461
16869
30529
82479
16496
84412
64006
98253
6225
27444
41507
32700
37093
75181
20556
68759
30314
32638
64462
54513
34335
2446
41363
56324
53319
77255
98840
29960
63425
73063
89022
12886
7638
35135
13322
11529
48902
60285
44175
94471
42444
51662
80771
48138
78708
33499
72836
23113
83931
65562
62867
96023
95201
59763
19483
80376
58191
55046
49932
60970
93173
2840
7397
3518
7584
62045
40454
87797
86495
55464
94180
55678
8301
77176
70278
50287
47431
49756
61725
2466
74420
29732
93479
42834
39262
20284
4889
47819
20608
17914
46388
16199
23918
76447
46048
28915
89424
9998
42669
73768
89407
87778
93507
60597
87817
52194
99763
38903
57048
9912
24869
46848
30393
27186
53344
27735
8094
44560
98186
90640
9677
87728
97757
73915
10660
77671
36857
63959
91507
50414
98327
93542
1422
9370
35403
64114
93288
19479
35002
39709
22690
32889
22737
30878
9024
91972
30689
89439
78259
67729
16732
81237
73511
93503
13433
1275
17624
41692
60741
91987
6550
45638
18541
92879
37041
26860
63058
36220
68371
28770
21929
39293
99144
48668
26437
17364
69456
17885
55493
94702
15585
65979
70571
86226
63287
46532
40025
5833
31977
40362
66810
42619
29710
49888
11225
36711
24175
72772
76231
81977
24261
15216
89161
19860
36750
96878
82727
91293
13680
75514
86661
58567
16266
47100
37886
84998
84493
62798
96642
52677
66685
34124
69470
26649
3553
47362
70558
2260
52411
87388
14065
94718
30976
67028
99486
73949
67945
68227
88879
60365
93173
51407
83855
90604
9251
70314
59717
80031
15231
26824
16632
67835
85798
48298
88274
68160
427
96768
2425
97585
61406
7439
39998
53934
31736
48404
77125
47673
34330
78044
35333
74567
73828
55010
90987
94413
2295
95141
9683
15503
13781
82098
36729
8059
73420
25858
37770
93446
38590
80399
20128
46355
74711
65628
31037
42643
40279
43944
14659
3069
50966
79123
99190
37673
51846
20096
75440
85737
11545
29022
91918
94610
92983
49336
68946
19839
88977
22371
31397
61539
94458
28086
61308
53607
95057
32562
38176
35106
57087
93128
58286
6698
22721
75816
35963
75630
29476
78243
89952
93647
64796
26778
29343
94141
46055
17954
95275
52510
82862
76722
21513
10754
98044
19477
15345
45006
62290
44774
69984
40375
61177
69187
71244
77525
25162
30586
16291
79061
31813
15635
45520
39795
63983
93428
16333
21656
63123
15750
89311
10622
90550
58130
74100
79701
26492
258
13014
39470
12831
41331
58091
42878
76101
48555
58809
68430
85563
34571
94540
67269
30253
53186
58260
67946
38797
81630
73583
55482
79576
39806
84747
72967
56097
99670
16552
86738
64836
99524
61581
19290
62312
66281
77575
69692
46330
51468
59607
87483
52363
68818
93151
8446
84403
36029
76723
59609
44974
30546
26849
17124
74832
30032
62434
94306
31321
36764
4037
60267
51425
81740
33719
45043
22923
55436
50243
60257
22836
52337
67017
72605
92692
68606
872
41482
29719
19771
6259
84968
16336
97296
89253
70658
29203
54800
25602
80982
38157
88491
51163
58283
46159
12338
98970
16581
80707
95752
1194
81923
80612
28760
16796
26771
42944
7813
46369
67054
23216
73869
39037
71609
99899
92800
78391
99842
93652
3443
57605
14515
123
16375
15816
92756
28774
68883
3641
22100
96859
64483
52123
11602
48753
54653
51572
42127
6398
61917
87561
91433
85879
71063
66260
421
72761
72502
18743
41187
69878
52968
26810
52949
75414
24952
63178
48426
83254
74402
69817
93043
18870
49675
42007
19793
7116
53464
25423
91199
28276
79045
52092
39918
97160
94993
76404
98463
62390
55829
33430
16631
85930
69912
33545
97277
20583
29692
49545
64587
93433
78080
42641
50531
32950
98792
37016
20657
94596
91247
38262
56232
44953
45734
59050
59992
30914
53285
15957
62904
62935
75056
63898
11569
12706
62632
46983
10264
22999
44757
48585
42169
69860
43929
2767
66260
88468
89601
33678
15121
54887
94582
73526
70720
65584
90345
27976
50181
28657
13318
20169
44960
16827
10162
30917
31066
31500
26120
85935
9549
75613
30003
64175
50847
98711
73498
15481
86229
76179
1214
28858
70846
98828
39678
4920
38097
32867
24332
36832
81460
40628
78598
29241
40507
39006
64328
52665
49038
7614
27108
61371
38253
44252
24788
28464
63036
83757
71963
92697
45645
529
30856
13656
66375
11561
60752
49064
55678
43589
11125
52528
37341
83116
851
96181
11697
79680
49719
38718
13066
16270
15745
35840
35754
14065
47793
58846
54582
51878
71726
51022
58791
57564
80378
63599
16612
80319
67819
31241
41210
84206
48597
84156
66508
62494
20035
79446
52564
54141
20577
12847
4211
76911
71959
29627
76294
24478
96808
7276
97381
47266
73529
59019
16198
55162
35491
91508
68301
2065
2253
96404
11622
52997
18791
75957
96480
33060
82042
4146
19707
54058
87208
38666
55199
40332
10256
60351
69058
99984
92069
99827
23303
52545
91348
6114
41789
31395
70171
29442
17920
43806
85289
80501
98477
2063
64108
80782
4897
84564
59990
10625
89873
57936
72744
42125
40608
83022
11125
29274
31626
37856
39376
67836
99994
16790
81034
63229
18515
15695
53088
27723
24113
48560
60444
96778
34315
40584
42874
86068
23017
47895
92246
31245
86441
3252
20167
72563
11550
30795
89820
66300
96264
14640
88201
44518
97761
29731
64176
26169
86398
89452
62485
13942
48728
84276
98097
52562
18937
78489
36654
97137
15420
81108
4171
7770
69687
82519
99852
40480
45706
61870
30221
64792
21227
74489
1033
92653
84401
63167
88931
5393
60942
92539
76695
33327
25689
78806
53284
61911
93700
13829
58005
17854
26774
69600
92797
69263
6412
33464
22468
90192
87348
43770
54572
68794
34746
55443
74127
15365
37165
90104
94849
67874
56293
96237
33911
74708
17468
63982
46899
67498
10189
41744
15973
54043
18188
53161
84894
55991
26872
1892
43501
77269
24321
4743
65416
8575
50840
42673
40954
97048
18705
54284
66028
93505
31305
76410
23299
84000
22609
46076
38714
55594
37985
35023
14129
43023
7064
79140
73289
26358
56771
91455
9999
88697
45813
73312
88393
39225
52611
25262
76039
3048
68045
7510
31332
49410
27702
89221
90403
28113
23271
13294
81055
26126
90747
41036
78192
48344
71067
42035
19344
40069
77351
2108
29626
83759
81211
36965
14875
43462
6572
17791
8564
43213
47698
62241
26457
34457
25172
83770
78216
36293
33020
69644
65045
88684
3131
96186
1468
37084
86220
90631
90833
63264
75047
56197
88702
15699
66083
88458
28533
57608
51483
80376
24183
7223
4667
57521
98891
31570
92367
50022
90965
82438
26209
90713
84080
66502
71321
53944
48625
83159
64917
53702
96718
70244
22261
97016
35438
14870
9785
86739
97004
51797
13101
71429
71914
92088
3821
30743
12083
4123
23383
78827
56227
29145
91976
30980
42166
97248
34586
70331
70399
31877
61353
96225
79822
74465
53528
50104
20933
51800
69404
83394
1442
14051
11609
40077
12980
4859
85947
87219
37080
89475
36917
27118
32159
58455
86059
20890
41910
69619
4071
18496
94299
55726
2800
58923
68947
46770
54779
81817
53585
79927
74971
11531
53491
16549
6463
77571
67986
6364
60627
20290
13915
64153
8309
35270
89070
39828
33205
89895
90992
82807
44679
88899
40136
83496
92345
11984
98319
51215
56747
1440
50422
98808
21681
20742
64109
80463
82335
94091
66413
43938
98448
82845
85480
72660
24606
47962
69570
72120
56292
22310
81410
235
62970
26637
92800
41825
96376
15984
92445
42108
90706
75493
32281
3851
67536
93804
93695
14277
96020
97625
61541
35069
10949
87059
46663
33529
41744
90836
38755
86286
15725
40494
67371
2310
37993
97977
60148
80054
87347
33441
51972
60668
51661
30379
98982
32952
19003
19245
1469
54727
69598
76399
53898
307
33488
72556
26745
65358
90089
12226
42114
23158
14203
41197
87323
5232
59350
82535
81286
51276
57789
87248
87771
89016
44496
4737
31321
46477
97350
30222
67581
57831
71144
89436
78287
62837
66019
55240
45684
57417
40872
46833
79546
56525
27109
70556
10245
64839
30174
54231
88624
10434
87107
26854
19135
64553
8646
14712
25520
87925
66707
43268
61914
1698
54862
74402
99622
89629
23472
290
56930
41262
46239
26026
24267
47358
50201
16524
55431
53444
10000
93071
79946
34667
69716
80119
40698
10800
5649
59949
57069
92489
42383
91298
25425
37977
63031
92654
51750
20831
9127
19341
28900
81260
64536
40916
36376
53627
27220
57607
45653
73759
38650
76497
22334
65107
71824
56945
60587
89848
25093
69971
23077
55609
62753
68427
50036
85246
95433
70544
10400
95665
17654
95146
78539
27993
37091
80239
80210
7356
23133
33616
93025
15225
78657
29466
84611
47694
661
83665
52328
98564
91096
80003
56945
99199
92093
50714
56106
47826
66172
54126
97221
6862
87090
94465
19422
64383
77903
58738
27951
19245
56226
79465
58897
71430
8623
88516
66393
4441
95152
21833
26525
7042
4228
53083
1593
91534
28644
91543
88069
63202
85432
99297
75198
32272
60868
84754
92741
54521
86369
27073
73763
81186
54199
32251
33229
43023
38081
4516
23468
71721
49698
32288
5823
29958
52033
33891
15700
25824
36975
96506
60123
54270
7707
22796
73849
27675
59163
67782
33841
63169
6403
42851
94404
90465
47271
23212
86677
65263
52640
45682
55523
83339
61422
18269
64471
78093
13037
12073
11589
58389
70362
68392
96129
23391
59306
39299
44094
33532
53869
96138
88278
75117
97188
81647
55515
15968
34770
90118
19196
55799
13138
29242
68323
83966
84639
13791
77208
55992
32514
22488
40370
28975
17717
50072
68840
15985
44004
8873
24329
69209
52845
22516
45834
12396
89018
32181
16396
34943
25861
5185
65066
89952
68017
28998
85958
50766
37778
92682
80364
86803
20251
4455
19677
91031
93594
61890
99904
75364
10125
51193
39886
4819
90075
69072
86652
22673
72831
2844
81322
21260
46778
41023
59554
48317
69478
3488
89111
95412
97074
34764
40701
15927
26989
17408
21329
58004
15177
6204
34747
68310
72705
50942
83517
29131
74719
6433
25130
5547
21634
63529
67652
35731
27824
84736
9685
38028
71260
51537
38432
45434
66392
20830
34931
71633
26316
91945
94174
31853
91356
41489
69565
1132
26291
51988
75282
50330
92338
98417
30999
71312
95615
43498
22589
60896
83870
68820
57953
53102
64186
74898
14335
40514
22125
63903
91656
10788
39528
90390
80182
59603
58561
35287
43213
54895
25040
90870
4711
87981
21572
21527
761
52788
54501
15675
81191
93338
57542
35565
47010
51285
59347
95630
22642
44379
50279
38670
3454
45751
20533
23176
81633
81903
67254
29869
7897
65220
51997
69415
40811
90029
6712
56614
23477
53057
31399
33209
81756
29225
91581
6435
84007
66128
84382
64556
96012
59997
5184
51925
14087
81318
6767
11606
97968
93154
45187
42042
72
36619
17761
3837
67011
69260
41181
40728
50313
30204
50909
8035
15674
50431
88177
96402
60
73368
41660
19869
59992
17647
18321
8921
635
55499
83747
10245
22710
43028
22352
97851
60329
66260
46253
56314
69288
95036
93136
52856
29399
91187
81054
57979
89647
231
48117
56009
91004
96657
65152
47917
87629
54540
6270
44789
83288
73609
18273
16224
83076
87808
1623
87130
75257
92527
7905
15241
70113
55717
56245
13563
63677
70323
20440
97685
643
18152
92064
44451
86554
88650
4133
50066
4666
53495
50767
31335
37490
7984
62117
82672
98911
73774
32797
94819
51020
75571
22423
43318
54817
85393
83469
1846
10842
3529
96673
74215
14080
33447
241
3843
21428
6692
74619
14339
93591
87622
43547
39871
42450
92034
77361
19757
10610
2637
57388
2887
36005
67582
26778
72266
13036
91430
91426
89239
54977
74450
42487
11528
81294
84455
95100
52576
7510
54560
13771
55677
66515
78981
53909
46428
92437
74454
75038
9632
54603
8261
46562
53945
85527
77030
79736
82101
66460
49844
16229
62595
64492
83339
8740
75802
33879
23030
27419
61091
2708
64672
66696
36248
38943
98329
28069
53626
82978
39574
88651
95059
15919
5950
81539
47125
81701
93219
77000
17164
2965
22469
63567
50165
5908
61355
86239
56951
63469
97340
55467
81590
36875
23035
44132
40145
25939
88802
6692
43042
39341
30300
3193
584
81259
48873
32672
63472
95925
19536
10037
71285
26645
85878
47477
77004
97589
37419
73351
55636
73735
80309
13494
87273
50771
35843
86814
95839
19386
78675
80240
90181
38091
76326
39087
86144
64493
63733
51918
13586
94601
37076
38642
90048
9701
26537
57643
10122
62385
47060
96942
74826
70681
21945
41847
67018
68397
40411
87939
84472
97309
4101
62337
9949
63562
63433
40408
75790
89925
27439
87000
34056
69833
46481
5395
64231
31243
64566
73868
90463
30083
79430
35238
12020
70632
15694
29458
80803
28664
5540
86330
1907
85096
88271
42854
1406
75064
89265
57623
34658
8775
18673
39646
4149
51070
39155
27931
87719
47452
12185
66348
64868
57797
92053
99519
38503
9453
7875
55672
49204
53250
64843
97811
88477
78307
89951
23077
52936
31647
99348
56280
11254
35733
95425
98217
83848
33884
70780
68882
80406
92915
12017
56376
68213
25734
18146
50939
68876
5457
24254
96951
9303
54378
78343
61906
8819
66012
14601
45237
54168
31064
12434
5444
37419
91523
13597
74281
40717
97039
36415
59467
49990
32197
80430
91310
73284
32521
21729
15955
44770
77517
91071
56292
96724
3381
94210
68438
44028
81254
92781
68369
6865
58759
57878
48363
59124
83241
78353
3588
73831
36231
35277
22911
35137
77928
65383
32752
82253
37698
69886
3431
55146
44124
94203
71917
27346
127
62062
37431
80998
96070
12460
90481
77119
71992
76987
7926
69903
31499
76719
91745
19366
36309
36246
72297
23154
15952
98252
54560
20064
63981
62521
50332
25726
94315
30883
11990
19036
92166
5372
64393
61877
19220
72382
56919
42689
35908
57669
72353
38118
38765
99594
45357
74381
80819
1462
70730
88720
56533
76540
36139
3728
74765
35754
33296
26560
79142
81743
22407
74158
37985
61152
27863
39825
92003
9195
12669
27704
45746
2971
29623
81252
31814
81465
88707
73173
26435
20491
78098
34785
8931
66362
86812
24273
57156
35531
69536
47603
20840
86140
2662
93760
63455
99684
69651
30636
19899
41189
48340
68196
75582
67393
63164
41812
78424
66013
5789
51081
3287
39298
19288
35132
67306
83791
40424
41463
42522
19133
45516
45915
92088
93057
27960
69046
52917
50072
75132
5991
81664
31309
65159
15166
33323
91024
10262
41219
19585
14434
51411
18078
43876
86262
68167
93471
62365
86231
95416
93833
93486
23104
31521
82273
40187
52098
92357
41157
6730
61843
81955
32996
51151
77185
5773
94935
71991
52970
62145
34854
79121
36063
24644
61531
20821
9447
36321
54313
38126
88618
16713
50643
13832
52746
5608
6745
6215
27619
4282
95447
17176
30096
40233
49457
37851
50550
25493
53042
27412
24579
12486
40226
11885
30496
76262
25895
29769
21441
8140
91218
74250
30404
49306
79012
36107
68799
11812
59289
70507
16809
94731
38875
32500
3699
38903
86210
70983
95696
76456
926
82477
19420
65859
15977
40754
67975
10511
76644
15646
86953
1679
24431
54271
37090
56384
67424
46515
73300
49435
16776
2558
34182
47001
90732
29833
42308
92241
68709
69752
79837
25410
74080
86433
83925
20033
38038
48815
28024
47618
1763
19408
84272
80216
52483
77279
358
36694
99655
20626
51112
92053
4168
17375
98241
20531
5761
36532
61188
50671
4053
59560
28399
89993
28815
58916
31438
94119
23833
48795
39873
87524
92144
26649
79969
78886
44759
14975
55225
3032
42997
75376
12079
53818
78218
55643
32493
89340
2894
14979
28601
24623
5010
52380
1260
7031
95277
87094
29896
73406
88536
30375
29383
42650
42512
27873
63094
88334
37396
29048
11894
88341
30775
12279
24121
2811
20219
77871
93521
43928
36146
44875
14245
23455
24044
81936
78690
85401
25577
53382
53538
83440
3531
45658
87999
82030
31246
4536
52279
16405
8623
91089
89714
16886
73258
7861
4360
63063
73845
91297
13371
86202
42973
8711
16277
96005
48280
71500
19900
33988
26691
39549
73284
75479
54236
26473
84641
27996
52342
29732
5033
94512
53542
2607
8582
59272
70365
88575
19630
5026
96074
55011
75620
33247
80050
11177
60197
99840
38318
9822
87817
52379
38618
96415
52895
67116
61010
75766
83616
4217
14942
49997
39383
84262
73467
148
1038
60536
65283
49291
17444
85355
80196
8034
17569
86258
57515
99020
41675
18269
82368
37361
51158
8440
1478
1152
3932
36369
23559
65117
10278
52207
64202
17687
17948
14394
23847
51004
34395
63467
67660
87539
98941
49526
81353
29330
26638
59209
29174
16721
89507
47537
11173
63198
52796
14496
16960
52954
22550
23201
58712
46084
24623
77349
98927
53589
51206
47440
89588
83874
397
64904
76312
65676
7580
34418
22670
7167
30684
56555
52769
16536
36624
25481
15159
46289
94420
2221
44917
21272
16317
62712
27619
76898
2449
75649
37822
65448
98064
77708
41488
51052
59942
88
88747
98985
62111
24071
15733
51658
97969
58292
34796
25975
74329
62529
8300
52096
65670
99782
55739
86934
46010
83055
56846
63353
46832
29121
7354
43704
16876
82349
34565
79850
55023
78995
91337
97227
3497
55669
1259
57654
29448
34282
77336
81536
38510
93992
24491
34643
41780
85213
81127
62950
35923
86967
88403
11125
79227
19990
24965
13463
12979
55625
62897
77563
25488
11743
27264
33505
80422
24700
90243
99182
70656
85870
98359
97479
77804
66596
81622
88259
57329
59914
61392
24821
79883
72237
49501
32600
17363
23133
16400
40187
24997
88361
555
87288
41402
2460
10322
86248
5274
4470
78548
75110
32107
67375
19195
17052
11838
96935
2907
99097
34036
45331
32218
27363
64038
62915
34489
7316
68655
43280
34928
32706
20816
71550
23364
27923
35431
54689
46045
12529
11366
66837
45453
12958
11781
11774
85106
46037
9953
93538
31004
74403
19540
13129
88693
32093
93352
78794
99977
99090
46147
91804
89399
62634
97424
58669
37131
6032
77462
62434
2413
85264
67627
14536
57155
38702
21366
33814
63238
34625
21286
1230
18727
59818
85086
5551
15323
98799
79362
74618
85977
64805
89269
37817
67848
33418
21049
25711
46362
90932
98227
24738
3500
69800
77114
94481
39257
91839
43530
76726
55185
34596
54692
85115
65967
61620
99121
48926
47709
47956
54676
38379
57204
96621
2896
1311
55264
2425
47105
63286
4958
71054
27744
86827
82355
19025
69602
67931
99448
7397
92477
74439
37017
272
69734
59291
70301
86098
49689
8901
29543
39488
89393
30711
44074
52143
40358
64272
36584
48408
22733
43631
63193
23735
87869
45690
8615
539
17762
97495
105
43921
76288
98811
79144
17191
20772
85043
425
30932
82502
68959
95926
55180
44456
33549
43221
81356
89903
11616
15867
60024
91559
61230
44286
9260
3246
9
45210
96094
73233
49877
8302
46733
10920
63151
763
51868
95394
22541
66771
6654
27231
36302
36148
33494
58319
61630
43086
84356
76056
7237
28554
1005
46602
87845
9290
6589
7472
55601
38991
39696
99609
54648
29017
5813
66087
28188
58824
63869
78674
2972
35741
94912
53128
54882
26262
60048
89262
63142
88213
89869
4519
29892
58874
27248
32231
75959
27566
85161
56739
74218
81343
32986
76190
51180
49718
64573
85896
25997
71302
76604
70285
85371
32585
11952
75710
98274
99997
59632
77195
79576
73570
24098
25152
93500
35391
7302
27214
57488
89669
29494
384
40398
37344
23244
38471
74962
6745
7028
48375
82203
93024
95233
11117
18977
95497
74059
75307
47736
45364
30856
85989
31893
40192
66383
95426
17309
45822
42618
53328
73329
62738
90751
63582
10822
59276
96050
59084
75117
60988
56363
49004
20233
71328
64165
55163
17072
47539
36448
93885
88219
79976
90429
77855
71080
51070
3827
56294
74855
61443
3857
77036
65807
56071
12853
66882
97511
6290
17562
31127
17406
69545
19338
10693
39159
7084
31311
6618
17439
63355
40444
25910
95713
83423
49401
85538
34032
65393
78285
8508
64144
75802
8688
6134
99076
42801
2947
19011
27721
63931
9589
46964
25783
31638
4969
56423
90065
58473
31035
11860
45157
69555
48650
64984
18328
6824
68273
18818
71769
13088
63620
43748
30108
91996
35519
10908
76857
54927
74472
95118
69376
12662
96237
92018
42158
17126
74382
54473
59345
52554
63690
11998
88268
6655
54155
92200
38641
47076
42927
22903
45954
14588
71187
80300
52995
69276
92635
19168
10562
29442
75654
14020
93481
92464
77689
88420
5699
46177
69542
20283
78880
42758
58553
73420
27442
59871
31252
18700
50101
46223
55847
17084
71064
85834
59006
96353
32640
78182
99233
90502
71062
92161
3110
6984
95233
85826
67387
73440
78362
64018
72443
26482
23900
24694
52642
22484
82431
39528
73416
37887
94529
33809
58823
47739
70033
66054
58744
68388
96760
45580
64305
62193
63653
32927
65239
35457
92624
75428
73887
84462
65787
3429
25430
8041
26373
95414
14060
37328
15224
41541
40193
24362
38645
48156
5286
62302
37371
5215
37668
98476
86809
16257
68330
1532
5497
6675
17029
58961
2491
42814
17693
19437
65835
44872
77081
52925
20431
28547
8776
29987
75474
62390
35595
99295
98056
26607
86910
93111
34316
98413
21235
11004
39862
94814
19851
53103
34621
43384
76947
17825
6791
88515
46420
95421
27950
13468
30857
9819
42571
77113
89554
39247
83368
9678
22114
6225
65886
27045
16564
64537
10778
31350
68529
18500
89561
43106
15230
4180
20207
77601
78064
45521
4960
91825
16140
80741
9647
63529
28650
83719
64360
98454
15136
97111
38748
71447
23634
59729
49904
41425
52357
55374
35420
31687
6567
32018
55969
46499
87786
86312
39384
55679
31851
56712
3673
53539
61977
80873
15771
61932
54872
94593
62860
41833
34467
9455
80683
34824
42725
30443
32993
41049
75442
4624
82071
71572
17030
27941
65090
43897
99308
82359
43260
22155
20590
46829
42865
55007
25808
84885
47964
36449
27457
55103
27248
98386
60225
47725
56222
22809
68545
48297
29143
24771
47006
15269
15725
51002
87278
51611
14694
46652
13853
4405
14230
67662
65240
67106
62871
793
58779
12151
28318
51955
39541
83857
33482
21731
85094
65272
67629
68124
82620
71920
73341
64273
60279
78433
8326
87018
54618
30527
8814
30795
15521
96392
61628
83145
10058
20897
25473
79150
9580
85567
53649
97715
70528
3998
92422
58639
94120
1008
95960
70647
51897
10671
97084
41372
13267
1055
36722
37856
7516
60928
71288
30772
72660
84198
18305
44987
37006
9941
29196
82154
18155
77660
59079
94287
14599
86008
54934
22599
30602
72328
52094
69054
44726
28273
55389
36107
70078
83793
5190
42593
11390
26007
29225
28113
29346
86734
61948
10061
87473
1306
10730
25985
77526
40645
54626
61215
38270
29051
38303
67955
41789
35646
12203
85601
42091
71788
72922
53804
3686
38372
77468
33609
79237
23205
58888
92858
57531
43527
17982
88606
19999
79948
4357
20634
95939
61751
59028
48372
5910
50745
37834
41606
61143
92786
86530
86948
41254
70892
31042
16855
63054
76778
55117
69211
3701
60370
95176
33461
45531
84428
7514
76930
7815
53771
9523
93681
60556
45697
6984
6314
40705
53177
50355
42368
20631
16949
45785
67983
67063
23246
3459
19633
6788
70351
16708
26303
23250
9260
33376
84515
51109
8365
47750
78919
37193
69538
56989
11454
64401
25857
16021
34770
23496
32423
88733
57238
94643
73799
18496
91666
4029
2807
40895
36735
49192
75674
98090
43879
69871
7918
31528
86380
34042
88694
39935
21339
60149
3415
19940
51880
47662
77020
50416
74639
6597
11131
67886
28086
43789
27768
74497
30950
56051
17262
45065
16053
91588
53979
21495
81454
14327
24658
42724
46677
9366
99407
26870
27329
39649
70791
25765
85921
76285
35062
81934
74746
1146
88007
58668
50928
97440
70718
99861
29476
71611
48326
45102
96944
37715
89846
52661
90023
42023
97665
8013
26864
31159
60572
71842
9508
43074
9102
5442
20067
15247
2564
29920
85168
47629
50805
4027
77556
1050
13573
36069
58404
16229
91478
33558
49512
3430
68196
58472
72623
4579
10240
15549
83459
79924
68281
99501
1794
14054
79987
56518
33446
72853
78401
17977
77060
88194
10419
20126
63100
16697
21670
650
69256
33888
40657
21698
9160
1732
24611
11276
83838
61046
70512
9520
15848
66896
18998
79757
84097
51351
89192
51974
52410
88082
21848
25371
98181
90954
85375
8552
9291
50300
43464
23337
28015
72130
6200
43034
29905
21760
30200
63138
51637
8057
33247
83856
82685
44854
3460
14940
44613
39823
44662
270
42395
28661
5194
54825
30414
45801
93814
42654
12156
10383
40061
66178
22558
80324
79763
81167
71494
64312
93752
79738
16806
57780
10966
65152
78460
633
82418
72858
40228
31584
85787
57959
55326
80897
31794
14354
40820
43350
58696
14178
80163
88189
88335
22034
88139
40845
66410
85320
98970
48626
74805
52049
87261
18536
54102
10218
93192
87682
5521
96327
24411
19846
95862
77370
46750
12965
47352
52446
66135
37910
32114
9460
49826
77124
7251
28883
66854
83529
66718
45855
59795
41575
43929
2347
19290
4760
56035
92379
32507
29143
50706
77358
79090
88178
8534
97418
91946
69018
70896
74137
48654
59652
3623
32293
63022
68494
71073
67452
13662
72755
65298
60445
10148
37446
11563
64150
77698
63151
35805
83618
41686
32769
14302
51269
98052
90892
60820
3213
44430
8284
37239
40780
16747
99801
23817
13955
96845
9776
18253
90738
48510
65710
45499
14129
34094
30472
87265
33348
79639
54078
14033
19036
10185
42132
60355
53773
70853
66865
29190
25824
49158
51053
76485
85597
59672
83493
69222
22736
27070
37119
59718
13629
21870
52039
38311
79175
42214
76453
44831
32329
97163
86349
33140
3347
14653
80720
7047
59961
2323
89601
92523
3119
65597
63427
93623
1127
37642
45850
36648
48779
8187
5997
43005
595
95938
87856
16340
59958
5148
22952
17665
8517
46764
86901
55946
82464
38794
64920
91819
12196
41488
40628
75588
5856
52824
650
96866
44625
96256
25425
863
82109
59331
92361
58373
83387
87896
90563
26281
43770
24194
87497
52354
57232
22483
3976
64953
63843
98870
80387
48486
69981
7008
38042
39999
23395
80791
96327
68078
1899
22450
19994
39793
58001
14533
92535
42948
4911
62230
1545
89499
56969
92072
83344
31911
47562
19987
34978
86
60467
47886
43218
94215
69220
56134
17281
31020
47192
35340
48260
82851
13525
69957
70722
63164
90281
39586
29503
19714
14404
22337
44545
62215
2360
48807
79254
51783
9338
17324
7037
81570
18310
20040
42717
81498
99184
37315
31747
2567
4142
24183
9722
19406
24234
52603
19606
35811
97755
79198
68154
34292
15615
23080
16193
40525
24909
38789
16274
18181
79212
75154
39742
98868
39610
70989
90787
20244
64256
42233
22398
95879
81635
11599
93926
75697
14283
30809
25725
29667
87588
14291
53580
89348
97274
26
50675
88303
81631
41916
93895
89264
8507
34516
12255
24892
84879
7149
76053
56622
65016
34490
14864
98752
10353
19404
18563
50639
29437
38389
82750
89871
96207
96923
33299
15626
4789
65081
23853
94213
6893
56785
18054
34390
65067
14526
37129
71066
49424
30889
92551
57361
69921
76357
41360
70073
46537
51065
191
26583
87198
82159
56283
14136
17171
41116
88647
51351
71022
55072
32210
7632
93299
51317
51245
90178
25068
17674
96307
7512
20824
57394
42981
22911
48615
25581
12813
2724
11349
97939
73189
78350
5787
45086
13371
22519
20177
82754
23030
64059
8657
40668
96814
96063
47051
45296
6677
79006
53008
39049
77808
30381
4434
74460
95632
70450
44965
8891
21983
18818
18381
38239
92831
91563
55959
49681
32742
94296
14370
92364
15075
14199
2293
97559
6028
96713
66750
73338
81227
99800
87502
11819
83620
4999
54728
5300
92466
74491
63366
14836
2496
84366
61233
62009
21478
58362
95151
60893
29095
86595
76251
35775
57395
61958
36627
2893
5715
54937
50923
88222
35669
18863
47082
72807
18964
43214
46064
59510
32804
11347
29625
20139
51957
21656
86052
42488
68035
47595
14389
34843
31154
30052
76613
31655
90437
33727
38017
70157
55427
25773
88037
47085
84614
12622
92952
21736
91121
20639
43980
4622
45819
7886
13068
46137
47062
46261
32956
66873
23058
25713
70733
88400
53905
95074
82865
90760
8479
93135
72047
35069
38356
14463
5969
34981
90833
88907
73289
51895
10354
76338
46969
43760
39295
45863
90257
38056
53366
44460
31287
54429
79121
70924
32329
75451
96852
25064
43451
32722
72380
25887
12830
87807
36911
37837
93225
63074
1539
67980
90896
702
44353
86026
52303
51015
81011
24333
666
19495
24568
65086
51147
82785
54184
49608
85369
89499
93039
45999
70342
69442
7916
14443
21580
8739
47080
42503
50272
99120
85228
76442
77941
4688
97246
420
14031
72430
92140
3869
71074
98221
48877
77036
65668
83594
81601
42981
41106
62100
81234
50994
83478
90891
85250
91947
73584
62313
44838
5041
62582
91006
10725
77367
306
71658
53627
52991
45297
75431
62986
6323
98935
87337
84253
16339
55952
53785
62972
43055
34875
85402
55028
56321
86354
98852
42575
84795
77401
51616
46124
62839
92934
26706
12625
49005
51066
74116
50670
50943
42026
32299
99157
66864
35610
31215
83501
86803
79016
47977
17920
22651
52752
91448
33810
63280
89607
67115
77785
82267
88888
68788
71348
52175
65816
48227
37121
9023
39378
86948
92358
84764
74710
79587
64813
67533
75401
94286
41354
41426
76438
19502
81530
81578
58296
17407
4636
13963
84061
88998
2331
95232
60633
58406
74253
77650
23795
12159
35937
43903
64466
85706
5125
80140
74089
1161
66750
58169
12549
12742
18117
37871
96261
14683
10378
88504
42696
96201
80090
4772
30832
17979
24026
16677
55531
63427
69549
89621
84844
22902
192
43666
38875
24695
30913
51983
61288
85937
36353
93938
28152
18515
55731
75662
20942
19207
68182
51566
95238
20179
66879
54814
52370
6531
85152
71997
90065
58787
9694
16708
78400
75164
49312
33586
34581
7695
95582
94131
3446
81347
74566
47332
13187
47083
10282
57141
61334
69682
96915
66072
64111
27166
13696
4985
22735
19576
55229
46102
44037
91947
64760
87565
44167
35640
9989
98068
97315
90799
73325
36481
21981
99194
75640
76335
33025
15589
32789
86627
60539
36676
41011
85276
90385
84941
62052
23024
51056
82077
72188
4066
42793
68676
64533
59543
16306
58658
80231
84492
45244
21506
33877
65177
67829
19116
60028
85281
62089
58233
70599
12518
95974
33692
62754
9113
14094
63951
93936
46413
65915
26605
37195
89689
30378
31588
5806
7799
99460
9926
97538
15994
88616
58078
1491
96310
57943
50969
30004
37373
35455
1044
8626
8631
9802
93260
78774
25464
81129
9652
23531
26475
1734
53495
53051
64914
44735
90726
24540
62833
19473
23268
87392
45823
35474
81901
68410
85734
56642
75828
56167
3970
6374
43461
42232
51390
76709
1798
68809
49927
41695
13071
45588
63574
65849
83190
31885
22454
4754
28443
24300
30978
44061
61312
26515
34534
1618
48113
29771
34634
49544
6793
13478
94547
90160
22711
23040
68171
5488
75323
30480
79413
50707
41186
77840
62940
64563
35815
68761
97243
89481
62013
98262
40611
14998
47464
20181
76271
13132
14588
77094
1856
21145
25779
79564
37923
62333
92376
86289
62253
12040
30592
32376
77754
67984
10574
36938
47354
23359
51854
32287
85843
69731
12175
19803
58653
50556
18471
19967
95003
77671
12659
65012
78163
12880
62847
43239
91295
39090
68406
50461
3349
95082
91689
278
81394
43123
58305
27950
63236
32537
65529
54999
81261
94554
25384
9417
90149
86619
14932
79961
74808
48740
32967
30091
95542
11691
36444
51643
95654
3409
82594
13760
84680
8249
74548
43351
16373
92359
16342
81815
35023
7091
52726
22355
62408
81488
72377
61615
14597
99051
15406
83108
50366
49669
36549
88183
57005
92273
4057
22455
63381
44094
24694
70123
39161
9817
16045
88129
61991
51440
49505
2659
85479
4871
65098
12538
66692
76462
74868
89888
73108
11566
76525
77168
46909
72799
78324
9758
36028
54059
9962
46917
96568
2024
15161
51900
26240
93659
45299
10370
26248
89654
24636
95098
39051
99131
93748
75897
37841
81998
28874
21000
23382
38306
98478
72259
67869
4561
35078
70880
7794
8601
12724
11416
7482
44267
16759
81325
44703
54740
28807
66446
18331
75160
41205
35290
46312
79447
9227
65290
66834
47149
37091
68526
53287
75059
60060
7627
20521
79389
56798
46089
57860
1084
30385
8976
16615
89719
8491
61607
23475
45703
19913
41784
34613
52227
61739
73261
14672
77887
28906
78532
82892
18593
45431
68555
26340
25011
89728
55859
96503
19542
24377
84339
23329
28920
1016
15945
98875
8718
73249
16770
88551
86032
12287
96810
39406
81109
72491
67424
38772
20059
70262
82062
45055
95820
53705
71694
35845
68380
93875
28191
96067
63483
33466
29723
63211
98266
39866
82794
44516
68559
80192
4540
69955
66337
41822
85701
4868
36450
21425
68011
68052
39859
61492
68039
36754
35878
54370
85421
42015
57887
74663
92244
35069
97578
98361
62827
37671
17124
87329
95158
45782
88157
75923
7597
54594
88781
51082
9091
73398
65786
42543
98535
31412
64410
7684
47621
26970
40047
12627
9840
89769
58401
78878
57257
90752
24090
73322
80425
79576
4542
21704
28663
95569
1442
76719
55900
44711
10573
68032
70602
89016
72283
2026
81258
98591
32520
57682
62712
83611
86560
56395
23645
27740
67111
69466
99410
83370
31686
93740
22440
48654
58531
72968
38620
12116
49547
60259
74044
28575
99632
59929
17397
82828
57614
27041
85583
26553
93276
37526
60264
99706
13141
86536
5582
90389
1239
17963
42859
31475
1215
37059
8484
81817
20335
76733
98929
58299
68661
16213
22297
9895
19661
39096
3376
702
85683
80233
22673
98370
11449
12380
6741
1500
4526
14044
23232
71792
53428
48825
1144
99090
9608
88859
4970
34216
41697
30931
15377
77246
84361
46206
87119
18591
19563
42704
12378
20314
81054
67745
27294
17939
6347
64350
86969
6208
69471
29018
72052
55462
38318
50998
79828
98687
66699
54669
59012
37117
42036
88567
31640
27036
40216
89920
27079
63102
23640
93749
83411
26451
46014
52248
61271
33914
27982
68484
52284
17461
6409
99867
32146
2317
92394
41665
78932
33525
54138
20304
70778
372
90675
6966
6636
80795
79455
8990
86047
12129
65211
46263
6364
31883
78342
61664
98477
16490
835
23381
40556
46091
29364
96468
63097
51091
25716
1196
13213
43132
33412
7276
95914
12085
84759
19169
60434
82030
1319
27439
38311
67135
24739
65312
25665
88796
32478
28387
16360
80555
86954
71454
58962
16308
7889
3839
10987
65837
84924
24327
52332
88591
50423
94295
28263
82283
58272
31418
15830
84955
50055
52951
88993
50302
22183
28943
90979
79994
43841
62884
53462
49098
86333
59417
93836
9145
5489
27743
29415
98675
88159
52869
96670
29704
52269
48929
47703
16355
28425
88769
35010
63995
42417
10502
57781
19243
94477
83685
46676
38608
75681
14791
95878
74088
21699
15835
70477
68597
82764
55549
79811
68275
3886
91916
66688
54671
83957
8569
22071
92057
26062
80509
51562
32661
13919
39419
21836
63611
53575
75703
59483
15271
65894
38998
77042
57170
32479
79911
13138
22427
39979
92813
14279
78121
8194
19312
38368
96809
67399
11726
91708
93683
59214
9946
85450
60332
70833
18233
96326
12172
78345
2650
96667
93112
84640
89226
76860
98913
38325
2327
32441
78770
7893
40914
41382
36718
88931
30382
53308
79194
70081
79458
34471
75833
18514
49201
32717
42577
34566
87890
82559
3559
78652
12585
40151
57408
54772
80029
43621
84036
77195
65691
28667
74048
84297
45055
9995
70000
42220
18940
4436
62142
81899
63332
57551
48744
75742
90812
52930
99008
53165
9856
46759
90691
32880
24159
77409
31491
5890
1479
6728
18206
37998
92141
41846
68782
66434
23949
40487
19585
56536
52758
2032
79592
53108
97261
52561
