89691
52475
47657
1754
94113
47693
71813
15687
76503
72394
56992
70362
70513
98840
37614
10978
56057
94348
83292
34481
68695
42546
94101
32125
72168
67521
31643
28654
63629
61420
47729
38935
85617
37906
99773
8316
55016
98544
72512
4297
16474
10399
8004
21384
61225
24503
65297
62701
71113
68182
53346
50917
17959
6868
29117
21482
60965
87273
95303
85520
50084
28666
36567
17024
72525
8235
62700
48931
82906
67875
71815
23428
10985
60405
74710
41140
60342
84300
14859
42658
22584
34453
82601
72818
72080
67878
37477
80448
93129
78430
11389
9963
89744
52263
61490
6763
33801
90444
20008
71839
31366
5712
13162
84132
95923
70013
88359
36024
69085
78048
35379
42629
36631
62655
33171
15310
77152
81414
8615
32342
93100
90547
18159
47880
9155
72622
40700
91865
38427
54264
92265
16001
34825
67616
26104
24663
2365
74797
10498
70890
83124
73243
26965
24866
13083
54947
56187
14806
14175
44288
54469
20150
94542
17806
64722
75898
31976
20865
76679
61483
13221
4579
7265
20416
74731
18011
68557
3063
11846
55448
35402
92224
69146
31178
27459
79058
83434
53144
9857
21564
30121
12694
36052
50171
30564
92210
43081
12868
55197
40369
55059
25334
80139
15205
13082
72685
41888
23815
75350
89255
35773
72597
63910
98004
16848
72724
95266
78836
49268
63126
96969
92277
10396
8211
84181
11530
84265
95785
60120
86748
56941
95376
6869
6622
59042
37502
86194
20415
33818
40125
9476
88856
90254
45794
25517
15511
60711
99395
17323
37444
11668
10662
139
65088
6698
79113
5410
15177
83687
61404
69686
83139
37136
53104
62819
46403
33131
31599
52100
8590
22775
53729
40646
22116
39245
34248
49299
47757
72965
58138
7594
90896
51936
29368
7326
98955
89911
43308
59071
56549
40765
12991
8226
88717
64044
49861
93753
18674
92879
12038
70890
41561
5705
18423
85437
70733
29617
79258
28010
66895
6578
91158
66285
33004
75920
36375
7897
68797
10000
57139
22677
62853
9632
28269
32976
75392
19866
13761
7405
54643
3933
57728
70614
47728
62758
229
54505
20744
67085
2646
43693
6898
94120
52167
85798
21939
53320
80960
93984
7769
64875
59274
6899
1692
75374
37772
83367
94074
98855
34529
60059
49962
97804
41703
39699
27606
70355
27316
54055
62660
19378
34539
84934
66365
52912
3323
34593
66084
3663
58202
5910
9976
958
59127
4944
71521
31680
18452
20516
79573
13327
94694
65295
29839
30345
12742
26395
92372
66379
59231
77882
53666
87625
14197
85880
5488
12898
3316
65483
37424
25240
98860
52783
26523
57551
66879
4704
97051
27234
3039
31735
58181
67156
74941
28767
32304
46087
4215
2784
89463
78756
54624
3138
49889
24676
20318
73847
23901
540
87667
57810
30874
86345
91888
71256
14490
12376
11583
19972
87883
482
44209
5554
98121
89261
77727
64752
35919
34542
38391
59138
17282
77901
22914
62580
86915
13980
85015
89535
57520
18896
95716
93789
30600
30373
25213
63144
7950
31408
72711
68374
20642
22603
45045
50787
13704
67055
15276
61806
68446
60566
6189
40579
28323
66695
29205
31328
9085
6073
17770
36532
40028
76261
26789
98126
9325
61459
90431
47773
76791
38273
72695
78988
2140
28307
35199
93449
58548
4032
45512
36795
35623
39090
14452
74190
49261
83770
31766
49834
19106
45069
72677
39111
79251
82872
73471
77381
97523
99567
28927
19055
23020
91707
61555
84338
84679
69844
58265
12060
18850
65064
10658
8350
22001
59124
27016
54831
14995
40961
82165
86627
28978
46769
90449
88670
67197
91154
34832
65075
18322
90756
11695
32134
41913
24086
20605
83576
76613
26478
93197
99124
63634
16194
60591
62446
93180
22701
23479
11002
86784
15410
10876
17789
97226
53492
83308
84051
83650
34747
66749
81945
62154
82149
50996
80509
36929
2283
97366
81650
65481
56837
19161
75539
17735
53497
67400
61798
72499
68436
9874
64761
83555
12837
75997
94624
51460
6036
70207
82495
7337
2877
23521
84268
75829
41978
30009
86667
71864
26984
52094
74162
33448
81416
28963
55961
65753
67956
50296
18253
73591
26934
29146
67431
85820
26099
31290
39611
35261
85888
74479
74910
69477
68377
83067
30981
12484
72026
64069
68982
78747
57136
13024
37794
84263
3954
33911
73310
82741
32333
72778
6253
70198
45007
81132
50321
73143
45584
96238
37765
62667
20744
2924
17027
41504
23430
61680
81670
29609
40979
20377
14394
7114
36585
98743
71374
6262
33102
2703
24785
28284
89834
66137
91227
69537
44346
6073
48822
86906
76034
16395
5677
51093
14336
73202
22720
6763
97837
12728
80954
59048
41665
85622
98509
4291
762
37425
11925
88918
81819
75139
49847
73461
79482
3653
99384
82425
57665
73192
59531
57566
20108
31848
97298
38313
78752
77306
72087
92831
30168
8445
78222
85228
69076
62843
53530
65588
74302
32051
88370
7521
22687
11835
27962
98238
39889
40836
2694
61453
70507
67261
45313
45123
11008
81844
65421
56604
44256
75239
40879
86510
19307
26534
81056
51251
96589
98684
21046
49027
39842
39535
24713
64418
61404
34649
26540
80402
43433
89596
17727
67029
27746
52966
44220
31930
57204
36514
42222
1924
77256
84807
8872
65203
11866
19673
15463
51737
2818
92206
99804
66724
58827
96681
86698
82195
78938
62225
68241
25572
91979
61409
63369
24741
10096
71660
13596
54413
74580
33877
92753
9116
81022
28861
59847
12767
49802
56893
8316
99795
73792
90622
21264
81715
66322
89787
85564
83491
82625
67960
14040
36966
48528
81351
9744
56748
36276
86088
60324
68708
65653
55914
89073
78201
67789
51711
36285
90429
80353
62731
5385
46814
35569
24492
79930
91460
99462
75665
73295
83567
78738
86845
60690
12553
20567
87175
83613
39089
56977
59184
22003
77698
3149
90671
2644
94956
80634
17057
77800
45504
31535
61617
36363
10062
17803
49775
88461
5465
80840
67901
68056
94790
65086
50695
25350
75915
14452
99771
22404
25068
8586
9763
35332
82713
52814
49599
57815
95536
93143
48199
45877
76264
85053
39433
63401
58811
28930
45612
10908
40422
9103
98759
38179
58394
61173
64196
55806
27082
93781
44467
31558
15323
23142
50893
62792
84862
80604
46677
62553
736
87568
38300
10041
74860
69004
73044
70081
39125
97378
92174
57826
81804
49213
52636
11694
24211
45259
4328
40422
31155
89969
41880
16024
40018
41412
88334
88511
16871
63544
36031
17166
72291
32360
77452
57517
1724
18831
98430
31708
57497
46191
35113
86452
73328
26221
72920
7186
11256
71206
2378
4447
27394
47511
94644
47320
30647
5299
11106
52900
38434
75565
34370
25092
17780
80741
80309
85092
65734
23203
32634
41386
7275
54002
92761
51796
76118
42903
62515
37148
19051
82037
83189
59554
19464
48188
78274
57040
29972
20461
61024
35166
55486
29537
32738
82812
41136
18893
52961
93390
29400
11032
99212
19857
89964
6266
13458
55537
79388
51353
81080
38315
27617
54500
35410
253
83420
89562
53115
83061
88700
43565
95331
56878
56483
34969
6031
49165
40671
73182
99437
73875
41891
49538
5880
83462
39673
87776
80751
61264
8914
19918
87574
44688
16183
70662
69517
75558
28525
79444
44441
405
84856
10818
21877
17159
21274
2745
72696
82075
90894
89689
92106
88337
85952
60488
87842
76815
33316
94237
77880
57613
73065
51410
43465
77745
47873
61026
1026
51691
7098
97951
3680
22474
68908
40569
46105
65611
75799
89346
64261
54480
13080
16068
48884
30446
58117
79709
71658
91403
97089
84510
87715
76418
36837
83305
21567
63734
61862
14269
4718
71159
12045
27224
22921
89700
38114
23098
7916
7410
23977
51876
731
5094
63470
55098
87582
64779
69814
58526
4001
96277
64938
90216
90887
47312
29413
93368
59685
49268
79201
27066
21260
75752
55138
60075
68441
2280
76975
32335
77013
36235
55573
47134
62346
23219
80836
21184
35380
55950
245
56605
25514
21750
97388
83487
35541
82293
17922
67311
34879
80977
86941
31166
57612
56184
83276
76561
13245
76198
28995
33221
34442
88410
97643
83045
7642
91321
42310
27979
15707
70969
62830
46582
8443
85785
1202
58070
35113
73544
55829
40545
98932
47965
4122
92624
9815
24532
75273
40878
13563
82186
79510
41002
92569
46069
16549
10113
19658
23091
3053
57877
18362
84865
12108
89303
16499
17530
56617
32422
32728
91063
72949
4294
88054
59836
84688
10608
59400
92253
35672
87303
64638
76205
52873
67001
9174
28709
37065
59052
14608
8341
39459
43548
69768
84390
59647
28755
34043
71370
71531
99741
87553
66782
28275
93391
22582
25746
67951
11159
20613
89942
64191
1290
67272
77441
99759
4851
23120
1333
85437
40497
65235
20481
88949
81515
77253
87313
71008
37392
93106
93143
47406
39176
31969
90985
64874
97795
98768
64941
39004
25133
65605
38769
81824
17504
48856
23591
30532
62433
42652
3370
76155
46055
72647
64166
45973
36498
18336
90387
56218
27553
24632
70715
23845
75901
28312
89135
1057
57258
3530
84728
33113
32973
66173
24329
22813
36283
94787
37465
11722
28864
55824
72464
42670
20964
24361
84077
94319
8156
8144
86453
69379
56196
73403
9117
17531
66086
57769
91575
64765
74640
4270
3916
35041
8633
58736
53489
3110
64763
80617
84035
76864
80863
67601
67630
71222
40902
91766
53619
71117
88969
55072
33339
492
18032
57686
95984
91835
81842
82952
84987
60167
7940
12720
75168
20450
94824
5685
19930
35284
8715
93728
87458
96164
24707
82027
14566
48027
26334
47914
44323
7493
14668
30084
82383
72534
44048
5861
9313
61985
56208
90247
18588
75257
36018
984
34168
93594
46728
74864
48721
80735
37151
74077
15615
90027
39428
85952
37874
21255
34043
41577
87917
10677
36639
44780
23950
51542
1896
34047
72043
37920
18859
85958
44111
76369
37579
96645
98543
69881
51172
3507
22261
54798
28427
72856
95792
39087
87897
31304
12853
11911
45572
27693
5077
10532
34077
23258
14342
52508
50169
48980
39226
35021
64590
54409
40658
86461
65577
5660
53303
71676
62121
16467
12623
24310
18098
85666
85830
8235
61505
11719
11636
52735
72666
4633
94269
85839
43942
26494
19652
87432
2783
76129
86917
41066
21934
74066
19652
35326
43517
61564
49419
82288
28460
58090
90903
17128
98820
14246
96374
60114
92891
38987
4584
10848
17755
57431
98311
54519
40745
94006
24257
71812
7861
55781
86597
34876
86680
89013
83170
9269
47920
30482
84443
82726
40687
98334
70766
87257
11835
82420
91417
98354
5678
80229
38837
4881
97622
35805
58072
776
54387
26486
62154
16360
6831
41170
27116
78436
58047
75546
5470
24299
31291
32292
35701
60642
59004
51908
85634
40007
97441
20463
6728
44350
43302
3978
39883
78017
86510
70786
9010
37501
65456
94127
98251
33642
1277
915
25854
28592
2580
64934
72399
22005
45377
14859
21972
17788
86534
24398
82599
77509
716
18813
34409
73246
15260
37271
61649
95555
32575
48498
97799
43759
25784
89332
24413
82701
82358
75097
10121
40716
91840
45886
38846
38733
68950
8315
84674
54963
43966
61445
60047
35059
55924
23943
22808
77772
75402
82219
32591
81861
30646
62775
74197
98249
51231
5300
91744
69815
38959
96289
62415
37464
51236
3456
52976
55861
63323
85219
24143
41555
44986
4202
56716
8047
20472
12769
67437
68814
60735
91196
85872
10456
92826
69052
6057
33806
87875
52197
97208
46069
68464
85667
53282
95256
42416
5627
88989
90639
79366
22584
93946
41601
475
41115
71259
81878
2466
71106
3242
48572
7542
17909
59836
84548
38098
28921
50626
32851
29556
83910
95004
83808
99228
6206
60308
86114
5452
16552
5227
40681
60426
67453
45328
28186
63261
56678
74383
29549
17930
74034
30750
60843
274
39174
94274
70901
20664
7713
30539
42701
44262
38042
91858
7700
61227
88605
98189
56603
80282
92468
67700
95921
21085
50960
36514
71628
71474
3782
86408
532
87266
40852
93319
35642
21470
84694
94263
22782
19766
78631
14731
92203
23503
6551
30751
9667
28843
27047
75152
61214
31545
40543
73683
877
44289
6401
25800
911
86380
4593
4714
99876
77376
1022
56612
77077
69018
51737
81633
67730
35866
22866
69611
56541
97837
41555
82779
95473
75154
13275
67325
67173
36870
43984
8897
66818
52998
66954
31528
99933
56363
41436
33824
37114
49010
83336
28245
76610
75924
69496
70434
49692
31585
95464
73849
58174
34212
75511
274
979
80803
51481
99667
64721
74638
97332
71059
62928
72223
54246
72290
76399
89225
61665
47868
32390
90676
61198
56319
11283
51536
61173
70292
12081
58182
13577
63410
26767
4798
3094
30023
64718
27086
64460
72731
67773
25409
57959
71286
86502
11881
57419
45945
73463
7609
25773
71129
84262
50006
81013
87964
12218
55137
1824
78899
73435
76663
45202
87914
57927
74318
15086
98135
65755
44965
50834
18527
22847
78823
82936
63942
97264
63910
73153
37811
31290
13517
13564
24096
55409
729
22869
47063
20064
41566
65473
20281
16905
44337
29632
41940
9276
87592
48225
87728
21071
54474
48288
20556
2291
42614
24111
32791
21163
86380
15064
82623
10105
96175
36239
44065
60334
84438
83021
67193
87389
45369
57988
77782
34393
97396
98703
88365
22527
83455
11596
90164
23325
62946
43895
63445
49388
15527
57932
36251
87941
28498
75838
61078
2642
70163
86902
18253
9854
84417
85820
8427
54381
87510
83823
30096
21083
16479
6896
22168
88423
35373
63608
5298
81036
61615
7736
55489
81254
83690
14530
65436
68654
36174
23838
66081
10730
4106
79958
42857
64593
37828
42127
89950
32128
41637
91250
12095
78390
21499
70513
31398
48837
42952
79851
47839
3443
44237
89990
33090
89060
80685
24117
67169
78391
19846
66865
98946
97750
45816
78007
68700
83411
15560
50821
65224
41233
2726
78169
99220
91124
99095
45763
14943
65022
40127
2667
26944
27124
6033
95163
30607
20914
76523
106
41654
79156
90186
33748
2858
20706
42873
91441
44565
60737
79516
31905
72268
4131
49555
70456
30635
84213
38193
85936
49308
51934
4274
17779
21558
58186
81908
70176
47822
81218
10090
81602
25528
76492
73472
91601
6117
46244
79651
40333
49116
75551
14442
14212
70370
85767
29531
24993
55185
19293
2944
26552
25326
60555
72753
22402
67675
56664
36753
93547
4143
35667
35283
21498
68574
86205
48536
6882
87823
92684
2532
37420
29992
99643
71061
8016
37156
3391
47243
65824
50279
22537
47088
49095
1179
31400
24926
76821
3270
63293
38692
33250
30137
39833
75095
19190
65279
27047
54938
29718
50909
43058
67003
75728
39297
56722
3869
4699
67935
71422
79523
65301
11674
58125
29915
98458
15432
95511
78076
6578
39737
41946
65183
83284
69242
41443
19897
29085
68486
17836
53863
55793
28841
56066
88929
78616
56848
19885
97876
31191
39453
94614
30209
1754
42173
79072
49150
39335
74644
10557
94802
55124
9699
27495
35621
21174
99428
89477
49114
3571
49443
79889
17743
30950
98130
39680
62344
20015
42451
72391
7776
47975
72143
50838
64719
93476
12340
55324
47768
42279
98580
58347
24242
41038
87443
46644
45620
58075
90483
40136
16447
6915
90850
10769
73600
6420
74334
91235
80314
2345
99890
61354
45674
80763
60760
86685
65351
82466
53594
25326
61260
12153
20948
83395
14483
62200
18020
12591
51654
97898
27349
45566
58073
55982
10651
62176
7924
81382
88495
17128
14865
72659
97152
71975
12793
49945
76825
41888
56950
77382
78128
22415
49559
36345
51978
57805
47320
9538
9437
61628
39764
90070
89682
22494
83206
60556
80063
41570
56764
59078
74121
4135
36655
92324
33307
24543
62149
50714
62723
22905
90156
60652
89095
76761
35824
20844
29389
211
75195
55628
19653
94040
55979
26439
12914
72329
85829
11263
16910
56915
22855
21490
62720
95112
76960
91990
10169
96204
8378
24257
29088
87935
48583
60451
61140
9090
28487
30027
44903
25248
76061
61054
5681
10702
44650
92484
76552
6855
24869
93051
28781
29375
58989
85980
79649
17953
67163
55590
25992
46699
36725
79971
97762
30209
89515
24251
23683
86903
28551
14108
35458
53238
62808
15438
82561
51662
91447
14331
21492
96796
98313
64222
48231
53703
10392
2805
91099
97369
63813
3856
86052
11985
48407
7474
66443
83202
24294
46268
7758
48209
76765
34081
86866
74654
72435
63179
48919
73287
2631
61971
60845
56759
3775
21225
13062
60090
70441
82831
6093
20298
8259
43557
30490
41047
14970
81037
60173
49105
74987
74899
77432
85447
26295
63591
26385
6402
1054
71462
24001
65038
57453
44601
93871
398
61983
34330
35054
58064
75171
34622
5599
98347
69253
12412
54004
49258
68690
52735
15604
6398
95595
82227
96755
35840
41655
99972
69071
23464
14828
32390
77032
76640
30568
18729
39237
87384
27946
52593
14337
2575
76566
83825
15394
48856
56801
70682
24267
30650
33197
75353
84689
92524
44669
1405
71968
29460
70692
56636
85366
17979
61918
47184
59787
8739
3724
34861
20286
90941
48388
4001
33938
70801
39680
67789
38583
69999
98509
9548
55452
75673
90052
59863
16495
6996
43500
48614
26063
34545
75321
92506
61722
92290
97414
41932
35204
95803
56984
64985
67739
96594
31036
21369
73626
79321
93878
40220
86403
67674
86439
1526
21218
48480
96684
28476
64245
84603
18057
64665
45231
22294
22741
24795
17193
91273
64398
64398
17208
44599
69664
26223
92733
7832
83747
73040
33483
43283
30143
70600
97399
38438
33992
25717
97262
84838
10348
95889
69450
44856
17222
36926
43779
32959
1574
34812
87674
37463
4200
89908
54460
95253
33541
86780
26612
61961
76180
65251
65444
32144
78290
50425
7810
20703
58334
80424
13536
61081
46193
79385
42236
24703
57629
75020
96514
46746
51319
43788
21051
6201
25901
27935
30115
20530
88072
69680
32477
23118
34761
45359
21432
41178
40231
56134
18989
59816
77480
6001
20251
86473
84036
86409
89544
22106
18683
62096
98130
83621
56449
81317
86395
92009
81934
90358
55463
23282
42678
1401
5805
43371
99834
40744
47866
23181
72179
27096
35501
72955
4381
73196
20697
89757
47927
73605
17564
79018
18020
49745
6489
64475
69170
53272
67301
24371
37018
97969
63723
7277
79595
74864
16403
37412
26624
40314
99123
64246
41905
61027
11272
44344
99565
73964
10788
91881
79486
38511
62729
9676
85364
50774
84842
7458
68630
98772
55266
97154
17779
98705
81972
66683
33588
40120
53781
55639
71484
97563
12497
51213
71504
99139
33819
89638
25343
7261
3336
61622
78744
60328
15949
12916
13348
66837
47819
87640
48948
73492
54220
7289
41751
92420
82445
80570
88079
44360
25184
88762
95642
13285
8666
31241
41567
79918
29629
56494
2953
95207
88647
94403
57708
36552
26946
2257
91503
52652
13560
28863
27303
87176
67260
9071
44217
80647
4154
49824
38628
34995
89525
35072
97652
45325
74409
1687
23905
66010
51911
26628
34162
99037
47522
58186
33834
44565
28067
62826
78915
12185
26445
3574
48208
98005
51866
96921
39524
22801
66875
97235
87961
40462
48964
53792
83099
26626
1450
59490
78352
66188
75629
92135
97501
63971
94480
55267
71437
92673
18720
92598
2618
44378
86338
34593
97469
57628
43581
58614
31279
46138
92566
86324
7668
93013
3225
43859
31517
82185
95500
84840
80498
83586
32489
10408
52036
24429
69595
88213
15752
9803
99121
51136
58524
40062
45106
59358
96941
30919
48370
78047
29173
60822
80571
38603
16612
68434
48116
36702
67999
11247
65634
32081
45575
65611
28664
14389
25447
32872
87428
86169
61780
27104
42407
64024
84606
761
38168
47648
9637
35247
6368
5260
66890
86971
1752
52224
82856
6226
61763
89461
32264
36445
33669
86791
25483
85380
13048
96653
64957
35302
23556
83885
50970
49720
47577
89307
38198
83799
47204
96737
49400
41396
38789
15405
46050
33025
58909
1241
70796
96336
83102
64097
30545
57088
12336
12482
14422
92211
46636
89061
26463
97155
40528
94485
92760
48919
5038
71734
41627
83908
86738
20651
28268
36853
679
64773
67909
31129
16318
1164
42858
14211
81580
25718
12046
41342
51610
51131
84321
16361
92334
31240
30236
90824
81903
54505
23859
53792
39869
32326
49069
49178
18410
98153
66792
91526
9599
72973
37211
59407
2232
23702
90472
71105
87731
62785
22334
6067
37963
49718
8812
34270
97931
57027
23001
35366
41556
3756
61325
92910
15457
88839
36409
86059
56867
47343
95958
75301
68422
13099
97729
28802
95737
10643
84916
67564
2499
99493
46533
24978
64584
16006
56668
93146
51377
29468
44331
12977
50352
44433
73783
68183
93090
89966
86359
69418
88202
9661
83930
62737
18783
36390
58828
97503
45737
85108
71648
59628
85772
15699
97702
95534
98025
74089
26097
57809
58033
85301
18557
15685
696
18679
67632
84002
51991
781
66682
59060
87057
9380
74998
55562
82837
42775
61438
94448
50508
65345
84275
94583
51834
92659
68121
71799
74813
83638
83785
12074
94685
1673
62850
47135
12932
90374
14124
80057
73541
63029
93744
67697
4915
87913
71361
85506
65430
82091
8571
83012
16928
97516
12438
21197
1400
20182
5930
34870
90032
34820
11473
46001
74954
28001
91677
30107
97141
96383
42735
48858
63895
20278
9455
44832
5044
32053
19237
25326
23502
55851
99215
42243
17850
719
81458
70967
85454
76170
16005
92092
74719
4226
71094
36521
30084
59112
50480
17875
43736
39100
22866
4682
76176
54267
61864
87234
18182
81683
47192
13761
74295
84445
98896
65751
59334
22971
87041
8460
15319
26077
95288
40727
36200
54726
39691
9287
43226
3433
79575
30559
30130
67367
67695
21055
39488
95190
92435
40799
84034
66783
2297
66315
91370
94786
87250
30765
90778
41622
96152
61787
33270
7438
89518
87379
63168
69467
73391
86597
84682
88369
70134
37000
98574
5921
32615
86475
18543
19737
39598
78649
52926
53017
25969
56577
77720
11834
35274
96202
88140
3405
31686
11693
53714
3303
14073
93377
9742
79043
19060
14264
54274
38162
30493
41758
53240
75946
8960
97471
26816
23478
49730
14581
25183
48764
45182
85933
54952
70543
96231
41330
19441
8341
70859
74747
22803
46807
8413
63340
23961
67224
39941
6622
6750
71488
56244
78835
92857
64464
86809
14993
72510
53985
8022
91017
10002
34746
33731
15092
28550
13498
99936
88111
96185
63776
95290
96487
999
5669
52855
93670
11223
31816
57754
87206
76600
71505
82059
74639
87937
39373
56588
23603
32661
84375
15698
34119
52940
63960
30788
68293
94958
38852
52358
47375
20951
53657
33240
70173
40880
43253
14208
73454
80974
44057
42160
18632
98737
94596
27342
35311
70955
15008
36065
44721
30759
69612
84201
38203
93379
95623
52138
70176
71983
20651
28262
63603
46934
79243
9562
8298
69988
17216
4492
83149
27357
64360
60584
46716
20259
15082
60980
63041
12992
25924
21112
94649
53294
86189
14924
66720
49112
68583
95090
31305
3473
55569
67062
7127
73238
30536
64308
81649
8983
48222
90002
63727
25224
99726
41818
79578
21229
17191
40779
70227
67724
73855
68987
63353
2462
36961
37938
76725
53933
32593
33016
15725
89374
59792
18807
85478
83301
86177
68072
72711
99885
82863
7763
30812
63370
91680
64130
98930
79168
93175
35111
14020
27896
96908
45762
39283
48883
7110
10810
44366
63640
86991
50957
14273
95782
50153
81495
23918
9528
80849
52716
56171
52828
93845
27465
67739
74763
97271
80844
76741
50289
24805
10699
6588
9265
98762
51746
46281
61134
34076
31514
32561
6482
15776
28099
48352
31086
22831
89585
25318
70454
84279
72541
39685
73946
61361
82293
19938
12488
65340
54896
35446
1972
80166
83276
19708
74614
72748
51926
63155
89816
65552
88810
85784
88123
17157
3402
14716
28989
92108
34020
59930
50833
52029
17889
46913
77241
35508
41295
39108
55958
9631
68566
1449
37529
54580
33281
64517
71371
36070
875
58990
86937
84522
91162
43691
59815
67677
51918
16128
41439
99
76844
23525
256
23408
85493
72137
80886
97736
41211
33850
27629
25901
29797
42833
19614
64910
17651
80330
64476
86916
76179
41505
20571
90574
56681
23136
48133
14943
22223
7320
63830
85154
83800
78292
1999
75531
83786
53162
69366
299
68423
62331
8408
50374
10161
34756
16000
22078
44727
53058
93020
82685
27451
19202
67927
12546
98768
92223
77904
28815
88285
34746
37843
77052
27985
86763
5427
55490
15157
97593
91216
79116
76225
36029
58338
73312
18642
48905
26829
58956
47428
21724
38993
62567
438
38325
5456
46050
56569
77369
32120
5471
29613
99591
11574
99463
46116
34879
48924
42488
57964
5438
28753
59971
55451
86567
13600
73245
49866
60632
32657
83464
30797
38315
43512
83810
92191
39037
4635
24207
31213
34626
80126
18019
68977
19184
9498
91139
23206
23521
10688
7423
87915
75455
85379
50141
39292
12081
11104
99449
62763
38710
14528
91613
8563
25120
44920
95007
26412
7427
44116
52414
27440
31075
62685
80275
18854
60076
47334
40669
85046
5655
14497
38044
79670
43174
58695
29147
82070
47292
32261
52289
63474
79155
5472
56082
68295
44689
51964
33268
13689
24201
44317
62693
79275
38835
28625
89163
3136
36675
95624
44755
40385
16957
76043
5350
68038
33320
98726
33150
44111
67644
5606
75877
64562
83554
94988
7730
85089
34184
75037
13326
20293
26914
31888
42968
1107
84608
9455
3572
27758
89656
61861
92893
77063
59439
82701
30539
98476
92178
82044
40357
4773
64492
11319
92369
54471
7266
37144
91602
76444
62113
22822
82736
80900
95646
32670
68820
82517
81741
4303
83880
69518
61657
88975
45361
54195
2766
45090
42785
8569
9858
45726
38076
2398
84229
75195
69086
87274
40151
76151
8091
52156
79257
22043
13871
51128
92886
2566
85261
56119
97675
93132
95716
17786
42704
59701
80796
59389
20395
62927
61461
48684
67162
62439
6011
24459
88621
99638
5782
35690
36042
34916
64608
44740
36843
99239
69668
26539
74606
74458
8241
39620
91115
1028
84885
30131
54573
5313
91527
15781
42736
8220
36353
57177
85952
26527
87762
57929
37463
22604
41834
31508
27159
6306
32788
18917
17160
64184
25230
26772
26615
89370
40849
52069
64878
84982
41630
48823
44088
18272
89033
74087
19030
67601
75272
54893
72990
13808
80069
82756
65364
40007
50815
66979
24204
59083
73264
7052
60954
76774
3866
48329
30081
30498
84502
32727
56222
72496
86451
87245
45011
85015
41395
70522
81480
22853
2515
68793
83582
26600
11360
47726
39479
94610
88222
27106
59780
82512
53354
24890
70198
77374
74438
68646
22441
88348
1458
98302
93314
79233
40442
93979
62971
70265
99480
57559
19533
23720
27843
22648
25783
45225
51455
22018
55728
35604
4889
62181
67518
98968
46361
42989
75746
81886
35379
66732
86269
51380
12456
6744
20309
23546
55446
40036
55085
46884
69019
21647
43319
2244
62085
38054
37222
84080
96295
71035
94371
4669
5697
44778
58719
49209
84124
39606
59182
85139
83126
85058
68530
15164
25892
84584
54246
47060
3574
97313
92310
57392
57541
28765
81227
26205
53833
41960
41203
18093
10520
7335
13992
78029
42016
54047
56980
1900
51331
654
13536
27122
45243
54077
74452
40031
7492
99846
47023
5409
47549
35045
83546
43359
74630
55709
79929
55563
89792
38082
30636
30387
47802
39066
16245
10680
15970
38054
37358
24118
10737
28875
90422
19574
33077
46650
2328
78266
78599
80775
96410
63223
27266
22211
12961
43067
37545
39430
57183
83001
83745
76560
67097
99042
65623
16170
995
7458
85776
14672
16543
78393
74916
42406
32251
92433
8083
87726
5757
66106
23112
20616
45816
99296
80552
57356
33318
31795
70865
83287
60285
45041
86285
80934
52487
89070
58547
88393
84711
87685
95439
66945
11968
72254
2537
60546
17737
35906
95988
38364
88600
3912
44619
14922
32242
24212
33549
50812
15681
49342
72529
28379
9358
9528
50431
63190
74364
69162
60355
93872
4539
63974
21032
23923
71487
87672
41091
77209
70126
14257
1011
94627
48639
23712
92355
6339
2943
77598
5196
89349
50364
63776
5734
24697
5265
84718
6862
2762
30231
63565
15281
86089
40397
52203
22030
30177
43264
54002
99177
50830
52044
30248
89453
71022
3217
94018
89985
15339
36433
21892
52437
81197
56584
55808
9774
65927
52679
55099
28247
50094
98226
26675
2501
8710
26012
83043
96338
6522
61859
42307
64338
65494
44636
29696
15195
94953
66660
46725
81309
91084
17094
19150
54216
86886
73518
25558
27153
15259
96536
11038
65940
23698
3095
87723
75024
39009
75758
79751
30914
16836
39100
30543
72240
61228
19248
15819
80332
38311
77534
78894
77924
48054
5119
81675
90608
84326
93743
27847
4297
2237
8754
8432
76908
51302
3273
17221
92691
74952
20834
40372
98193
34804
60966
53326
67525
99885
83579
29645
30654
86862
45689
65665
77402
17340
51187
35034
92170
89475
12899
79992
19338
87524
65353
85967
36879
93204
39912
42087
32840
18153
99552
4069
43965
39456
20444
1407
17081
54402
5966
90487
99133
92891
78642
67223
90322
17656
11389
80506
83211
89845
42139
31429
80766
18338
54577
66576
62585
73713
88677
72879
45714
28515
32678
25501
66230
80911
83075
82177
61526
9666
51434
170
42127
94567
11585
78427
17276
75240
36798
13895
4775
32517
14802
73704
56758
60634
25
71546
88890
80227
59981
43110
85218
62034
6687
436
35078
5441
23995
89865
4813
73019
86439
32289
30658
35892
46303
45925
49241
27942
28610
57232
13936
97844
84856
37401
16678
81160
48559
26796
97769
25635
74989
35530
83219
31359
24589
98068
69931
39673
26691
49477
40503
26166
23700
78149
33893
99486
29726
20013
7409
58164
85927
25622
67157
69418
14930
5827
54941
82441
26829
46098
3915
54117
33815
26333
83566
66447
95476
3393
62339
63264
16786
64895
72345
18458
95891
61388
50227
29853
7345
2458
44062
58542
41951
69335
22682
80077
29003
2608
25029
23179
78241
9208
56067
11060
36643
95604
30954
69792
94980
57902
60107
62620
82963
27176
73236
51208
79039
15510
45442
35212
6348
67858
60690
92653
49005
90664
91852
74643
71245
25468
64420
72002
78512
49225
68420
58524
98437
94938
17265
20202
24723
40732
66608
6818
41699
30863
97190
72719
22534
99130
21581
76485
98244
51421
11924
32238
45474
62179
78074
15319
34122
85658
86451
32930
86966
64687
31646
13240
72187
40152
22510
90828
88627
95896
36374
35416
23693
63835
62688
8151
70636
70370
58874
51865
94645
44161
94075
46031
38724
32607
43917
71709
34621
5964
27017
9390
82007
70879
59447
44915
21625
69405
87346
550
72665
31460
57420
79183
26735
16285
36102
93327
10970
64194
22949
65705
25267
14109
97262
64285
20772
78159
73947
64326
53765
14319
14640
1119
72964
35027
5331
7443
41007
29939
77777
21595
37574
36074
55906
31729
52828
59438
29564
39439
11750
68607
50939
77540
40173
94871
68455
86140
84577
18419
68637
3088
4928
14330
36039
50616
44565
81369
64198
64932
12961
8633
42352
49315
94390
35524
70059
16532
851
44157
17970
1099
53703
17978
7330
2976
70155
19511
86939
22000
80937
94743
26106
90491
76537
94970
30280
13694
33545
60584
8746
85883
72433
28175
26032
92932
89353
15925
43763
44582
51515
60827
97221
98468
5775
16827
43321
6134
87076
59458
49020
82027
35190
49566
77988
75149
75972
34179
91388
39677
58874
90105
96049
16120
76333
50553
76067
76907
58276
66617
90425
87490
74368
56876
84999
59905
58290
24779
36651
17233
91782
61087
28355
47981
82865
77054
26782
91652
11767
5238
39644
86948
43010
45729
54109
22180
53978
67813
2485
51117
71510
29860
44429
1050
63243
63952
36241
65169
58560
14070
22502
91856
93906
35406
82349
81365
63533
34717
58038
3918
66742
9892
37954
94955
74090
74729
94395
84929
88310
52216
39372
68261
22115
82572
408
14695
57466
73896
17065
82285
16053
46264
60965
97232
78896
21398
4982
8956
19416
41388
21495
57678
1247
80734
61605
31824
87876
88328
4171
84525
96051
17515
31350
13545
92908
34729
97356
33715
99694
73204
78364
72077
67284
13414
50861
74209
24000
53417
9735
18554
76277
72762
6636
69665
50713
7878
15947
42549
5095
89307
14699
79236
30467
64120
13140
4413
65259
83145
67833
39921
82426
34334
58402
22636
81134
4081
94842
20058
83086
72415
13832
81179
16779
9976
79614
68421
46012
75731
24074
37308
40372
35695
61163
64534
84212
23587
37994
91968
48542
88794
79354
76179
12974
97394
75968
60228
44781
82719
38691
81585
24315
26689
18463
79560
51952
1060
78442
84275
23771
54051
11388
4265
53356
98166
18683
5674
67687
30387
77650
4024
75273
21756
38539
77489
32031
47696
3405
35593
43475
41590
79931
90586
53055
60612
21148
87051
12155
69348
94595
35709
90566
23273
29820
46528
70778
64534
3364
24652
75691
29442
38243
16028
96692
75951
20139
79309
81006
70672
47344
49607
12740
41231
97036
21195
68987
88697
31845
13348
65876
60559
56564
26254
87103
95357
318
26947
40967
93862
34945
43373
20886
32813
35837
32174
49798
19147
12101
16090
45663
13794
79760
107
68253
94390
56630
92505
13029
69076
47440
21102
44313
74160
94407
9491
38632
17427
32690
85730
73545
3088
67680
35085
10492
11263
97666
17523
76673
79259
60684
58844
23276
59795
2301
95930
98029
63968
84528
85861
62245
72164
31764
80046
67241
77355
67718
61663
48714
85932
448
78785
913
23009
18229
94381
44111
22944
17075
92133
47823
76321
56931
61897
38993
98096
76598
65343
75663
16441
96901
15971
41726
86493
75945
75140
61827
88168
10473
62998
18869
91503
36183
21357
24699
2516
32871
89233
64729
23848
17088
36942
16311
75526
66243
71000
8527
55389
48813
92387
10890
61159
90799
54723
90536
80146
39104
87962
24723
69282
33775
18370
96177
76897
30654
1847
9980
63062
18579
65727
81129
111
96974
80611
22632
52480
82372
83030
31605
72112
68033
12922
47415
4424
10277
93234
82806
16385
46812
98807
65164
35501
52128
36231
64058
43901
45975
82180
94
27017
45127
52345
72962
47165
51431
81786
46562
74384
76702
83133
75125
56844
33577
97567
27730
67437
1321
83465
33085
69508
55293
52142
53022
27673
25003
39606
75160
61741
36183
95908
76975
70839
58673
98562
84346
54809
17974
3890
50200
10341
6230
56748
77349
61350
67610
79977
699
34228
68030
85228
56619
76237
94757
68697
12120
95859
49898
23552
34402
89108
89944
8111
41846
82947
21035
14527
22134
5182
58200
28079
43660
67420
92439
82892
17622
24756
13578
84312
66939
90208
66282
7844
82056
55720
86375
55158
63845
24132
62454
85285
15456
77817
52669
97555
36802
53252
57382
71983
39675
97089
30766
68164
71440
4034
99499
78468
28083
46188
16776
39162
41222
96291
7808
23657
3757
59640
38784
62135
51889
14720
78393
79479
62725
38669
46396
74478
39189
47391
88396
25928
51959
94278
12946
17321
27069
36640
84987
69618
7723
16071
1270
9591
93228
69109
62756
77818
53312
19079
20709
59015
55173
67534
63613
95261
10196
13663
78602
12957
44768
9854
65905
84434
44106
90901
98768
11998
28551
8081
52476
46904
71084
38937
92062
84916
58586
26200
61625
84633
84014
26692
72663
62563
17797
95686
17923
56814
8121
4549
91782
20907
40773
25053
22247
73816
5000
8354
85030
86814
57147
87141
41124
9763
80506
27377
96181
56817
82106
2768
40688
1317
56672
35556
9715
13258
25361
46117
22544
81784
80161
18466
51683
78205
19550
6242
76748
66769
31752
80964
98340
44181
1072
5242
94806
70663
99410
9450
14931
67494
93791
71572
76627
80581
87399
34714
43219
4188
47928
84318
88916
38674
12203
47653
25659
59726
14842
96484
11076
16924
97684
93548
62425
99325
47314
62587
92474
34544
66010
69442
13850
45315
99505
68120
48201
45698
77494
96538
7846
87832
12283
69870
98773
81828
73506
46690
24556
94140
27321
40937
17454
94755
32381
47408
3366
67789
32977
65879
79688
30305
67641
44263
82691
29986
83514
29943
87778
17038
13335
52089
94802
88126
72556
84251
40356
56000
65051
40296
10019
91894
83036
40905
9333
82674
20567
12442
34029
47283
8234
47005
43404
92207
33047
92917
51758
20113
72128
48729
87793
53040
57430
1336
98479
58628
20589
53147
58475
33479
86759
79402
35346
27450
79877
13371
83920
49045
19493
61851
12554
69379
16121
45009
85565
95091
62609
97471
30265
9079
38540
62618
41366
60989
13974
62597
76492
91115
27221
39768
33479
13733
72299
85586
65489
72053
45992
55385
85759
37857
81158
84052
25262
18650
38321
26403
49370
78773
17940
40193
21746
39288
17385
79489
62780
53011
1039
55697
4824
27639
79447
40576
14113
71317
92681
97503
8389
8686
91300
49248
87141
69432
21039
97509
43901
12043
22346
26513
57575
95960
34924
40815
99930
34171
42377
92932
44588
51793
15719
42646
84928
9399
49377
902
87339
13008
82909
23290
78147
45588
34266
79729
31299
49862
63598
47838
66803
22777
17841
34847
24564
40417
1673
65797
78361
78631
39373
857
38372
83634
86299
99870
43685
40760
28355
34724
18207
60493
23025
55201
65252
10899
44427
21438
47747
19278
39636
19155
81998
54948
98637
72419
84299
68753
56704
52082
1275
45154
78025
34331
93782
13759
326
96938
29084
16267
20501
87276
71940
9354
55
29322
22240
58548
45715
57669
47037
4464
52632
61659
9220
52608
99817
62598
41313
90332
81715
81881
84044
47621
17759
13780
29682
30810
32050
98176
92801
89751
65651
65120
2969
9523
10585
92594
3811
12503
14949
77047
34100
42338
75065
94574
27
82882
76145
28804
7240
22243
46388
24745
16519
53712
24719
95559
42720
45215
38756
589
1633
83501
1130
95357
44893
65536
29815
43733
86913
99814
16329
46387
1203
70190
71819
91950
85011
58891
84155
88219
41967
8152
32404
92084
47582
73245
74075
87846
40280
36935
67912
34884
56265
6677
75804
26553
85903
61714
23866
47856
62118
42286
38867
64517
33788
77875
82563
24102
44979
56625
90730
86907
67515
81777
59083
4910
22849
2187
89380
89695
65399
54748
36449
48834
29728
37819
35503
5082
71387
54908
3868
33103
88754
95669
19693
57047
51480
66991
12433
81076
78854
19318
89797
37100
58075
71486
91577
25302
36443
69241
53584
47154
5230
72887
26020
19522
97350
3352
58598
32259
57828
98594
22550
29513
26972
46019
64589
21573
98438
82048
70441
7544
67467
15256
22316
64925
28448
12185
47623
62472
21957
79480
62001
96701
52175
95674
54663
51214
30364
20411
95166
67906
89390
31785
40955
71211
84916
57648
73544
55671
82052
73345
17723
6768
1581
25358
56587
64816
34543
90965
12584
88790
85428
56487
86823
79263
83767
98173
9831
70838
54170
31021
37040
53795
22285
12629
65590
86074
56862
5998
81387
89900
91360
33871
6843
80121
48462
19100
85704
19415
26190
22316
3709
3640
33493
59798
65775
1016
4512
62147
54085
11573
13253
31874
86514
58186
33341
10242
27814
1357
51880
8002
16761
28280
80196
76758
79498
64278
51485
15144
6616
73029
48189
89725
46705
9279
41619
32743
16482
97465
64798
11909
46375
38173
41569
62773
66532
42010
83943
70280
28136
76428
60629
49681
12385
65032
3045
82376
39174
53189
23909
91624
19734
23027
6807
69897
87600
44361
65756
20795
71105
47696
54593
27357
61458
9623
82594
61620
22400
44266
11308
36657
29065
28946
74747
64641
66630
3861
24910
91575
46062
65222
89096
87719
75387
44870
65127
49068
7966
48495
14806
99446
17943
69810
57595
15590
89197
51630
63382
83736
53441
80236
30469
93753
19265
19133
34774
67347
40815
22077
19622
83517
49406
2973
84727
19984
74350
37741
95453
5199
5404
12679
54088
48603
82242
15153
97014
23772
7503
84518
18193
39059
50596
71938
65903
92327
27965
26625
27213
56810
37649
59450
92971
10076
2723
48001
42419
31166
32982
62918
30763
97148
98866
58716
45503
5133
27919
86833
99514
49821
98577
15941
99587
938
78245
95962
19155
26938
35845
91860
51915
7206
76386
13720
55233
51174
46275
89008
88978
19584
63893
27063
68611
68048
61402
8345
16592
479
59535
64883
91936
71519
83923
98678
22094
50048
26608
26371
43966
83478
64436
39260
33199
78818
77812
49761
76788
97011
97256
89839
82341
68767
12638
79613
87191
61074
53842
97081
54193
96120
8694
18496
50248
26422
5900
2296
16515
30022
66744
68276
29523
11980
37798
50093
50771
35587
40215
63099
48624
94537
5603
7777
72295
23002
12348
198
46513
21491
20265
69878
31017
61365
45850
63847
23959
56453
19017
27548
71630
14903
3641
19795
12480
65296
92750
11130
82176
44836
53369
45586
93034
13865
43805
43691
96510
13386
75679
76439
47976
16338
22751
80135
42136
31401
82535
98329
52887
71426
91108
20019
6412
34667
81180
84781
49281
2180
74446
3797
76295
86464
96691
8825
80717
48604
84052
80953
54999
35250
63729
13329
738
48686
9200
70758
42847
35066
21798
18773
73775
91361
31362
80786
45222
34029
76222
38988
35957
67503
32480
88599
43024
76314
47991
97113
7331
60362
54881
81464
17436
48428
39265
63505
80258
38902
24708
40890
39421
63095
75061
81660
19744
37021
44474
49474
65242
55443
38951
11066
65220
96067
64228
7833
91089
52048
75230
26953
79697
43302
13845
16758
71498
16361
19949
96053
8542
15146
51469
11891
60845
53575
11544
60293
63253
84829
63997
76285
10709
9136
10050
3966
5742
39967
97916
4802
30720
82075
16306
11520
8149
39671
93527
31253
27351
27579
70827
96642
80471
13695
31096
47442
91965
81713
31155
59559
92594
60941
48251
20667
93983
16162
61052
22016
36126
30416
34873
23064
90490
8634
58073
95043
95020
23669
1241
39985
23070
81184
42549
5727
59906
38834
23952
93965
37519
43304
86874
7370
6356
21826
38746
32833
95236
38943
45533
21920
64526
5312
45902
82611
57375
96680
84379
74090
44972
56808
83881
57742
69554
23098
55784
8958
57033
34771
95841
16515
77432
55844
23834
56432
14969
9581
53404
90682
27274
61996
17998
3240
15802
40420
30665
97456
30089
45962
10613
49638
16676
62220
9295
69383
28630
73741
1919
40605
27043
72987
13859
87359
78488
98903
51477
89312
31117
8978
84064
98688
1517
95409
66961
58327
24962
58578
90496
48459
37270
51877
22327
35710
24335
11919
8684
6289
93263
64911
59791
14912
44641
729
4720
89747
39057
1733
89860
52626
31786
88600
91517
23062
84519
15536
42483
66947
98106
5075
42883
93734
9679
92262
58296
98740
95877
45917
84178
56150
28920
25761
78720
70891
64599
45284
99226
32236
9672
1394
65587
57761
20289
10181
67287
29177
86165
78119
73438
55751
19753
84100
92624
85138
83957
37123
26476
93589
60410
72914
47816
29912
15560
65632
40671
8440
30923
82898
79427
23932
57482
85963
32263
42662
90582
78959
6009
90476
87598
95273
31927
4606
8371
43149
1342
17350
98606
16339
98145
14927
16397
76604
59538
52139
55490
61133
91001
41797
24212
1409
33636
23889
67243
203
48224
86499
36945
32248
32129
74097
23851
39177
35941
70114
61218
2805
20563
10893
11990
35393
74273
72405
63330
14227
79671
72595
99560
28307
93078
88976
77278
81223
34791
50587
36138
92498
42327
49919
20283
35530
98660
69665
97403
12509
49271
82499
79346
73608
52066
61123
96967
47659
67269
46688
50009
4798
67184
67763
79877
3200
56449
57766
72738
23410
97339
32105
29438
22739
84905
95806
20848
7856
78898
39504
39097
63497
3442
32450
87572
1320
56876
26673
48858
73041
4494
23672
47583
84628
96383
92359
73785
24445
45811
99388
86677
70569
20859
64750
85820
91070
79453
94060
69139
81864
57003
1356
579
78397
56374
5686
93362
33445
49605
9139
83976
42738
27342
34383
52452
44928
78426
68539
29086
52800
1135
86772
83124
50848
6478
8666
34180
78541
75673
58671
94646
31097
99952
9712
91468
53013
75391
39743
59336
63768
66527
34980
35721
99287
44955
60276
17931
85332
64108
88945
34118
26166
88128
3334
24943
38802
27981
2544
21526
58854
7360
12375
89622
3006
34443
65405
10822
86144
11348
68693
83111
67037
42762
19449
37848
93577
14379
86928
83708
84640
76573
95309
44048
42307
68421
3171
14428
97164
43337
72392
69322
36127
17339
88551
21119
89856
81552
39339
54950
20612
36818
99922
49103
8037
86626
63067
29551
58988
95429
85149
7480
91543
13174
85411
58417
4435
55296
46733
21865
83912
88747
37738
95510
1406
76767
29341
16759
94490
38134
1586
86234
93917
96246
82796
42441
83522
67834
77635
88679
21014
27227
93984
24085
42465
12909
18546
44113
71448
38235
47439
32337
44412
19577
73668
70526
1640
97087
93001
34474
51953
47868
92631
63702
81185
92257
72756
2444
11284
33380
75479
88445
43691
51277
92679
45846
84719
4403
65725
60372
83073
33482
13848
68133
48710
15783
39796
65693
56868
34467
60545
1153
1364
22276
57643
51627
51278
85131
64602
20059
79001
71111
60489
37531
22321
65545
98124
71125
84888
62231
58875
30035
36547
51869
73397
86454
25465
97090
34929
16970
29428
11956
93273
98055
13003
16495
40005
75914
25705
62964
90845
85677
2771
87552
29179
86288
50031
31534
64625
9947
11602
80277
68556
71883
25222
98257
87515
8615
8109
25725
24779
35452
11623
36123
72382
14079
91209
5376
91776
8900
59573
61983
61140
82485
39014
85791
70547
27832
77694
52927
6851
50791
54341
41149
51316
55817
83551
34545
42591
26057
58506
25466
16781
73051
3048
32755
79317
62027
71745
60175
344
41678
27269
90576
36352
29864
89618
16066
32208
72769
94901
93617
61107
36960
32703
60522
35490
6990
32433
52371
43145
40792
10778
53176
20025
86553
76215
267
36425
76158
65734
92158
25099
63448
91103
84618
18960
94266
75448
87758
71788
21290
76491
71024
91585
63332
12387
18381
44740
90762
74891
85488
81884
31533
33386
6531
65127
42885
56999
14942
25631
56936
1774
80511
7924
96168
55729
73363
55272
30525
45140
87707
6808
57299
43101
55135
63979
20946
92380
40646
19113
65825
32632
21080
84177
3887
69921
8018
88987
36332
10191
22655
27781
409
44385
43196
34021
97360
7958
52497
5087
4567
22760
14309
49946
3755
26627
546
35689
39324
17893
25915
56986
50547
89587
97777
77735
9144
36326
9933
68035
22269
65194
4152
70715
46112
78672
45765
2515
34242
85715
33791
90710
34971
10367
83467
21513
16015
36332
38209
95452
20424
53160
1954
2194
76940
97813
84472
739
90065
71982
72063
93503
46133
53512
20181
83643
27105
90798
74033
62417
3152
63056
60643
4938
43266
5969
96482
26564
91914
1765
97054
53598
40791
13143
1123
4182
72211
95411
5326
6319
49804
53153
56953
53283
94224
64589
50003
9645
1135
30101
42473
36983
68168
18391
22361
34597
86371
34478
10203
50865
57774
44728
35465
16643
99005
62650
89379
44416
11659
58804
69143
99960
74232
16357
3676
63676
67457
15223
7870
50793
58764
99295
13909
77839
75695
46226
9203
69399
21300
42376
275
85354
8831
24732
92881
75592
47290
90461
20363
52310
98697
44191
41458
80448
50190
60073
81014
57803
14176
4380
74737
40071
2066
51891
12047
62698
6238
13187
54560
86292
71125
92371
55427
16776
73100
59618
57663
56744
55267
95227
89903
58892
28551
64442
32617
83199
65781
23596
88960
15378
1365
31022
99481
90283
59127
16734
63736
31074
61218
70719
34071
6850
57306
80217
17875
37110
64757
6987
48474
67700
77505
38498
46776
64507
55295
58311
76511
13572
64853
42150
37854
45313
69623
86054
99692
48510
95301
46435
31468
13465
91518
44340
4311
86980
76778
51699
78640
29819
14109
11858
16191
39644
29571
70848
54910
70783
10703
90103
29721
31587
78312
97874
69506
96670
13098
88065
88677
99231
92183
29526
17769
84892
98046
84604
65357
70414
88239
65358
80337
71825
36437
83150
16502
37312
47799
54458
611
83617
70503
36834
978
20510
95799
65195
58697
90212
6629
53294
17944
52540
74290
62570
53046
42406
3273
6275
74666
60363
20085
38940
22363
59386
39784
88642
54639
12357
18156
22281
72931
56453
13932
12938
7830
93190
8661
26640
96631
34631
18596
2723
39171
26906
96107
75703
61244
73514
32255
95329
64146
22283
78978
34741
58672
82785
2226
83054
81366
61619
24414
26457
54787
29149
47743
48267
14255
42127
21814
63238
78017
69456
64061
15616
17142
61925
77897
84148
55762
41555
8936
14485
58567
95480
36000
30408
27910
42006
60630
91129
56827
11822
56023
33532
58756
94871
18972
4893
25187
51384
30875
72994
64248
18011
23513
79197
92796
58443
35094
57062
88784
34288
66252
17437
4827
46919
20049
37693
60439
35695
75811
89459
17328
85798
2672
18810
79054
39160
78903
65273
43042
22537
62520
2211
36510
79804
60358
53206
7266
4554
45946
38682
3529
84886
24700
8783
60780
12887
32104
24614
2035
35992
43556
19393
52602
68335
14640
21586
73496
42445
1150
25919
92361
49451
9779
7599
13420
52221
16609
21301
8682
46954
82988
45317
79445
97476
78778
78378
52541
90271
56097
27008
88905
83459
38002
6836
74372
42617
49039
37173
22206
80087
93679
43712
48212
85124
18786
33230
19819
49774
61995
23688
39065
96762
40500
22642
61899
10060
71746
81792
16281
40774
49732
4964
16805
55851
87998
60316
45475
71704
99478
86516
86868
57754
62005
89131
35964
29135
8923
19159
80759
31752
67756
72767
38889
25412
59967
7967
78148
90681
94890
73476
35811
5263
88711
60360
45348
20913
57628
86942
46874
78843
66203
11931
70382
15054
45428
93372
45064
65034
26683
50958
25058
32196
93648
80195
57513
60242
25866
37796
47121
72500
35338
9975
18684
78597
33008
33521
60610
99727
13939
45028
92325
6430
93180
62093
9939
88915
32519
79772
27008
18168
52509
15543
84859
5455
61327
75133
64716
56256
82856
90716
58527
28438
49185
68272
30265
28030
50449
79242
40729
83076
63303
14517
27209
55232
65680
36437
84844
53673
92470
6732
69741
59713
94342
28209
8317
84383
78128
49794
40373
84923
73724
17679
25600
8555
19516
25593
34504
45896
32467
60472
36705
35879
21152
35086
49730
14727
33763
237
91787
36675
70543
38873
48634
20701
68906
65839
81868
46113
3363
5000
23498
12204
9130
57179
45202
88590
42206
44779
61436
15901
32047
54381
87980
12619
75081
83361
83994
92352
72565
24487
1238
27779
85937
44134
93051
1501
75031
4090
84718
2105
22744
21185
54731
75301
83735
94840
79306
55562
70290
13233
16071
54390
92973
12963
38611
36783
80766
66213
84939
84780
10632
19529
3038
14550
92022
48939
52382
32587
35678
78463
54091
84705
98116
17319
42412
73406
7835
97969
31115
72292
44205
57392
66117
88624
7563
1061
37022
32790
92870
84067
31985
34713
94873
31730
59441
92223
42757
18770
85756
55588
85522
68280
23456
59217
8918
89131
25134
7990
40045
59087
67726
57456
94514
23270
53708
90115
19602
23433
70045
84600
58710
19654
34057
3160
41283
25116
96946
80684
6702
84221
64230
53860
20165
49914
8733
89138
64943
59767
14128
99939
26404
12182
30552
39453
23896
62464
48842
50067
30348
44645
33429
35488
80751
77771
44141
67635
94995
10449
10521
36189
1419
54005
79181
99641
42812
13089
57521
97886
62156
83995
38782
11750
68774
7186
85943
43168
79159
64534
69545
89772
18247
45509
99547
55796
46285
40363
45933
72847
20065
13677
74483
41928
3353
55215
21494
4920
23011
71610
55356
69276
69589
57244
60517
63464
47148
60148
74235
73555
31770
16918
83533
68900
70525
41821
97875
571
73621
32183
37342
24781
99487
45257
26627
68280
54570
85558
203
63510
71655
19771
33481
67524
85363
51660
49958
44414
31447
40859
79819
59889
67880
13290
99298
10702
60788
71954
69745
73712
49792
92054
38917
81240
72032
15606
23879
63434
61728
90893
81207
23898
31766
78048
60950
24980
3096
52197
69934
25988
47583
28751
3953
56575
25330
332
61836
72733
22206
91537
60151
34668
13629
21129
53291
42680
71102
72684
98891
33306
21247
89352
60790
35666
52214
16873
13389
34765
77928
34912
88401
49155
63651
23640
55256
4395
74356
98887
14975
82358
21350
34378
24633
34263
23466
20832
75532
37231
91854
93807
17896
47570
9266
48769
36922
20893
34834
69034
94289
35838
45101
54470
91508
86928
65395
95732
59131
65627
28774
26347
17129
24214
18636
9245
16356
13927
98154
65554
96759
96933
2361
35164
89231
3562
47896
26807
47088
83726
27931
22555
87256
32482
96431
64745
12515
63870
23332
65798
73021
12802
64410
30594
25160
13148
31397
13528
98001
50059
3830
83444
82318
56750
64096
49601
38676
97873
65304
8331
74744
77588
14143
14140
55674
24110
18358
82392
14905
49408
8046
6405
12436
23989
75827
97037
74628
66923
58448
9694
29623
59269
6728
91808
33506
6597
93394
48751
78254
95329
80316
60417
32729
97261
17769
41945
26381
35202
65535
83165
84226
89327
25639
58761
11307
16027
78968
48397
5551
82574
36016
33558
79203
60444
66871
80219
79811
72651
98257
73330
6195
77841
36727
2202
26449
57032
28483
75653
58020
40148
21427
77959
64119
49578
76910
23732
13907
29263
63651
37215
1991
59857
68963
81151
1003
97842
54229
95742
18585
89895
88405
61355
90032
58441
71994
1469
56559
14838
38878
97251
29692
48071
7244
89155
92852
40776
73995
64271
55454
51901
82566
51290
22844
61778
81641
82961
26229
80306
67040
95032
96960
22615
34544
70833
27264
93841
94856
58721
15512
45816
64076
44933
14228
22098
38444
48440
32348
714
12068
63746
65562
15854
51474
77182
74141
17497
26435
71271
48660
74502
92826
3153
64886
76065
70099
31055
32670
6725
23468
58887
54012
96225
63637
91452
43697
15601
90995
97771
64204
49087
50963
65177
55258
72844
44833
29460
12737
85316
84134
52108
14810
66261
6125
43494
89178
84597
20390
90976
13855
51638
57588
15227
75343
14100
5146
42462
32522
99526
66974
56260
56506
92363
68014
63004
31150
40849
23014
3795
72932
11994
54435
39578
73533
15046
89978
51077
62939
31494
43134
2035
23772
66068
88366
18969
66753
14317
41321
71434
47780
74522
64978
75744
50808
11579
26783
84318
48553
21474
67358
83447
18752
32862
50795
82321
2716
38819
81196
56374
45306
20616
95608
7260
43831
87888
34596
20075
64746
75893
15187
33521
21032
19185
60585
9165
80883
17803
60726
35096
49082
82237
59406
35129
8212
66117
88516
30431
36788
84311
45579
39086
28141
84506
26775
84505
14753
30241
72219
33660
62138
87219
51065
46053
84881
96323
47426
34924
32465
52816
38091
50692
46581
37794
60221
25021
22373
77226
82871
14671
32650
11573
97220
57280
54815
76264
47472
42406
68704
75800
71545
61453
78370
58436
17984
44560
17446
58535
71752
55831
42817
71726
75577
51433
54921
94493
99082
19738
13309
75066
29499
53966
67198
80595
36387
4978
25690
91089
66211
2966
93218
58719
18688
38322
50604
50933
45177
18859
27890
60110
91472
37076
95318
36798
10867
53473
96615
62309
35686
7556
57265
19742
65519
62474
25890
95258
32530
8481
16984
72553
4487
50621
51826
21844
48571
91225
45449
72597
20277
29999
36322
82251
27795
82846
71106
22479
83935
82892
41064
56338
42846
61846
72616
73056
17190
34910
87947
8960
87008
71309
49414
87928
61534
50437
59993
2861
65651
54632
20941
29060
65760
47886
99720
95963
13951
5003
95561
84013
76174
38759
91240
53775
39839
48454
15407
5947
10321
16088
58192
58473
16696
97869
87648
37095
60590
83630
45926
72162
56639
23866
55409
43016
99518
38357
80715
89542
67008
92251
79179
32100
3360
97055
57239
23283
6293
88393
95728
11725
61730
58823
61028
39053
3821
59496
43167
78324
77081
51462
18303
31601
30784
8467
44161
27199
80402
88601
25850
7519
54800
28086
470
55500
23650
39933
55964
10748
6211
64903
94266
53856
63154
37750
94476
50294
25725
79592
85288
6221
17904
93649
45415
99007
41294
77862
8451
69039
47374
63668
28569
14708
27807
68394
6443
82694
71188
6450
24557
1808
11355
32296
93816
19123
21685
95330
19113
77776
94561
80073
22996
22998
22177
55032
19000
55140
33832
10191
17073
59392
15424
22854
98663
87498
73397
19171
33504
71354
59695
46261
18544
13574
11946
64568
65033
80087
19866
8050
79140
78405
24829
81850
52129
12402
77602
66960
61800
43897
20359
6727
84237
21024
88267
11107
91096
2465
50214
32488
7706
84222
59422
65863
98903
19748
26277
42538
4981
90225
1671
77105
10360
8869
64942
19427
9441
73503
10842
78412
7985
20087
30383
80987
28817
24307
28525
67691
16038
78717
77215
5117
19515
85496
52744
3795
9560
81266
29697
82207
701
60672
83675
17585
44674
98607
54929
21831
86788
25447
81949
45516
54701
11655
66133
42324
15785
85373
86264
79474
20176
99990
37741
91221
4153
4107
34926
54628
95320
74855
87637
10477
16206
18515
8538
4050
14776
25241
33609
16977
94661
78541
81910
14923
94520
77980
47757
30645
14125
85259
92226
35273
57658
55921
46029
17421
35407
39971
93313
35372
89280
94215
78836
16447
85017
26903
69869
45046
55096
1323
15937
17542
85454
34517
75800
87271
33832
29298
59221
34584
88557
47052
35544
77367
23480
11536
63649
48343
80238
76937
30462
72477
12123
16181
41959
18395
34516
76737
44145
70260
7869
90124
35321
60511
85142
75661
95214
66778
46062
20721
55933
80074
75942
20944
30676
67845
67129
62559
3736
21419
67751
39079
75597
65367
78449
90228
71743
61544
28524
35511
40110
89021
38540
41943
76903
75372
46735
44437
52062
93968
93699
94398
80840
72614
13163
38567
41856
61619
41533
86582
90333
11665
61239
13243
85620
75910
56635
88811
6952
61897
15344
18493
96888
86260
21510
78278
86353
32199
16939
17755
55633
90987
635
4859
6672
72006
47244
37064
45830
26833
2258
11662
60204
37311
50619
59450
80578
8939
45445
10808
65262
92895
17084
16751
7087
61458
95294
43267
34730
71926
11179
15760
77362
73855
65448
47956
17687
92482
63903
67284
81315
7418
71848
45006
26739
28004
69263
33383
19200
63841
87296
50840
96527
19121
1402
32631
27340
42423
65965
49492
20551
19518
53948
26372
53501
5314
65282
63006
78102
50097
5987
30369
56814
75059
16983
26436
72961
70983
12835
90664
44667
80093
80538
57547
74352
43396
54576
5753
85940
44563
22781
30606
99347
12670
89137
96689
22428
61245
76514
50250
63845
72441
88167
95335
65753
99591
27295
47762
90695
98327
57839
55940
43117
23167
34016
38088
67032
40390
80646
65356
93935
41525
55377
86944
91012
41336
51224
22479
93360
43418
35052
3973
11885
5625
64809
14611
57599
80728
7252
3840
10445
62280
22393
36438
79282
10102
4703
74016
84793
76793
64467
63757
72248
92387
638
85408
14431
49917
72973
78719
67652
96623
81668
87854
62986
85017
56452
75783
98200
58681
78556
26606
21624
18678
3883
82875
81594
6280
43629
35341
25155
45170
381
64117
77542
30001
88650
77106
73842
41202
81
50520
24156
4147
11033
76005
71911
88
77622
91993
72712
57424
75335
75415
88884
63625
17200
16448
49840
66070
20775
99928
53308
13351
76217
36961
25927
2251
50806
91628
88821
38050
79503
90514
34495
63886
19136
23337
54478
4794
65088
53844
11066
71766
29260
79351
70017
29229
69673
30273
9825
27370
48443
57374
43914
96431
26397
91347
80813
77621
83354
63062
73203
17129
65455
72183
97731
39968
93989
15164
26566
93038
30259
66507
37326
68561
81435
76026
70805
10038
33959
24249
6075
21457
23625
48135
741
18223
3383
99430
22255
44049
13229
93063
51092
12759
2537
62418
70187
62855
45073
92277
31541
57517
36651
92813
13932
71517
5618
81755
15659
81456
21886
3849
15832
86212
28338
1009
18931
12358
58262
74091
5244
7505
97687
26173
77111
6913
86859
60462
25250
24113
21698
20200
54502
16002
14898
57244
15840
54827
35850
99305
68942
12194
461
26204
27350
84355
4108
89356
69227
15925
37636
5729
88495
50625
45484
72658
36196
77492
19293
67598
14733
99533
11328
69853
43419
68980
91823
60266
85519
47088
91708
1704
6434
41863
28662
21951
98116
3844
28786
72041
53117
26085
66374
38246
10182
92459
86914
22367
54926
97943
29940
27315
72242
80893
47676
33678
65079
36627
42039
92519
59472
32107
8964
11180
63667
77726
59642
69149
75727
87859
39223
68513
14231
3013
96943
58489
73395
66535
56808
38346
53900
93720
96305
71519
34646
34926
81092
36404
1696
21936
99872
90929
9435
19095
28576
35775
18610
20808
32316
37412
7575
42800
34739
59342
60996
46925
65538
72363
20296
36204
35831
67705
26340
99381
43
48401
694
78473
41397
79627
54227
69511
18045
62550
53670
20634
54307
64928
89600
27608
53341
23253
1049
60583
14395
42159
46025
15281
31312
73859
19983
98598
60451
71449
30216
32592
74951
41794
35203
31169
73881
108
53830
1631
88373
92806
15769
57553
30175
87556
61979
71928
89315
44128
19541
30473
6296
34150
72714
69252
55470
65648
68260
85262
81255
342
72060
25955
78991
1773
52748
73120
61232
33221
15917
29735
79901
67675
9181
82719
60620
72659
68250
49008
51079
644
28369
33531
25013
20032
29367
73502
87613
57223
80324
90472
53415
25934
79031
53028
4057
30579
6953
31221
87421
73406
62142
96604
24073
77809
66316
5319
19576
62598
66904
33063
41025
59344
61523
71768
93510
78466
36964
63889
96083
89341
5809
78618
19746
72014
30057
32177
3446
67096
68009
56944
85097
8763
63957
80833
3665
11034
43936
87358
48213
94086
24771
61223
319
91138
96725
95562
80889
57444
85259
62808
21500
10985
23743
82052
86081
25969
56788
16907
43657
76647
54927
19046
58848
62221
38728
88706
54093
27852
27208
33274
69652
49913
46
75572
62821
19084
47041
96401
2744
88810
22858
87179
45134
28095
24781
98317
75431
24519
69544
66493
88307
88087
62240
20406
25406
53404
32751
69823
27808
88851
67763
90709
3556
97590
78650
28086
98725
34997
52633
61683
42223
34106
76908
77023
49392
45726
21985
40902
15891
77400
15843
73932
4121
58255
33886
65567
20064
3652
52237
92290
25455
62062
30095
40978
89823
61170
67730
16670
52139
4462
75536
60632
29571
4755
21919
3123
9364
13318
16844
16290
35397
20293
63537
87994
30359
49039
6866
82447
15782
19095
15897
7683
93374
22050
64769
23125
84573
22751
3081
65949
46576
77835
81937
59768
3112
80220
12902
92588
71759
29908
9041
84336
10944
14146
91830
12439
52187
91525
84889
22719
14590
94057
83351
45329
74789
97926
99315
67435
9067
72424
81147
21611
10328
72701
42810
54858
87759
83777
54514
84417
61385
36247
37320
16507
71982
7697
69016
49535
20851
24929
7304
21720
80357
84483
51189
17828
45627
1275
52255
50261
44206
18089
24509
48622
7386
9108
90052
42629
18017
8690
81315
33210
30942
83561
63179
84815
90058
32699
15586
27217
99669
56187
70789
66274
88067
6721
75266
84204
91142
52235
28929
60953
24452
94314
93126
98876
60725
13426
33203
73330
80559
85420
61998
8471
96433
17278
4898
86667
6665
75209
70535
67899
95445
5648
95263
40923
4941
80562
56838
4012
8916
8326
42624
78177
25359
37038
8013
52826
74227
88764
65033
52383
78529
1526
48767
34132
2574
48019
68175
11026
10070
96309
76
72893
83244
78408
49512
8818
6349
80511
83535
32244
38818
59852
33587
78352
86611
46052
28376
19713
73112
85569
97469
61091
14546
8531
54478
20878
50879
13095
82770
65875
62065
39187
75915
82793
70411
47227
28905
97529
46747
51874
10845
99989
86368
4718
67102
44240
45910
68951
58402
28318
40529
17653
8463
82536
21103
96587
51939
35697
41625
24497
25353
4603
15588
96566
27482
96499
30905
18287
2822
43140
29293
2929
96663
32996
70824
65434
16089
77038
43572
85430
66049
21274
59669
56868
4202
75819
46068
89485
1368
96321
84304
77400
67094
20428
68908
11864
25637
97075
50436
83192
25828
64868
78789
22483
83226
67952
79549
62837
96629
46735
21956
82114
7913
22258
95006
7973
83916
69361
16335
12503
98368
49524
99108
40792
87982
76973
39009
88345
24276
44685
58266
67074
91786
24678
84810
16679
64936
67587
75760
19918
80811
50714
9388
97785
43583
35244
39463
54398
92248
51206
35945
63704
53515
26822
22656
95461
76876
934
92849
68849
48638
38860
234
72966
51647
40061
95147
46302
60653
