72359
82034
36991
72756
62285
94331
70254
19718
88097
49514
2770
89346
87849
19754
77788
3695
54421
91004
79842
97331
26746
73183
6147
66246
18541
77334
72341
23907
57733
75431
8958
56655
27361
89200
52419
72183
64847
61743
24676
61158
54454
73379
75017
61966
3762
70837
80593
34190
29563
203
31674
90940
8423
64192
60249
68044
13977
49565
62000
63629
27477
73263
53685
15087
32234
4752
36346
16233
66621
32749
63433
91176
71979
52026
93435
59427
65361
2613
20729
16128
41771
22312
24285
24317
41341
67127
15255
36233
46768
68397
96389
35398
49937
95293
77397
69794
36362
37567
86500
4370
1848
87749
47009
94273
11925
3709
62619
18072
26314
79233
87755
86022
73523
91604
49063
3617
92269
58236
90927
20506
95094
86938
58248
67509
71070
36986
67594
70157
30252
8466
95298
87645
19071
31397
83662
16981
33254
28658
31226
86097
28912
15768
89755
86227
66801
96371
70687
53128
4269
93035
44127
28507
21467
56803
13767
82781
71883
55643
74738
34564
56388
98100
79090
89762
39695
77987
53392
51142
62164
60659
43127
89389
20539
75269
14694
28154
76813
31952
76114
36163
7057
85776
29672
78903
70602
47304
28845
2272
50599
87334
16164
29840
36787
95070
99709
78269
76672
61107
20104
13986
68517
61124
6773
78974
83326
36643
26096
47985
82786
82034
19730
44463
72763
86569
47174
79663
65280
57560
38967
33051
81630
44984
97610
8301
9169
41072
84082
74170
88310
67311
36618
33006
18149
91212
15652
28019
56393
59565
35471
61678
92828
67803
7051
22100
95308
80281
26454
31705
59612
71703
64906
21005
86701
96294
84131
885
67884
22604
33962
29019
28721
90685
10868
17328
87030
30463
25153
42443
24564
66155
50895
78317
44586
33882
80527
45162
41460
54245
82672
15401
98216
94660
58142
79270
21088
8023
69489
94984
26696
66457
1282
62240
93366
75424
52301
64055
79853
22466
72373
44049
9642
22833
49603
58840
91491
89371
47896
49900
98535
13510
66956
41629
72298
2495
40932
7928
61620
53743
50278
70117
63902
84562
86470
86400
49016
10288
12803
9568
90153
2547
98535
26898
10569
44870
512
61749
6534
49505
97914
76201
46458
48482
89290
65308
27226
28275
9773
45461
68878
54641
48497
96464
75201
38819
38988
38618
10367
22936
91861
65437
25369
26266
51640
53110
96125
49843
45724
11694
78144
91101
14876
26373
52057
30289
83898
66139
91377
64839
38518
5290
9224
16291
54645
75559
10511
99046
54304
89533
8303
29382
25397
96874
24787
63733
77406
95698
32090
60023
81477
10675
23196
67486
50834
65811
81014
1962
99014
87200
99745
25102
94554
77750
24586
51503
63838
83821
96053
47430
78407
74755
75178
89042
31981
68352
87280
11063
92730
48931
81154
8528
5960
77474
6433
27929
47416
8909
79738
87257
46073
77141
47947
89785
32947
95227
61091
7558
70306
6698
64681
88653
96015
47162
67966
32514
30863
75888
32467
4939
3258
57265
47585
53977
61367
87615
74609
75698
24324
68214
78034
6624
89306
27688
49479
84079
34452
17514
52234
43045
75947
29233
63188
65975
85880
10633
52097
98730
94249
92250
5670
42694
87291
93529
21521
93658
42065
95703
90280
69837
90616
11392
8868
15177
13492
18280
18184
20386
38498
38326
5469
45588
47506
77387
82012
2914
20339
88011
73457
22198
31321
55847
29503
19268
92186
8313
44518
25401
49620
52012
5109
30587
44650
44199
9715
9528
42733
4740
58396
25025
4351
45009
43315
72807
50304
51400
85807
58500
7562
14390
36776
19305
98851
32917
33110
79362
30589
93766
42730
43562
25032
2687
4739
75872
6225
16348
67634
52762
53487
95342
21669
32396
85908
38877
11590
17552
44189
73194
10940
80625
14809
40149
16024
38414
91246
45207
73497
82285
98912
54410
43346
70682
67714
55279
86256
48911
27781
27082
43821
72571
88466
85614
93094
66647
8822
94844
35948
4767
7930
18335
35866
84779
10852
42237
16982
70271
87901
37762
37050
89060
48239
72937
43494
68089
54903
86279
62461
87491
46616
76182
69943
34812
71695
38941
27417
811
26887
30315
9474
36938
5659
81924
48663
94869
86744
47774
4673
426
59969
72708
70650
67829
57594
91873
51552
33328
41711
60449
25982
15053
44794
46985
61119
92930
6291
6257
13827
59421
66961
29915
65318
62696
82498
19512
10472
50873
49814
32711
99733
88990
93951
63196
49996
72898
90810
65179
92910
42466
24447
5161
89818
2637
11926
6957
8622
78165
4745
95298
59405
33239
24419
5916
99668
61805
94283
6443
6345
26411
69755
80276
76239
48895
96822
69083
82348
32340
20900
88948
57161
47063
74038
47151
84148
43766
68716
91186
68368
72141
8046
37925
72274
65517
41762
84648
5694
81247
63244
5850
73394
30699
68163
63109
57900
9310
18954
97536
41427
39373
68917
56938
36276
70202
58166
87992
64716
42219
71424
16190
69279
89285
25952
29932
38531
1173
25428
39707
27448
11126
20849
92803
34421
55577
2831
62302
15782
97048
31127
93541
63446
16432
77127
15190
6618
81456
18031
15038
55249
32316
96751
20819
50331
68210
31628
26628
23810
48160
87961
92289
2005
86600
5387
67920
37349
78219
9848
75984
36478
92240
36932
77158
35531
43943
59252
97299
11522
23645
59676
21874
84276
93675
41002
29399
12880
50777
84072
43112
91548
15293
27057
61194
89758
40603
57395
59000
86375
45899
92142
24549
76020
56111
2061
7987
79539
25095
77638
76710
92715
7043
13169
80092
43167
62732
75381
45233
51663
52634
36752
41525
3767
59427
6521
72958
8485
4896
7594
16286
77412
32593
76955
13226
83766
3909
74137
14184
18960
9295
33381
50425
78305
57585
51036
6022
96694
51135
51346
85759
47262
86553
6000
38626
571
96171
30813
94352
94102
57961
68013
58108
24208
19512
51854
42412
45813
47438
35269
26865
39865
2657
7688
15128
79316
92492
55479
97999
23027
95507
72857
98151
97135
85391
29163
4967
52816
3978
65921
32958
84758
58511
61713
2789
26150
90800
10149
1953
6736
44794
84912
44045
79671
86861
23124
21510
32847
20445
75552
26197
28941
50111
82935
3400
4369
5122
80431
69814
55756
26992
46347
41127
33903
42862
67567
42198
54528
19345
56174
51994
1675
15512
36564
86439
59788
5977
94601
21121
41079
49803
27103
46763
1701
31587
81531
70530
34375
31176
20401
71780
20797
61786
91753
88116
65631
43429
64229
99118
9645
13995
38900
19413
34415
44015
12131
78672
10875
89402
43328
54565
92751
12193
74840
18417
82305
78111
6666
83180
98715
39798
28340
34567
97166
3060
85523
24584
21872
73766
3036
89703
27013
3663
68656
6536
5011
65050
35453
1459
97746
77369
61834
2701
82263
72844
4154
11989
92263
85662
81633
9878
46836
12498
59644
21726
39056
81007
22041
22821
70443
24756
282
30756
38142
10435
61718
35794
8094
59446
43686
10679
35953
2291
13665
25364
43860
85740
92074
59496
27485
69825
62161
72759
87700
3967
42764
83210
71658
91398
54711
14134
90764
73048
78638
69929
63006
60142
15823
35434
66706
30219
83215
14234
79863
42003
81826
20925
60056
74209
55966
91634
61122
21062
20962
74298
2851
13149
42866
21793
16084
95060
86508
61472
14993
6283
30343
78034
29722
40580
25201
47477
66019
44944
39868
90718
73948
66960
96709
56487
52829
98555
98369
8629
29665
44471
12828
31120
16076
42754
37544
38109
65141
71535
64599
82203
70281
78772
22029
55432
9314
70447
93053
61043
95910
59445
81235
27822
49638
2161
50701
19175
24277
60823
40339
24857
12551
94378
90790
34646
23138
76975
21220
38082
91491
84186
31496
18176
4095
82148
51022
25773
8177
15277
90086
77318
15808
39766
29236
9233
49190
67543
54625
30649
97120
18383
96005
4257
54586
70866
93728
75442
19016
42483
22202
78352
70059
76449
79
47984
87587
15427
4178
28680
89663
8231
94879
91140
85057
16770
22349
93152
37161
9120
44480
50408
40984
99417
77463
30760
85285
468
90881
3250
6112
53893
2181
74615
3228
16172
46240
86639
34192
71342
71663
47302
94049
92559
25254
18749
81183
66359
22007
6802
86832
97197
99427
35947
90732
60188
1697
17754
33233
74985
47330
7715
98742
30497
55801
26358
16049
95137
61891
33642
78681
25003
3791
2071
26527
67205
85529
72179
26812
89719
15444
24387
24316
39475
88970
15837
91624
42184
67354
86654
79808
32561
19500
63754
34777
80438
59239
93474
84346
83972
92188
18309
22150
72703
3345
78583
57158
67470
96829
13166
12851
48430
7780
33636
28272
49859
5197
10374
78530
51472
59922
2872
32473
30351
91551
52567
66110
29102
17571
30143
99520
67266
26219
81782
87708
44468
25742
57859
36340
79562
79974
33417
65934
5717
63189
74110
38249
64762
45199
35954
71357
91689
41573
8574
90782
34694
61591
94269
3474
94820
54627
69630
53825
57238
97168
35315
23101
28342
35483
68662
74851
59431
93045
87308
35747
94157
4225
42980
81442
79276
37569
86787
7364
84215
3713
81234
72631
69121
11383
36563
9318
59651
73463
31412
27995
11390
62626
12912
25340
16709
11658
4921
33191
98236
13778
90153
91981
98151
6922
89256
28962
43739
30503
49653
81989
28983
5725
39469
25495
91507
89735
30882
25699
80057
79411
65452
33917
57985
14219
91838
9348
76034
22413
49296
53742
97895
74306
3176
72869
5480
70884
3034
21867
92277
92127
30563
60234
91101
4364
18911
64475
93182
76675
45161
82658
35831
97058
31887
69707
85686
14129
43565
57515
76308
29197
89008
89562
46672
17138
93690
92573
14498
505
78484
88725
47161
65809
42957
5171
16775
5739
36002
29232
90699
84107
95162
62834
12048
4842
47137
55388
52242
30294
88210
31989
11322
78254
46403
83493
27638
30141
77392
10908
97601
47898
87864
14890
90949
82890
86537
23300
41485
30933
18057
96659
35440
64559
81975
46383
89172
79284
25222
41728
29178
51910
60679
71831
88928
63180
10945
11960
56190
24315
56804
18288
31642
78469
15349
6572
60332
8051
38921
10122
11226
12371
30550
72151
97358
610
41529
44676
1263
76701
86179
2360
71893
42805
21711
56013
41344
10669
33704
75815
82081
67100
18970
50307
58218
68009
31599
88750
59035
83739
45201
78182
41439
45959
15740
58889
36568
36041
2278
18915
25602
28124
3135
45642
66063
88780
46277
23603
18393
46507
86874
45815
53761
59450
75425
67857
95390
87389
45382
33314
49540
25566
9481
49844
38276
70690
11966
73820
32119
84765
11012
2550
53404
68263
98501
25181
88658
18191
8431
73669
96183
57465
75720
1424
97262
57181
72377
16517
5806
25253
87823
63369
39147
7574
23889
71142
68362
22076
12663
95620
33071
4027
70508
52526
28373
85100
76584
39882
88963
64175
28173
62846
28722
26161
95896
85233
53270
18526
44978
84091
23450
4334
32372
90112
38347
6971
98110
50300
4925
85445
79441
70542
19288
82616
19089
35592
11821
74093
6590
24196
64560
64770
67160
20647
62275
7328
19132
82785
10499
89886
51554
78368
24743
53197
27396
4326
91658
23758
55325
66091
90217
95935
95679
79541
18391
46847
70567
13211
49930
93199
60193
87477
34622
72817
49184
21213
87960
61340
40958
89702
57553
97934
7564
40246
94803
21765
64554
80607
62953
91500
72441
94622
1065
41240
54042
53051
1762
81142
17063
81301
68326
13312
62956
7945
41612
88644
92774
68262
97873
19271
3045
98805
98684
11854
20477
76360
37208
57661
52028
36828
8856
75215
81745
98811
14713
23218
31682
66092
6213
1022
80235
28682
7508
24963
19476
52644
87815
90509
91032
64890
27006
49037
15613
66417
99274
56624
78801
76686
30627
99347
49557
7392
5437
17081
40505
44632
23583
84476
26233
47161
35872
12053
5432
25411
18159
37584
63635
68561
67647
92303
11245
2773
55132
32856
60663
70155
91321
1935
47383
19168
74202
52502
10936
9753
12204
74033
40209
90901
90855
31740
87599
59710
29851
90185
97109
7093
91860
64992
59530
55660
58488
7362
60809
85001
2913
32181
9550
61568
63138
55000
60748
52028
55401
92552
29794
23944
97080
46507
11934
11195
80272
76748
25877
39430
38246
16259
32403
38840
51857
6986
49664
39051
43880
75070
95709
56913
47793
93237
64566
98961
44152
1996
41313
85523
91014
9220
62194
20768
95252
54840
63183
5140
47860
28426
39097
95087
46305
46163
74247
28075
81618
92430
18645
92151
38853
95357
94855
69387
4004
21355
79927
75529
76550
68012
78075
3715
40444
98462
22325
12178
20904
49812
47541
6995
11012
99798
21722
16367
56410
7031
41271
29866
6313
1659
91680
11420
54254
81033
72843
70036
89583
45255
77452
89345
48084
70227
48150
63131
87520
78997
58054
70677
14052
92308
94017
60574
66334
60613
15551
55983
28876
39298
52565
77888
39446
68431
75596
96176
24038
93857
65114
89565
68173
99135
18620
95005
23630
12456
87150
11357
56794
66405
71989
36956
51059
58786
65105
31493
11862
7206
77905
13157
3820
11838
79333
98264
59862
33906
5322
95305
567
66726
77823
44552
34264
90983
58807
42103
39639
84794
67418
43274
57061
2258
26592
10120
65663
21458
72649
72206
16735
44251
26768
84272
21392
66816
64632
89405
51028
15988
82763
81984
71246
52837
85884
81863
18782
12692
85696
97424
77636
36212
36029
67487
29258
23503
41737
77067
98198
85214
86590
75671
31646
53911
25839
76169
60899
54429
12231
26064
3368
57081
12502
12508
28459
28564
31698
13949
77409
4968
14064
20547
30537
79410
83300
77574
67162
59864
83518
61396
50624
99266
52679
29196
97915
8475
41009
9964
5785
61246
20212
90320
97246
16095
70707
82630
18423
38616
7819
19309
2363
58905
12658
74365
97386
7560
94398
62601
77219
27990
64744
92426
66361
43220
93408
70690
97523
84866
42352
35516
55312
88845
94737
43645
19254
84636
89740
50895
4969
2995
66734
34770
54502
95452
70206
69951
67762
52309
34821
9478
84764
84232
74411
41009
77780
74299
36789
33948
72859
542
83101
45638
7234
47356
96353
2604
68201
73889
10879
68950
2052
69397
84055
62241
78638
19790
18639
13101
73463
69840
3537
32054
1823
19729
6158
22004
5560
86998
94559
3969
18520
79975
51205
88118
95571
56189
69653
81844
76826
78722
37085
14508
7282
2157
27636
41351
15409
12540
24889
91120
26638
86315
5998
88124
12453
17617
67999
66785
12050
12349
20625
43943
91361
9817
86921
79548
88570
69597
35623
35065
52846
51165
13502
66636
24061
58465
17587
3784
63237
98093
63024
98030
31269
11655
23886
68656
71849
53429
8231
15365
36311
94463
93142
77160
7904
20785
29229
16345
2434
36879
85156
14103
83983
74082
24111
11084
92366
49057
79176
45630
21435
60389
34062
43150
51656
96304
10159
53780
12554
63025
74481
84718
94228
56802
8462
33673
63999
14436
37797
75751
77165
42602
10455
8640
2344
18055
49480
81208
27408
4547
42772
82973
72659
53989
71471
55762
88775
92292
31995
60356
10292
55119
90262
66469
93111
11660
90369
79776
37915
57139
96625
565
60981
54803
84530
9571
59921
737
81697
32637
24374
94385
74948
46392
70062
67074
78850
95041
52395
33813
44064
68282
48642
53845
77626
86485
49879
83626
78201
96541
79373
93800
66182
12166
15371
79882
37794
34279
16253
71027
25688
30439
79103
41527
37608
1644
54004
94088
48892
72313
28717
73578
19945
80405
40981
40552
75123
80202
41791
75425
26856
74711
26164
1055
96683
20454
67398
42116
54621
32296
56131
46555
28597
9122
53198
58235
8949
72300
78445
92603
25639
54606
1038
60452
88233
66415
45291
40384
16352
61037
9292
38571
86459
90645
43073
53793
74136
1130
72947
39142
47499
58448
95731
51596
97724
19439
75769
14287
57514
93703
58719
70480
24179
4328
3384
79758
70744
30687
59543
31634
59580
16267
94122
93950
53302
31782
41322
24666
65767
55636
72391
5937
5027
77603
66406
19750
64595
2229
71871
23632
4393
90568
83722
13381
59282
46587
97498
12040
26455
25410
38902
81403
93701
97108
51423
11409
70458
74160
82958
18734
39386
51301
28742
98024
5586
39244
60188
34144
28321
78429
14137
28581
59834
68083
81758
22114
85969
5706
36371
45970
8968
68713
60712
90437
85928
82747
28704
32046
28964
76799
66979
85299
33979
93493
56610
67260
40115
3104
60862
49239
95502
92243
60833
22052
55029
88080
2692
36234
74800
54157
95775
67287
90456
78145
48708
49284
1543
84199
42350
73396
27691
64776
77464
95965
52148
22215
54523
8320
96716
4093
19349
95266
29986
18405
71795
63059
54457
60644
61867
35059
57767
95371
52843
43570
50869
15398
35268
31812
95744
16704
16530
81383
42582
29885
35055
62923
83121
20112
57470
60814
17918
14538
51293
50189
83031
66737
57190
1822
21150
2126
75814
268
40917
92987
9793
25193
88957
20555
58110
17056
91206
61604
77939
11377
29062
80446
76744
38483
90012
20484
84459
96031
72240
73853
98108
47040
27235
35934
76373
59464
51966
77968
38695
70684
48843
78753
18757
77604
52879
33974
12455
86529
52996
49295
35785
37871
99220
66501
37326
99495
65061
75882
78942
65822
8563
72228
35709
82635
38157
63321
53906
75406
91970
92273
6035
5619
51509
5282
80680
48430
51051
47765
29070
16119
48612
24192
2909
42803
42084
19131
98157
13832
2671
73887
1011
48363
57103
37607
44884
73109
26706
33710
77744
98113
86464
17588
43612
23122
73147
83907
96170
64358
48542
81648
75507
10113
75758
23421
36202
50007
96775
42769
15031
53420
95631
59777
47570
50381
9570
20703
15059
15931
6855
15194
76955
79974
84988
44445
52582
88597
45426
8130
7483
20496
34490
12902
48477
72150
53734
68850
27488
60273
58903
12772
38753
48189
67986
77141
72260
89448
87483
51686
10398
40241
99937
43504
65750
12594
70105
44457
27019
2627
95303
27246
69868
15464
26459
13702
24512
55375
76919
24327
51354
56877
21049
75148
77800
85084
32141
38272
52124
30817
80888
51218
61105
18565
74127
73849
40383
1979
64981
64022
39828
45655
74980
50813
23352
84566
87473
85334
99318
76326
23594
36185
72545
1296
67183
91369
13279
97154
72423
99547
72890
47621
32111
32672
97774
2805
57179
5211
80724
42609
10686
88504
78254
45970
35622
10870
61336
48487
20766
35645
58455
52514
5093
62374
98437
93883
69247
90584
55659
83146
66304
48415
78908
90285
32118
78167
82805
70236
78032
85324
15959
72858
50528
99152
79858
24971
81006
81692
25561
31666
17714
56394
22648
35344
67820
70808
44470
81821
19201
51344
48000
61926
61177
16856
54469
65078
15372
50607
49771
71156
38323
13174
43364
3701
13408
36702
83463
94305
90010
8003
94710
35279
18928
62461
84543
68903
13814
94586
19521
39437
23894
87029
52175
83284
78384
32446
91524
43490
98732
98953
86471
3002
26213
79886
8883
39747
80122
85018
28337
42391
21628
45908
2309
21554
96893
15869
26285
60465
68160
18833
87100
44084
53155
60489
6057
66738
98910
61353
23086
19706
21783
3211
60902
86223
44018
61249
82093
798
45092
94430
81098
16522
77111
47743
65215
62280
15596
39993
26053
40744
319
64061
99359
12936
87287
80988
95562
69475
93632
46272
42974
57676
5221
19119
72860
53046
90986
39774
91164
61820
23046
60316
60179
49996
99902
19409
45608
86001
2253
22342
94515
82996
94974
3557
94407
99125
94207
70814
10226
57396
71763
97096
46855
70035
95377
88137
5695
70784
89814
52548
10823
55582
41977
28033
18023
84837
73603
17886
35277
5030
54238
7657
41780
79305
3468
90479
21699
95914
61681
55889
17100
36891
23987
79376
42948
72092
53644
47795
43692
30545
17221
85529
5075
98651
47225
95976
34084
74275
79687
58930
88260
63612
76331
27695
34879
71613
61981
38687
17661
79109
94486
7691
14357
34693
89322
6529
18445
73986
83190
70688
82769
92997
16114
46407
47863
54807
20237
13233
87695
71253
71584
17070
4266
15980
52064
64215
91447
4920
46939
82376
61302
98922
40821
8316
87696
22167
94479
30203
21739
38723
43510
21975
38085
75906
7464
90280
65264
79234
4042
87676
44423
17082
30240
39538
76156
80015
23933
45938
95722
80487
98932
14244
39890
4903
48838
64824
85756
60433
79266
12806
40935
21378
85582
7117
79900
6114
10638
87837
98873
75237
64068
1051
27703
97692
83508
36722
1820
77453
43007
85526
56330
86649
86062
54775
86518
82943
48953
41581
71858
49745
19927
13081
10004
50447
59589
55086
8209
35655
14830
5966
80568
50033
85199
45945
89637
87369
14813
11613
44710
52543
27997
70461
78364
28901
59189
23424
76790
37685
88725
226
15857
45575
61634
19455
90617
79245
59154
95712
71153
36844
15951
41464
1020
5564
3537
78533
34089
71376
22476
4935
53233
11043
63224
87004
19608
3929
39242
78884
68634
64828
41135
82529
60811
13014
77665
35207
33272
7971
40727
2209
27543
67247
85646
333
7643
67792
38664
85546
53852
77042
51655
90317
77060
49835
26575
82982
54182
33342
77113
52035
23872
61739
76170
98142
82634
9437
56132
56645
84663
49696
80905
49998
70771
57179
45583
52305
89897
77237
11446
51464
75387
47699
21574
97385
3587
77022
20863
75102
31710
1812
68372
76104
41818
71282
71092
13691
34318
80349
76290
97984
82314
87558
54005
76872
47137
58547
67317
7980
26217
87806
77194
14390
93872
38964
30569
71486
72478
11291
86533
87436
59767
94291
74013
58731
19987
85326
77858
84073
86232
61799
18949
91718
40662
55830
4117
73411
60667
60411
12823
66962
61812
44662
40647
66201
47654
94635
80588
81174
25406
17397
61839
73388
22292
14989
81662
67731
5007
70971
84446
57233
65570
91228
17020
50526
50346
33672
3411
15255
50300
20610
31579
44429
56258
42852
29460
81792
11180
89166
35204
86963
40181
43706
29174
21779
11178
54932
95493
84053
26973
47220
92980
81222
43396
58522
25419
57959
32575
47606
60248
42212
30060
26593
63546
69688
36628
92119
88783
44717
73676
2782
8054
38941
97485
22487
81035
25966
38937
4391
90501
66265
98781
7461
71446
2588
30400
58175
30891
55501
26588
74866
67113
47973
37411
36989
54874
48386
58216
12732
58731
56587
11282
55035
52043
17067
58924
82041
45371
71690
25992
40028
50425
6161
65553
27591
36272
17977
40563
61995
57167
82034
7601
97887
27809
77047
46086
59778
62765
28343
46537
79576
96226
26843
26128
27469
20221
66662
85779
181
23779
30173
21522
72675
29348
24734
98954
72119
92393
60239
54356
94385
62887
84182
98856
76787
26557
81879
27621
71985
34127
78080
97718
34422
54834
60640
14868
12891
69309
9152
39117
74613
17640
85135
91795
58728
160
16967
40049
60037
72337
27201
56019
21915
86203
46079
23353
48662
25453
58374
12598
11765
72747
82331
50233
11575
27300
89852
61832
42888
25832
84031
94124
2570
56028
21528
76566
81877
73916
67391
51084
88817
51565
56366
34925
14682
88162
34672
15088
58257
74436
82717
90822
56969
61518
38583
70774
87444
76739
2123
67147
69328
35151
83612
26014
5397
69437
99967
72296
50174
91311
49151
47964
9546
26934
67826
78642
78844
17188
86789
73972
14350
27945
27389
77307
86639
66285
58879
28008
25126
84162
97905
88264
19594
84594
7120
55676
99160
27716
50082
14174
56318
29598
13766
3080
5987
89635
25189
64351
77281
46376
76488
71325
65362
70227
79025
14568
69818
58985
46348
84961
43221
56135
90668
79314
89543
43365
56588
7421
53679
67868
26336
80809
10651
8842
86024
44176
75646
82802
5256
55813
61971
84063
67009
47557
33066
38448
97421
80824
75458
87896
106
62989
41702
1869
34277
72054
86831
38893
47063
83577
21990
62609
50059
95252
92580
43906
96290
448
45951
66596
18442
47828
48914
10709
26771
81183
80821
96713
25273
65207
7952
43553
95051
98935
23343
47169
77615
15644
21386
28596
22361
4798
29849
1693
4491
10195
5844
16953
72891
97343
50774
99318
50366
21151
30012
67007
61509
55253
96164
83511
98077
55389
32591
157
94521
78948
49795
68342
10191
42402
67489
57349
40127
17395
59666
2819
47202
8397
53186
29305
57525
14088
53062
53623
4717
85563
52418
86053
49378
55137
63395
23608
64473
74359
64942
73683
53224
99237
77221
32633
20605
63591
15522
80463
61417
184
7381
45822
8298
34613
14767
16280
583
98064
92640
91525
51793
92197
95451
72213
93843
13026
24096
47522
3646
37743
38888
92143
30423
49005
17399
70882
81545
53130
95914
79015
73490
68485
70836
93068
87093
26536
23990
31622
51250
88133
60746
58026
18140
84565
39144
68928
21631
57047
47123
58490
5162
22708
67040
74060
69893
89546
10675
79796
80329
54720
91106
91439
63824
18357
92207
57238
7135
7890
15810
31536
46411
87268
96837
43625
64856
76252
71758
76755
47657
24812
61526
83582
82758
59093
69520
84786
84002
42134
68186
4479
46019
33132
32752
65816
87054
62153
6643
42762
8796
57291
70064
47356
15944
37106
85237
42667
24019
48235
36958
85519
111
63541
8268
76917
89557
88379
11861
58942
2567
95653
94152
27575
55099
35648
48707
73606
17370
84506
54244
18394
58093
10204
67063
5979
11930
71569
77454
43429
16683
72503
14884
31282
40647
87081
62881
14536
52017
13163
88794
61865
81288
22448
26614
3838
65254
36488
41454
58360
50270
11390
56127
84095
24523
5617
63492
82031
66840
10236
37111
2874
86890
6567
73697
55202
23388
11205
63806
70024
25123
4415
73941
40386
39620
82751
7471
72899
90867
95451
11031
7404
69848
8840
36374
30712
33484
41657
34841
82807
17910
874
20820
85107
94663
29933
6161
20061
3825
9423
96779
61444
85235
10717
57200
74867
77652
74919
65390
13449
1824
1300
21160
21625
94409
44644
64762
17171
93106
28617
9951
96632
10748
80793
61539
92864
21895
63063
94827
38852
58887
49061
3941
37686
23655
39805
96346
21998
84170
62602
67479
99429
87312
15159
81512
1201
3494
5533
18422
26115
99705
42036
93907
15963
49646
44659
34078
36598
40259
44537
41708
98053
45484
31342
45503
88548
12403
21160
14549
60323
38609
63717
11540
55388
39064
14268
52736
71180
2397
40077
95866
94697
18687
5159
82652
44152
53428
43629
55627
89231
76788
96438
80006
63452
51267
39522
7178
60699
90244
9449
93375
41931
79220
60066
56397
54885
70171
71830
30174
10308
26024
54385
86267
49569
33543
50535
13198
94577
72153
65086
10504
16484
24999
66238
5241
11643
60918
91864
96829
13822
11840
18958
12847
17914
7472
97579
69499
28623
93111
22545
86250
87874
4339
34999
92174
52933
21792
25231
30400
34233
92674
12380
55448
38925
63846
96451
49039
60650
9529
47961
5013
30281
67647
63008
82124
75354
68020
39964
6137
66757
14559
39735
12089
15514
53381
47852
56914
33903
81052
65254
26791
74087
71987
79089
30674
82250
20535
14461
88127
16194
12085
73096
40604
52714
68868
46042
25682
69207
1352
94852
64969
22698
59166
23472
27344
18549
5922
64606
7382
59993
29701
57482
85095
40887
91631
58143
16567
94188
40168
30306
93113
43806
82443
77215
92582
26359
98729
11326
34772
23253
51870
96862
30353
82936
28720
74475
13018
26004
76170
98908
42258
664
60848
53612
82385
77274
72184
68868
78567
22592
74605
59596
27044
52137
89242
64158
66938
24586
70975
18468
95113
79301
33939
6168
86772
1132
13744
33177
1259
33785
20764
84664
92440
38746
65806
71768
18558
960
50335
18576
69777
23965
61764
77693
85841
27612
38585
67729
47926
41833
38374
13061
70733
86900
50532
11194
26657
36814
12062
84065
69277
44051
17172
69211
9566
67220
60592
15924
17496
48685
14821
24556
91273
23615
70863
32618
53323
75893
15322
4789
48015
29382
52904
95670
34505
71030
38713
73986
84357
88260
40954
99691
99858
54093
32959
93886
36367
91359
52566
44670
72887
85466
95994
93431
51433
19320
31398
2741
31758
29609
3844
43270
66703
19708
66587
71114
43808
70567
81128
17948
95329
31180
12825
7058
13301
28147
88011
33294
31453
23204
83761
20283
97527
89408
18443
52529
58823
35536
86405
99865
34179
94472
88766
91180
97744
16734
19041
84406
58103
64767
56801
65441
19552
4042
98640
53372
62108
93567
32150
23704
33901
696
45963
27215
3792
26518
68449
37081
72609
54967
3409
30526
91357
61367
56987
89601
94586
12952
62447
1155
57886
7168
21939
69753
56115
27182
23047
4740
71154
1537
68102
19776
91534
39366
3158
20981
42386
55441
64935
16391
12949
64466
82101
92513
11182
33763
42261
4952
69492
4667
33144
88427
78880
16568
65374
17099
97294
97950
20687
76961
41708
36210
30352
35831
31163
59067
74836
5781
19404
28124
67790
36928
59736
23293
77337
23396
21743
67728
8128
7186
80582
4262
20230
17769
42059
59058
28515
53420
70755
34624
45654
4149
66158
36683
67873
83160
81815
41231
8705
76973
59590
56394
91849
71901
41191
42290
67331
94915
45002
16405
12159
48410
98494
82959
30817
60879
92551
45769
472
82713
1386
94704
85624
62908
1553
57559
97559
58932
96100
60707
89906
69248
60044
8867
3932
94240
57544
86819
73999
27651
98298
18123
95784
68455
91675
92771
54724
43668
45668
51573
33260
10831
26276
57164
82109
96774
43995
73804
66794
8118
4343
38596
59989
74065
44357
56492
71890
51936
75468
44160
74634
99152
77324
77707
58221
21838
7517
66645
61798
87991
39239
29202
81537
55370
52990
11038
95587
55624
82175
62465
10677
21122
95880
28175
51469
20110
50513
23177
93749
39996
17529
11699
58841
64160
76962
33985
67225
19025
52502
502
97045
1231
98749
35231
34222
78680
27625
8992
55809
80110
43685
59888
23333
13138
12668
81899
66572
42853
6908
17569
93986
64938
65277
27523
35968
33420
53493
28332
51738
4581
90060
95578
27777
14703
28011
56451
15797
29310
10769
29800
16272
56715
39154
19279
10239
97146
77074
98563
9022
63201
54785
20100
35387
85366
22326
71104
39089
38265
74315
19062
46591
99571
81413
41682
76605
66509
68037
36178
22426
1431
17255
80087
39566
44023
97243
49741
9989
38727
84492
60505
67446
25585
31505
85344
7355
35757
27143
72157
39857
31636
57830
23762
79653
96183
10657
37205
58653
27303
61195
85509
75549
46214
7585
12372
46313
53926
30595
96119
86140
56823
78966
85772
28151
66735
11536
7950
73468
97556
67900
61780
36890
43805
75845
51354
63220
10366
65464
49125
57210
91413
40596
10610
72624
64280
95960
76181
90669
93992
51233
24586
31950
52693
58447
30123
25961
29800
75477
43982
29784
52053
84692
95835
62928
59315
34152
90024
9352
87730
88299
90293
79765
40394
22840
51927
52493
15544
57206
97904
12481
88640
10887
48751
79034
53903
88301
85573
44330
69472
16536
31969
37480
4381
21927
47336
42843
2
64387
51337
96475
29750
6671
34133
59544
70020
87035
9168
75787
11264
79736
6986
39797
69440
34094
73048
27989
57906
76546
80169
64643
41717
26726
87800
21582
84000
37122
61364
12805
74738
71240
77823
20396
34827
24756
98417
13019
12934
2604
72132
85376
71430
63026
42752
33862
52710
70238
23074
53525
69735
21193
17747
88817
48265
16855
72106
12399
18194
88435
59921
26214
680
62125
24233
75735
37690
32740
77679
32166
27196
67713
36047
66549
18218
16147
46151
7177
3069
95120
84114
44570
71450
69349
76599
55071
88881
89569
62092
30550
23083
3843
77950
138
38222
49707
34716
90608
29830
31369
6417
5135
46532
6840
54161
28409
78175
17561
37154
58735
58289
51648
73654
394
54524
57207
31309
28470
13306
19021
18745
34485
19168
23139
25480
95553
45035
5226
94894
67190
57346
23084
7488
94659
41184
23121
93688
61411
51344
2823
57834
980
5255
74364
57225
28567
61555
104
82990
83286
68161
68715
22201
85014
26016
19850
7210
76917
14352
37793
29308
3762
23774
17291
96778
87533
28316
461
88697
91519
84263
3416
7588
32638
92613
75241
44344
70245
46664
49679
28556
2628
45825
54375
15529
66288
39519
7211
5278
42054
56545
61374
93165
60516
14526
10578
81109
37280
38436
39706
12483
57682
48414
84863
17451
51047
31394
41663
26441
83086
83453
86715
3926
1904
94747
35958
39722
12776
78652
75858
23302
85624
23385
50667
49885
39948
91255
60360
89317
51283
12599
27840
96603
56260
66889
1318
95992
94273
46253
40653
94111
922
65412
53817
23454
98062
83137
35952
79305
32608
61979
70946
95064
95666
27751
58572
60856
33468
61590
4719
18331
648
55691
88855
19834
92637
94347
87934
30725
99278
24830
76269
6593
31430
13929
92712
5754
49788
34903
72738
79446
93643
68970
35718
9700
28677
87676
76977
63213
94287
45322
18239
49140
37146
93611
8104
87400
43027
71882
45063
67574
29747
2082
3671
4685
53431
57866
99823
45367
72707
28327
37691
63568
5686
40480
19316
47679
2458
23902
74656
55788
68228
28731
10262
35719
33687
17742
95677
56489
24676
59707
23650
99641
9443
34894
7078
38235
5130
37588
4826
42319
13119
47696
9496
47984
16237
52605
74572
24877
96564
43143
64543
74199
5768
5692
634
85323
18091
5115
54746
82180
2636
20996
76314
99896
99796
75711
15913
5169
81851
57115
82033
11389
73013
70869
40891
54918
82704
55872
74444
97916
48305
39486
26165
25207
46058
10810
4888
98226
30001
53070
59043
4190
42691
18752
49377
74060
42498
96683
39402
85324
43747
32169
71483
63867
65858
29560
63708
45772
64617
52625
33041
11531
65778
28517
90349
43189
58976
39626
88478
53295
96119
17184
47259
21713
38350
60752
88407
85087
53218
36682
17709
75484
10342
91190
12489
31230
97589
89852
48525
37018
33095
51763
52076
78432
38824
10315
46156
40215
33449
33003
84210
50112
6817
34945
39519
86800
71055
14724
95491
82655
68558
4176
599
92639
75539
88777
96771
3946
63744
3752
16267
23543
41866
31500
3646
82811
7043
66506
43424
54712
17554
4668
7987
80121
85741
28677
12728
39254
51148
92172
15394
56066
58217
21986
39861
74955
94665
97843
15738
33750
59356
67710
46447
84573
37109
12675
44199
79511
45615
14156
62496
91571
38118
9088
19876
19411
25985
73035
1793
69667
96790
32376
44838
29705
754
92835
77679
66698
35824
4180
57451
27147
61922
95753
28604
61190
98010
41387
91818
23191
73530
3967
56937
51305
95125
25569
74037
45748
41532
64878
71298
53419
34988
31480
2277
71519
56931
64710
45284
9382
81435
6725
10609
59235
83276
12880
64167
10481
88381
42310
23347
24845
7567
5140
66375
47629
69965
66373
23665
20609
15582
55195
8481
5043
21215
14275
34337
8021
19755
8055
8204
69038
53749
21586
84135
944
78013
33593
50753
57019
7588
48656
44335
13168
69511
15941
14200
273
32617
44002
62908
39234
5135
60373
72161
7863
15903
87996
91594
17595
59002
64495
32526
49180
71965
73284
5801
18691
31426
39872
3963
49648
73495
47576
83389
51546
17402
51366
30093
54093
30360
79478
38447
60781
80950
44999
75396
72678
21745
76151
62591
57834
62082
37188
24762
51678
59528
59788
36052
86653
87952
93957
47666
40040
27044
67089
4728
56196
69312
17286
68302
93294
15854
5907
75209
12008
50216
55431
13012
53914
69423
65253
8544
90973
59769
69017
92652
48290
54256
54686
75491
25242
59905
96759
95989
91045
83815
8810
62336
65637
75491
91649
78873
45314
67609
18201
37645
86541
35673
55355
6485
54996
22532
66657
97132
64153
35759
10355
15849
88364
64036
22446
12332
10464
96024
62483
78046
95033
93977
88820
11745
77071
7189
81713
71787
65218
98442
74249
24674
92265
49894
43902
26753
85332
16335
94415
66258
2157
14483
18402
41523
95402
22503
60179
97371
77068
8179
18756
67098
34256
52207
52894
13609
28734
15710
21392
50838
54424
82137
99785
91721
35594
71105
86964
35855
78408
15006
5642
12195
55834
64059
68224
81877
80215
9516
24098
60617
49078
70509
64646
69839
46393
61009
35648
30781
11564
99315
10188
51529
64413
92459
90477
22858
92964
37651
61406
24548
54991
56052
72369
82626
99016
92598
92450
48625
90034
26471
89768
82324
86539
44967
26942
95249
4384
49547
12200
3284
99636
71793
60719
90154
68899
99797
1253
78232
11553
75478
84168
22451
81513
93615
53572
12444
80709
57458
87826
34007
90594
38633
79084
57659
25355
18533
45142
12544
50452
31831
96771
20474
68431
7548
38695
89527
14549
87271
27051
43040
90846
19690
26881
29222
45428
38658
12348
11676
99066
98222
69614
51624
8166
2108
3373
69330
14589
63851
15954
43598
78239
66178
45226
62847
31588
71515
66163
4788
60823
16582
97979
16060
20705
52784
2533
97709
61509
8307
38558
18038
13610
14012
19919
344
84882
95988
62499
15744
24060
98848
1310
24779
28518
35450
60618
2493
66706
59814
52881
75325
43809
60150
5814
29889
14275
85680
42947
66367
69620
45243
34151
96144
89693
36198
9215
34139
17792
50877
17483
92689
971
83148
95840
22643
44123
10184
76456
48041
61765
27327
76164
57593
98667
26863
44318
17623
93022
74883
33475
92625
25848
25422
11474
59023
12776
36307
22506
48216
51245
2663
49299
22433
76187
21550
59359
87189
99923
87158
71242
92303
70241
73003
15167
76509
42907
51792
52141
80360
99490
93473
54033
54143
58099
52202
3294
46689
50391
91442
34398
80509
5084
34380
50411
87099
81900
36472
435
64490
33275
61481
18037
62911
19965
84989
52372
25105
8985
98073
36792
70405
60247
68740
20631
48104
4675
44451
60652
26446
4519
36164
93322
19124
89658
41169
7850
34440
64261
52887
13975
44708
98303
15085
8507
77662
89079
52990
78122
70853
75234
47406
63337
65522
84126
711
59310
89880
59527
13720
36005
52131
28232
99086
43219
83211
93382
29897
41203
20550
21203
33430
92621
55270
32472
37397
42520
25583
43020
72530
48716
38431
91778
48475
86154
70327
1469
66874
27993
16081
31299
459
68672
40511
15448
24336
5662
94834
69256
91530
70929
76801
13308
37544
61042
83427
62556
6972
45605
39772
11865
42764
61102
40456
46754
95374
43181
39794
50840
31664
80018
49347
57695
19244
60777
94853
23558
99588
55423
26751
93386
29259
27552
86195
53860
57763
62002
93120
53374
49951
69428
66041
55092
78711
20645
60511
80053
19167
78255
71153
55666
4801
7633
69511
74137
76627
39725
46736
1155
10611
25442
99302
60090
65749
26730
60853
12386
44806
10747
16946
86144
55918
57139
17363
41785
24959
90625
5721
5583
15576
80815
28170
95356
8083
87094
12933
51029
95712
47555
61300
18925
42780
69725
72272
49935
44807
9959
60589
53914
12658
36539
10376
1329
50416
90052
920
84199
26211
5219
16536
84673
96759
23483
11013
66194
1417
66790
91733
66467
10915
45453
14483
5288
65143
27393
45194
49749
24465
6063
33567
19020
80531
99218
46710
19700
45440
995
66453
85180
51624
66321
60304
89460
9417
47640
58514
80985
20484
53548
28192
23399
6106
7626
75135
24837
59304
91244
86212
58607
73190
47380
84872
81041
45034
54122
46018
30204
71364
5988
63239
99559
97098
41978
90620
306
83770
51269
92807
61828
28763
82533
14987
88345
35651
48025
90722
75402
5394
12739
22056
79937
87424
46088
31803
151
97023
54204
73735
94326
53046
13295
63375
94436
60876
87239
41612
50825
24597
91645
80158
90468
31108
69549
59542
41162
98679
98367
66955
1720
64699
57228
55198
79473
12279
21013
71832
21824
30556
82524
37774
59739
24672
68241
16466
73943
98299
15477
85377
74602
58006
14107
90157
40039
48802
80769
45948
876
11008
23233
68416
93479
26965
85955
45146
19440
1783
26971
51306
89213
80226
50214
76486
23343
77126
13310
50496
4039
56864
80539
74288
7183
65350
1767
78401
89993
73891
92560
41821
69005
52621
36255
58012
10570
53139
53872
73645
47607
81189
57137
90760
37118
58480
2984
65296
26576
55716
79449
1402
30909
45041
83322
20229
52067
19864
92308
58472
10930
84166
15261
9827
69684
90940
98288
39231
28612
85298
80893
82833
21417
50848
40628
67046
79226
93434
50714
2198
41617
77103
78154
65577
34606
92009
36454
75318
56061
93299
33803
4505
70168
95204
23510
87399
72361
27454
9297
39813
45641
34082
75677
68253
74641
72012
62781
11977
51275
50210
95933
3999
12349
18748
23644
64251
55737
63353
43226
54149
95626
81133
79183
71279
62409
59692
25481
10845
69491
9292
43845
80437
15733
33995
13487
45538
24812
44737
94925
72644
96548
80722
93019
59305
15892
82399
44772
17730
44758
98790
13923
9790
26904
22229
45035
43199
52996
77865
4136
50411
58971
42164
66567
40396
71270
85307
48420
48400
96599
9638
46392
34852
92563
38377
51845
87000
51430
2290
19432
97828
425
14687
83087
22058
73985
77340
48852
61750
93485
97244
80174
49931
99299
94281
60782
40900
13761
78157
29819
79068
25201
91057
51726
28936
53046
42471
55326
84429
13849
88144
74697
9094
27092
11398
66903
24836
87019
31591
53346
15290
28349
38733
79
66699
58902
38212
88129
96912
33457
98398
90093
33518
82065
64000
74308
31651
80452
35771
78943
60025
40947
94886
32024
65883
57313
18969
20684
72365
58561
98120
86414
12651
48455
58213
54359
69129
66414
95030
52943
6582
44187
62534
58465
96971
19760
35424
98177
61424
23222
29676
2357
86076
57940
77308
65577
78185
16623
83210
36183
20440
2962
75549
27753
98728
99622
4970
98123
64640
14771
68863
98366
14797
43189
35390
95504
67962
91672
88419
32302
22335
53057
92549
34208
15915
27704
70535
30543
44733
60896
75545
42879
29298
14877
72232
86307
62817
94285
48249
35674
60384
2883
33488
78081
41705
5820
10031
70329
67944
33736
71789
66538
96025
43709
94833
96311
11240
1433
97931
88444
19330
16974
39444
14898
64965
4750
32711
98535
11483
17536
46758
43248
65630
93761
14067
55704
70157
75460
21510
48956
19937
22810
36651
34500
67883
28074
38631
13477
54458
91051
76912
6751
66797
34631
76567
67495
46933
28281
37380
67742
91443
13262
70412
45912
20928
21634
18081
35999
5213
56234
53486
55190
49579
40831
74494
97811
3410
33923
15678
2248
39113
86602
16040
68562
60666
11182
93158
71416
27134
9050
13578
53958
26237
46000
13045
71855
55794
19548
64977
53733
56306
75308
14291
27470
17851
66409
11914
58669
71500
12665
2222
84450
56082
98318
74117
86626
91506
94058
36085
4811
55879
21244
59078
56403
46356
17382
41536
87283
62149
13290
37359
82961
13531
93627
13613
66721
25817
63653
36670
44310
67300
55445
18271
96739
3063
73729
14882
21347
81522
92378
36537
11728
76059
52822
12433
486
94539
27350
18344
76270
95363
36043
83993
20937
25185
63866
12763
68791
53519
68200
76635
53410
59096
79366
35641
8970
67839
97989
99667
49166
31481
72705
21161
25085
89934
36962
97659
1227
74231
25049
54498
70049
86310
3946
7361
72393
48928
47538
1622
38582
11225
46036
49071
85752
50531
29800
62826
11190
61013
25284
98284
41926
94513
21903
26434
86277
23791
70308
48416
60408
89707
67436
7928
66181
53027
59079
90309
50013
80455
71011
57181
67950
87358
20853
91871
27531
35499
16333
63755
67471
52663
39177
3352
69910
50975
86819
84318
62202
85945
5788
42107
86445
11041
4094
36392
2594
34799
7124
19526
10003
71806
55710
34268
7340
94783
78733
6995
93446
19999
56208
13473
16028
39950
94317
32278
54237
6111
48692
38779
63052
19342
53142
95385
10676
65831
88167
45978
48000
79400
21732
96011
19047
4789
74987
90923
79471
85233
11357
66844
69170
85780
44555
4946
84266
48537
88749
37116
54064
87045
48543
23059
913
66587
84552
86390
37325
54520
49886
90288
7298
81059
1857
34172
74719
49008
55405
97503
44723
57073
32912
91870
66089
67476
1569
63897
179
29818
24956
82521
15989
58410
26845
8132
52940
2007
58765
12011
61229
30856
1280
43127
31209
72856
31253
49499
95
93575
93587
37308
10979
40651
34601
1312
770
49841
47226
12483
57730
58956
7019
94802
51001
21432
45240
4129
42061
20190
42436
43757
77619
53759
98287
87905
47473
13466
76162
32847
96196
38454
77280
90888
28089
6102
6450
82449
33492
82273
88336
82268
46055
28557
86235
89668
47509
43631
17343
7024
41160
79601
96416
12973
50876
37162
35601
35767
22438
23392
32138
60593
14121
95221
67859
66887
14745
93917
38696
85163
49425
82343
53990
11493
3657
45192
98014
32019
46446
47911
85379
14084
59988
80731
65570
56439
23760
68368
51356
37774
39021
78323
88995
62381
97080
42384
5999
35262
25376
22215
30587
14587
73597
25417
2710
95438
97196
97107
462
30915
86596
16629
50960
68595
80887
55816
32214
6183
27136
62560
10457
40855
72781
56464
91481
99064
27565
23750
11643
37900
80402
19317
95386
77550
77420
67392
29391
36409
66573
83275
79147
98438
14167
99728
94340
11082
79165
22610
36938
58449
35561
13604
93781
1713
18265
8257
89101
41306
27373
7695
503
64524
50401
57256
38459
9904
69202
37503
39146
64564
60788
35862
78508
10159
20394
15112
61137
218
95396
6013
92068
1750
3865
24777
71173
14665
98460
64189
32351
20753
54819
86606
86406
49521
45691
80775
22042
88168
31755
29757
6537
64109
94288
2350
93102
17109
40075
38677
50371
51425
37129
43109
13554
97590
48815
28330
13251
83339
27422
99867
54297
77732
54279
86524
86363
48931
29389
47193
65213
32573
25338
62704
61932
28691
81125
30277
63049
5894
56793
64305
51394
59779
31479
22271
53132
98370
67670
49864
41133
88782
74606
70617
64264
78839
42905
50074
48433
97923
87072
65638
88662
92792
68072
13578
99113
79790
56671
32984
70831
46945
4936
19242
20875
33744
84228
15725
83277
74937
65587
77076
48333
70885
81834
77855
98798
33219
86611
58958
22647
54463
78767
35719
59376
89769
39480
95731
28335
56800
37017
2817
32087
42501
33780
58288
56605
44656
32783
93264
36247
33002
513
72015
65524
12748
86989
12796
22536
82574
92654
63617
71363
96624
72860
77989
17830
52853
94698
57858
72957
50538
47615
58985
34736
15316
73765
8492
41594
23390
44904
97111
40660
48820
71623
22428
58923
24602
81515
28459
44997
1561
97884
98857
45588
66374
48080
79667
87132
56833
51009
78714
99921
63445
10220
36400
53638
34086
85292
22191
32849
89236
26303
65397
36057
6033
270
10112
24087
47287
349
26793
82493
86488
20761
32027
59870
33503
38988
37889
89927
33496
71020
78034
34359
92512
91604
17468
31815
41208
74690
75485
61616
85086
77686
60479
28581
80037
82599
48508
35118
63929
38095
5079
10145
97546
97087
1233
77111
14235
81825
49317
75655
88792
47011
23433
39440
58456
88567
31471
24726
29246
49642
68291
54531
72384
10890
60491
92829
29435
50899
27454
98462
7813
25995
48905
74973
33836
15400
65782
16544
64342
99945
8506
53536
20252
22689
93848
75502
91059
3338
72381
24587
46872
50627
50605
49556
97090
23291
90959
94807
97284
28813
83534
26298
48614
14201
20376
65684
11037
70801
67080
50564
52079
42502
21587
55368
64465
36834
30264
60172
73654
60200
45108
48893
6002
43377
70323
84244
12142
47732
52328
57150
48155
88365
59208
64924
386
87829
89640
78537
3706
91402
14301
18247
63576
50286
94839
94385
33508
3945
96894
46417
30522
33010
64758
10993
77285
96103
5902
77869
84939
78164
13214
76219
73424
70949
21960
54222
17238
62428
74016
30402
40686
58796
67771
33878
67965
59471
9832
97596
68560
49886
61553
64071
98682
77127
355
1991
91568
40659
64899
71205
9780
57739
8726
19289
63471
90617
891
66284
22810
99447
46397
40222
6601
55529
55292
21705
18889
46405
58903
59720
65960
31150
20940
27032
67182
19782
60399
58698
22083
71536
57675
33969
75752
61693
12571
46324
71528
59480
92958
41650
9224
82430
96389
133
504
98048
16526
1945
66811
62279
80381
56444
11006
68189
4035
54703
63956
61965
49771
37483
79593
94846
64403
14614
68236
25311
1866
60537
39609
17750
46113
13206
38768
84816
45610
4557
74191
88629
15523
25913
37034
55206
86830
82703
6801
16963
42674
15122
56974
90339
87379
5860
87507
82649
55865
3920
37751
77211
86293
65179
75275
36193
21627
89666
48212
80923
67088
91519
97395
23424
34977
85866
58815
21638
11472
78709
41157
57534
11992
99213
26941
15697
77027
52997
11683
73146
18384
25780
10082
68474
47862
92884
94415
17509
91460
41431
67822
20980
75533
21980
24103
48996
29306
87105
87775
51259
45083
11735
65312
45405
66941
93070
57538
1357
25655
67483
2087
84776
55910
46301
61068
94629
21351
28450
70471
21223
56062
64465
8700
18875
44313
85056
56665
14978
65776
10133
89645
92137
79175
50288
99391
9852
66867
82544
46866
69816
70031
13120
80784
81702
80790
19365
52621
26271
66068
25701
84086
57962
1945
33992
99865
80686
1937
73376
35338
52077
92382
56980
84244
29389
27053
6581
53919
17427
75630
79575
75115
57923
98620
22040
65375
2615
96983
45862
10950
78414
7866
37216
67057
386
85446
59051
96980
16485
92143
31151
81769
72132
52957
99596
42253
70568
98178
18592
59962
51822
61164
52686
73004
26435
16729
29958
25024
22086
22277
31712
93294
6741
72643
49737
50752
57365
71233
58611
80083
49275
68765
28116
66883
40511
28045
93587
80222
42093
12364
50003
46858
3915
1639
74815
16554
52266
13147
40316
40904
96417
26539
85832
86759
6946
88088
91448
28175
41193
79016
93172
48870
50307
77889
53713
83353
92969
66214
40378
83079
34762
58647
69928
90352
33463
24634
42583
61192
11512
49691
7439
98619
92819
40993
49228
20
46459
40375
60003
43578
41073
7458
46973
31204
6537
18225
38777
62651
2626
13038
3105
72209
34973
64933
78766
42858
32238
26954
40925
75200
42806
62546
9451
36872
45346
96556
13658
47133
31610
50734
14626
55705
41906
70636
72549
57347
65897
28653
13085
80171
69948
54862
46919
81993
23267
61725
87748
37930
71896
67107
27052
62658
21789
14558
14268
64866
94247
53647
69502
43374
30393
3897
95562
50604
48644
64815
95325
4119
84400
28635
54267
8570
76464
80160
40438
61908
94470
28873
70701
9473
19078
79307
64382
60823
67298
66761
54902
17391
16095
26949
65011
99676
85653
97735
33178
34248
29194
91786
92045
55317
75390
6457
66299
40142
18335
97099
79231
20257
14900
73437
34261
88168
95055
66017
68237
44310
98979
85269
21679
68340
63274
19379
89526
39068
69868
37197
72693
22448
47758
61543
41971
82626
44839
53567
3516
59273
53656
46854
54848
89147
7451
99165
83811
12676
8865
49706
54850
53321
81107
59029
93312
52213
10394
49880
17810
69582
40816
58028
53154
32848
85024
9318
89337
42269
48951
66868
88199
20891
40830
83252
37769
42602
74596
31320
39593
52544
94348
57552
62003
86323
34910
72068
95332
6121
5529
12694
50974
12932
18514
17932
46130
12273
79381
79347
41957
2717
32294
64151
5377
9936
20146
60672
46790
16711
40632
47278
89328
40948
3519
2461
15470
68521
88798
98616
30717
63219
70208
63690
5354
48003
96782
40789
74332
72464
85840
62429
83674
26742
10131
52088
52479
64394
996
67793
44199
64976
89272
11111
33245
34067
6568
29212
54180
44753
13779
55323
9042
4600
11280
53814
88429
43079
82677
56413
82577
40012
78944
40074
95217
95985
133
38750
68690
96104
69040
14595
72170
11335
19774
876
96186
10195
71461
836
13748
34919
86928
71242
70462
86292
4557
74480
76418
73293
30287
82857
50587
86216
61051
71017
41793
45924
37827
56944
202
81354
67998
98441
39875
253
20930
85158
57001
90175
32956
35143
11212
7518
38300
85949
35205
31474
43474
19717
67935
85917
14997
26110
84700
1747
80513
56340
50605
53204
85717
31700
1784
74123
35520
58853
34735
80779
26047
97399
78414
35562
14224
51062
88430
83117
62641
89
45654
48470
86885
24868
8623
16223
1677
28328
34298
43965
84860
86929
34073
8917
24065
36891
31202
20279
55358
46356
94360
3491
14750
55975
16370
70293
50448
14389
64804
1007
34784
91053
73114
63119
54110
64330
23997
84415
48238
11604
75869
40916
69529
33340
28319
61199
50598
28851
43069
25346
59711
9141
89339
90063
93797
38180
28001
56609
97029
63466
28728
66080
53543
81262
94480
3834
19827
74329
53264
2346
9189
75035
18229
91038
65156
21746
46364
13161
860
82081
35627
17377
21685
73985
73645
32774
71811
88745
27537
66332
5530
42853
98052
2761
64450
92553
43790
35820
17135
81682
5433
15232
22202
34861
61053
82395
29184
21532
18461
89248
53384
5919
68297
68886
59355
32060
20131
59636
48173
50887
64563
28115
86184
25221
10484
95830
31270
96061
60658
64931
46045
64002
26717
78431
87638
19230
8170
58448
11225
70220
73696
92553
53693
50080
28679
24974
77576
66329
31926
39586
6776
19344
96869
80731
95786
87929
25699
59808
92314
65541
96475
96058
73198
55901
49812
23694
62554
50647
22420
5822
87557
23882
58141
95059
81715
23703
24732
58716
48968
8791
21611
57857
76546
14213
73975
36384
6309
96983
69453
43683
434
36880
15497
15889
68867
67589
19983
68223
20903
69571
68654
92026
40652
20116
21349
90668
24659
29799
59904
11317
51183
26725
93971
70731
99689
91260
42131
94068
76430
68469
40213
46796
50636
23955
83345
80500
14699
27316
59081
66170
12887
93299
59956
63506
69879
25676
36909
47032
16044
27326
1696
76554
73420
33452
8106
90454
12582
4995
78368
3033
95903
97478
35908
19147
91172
56796
15516
39903
61017
95550
64362
3087
58436
83465
96742
86511
89770
20010
27452
26563
49409
81133
59235
36089
71778
21002
73976
81146
85447
22034
49078
25255
15146
70113
64784
86014
45948
79315
38748
73731
65177
18071
59594
82947
61001
75729
54102
10929
70040
61943
58864
78348
36292
35374
80459
78018
95767
58532
63017
47428
2589
6836
15730
78605
52699
31602
15090
27776
60694
72632
72156
4965
24137
20235
79562
14974
93104
24652
90042
87437
23894
64097
29499
32472
6593
14885
42532
95215
10562
68405
29376
96779
97205
32268
86083
82767
60815
39970
62919
34162
46868
54612
5097
36414
57589
499
7
20194
35403
86683
26637
5527
75028
99036
73570
98228
20086
36150
35155
95605
15227
67083
34700
74956
59423
78948
92794
49708
31487
97085
67690
46885
42995
21892
43370
99043
90270
93527
70843
56256
44916
45860
30189
11876
78372
1104
61726
21215
10181
35145
64873
50772
76265
66560
15021
92862
24075
94464
73357
98130
12696
13986
78539
88144
38899
65661
55483
40780
3693
37344
52557
10403
49310
9500
32691
14709
73795
91037
58264
67066
14603
62586
67363
96152
18048
5642
19867
20349
23805
8456
25587
16196
44383
26899
26768
95117
33137
40353
36657
478
89524
1528
6753
98754
90739
20134
22597
38046
9003
85997
7871
5567
90158
96161
50204
75634
25054
18199
72926
90982
87921
24236
53806
58792
38927
64403
36356
23189
48358
28541
18328
46029
68506
74475
97269
43543
4445
37541
73937
87956
26544
49658
22710
93684
58167
69923
3404
29581
62478
99398
55266
76518
62223
76723
21302
8138
59379
13035
80195
58586
77265
37826
69235
47792
20988
33206
28475
40883
64812
27586
46572
84384
72965
45099
52081
94448
4361
42322
80173
4696
8430
18193
42795
90389
14047
52798
44654
13949
85649
72398
58936
37923
74792
83515
61782
318
81159
58306
6872
63623
65788
83006
59320
77730
13794
75161
32539
42283
77184
9012
33221
84311
57429
57403
62528
60164
54849
87807
99816
2313
23897
63279
31526
11324
17684
97926
1386
3358
64977
85104
36804
14506
98217
87271
47892
78533
54572
2975
57942
75965
15898
62901
79648
49797
55593
75335
68197
61318
61405
35027
66951
88837
6952
79967
52422
83294
10042
98948
5518
45512
6118
49168
22363
66259
40332
55991
77660
28160
31234
13141
33062
40855
52741
31078
38076
72026
47527
64875
34929
89986
85008
14213
34407
97235
85165
54371
67523
99642
16539
6311
14065
73636
65977
16115
29962
27439
62348
54285
4868
25821
48196
20560
89690
16430
12810
1536
4853
67443
73574
32730
22577
99980
2703
35415
24279
36351
99370
85795
69703
66911
29658
51300
15427
43863
3572
58200
35802
51603
4552
79796
12543
39218
49789
73829
78212
54281
10647
88883
63554
67354
45045
52078
57184
38869
82782
67079
50501
7833
5164
69567
96346
68004
75578
59381
78023
48763
68187
94918
28836
71639
52893
13243
43770
68031
53366
31013
96952
74039
58512
87845
52292
41993
97094
46471
63092
98191
55159
9111
87525
19791
34511
13502
65928
41924
79418
36773
2212
40924
47480
62266
72691
13922
93431
16982
40752
20398
80270
47411
73658
21876
55385
80654
82747
82941
44010
58301
95071
91397
96804
31209
53486
18780
29726
80662
10765
78519
69077
309
78486
26607
42300
55091
56792
15330
83898
25102
28396
57598
79927
31317
23229
54096
37646
8832
56909
18437
2557
51385
54752
88743
3836
25551
5157
91100
57875
68128
62234
23560
70840
50266
61998
89889
4628
54689
65200
25776
87592
64426
74852
78189
57663
13871
41682
91504
58470
41826
88147
78675
23533
2693
31175
84411
59576
61940
78097
14700
73910
14560
48522
24607
35441
88194
70149
96757
30066
58578
31133
83106
84651
78503
40897
60874
26762
32130
9700
83141
7213
15323
97139
62496
81464
9721
36087
14315
99843
20475
46185
19987
17183
10808
49968
96309
43113
88892
54016
51475
59692
33348
23374
96700
61289
63999
44370
37269
22485
71994
72312
34336
22632
12707
44995
66197
45836
92736
12508
91907
73138
44051
73272
80361
24693
22038
60810
77504
43652
9071
63379
54952
22559
45471
22516
45201
96100
44140
36894
97369
41227
53441
88779
33025
73922
98261
679
32899
75871
84938
39066
5151
68284
31412
44383
26113
20641
26488
57363
2281
2749
92122
86998
38099
49046
42018
78663
19344
7383
46584
53426
42373
35994
88604
61902
86894
72572
2261
12800
60348
70030
84863
97137
39912
91292
71656
2322
55572
29245
49275
79203
4076
73126
63484
96653
17832
96812
7867
9261
2026
54308
98324
4779
15523
23742
67087
71297
24703
67340
14092
93132
92814
95514
71536
78912
1269
10116
33203
40107
61692
97190
74680
62639
72124
70419
52986
15975
55836
52964
52332
41675
90121
27620
24042
62369
32148
63576
84417
89094
16389
30590
50846
55166
81605
85644
28378
79036
99330
9162
61441
3143
3168
72331
76840
33345
63712
56112
68895
7375
22863
40342
3290
24357
67337
30874
14948
79797
17391
5165
46548
59065
25041
44245
21738
24514
66442
39082
33386
64833
28579
41938
38514
92382
29972
12632
84232
75577
46472
41280
14669
16789
72284
89745
47395
75727
75335
93508
37693
42385
13612
8955
56322
36437
2510
46071
67044
53708
29496
34589
87427
68069
8984
5468
29538
66300
44530
27589
82708
5681
71818
65500
26098
40734
48632
72996
7498
22911
17957
29039
13208
64337
21020
12927
38647
78558
79411
57696
60780
6058
40215
80543
43637
41397
27889
33259
28719
27168
48616
2717
23642
74946
71128
93171
93362
23866
41188
22870
1304
9473
70922
62161
99400
58592
17609
22330
90904
89446
43614
50324
76383
83069
41597
82714
88423
49471
55457
84344
91063
74633
97735
31663
21707
9653
60863
69004
20637
26968
6244
46344
90877
97632
71329
57031
88236
40919
81960
33161
90834
33901
28165
52541
3750
29594
52347
6989
11179
25449
4436
46471
69422
46526
91811
5539
16692
99191
90684
44066
55219
76516
32761
79024
31532
99418
42289
69525
11919
36241
89153
34030
5195
14252
86909
87808
23536
3714
97894
30907
46365
65626
35969
61686
90187
90402
60015
15175
18357
39577
91371
56045
58876
24134
35561
94215
69188
53363
73158
74928
16464
89685
92156
27052
60471
96376
61361
16490
90066
14768
8710
55708
64098
40407
86348
11627
25212
60011
72004
66402
48254
64545
33195
17570
64610
52919
74914
82893
7965
68124
12268
58512
37278
72919
74887
19152
92823
98988
91574
33964
85796
14174
86383
93463
51257
99888
59495
90007
19719
82234
41701
81691
42629
45106
62299
80088
35459
69007
22928
20224
13451
56072
15263
53599
58294
6311
52030
95418
41996
68818
59285
5015
93110
7407
95756
28491
35478
23511
24945
30012
44464
23255
31004
60895
87845
58796
27192
89224
94386
58208
72879
94384
46312
29057
92694
77005
84205
8525
73160
3129
58366
26393
62081
27905
97915
45134
38781
33682
95084
26874
94824
46286
29670
36024
57523
32592
95682
16262
69793
52881
38378
15524
55928
59413
6637
20018
31677
5645
45619
78546
53494
14826
4066
25880
91790
21546
21807
37320
75660
31307
44342
95814
61273
57240
65062
89655
79484
54523
31337
11628
53920
65529
73670
36206
9438
16274
77924
82051
26166
38629
13101
16493
75405
52596
20092
53059
81092
68106
78160
69698
61576
41404
46809
75565
46138
41241
41718
51187
75063
5110
72067
33070
21754
37622
79372
91279
42524
37529
18918
13381
83867
13364
99703
82738
2740
83721
76275
31227
59621
10654
48146
51771
46514
67767
52197
36610
3888
3819
1954
89939
9444
30762
23126
56136
53100
98026
30335
27561
42653
55144
15297
86393
15446
25088
51953
9639
582
49886
34116
37454
44369
20235
26921
40362
63677
12128
93993
95279
64899
45164
19640
18938
90921
9422
58574
72716
88634
77694
81325
76288
99037
69567
47066
75438
18091
13763
4308
69211
91502
10723
10450
99118
20225
90209
7840
82138
5468
8449
7392
93386
47026
62324
97541
38223
51638
21634
43171
48252
2683
25923
81015
63969
14639
10300
1377
48316
61378
75581
21478
32913
21397
94069
70424
35988
9343
8685
27872
97047
22286
8889
53210
91080
79216
63381
21665
12271
3802
91227
73226
31034
30578
16305
13695
82118
55307
29663
39106
96271
85032
56762
76111
97461
61446
59927
12086
7376
92364
4146
62624
67027
28228
7379
27433
99927
65404
97068
28205
34120
48294
40589
80692
7742
92396
7501
33192
96038
543
90710
28880
25558
20149
61265
51932
57687
46064
38401
78889
5407
95808
93933
89521
12560
2031
88286
19776
46292
33052
4655
90646
88038
3750
60920
19827
60292
51585
75734
87265
77538
85778
99001
28946
67849
38738
4190
15845
1637
4333
63889
23257
24083
31558
23991
58291
59991
74726
38447
69602
60388
969
10836
70644
65753
5036
75074
8269
44599
3164
83992
55905
58308
6073
52769
35500
82195
83701
39155
23240
64717
25425
74237
27322
35058
63067
38304
18015
87944
69224
30444
96139
56523
81241
61707
79532
54580
58917
15071
38542
29135
40430
12547
73426
42770
10705
76401
45392
50925
95744
67797
56895
64187
70160
49815
82950
10108
555
97350
31515
52792
72287
92386
85676
74975
39350
77274
21623
23853
81389
61413
68752
28429
65391
79360
17849
92134
41764
35050
35056
98736
17955
27139
34362
89327
79082
55655
49130
64876
11016
51653
71283
66405
17573
91781
59668
78891
30395
86709
6945
21227
60112
55999
33564
3586
77832
34451
69121
63461
90776
59960
94373
64250
78496
78897
93863
37914
43740
45316
37453
12034
54641
77721
21171
42618
68547
37677
24462
20308
7276
28595
32620
15485
95567
74721
46830
15868
90310
25126
20253
64426
89909
97795
41452
21547
21163
81289
32606
91386
65513
16309
71598
56067
60563
52313
32005
50160
77528
78114
79573
36130
74349
15138
88356
78753
88171
11110
50979
43729
99720
89004
35954
55087
96369
62655
77915
72155
7106
48280
4976
40836
12026
54541
18293
85998
43117
53635
43343
18124
83581
28751
20319
74866
10309
56539
25628
13745
86503
17525
46062
7359
36645
61111
63917
48292
5013
74636
43176
6076
54629
75013
98521
15578
70855
23064
65068
59274
39563
57815
6981
78547
73524
56274
12785
99151
9028
86942
39615
54180
8143
88380
53728
75881
39819
4712
58433
93291
84999
59112
53642
77217
33990
41033
98838
23829
90339
53711
80664
93785
84762
71614
48437
63249
61583
69960
45049
77332
15468
26796
93648
22391
98684
49536
12171
63803
40270
43624
32585
34563
96566
53998
24510
19367
76525
63044
6353
63295
98709
91722
1737
23135
48563
3012
67748
91847
65981
69828
89114
40226
67919
77737
36730
55100
53937
10795
86391
11095
40436
51221
27047
20961
48398
54104
58624
48072
79659
73201
33169
2377
80902
18998
57103
71232
16357
5748
93993
23691
23137
1688
54601
1775
39260
80967
11445
83162
58717
79536
11713
3996
33233
64611
9070
57309
33020
48560
63271
63981
22552
9107
76820
89416
83837
75388
73790
41391
20430
96843
3038
14557
20113
70756
45367
91730
35489
4473
96087
56862
61406
369
72020
51803
2351
24791
86161
44760
32597
17526
57210
81603
22843
4787
43914
24468
