31435
45858
25719
62088
54018
84034
77560
9091
16793
42135
61399
70758
79613
47822
88299
96767
93831
82760
90872
37793
44881
29891
52184
63589
76154
31835
99223
8173
55125
33561
54508
33021
30395
17048
18734
6194
64695
17031
50643
11282
35672
87671
57258
26032
75209
98036
57140
37553
69570
28674
60365
13853
80412
991
26379
21698
71099
12490
60410
9303
8424
21907
48766
49289
84401
39100
37235
45021
56322
15016
35777
181
61007
13245
67380
2829
61164
40502
98514
18252
52936
94214
9730
44041
30191
90611
6170
96098
79464
77389
54122
51078
55608
39314
69863
30243
29540
43146
37075
37845
39471
61046
63594
49948
72429
61668
80661
64109
92775
85734
64268
76455
19947
27153
17288
71865
72105
62320
36111
81599
90636
49135
84067
65200
87952
37483
47382
69104
21823
64332
81573
76474
59911
66616
54743
10760
6279
71098
99390
62826
46485
51683
86718
96748
23665
31786
42242
46417
28071
88841
40773
84364
56827
58035
46518
51785
61543
52895
12958
32128
40636
34781
69250
72674
64676
95461
34098
32768
9268
99038
77348
39434
24586
50036
66150
97298
26767
99313
85955
93510
93065
94876
62712
20433
99977
902
24566
26215
39744
21224
47638
17388
72986
92051
84843
36223
34963
37277
4119
11812
49029
43062
39545
73187
13544
31956
77089
14332
83788
14610
2820
75917
18572
7400
90660
12111
74327
69785
97261
10209
35751
88417
56600
44324
20747
10029
78532
92962
17264
78872
73302
31340
75436
30523
64962
74014
72226
57741
72718
97873
59017
41856
36404
87715
55321
35666
46359
44871
8560
51812
87733
19971
33212
70755
67648
34012
60808
42971
56771
64686
93796
29546
37009
25914
13876
67781
33070
48827
39015
95399
15404
90006
62832
40784
53078
45451
24782
26691
3722
74126
11711
60291
56503
77506
32513
85496
42423
36458
73599
86808
8286
33349
35726
20186
70110
30955
31488
28647
26665
65875
35954
88471
80217
74604
31254
61618
15826
88835
26826
51412
84937
68946
87366
53404
93810
63189
10291
99011
77922
70130
72685
89831
58572
86362
6493
9922
71887
77576
62851
23985
22206
41994
17366
43603
15428
96815
14596
75568
53495
78199
71369
78903
84569
83145
41248
47937
49790
78182
5545
40874
48096
94311
77821
37614
46812
58626
84314
36401
8646
93518
63022
18843
8469
81785
69609
75468
52897
81631
12927
46147
20687
45381
68383
96591
15633
98079
69060
59612
60371
94571
9441
94753
35967
98027
8049
69508
51808
78074
47262
3585
3453
31149
29650
59444
36757
15082
48560
64854
52637
55624
67420
64118
50681
81115
66926
48988
4038
65090
36942
30149
26960
62795
9842
5794
46466
9563
3985
79752
49778
99048
60840
23940
47442
22044
88525
35456
90026
87151
6920
41434
52999
38773
86608
39921
92818
66842
42759
67940
34174
54107
45996
24030
39263
59480
15073
72450
93424
94673
62643
31385
12885
77991
94235
73587
61643
28615
31188
5515
1935
28803
64885
30611
46497
82465
3285
59649
68185
95641
54198
71864
25177
64873
27299
17112
71182
82617
95432
6795
62711
69077
49570
92412
87116
20596
67128
58859
42396
352
46317
62461
19781
56316
38926
49529
2591
83373
88879
97685
20247
24392
81616
56405
43089
22885
37120
48333
27414
85792
26633
87998
23840
3052
870
4790
51480
65031
75325
26852
48490
43084
95872
25215
16173
74916
31003
30895
8238
76409
12459
18670
8483
81132
52254
67978
27205
85978
30424
5696
51119
80119
37970
97405
13666
20133
26154
31709
51302
63370
1598
15669
63735
47918
61171
72845
8171
47054
65245
86824
40088
2472
69787
95975
612
14020
95999
76405
63739
39543
31667
72599
24492
610
71588
34217
91021
22496
83795
16984
48554
48874
36850
78773
993
15756
80206
13582
31554
17383
57309
55097
45360
96492
65341
8936
14692
91936
79670
9497
60400
86270
23777
3158
63875
17621
13652
34838
14934
19803
60367
54030
34347
7958
83556
91340
74674
72027
17089
42241
84321
48667
40405
68045
50888
37694
2213
98041
52868
7509
5460
87125
38250
45201
49401
77479
63006
10623
34182
91292
80937
48217
87789
22922
78351
2207
38546
84232
86982
80061
60975
26510
17190
54344
76590
25961
76550
49813
96381
17715
54008
76690
42661
6696
6730
29617
76615
30684
40465
32077
97821
61268
38290
4384
60528
2200
6168
18453
66880
83246
40720
49034
89988
45948
38925
92641
73782
99924
46453
30708
20451
80537
34302
60722
7911
10694
22235
4275
99682
27302
2971
72258
2779
67325
16902
32586
35701
41297
57182
78824
65498
1077
3188
37247
66386
99169
63552
88385
9340
94175
98553
63067
45563
49722
8361
72968
21962
12791
94781
40125
79945
46834
68967
62276
534
73051
10126
27155
25630
46751
98193
58804
85115
18754
75684
38660
4065
86806
7175
53073
83441
20525
69531
74142
16150
76500
23067
38931
69881
25325
71320
49750
94089
42566
50885
49661
39299
12496
61644
74094
6952
54121
4857
59333
57876
98791
87529
32149
56362
41585
13779
75856
51323
59359
73826
74387
50678
42411
88500
71095
58098
5161
1811
55081
65767
25906
18416
93120
65164
33421
42712
67769
45905
10591
66967
13129
49537
95538
85938
28061
64224
43561
78548
68052
68574
32954
62339
59043
17734
24660
60466
64332
29163
344
94820
73095
65736
89382
72818
59065
91642
97543
30910
73867
58849
5180
4480
56671
90611
59215
96582
15581
24066
74508
95931
4636
33645
17464
79314
97542
63764
36074
6514
6904
1062
36718
93292
14846
2962
78952
91794
40600
71657
26432
73574
99293
94251
57864
99428
53225
26987
16327
78793
4902
92406
27144
78194
77024
43342
89832
18077
93180
85135
10643
1349
24812
53654
19968
57488
65455
31719
21905
77216
96286
14746
30414
65211
36290
2394
20157
33914
50150
92663
23367
3681
11379
97126
62112
11739
94694
86824
17226
12481
5378
99005
41120
79166
84356
96369
64445
96085
45597
8869
1228
71173
10488
57497
89877
21153
23094
62595
92320
44606
9368
5775
48784
24847
48233
15538
93380
45292
81857
4301
65562
76713
52206
15990
76926
96543
60497
77337
55137
46167
33504
13145
93990
14149
67122
84735
78840
44216
5927
19942
63069
90338
98899
62988
60538
99499
44764
3612
37452
40917
66734
24462
37777
72247
46882
25614
30082
67299
92484
7554
27379
14560
38010
45839
65496
59707
53055
80996
82125
94872
79655
31478
67506
40374
6044
89416
88713
56133
99361
24099
49225
21249
61652
20593
3304
39930
37684
19966
74916
48740
12393
23296
28194
83097
94429
91985
84158
1036
6642
59111
5739
68225
56789
66085
88496
66095
99294
91963
97218
4963
37299
53079
99021
74165
1949
59503
71106
2338
49327
83212
87819
22474
46272
81982
12874
16778
94846
30210
32139
54421
90018
25240
68114
45164
40579
43391
77919
74464
31530
13053
80862
10458
10290
45507
67682
26307
99260
71892
92448
48305
6228
27433
78598
10878
15695
73918
79856
99516
80174
73017
49331
47438
28732
78808
8799
10737
88239
24453
17535
28008
80498
92136
28277
13872
7138
50908
91548
31799
8004
35212
61428
25988
8392
37195
13082
31188
169
85664
89860
25912
59888
94216
72375
12251
3821
43577
3436
22987
47293
74720
58087
75008
76558
56817
61143
96214
73695
50744
91329
626
58076
23223
69498
83439
86924
70519
668
65582
22081
776
63258
12383
85515
18424
56530
44034
54583
90792
42786
21642
1993
41510
648
10945
64349
4857
42272
22212
49939
36530
42684
57443
10566
89256
19632
90468
5917
53021
51642
10351
65695
79585
26773
59532
34781
76591
4314
55790
42229
80407
12443
30280
63054
86178
21762
37686
1967
28182
51516
92711
20508
99525
83420
69110
48109
73575
31388
69507
10852
26781
18583
54580
40041
80750
18555
33280
78676
59213
72999
29942
87386
544
15314
33459
51514
31866
88104
46004
2369
73224
10412
83200
93790
80661
64415
93251
27946
99798
37146
88124
66735
89122
84771
80696
22027
3612
215
72550
4024
26358
149
89644
25818
31193
64104
42123
29950
82373
93311
68448
8437
47146
18587
91079
20607
51669
84451
94728
53073
9087
63390
49475
4779
20968
98126
89350
47361
99200
51104
38397
80111
59531
82837
92437
67416
8902
94298
70333
90201
72648
72056
53428
6131
2715
54115
96022
38165
34984
95847
4475
25928
31204
23476
9000
12792
84969
77123
45608
37579
19103
9277
27914
68030
74277
6324
86676
20163
63891
64292
38424
3793
56243
11485
59198
49169
88802
54764
82344
32956
28863
54173
44342
22656
88947
24042
94304
38745
26746
14279
56914
53150
91956
67139
71619
57633
26793
20906
6041
10835
87693
75105
22642
40185
80493
7376
25648
12851
23167
94564
58819
86153
7809
40733
18085
30933
1419
22210
41163
22231
18986
48931
28860
56098
19751
87989
6316
58640
79220
92486
1617
86187
41420
60237
4285
75693
84671
79030
20471
12950
24503
38518
43580
59521
4887
63123
9340
10302
20696
498
29614
4125
8349
53255
97995
65284
41987
24635
37674
27248
87975
38429
10423
27945
63558
61476
95470
72867
78604
7037
85205
34484
65790
13236
92197
99151
89971
41431
88571
96296
3611
7887
81926
18251
96331
73665
98758
9126
50592
76001
34372
41075
19485
54736
13052
67509
34069
2471
48799
58683
90635
8200
31238
62642
19426
1021
58942
89027
97241
26113
52152
74083
50991
37420
4457
34345
97033
39488
89790
22909
52104
82331
68287
60214
11172
67260
77621
57444
23963
22918
71704
87145
90998
83461
20616
285
74854
87350
81904
12817
92216
78989
75583
86447
49127
50636
80328
8889
23031
96697
13203
98826
45647
53490
94452
71377
50772
71141
40401
36708
3127
8087
35140
4437
48347
76512
780
51859
1944
8303
32818
79029
61245
15712
93618
76913
28433
32939
29748
69101
6935
76350
79468
97160
63269
62552
35006
99303
62170
98584
51854
84090
58170
14423
6530
1445
68693
20446
82232
20206
70546
66292
72669
89430
50003
3866
86771
86591
53507
93170
44102
15797
85181
53307
8940
81249
86442
40956
7986
13007
15601
30571
73024
22172
53370
96963
57378
56909
7466
59264
48075
58795
29094
46509
94265
47601
34990
35257
31056
73857
49631
20862
50916
50788
17471
17177
35994
53130
95167
34448
30610
55628
66132
29935
52104
32338
87237
71458
53676
28242
29298
82587
303
40692
32490
7635
23435
25775
64059
4175
79989
19694
46173
25940
10661
16213
82929
17913
37397
71712
52028
32320
51735
83726
74298
82135
23268
68599
70685
65902
805
970
43716
39810
46818
50626
44879
67975
20337
3195
26751
76893
16754
92027
62496
86188
37084
82517
52133
86378
22700
15208
77688
30891
11528
98559
86455
32665
57230
68244
97536
31387
43283
41979
94977
64833
478
78529
77054
91102
18640
97024
68662
53074
50846
41273
92261
70987
2247
32429
62242
76362
59589
34142
53836
14754
16262
49327
98819
1275
48638
37384
72241
43729
81470
57649
41976
78898
33410
34618
52337
95775
36433
12794
81621
27940
96716
52265
80782
17738
19754
65245
15958
84120
62825
53953
35328
90443
37929
91779
34720
82840
16088
85211
22832
56733
43427
31008
29584
14206
85443
31821
77390
41326
41922
66012
62862
79999
44157
66987
73519
42892
8494
52859
65831
40049
63479
62641
55430
30622
46634
37467
38577
65769
3559
4884
84402
45783
99036
39936
86
24238
76835
63008
87494
62512
51242
39102
47616
36482
83990
40386
58245
31174
36852
83456
75387
80966
88894
5753
76918
71536
1228
98594
68830
90229
91353
82636
18690
58269
39685
16177
19653
29344
37756
23821
90936
87045
52513
18404
21878
12555
61582
35547
54222
60163
95652
60336
16539
51268
3908
99423
96220
87060
81192
91599
26757
70300
24340
50978
13693
58124
28421
48038
18436
32313
74110
35026
61867
87019
40822
83175
75387
82628
65927
94075
41558
40420
11556
12092
7151
64877
89449
14153
16495
58939
65131
9691
5207
78348
53657
23502
53566
85395
56271
1372
14474
20672
29257
64342
5691
28575
79936
4477
64541
37867
65188
29168
47803
74035
96973
37303
21154
88017
52060
37993
50902
80578
22572
5133
64972
40350
75119
86547
35348
71625
26438
52804
12977
53206
19792
22810
19513
22650
91853
46
94558
49343
58538
15524
11357
47714
69252
47700
671
5290
9019
26360
42177
90004
1600
19033
36380
74169
24692
33502
86987
20796
25706
66384
48912
86848
67901
12941
77008
26632
77512
64955
77923
89577
22821
92278
75611
47440
447
9012
12457
59396
18971
45108
18418
41056
26572
45592
36341
16233
12718
76656
47053
18568
4786
95806
7629
86208
44607
68776
42249
62012
92635
3944
55073
50001
43304
91996
25158
56013
38346
50639
47718
7260
68613
99628
82941
51292
41128
82184
77717
8491
17249
62549
80525
28907
38225
76604
15695
27081
33605
93802
15699
67419
6248
93311
18448
2293
67528
85432
2836
84613
95380
1772
89643
98843
2017
68635
3221
85040
28415
33282
57827
11547
81658
81692
80544
49582
84945
63693
96505
92118
65556
31471
72108
42297
19461
80248
74284
87467
77576
26784
51490
65943
27374
14980
91233
5613
102
86331
81261
63847
45588
32584
35248
43611
20452
92702
34263
94059
58615
66322
34099
22616
3065
68933
62295
55072
81833
87450
35256
31799
36569
19420
98415
68003
73033
16556
94344
33064
32201
31858
4859
18255
3484
60947
81732
97318
81634
2393
10323
35137
51334
96906
65577
40868
23987
45017
90639
72262
61191
21661
34807
36325
7651
19043
7225
89399
38500
2267
58087
72088
96244
58556
28526
12329
62769
78427
25429
56838
23021
41459
1307
57858
53147
79510
22654
7336
11874
83674
43451
22561
13047
83557
603
89291
13497
63598
64300
81757
52084
61609
74686
99295
16035
8419
97371
30061
15932
66187
12146
12165
53955
11701
84350
17609
13739
39461
69741
15405
47344
22186
51868
98845
80691
28140
22518
1218
5045
23180
69269
52234
93037
25936
21005
80858
97005
33569
34423
22105
6916
48104
82717
48929
28642
65585
57528
61603
41139
18839
50294
22463
92107
62328
14981
3627
45823
66754
52877
6229
67877
1089
57726
50594
7444
88622
86016
49235
16069
7246
90231
97924
45606
6939
73531
21174
13740
65600
56035
71054
77797
45107
93648
26660
21093
65688
12125
69382
22431
16363
2283
48197
22524
19780
25382
92274
68491
56146
58044
39245
62986
38222
47212
17691
59090
33360
33093
95439
60237
10361
36881
48749
3850
92694
3368
69221
37058
65745
15756
93609
24159
70732
30983
74641
56964
15223
18872
18466
30233
64871
19811
83335
15512
29692
62755
25987
49155
52311
90285
48585
83866
86326
6776
2887
6170
17036
6331
56275
91893
3069
63926
71235
9979
93266
912
76217
13262
11921
70739
40177
27964
31363
65918
78395
99738
34499
99295
84763
64162
39829
63490
82943
31008
70352
72231
48565
6883
47679
30989
8061
87273
93929
83596
5336
92495
5455
17242
93009
15624
89285
39259
48883
91233
7242
65291
29302
28245
75598
33096
15832
2844
70929
2883
78600
76701
29162
26561
39570
86419
76742
691
36275
68956
44693
97427
21362
16229
88668
43846
47214
28423
92964
62266
53382
74086
98319
54708
59604
79902
3472
67688
35831
84452
97705
45350
45575
17139
55353
44378
5626
91444
74481
39354
70609
76782
30421
768
22490
98570
78577
58119
79382
95708
95139
77001
98622
12538
67486
15007
62731
32408
49874
23942
62415
43926
35599
47358
16699
92956
50006
30879
63890
79040
27769
74211
9903
71811
85937
44882
16470
75930
38773
3315
78945
77666
72587
2449
27347
20189
71960
68815
97711
28752
66939
68283
67467
45093
95423
15969
60988
71553
44779
40643
86132
8425
41766
765
208
92513
60319
96244
88721
71070
13044
49097
79153
93617
58838
35034
53488
66747
27265
88752
62256
90421
19366
12000
3602
36157
39158
34068
40536
27561
95889
34035
75977
75539
50312
38029
40454
28172
79775
82042
64169
66929
30483
37920
92872
12599
59999
84143
29870
75697
87028
45782
4645
47475
11626
34238
92931
61057
99196
40830
48709
65545
57897
19517
23943
1790
74964
95267
16168
38437
58879
66812
61941
24636
85368
24672
97970
22689
16655
81813
14330
15807
1353
10264
90785
87573
50000
97706
58456
48028
91659
95981
41156
20068
10208
34192
60578
12268
43971
29176
46649
34044
61998
2690
42745
83394
45647
29197
41857
48601
3690
71563
15911
95684
30665
35468
92800
73281
93280
72359
98838
80196
69253
87368
52287
14744
66399
49703
65299
67807
99938
54250
48346
78516
88712
86319
411
3836
30147
72057
35720
56442
90586
10394
95426
2143
26411
31289
56721
87398
59473
61565
36714
19898
48197
37468
99058
39056
97301
32418
38977
53171
89568
85046
19630
86034
21295
52537
61361
96669
3213
74617
61275
84640
81034
7490
29343
81428
85885
19762
96609
17013
53761
74119
23600
22743
74311
42039
79093
5012
59985
57726
9398
56320
83538
54133
5282
50616
54490
14497
82150
69125
51495
50723
98382
50693
54320
26261
12989
22242
88075
78607
53141
10850
44340
61244
75227
20577
90033
86698
63860
12637
98743
3915
60162
52699
6297
25906
89243
70748
19932
3832
69590
70968
9234
44011
47022
91411
19886
71351
49265
11019
60114
23629
68009
56226
62775
75111
79057
13120
88552
80230
25578
49453
7305
54743
56987
94016
41046
23120
60800
78765
14355
50539
7416
25879
88328
80493
44265
63829
38416
93857
1513
48742
55713
24911
20066
72716
41525
12731
43599
66661
85806
89164
90287
32351
76442
40545
44006
46020
1570
87956
63735
36573
87579
72474
7919
84479
44893
61644
30075
36487
12418
39366
64706
7785
5720
45433
307
8419
83025
49990
73078
84785
33272
82280
9986
46756
82286
72018
90056
23988
65267
5253
11373
35837
93960
7215
96605
56417
10344
2958
27030
55932
44257
70572
40833
12641
83951
29248
78386
66996
29372
71155
92155
69180
5936
67184
91432
63711
97258
48116
62978
69617
7173
99759
94709
49421
75262
91500
22947
40487
14977
19764
89097
85094
55299
89798
55836
32980
60590
92200
94872
81497
31681
44004
8240
515
8655
27714
21684
83742
73949
53382
47405
92064
22400
34408
97952
11074
15522
21862
24631
14715
96421
38753
87713
46510
92191
38020
7234
59830
22255
12658
94638
29310
92536
33838
81805
47506
49812
99311
18353
85830
45203
74551
20007
88952
4947
95356
31976
15818
60999
37671
48155
91879
55995
50810
81086
20875
1172
99156
57077
24112
4312
76296
45451
45371
95676
86098
53534
99833
41449
71350
90709
10524
9808
65785
54482
73270
75452
8336
74311
94106
80657
11523
93999
55472
12156
71432
16057
84543
82499
76401
15672
97170
93420
23748
59415
77566
2281
45772
19387
51821
31839
47745
33520
45699
31479
80108
66414
41992
61222
32657
9908
56268
2920
37793
969
75911
70178
96737
53055
85227
41895
19722
57851
36083
87030
24110
88846
18410
89881
67916
41654
5977
4398
54547
90579
20442
88417
89462
87916
8978
6686
39354
80435
24958
77444
14785
25815
89413
41082
45022
24987
60783
26825
88032
49978
78960
39936
17545
60434
59630
55657
85964
81110
67749
32369
21044
36314
33223
78777
56821
50688
37928
50016
11382
15869
85063
22144
78473
14901
72095
560
84098
92801
46950
57602
2280
7323
96165
15871
82732
64108
83260
62048
84287
12906
79679
22442
43440
38356
87645
11371
15424
84087
54404
33429
72394
38305
72407
86303
49161
63895
40047
4853
73820
50581
6623
50739
33584
42816
77766
72358
72559
60768
75861
81980
9218
15140
75574
29189
58440
33694
4791
83780
25694
34340
81205
96255
43276
85014
517
18084
1736
22269
25482
90306
97033
44339
52964
50107
85181
27344
82299
74962
44234
53054
90166
27371
58761
53644
38123
26725
11571
57177
26408
36110
34352
94642
34645
59586
27201
59456
93014
53381
30539
72398
27009
13606
3439
60893
17072
2728
79347
53824
17290
10666
36830
62217
63175
88033
31495
90518
45227
60020
30062
6258
23962
76528
87297
58179
11155
95670
46935
24028
22099
97604
53915
81288
81811
50963
53
34466
43718
67698
43361
29241
47241
67922
84554
22277
76178
95699
42882
43553
70275
85189
70923
80169
96749
36567
78113
48345
68409
58049
74717
95505
26077
67244
92032
31928
10883
75102
30016
56087
62286
50493
55243
26420
36179
90757
17767
20305
52529
89958
9633
85214
51276
84720
52481
58071
43510
73889
48589
14972
33567
91671
48472
94882
18948
42399
17007
20828
23449
68402
55539
38460
49413
76526
79201
99801
17786
78736
36000
57358
35898
61230
55048
46570
98513
34300
9487
35405
95266
9288
41888
64554
71674
98133
21495
46157
40657
47387
74821
34766
30457
33859
98594
27479
57610
57684
11473
16204
52543
65414
52651
52739
64540
79775
96088
76726
6781
12972
11363
87289
7070
64564
68943
49922
12193
6959
56916
13738
32954
84807
80908
35597
43359
80772
10762
35014
65019
2493
75429
91358
66783
92770
32680
70001
89187
81911
96002
3595
87511
31752
60348
52625
46458
7812
88321
80171
65490
63129
39344
83954
29897
50055
3033
71331
66537
48034
80958
73189
78036
18517
73450
78091
65188
11094
29739
99286
22103
80826
89141
70620
76371
17318
46796
53531
89470
45557
10141
91051
69966
3713
79176
26862
2459
74919
81029
91570
59309
75074
25295
23130
88985
26963
26190
21365
89838
18048
65653
37866
54025
45021
12927
68834
73274
40331
76766
33941
80126
24906
1980
67212
15764
58329
13359
12277
76875
97542
9018
8692
57036
50197
31961
31395
36658
47633
31408
66912
81472
60017
5474
59833
49211
34889
62047
97954
87982
26828
96861
16776
92474
72969
33821
72640
55632
73669
3101
25218
63470
90301
68325
98104
67858
97814
39420
8416
21543
52278
51417
78902
1829
23659
49326
77843
61419
75232
89802
33187
55082
64016
69324
39717
41589
32535
78270
35947
29600
18188
74994
84114
34670
9815
2349
4649
47435
91062
58727
96091
89877
33877
61588
5814
97046
25697
39784
22475
9705
2458
99963
63003
23343
67586
93720
35096
9195
47453
65213
10775
73750
40158
89615
4581
14918
80503
65549
98294
83523
23846
76865
25645
85508
87100
31831
48511
79858
5568
58921
69442
53642
85590
49572
48000
1805
57962
56492
86207
69245
49063
80555
32054
784
46422
77902
62299
25031
42526
41864
34021
27205
22943
56155
74610
93743
28956
28123
27682
99038
97137
52826
61099
77853
26819
91705
45926
26459
71677
70395
86858
60390
2397
29895
55599
47692
78652
94944
74558
82291
58709
53885
81577
55738
74
89117
93383
16166
63797
23122
27499
94737
64903
11619
275
62419
99557
56502
36676
84676
69506
12658
64742
86416
42982
86330
655
53379
70283
44244
54235
50607
64042
11915
21421
43113
38724
7627
69495
10414
71233
25036
2553
5280
19240
46330
42598
2402
41753
52228
42588
48286
42236
33046
98104
49259
18638
28782
47766
44055
14684
35705
44205
55806
16004
32586
59410
21820
89911
76818
68222
69416
47084
53002
18993
92639
89784
52630
90668
58548
24193
77963
69617
6042
56225
9372
90147
52459
70087
8611
88175
22962
73294
4044
30287
1165
47201
26513
60070
27160
2930
52658
80377
22751
1247
64052
3718
29098
52467
71617
66115
63138
29321
34801
89080
39989
9516
3706
87538
60788
29130
86596
74245
31585
9877
27168
99551
42523
96503
86232
91876
25474
50127
46405
37122
88464
12996
25887
42270
39454
68872
63769
16976
36021
19789
46128
50711
82667
81163
73175
87647
82006
34663
1424
33418
52948
98359
58647
34497
76734
87326
52201
25827
20524
53256
17778
96447
69275
22103
69781
92448
97901
10119
78528
44694
73094
30569
52253
76656
32924
15336
544
91450
346
46722
44389
54336
81755
71056
8558
73965
41013
60483
71305
38828
2334
55099
66129
83353
78031
75967
26801
52565
94697
8440
76878
84822
57626
1934
18838
37072
7383
71544
92672
57677
23403
20681
43850
96458
44500
43805
16460
50440
22038
27858
36347
60072
65171
93
83174
73035
42537
37657
64560
62179
42899
25135
28687
17975
55450
46725
47547
86155
23469
84463
61126
21926
87139
43678
81044
10531
43301
64946
36132
60993
86950
28593
14747
5598
49196
80386
35212
49507
56723
87248
86721
80335
2092
12254
73402
1372
28538
16993
90206
54499
45927
75867
82279
86940
35977
62435
46760
65416
49000
83255
37152
49574
73900
98649
11658
41336
45688
51011
80486
25799
19677
41791
11813
5758
30532
35722
98787
33401
96583
67483
25701
69769
88128
58422
55948
32037
23793
15294
14268
85899
56365
83126
33929
26509
9131
76093
65997
20527
89488
81649
86559
54058
40035
21711
9518
25959
1035
71169
50967
56629
74977
56890
9126
48702
50017
18049
42604
1730
67000
26241
44973
68068
5496
79483
23234
36793
68854
99494
14352
20448
11187
3055
6585
45895
2126
8719
65980
82408
81645
67920
28549
90054
99188
6017
12821
58552
38305
72638
95458
4814
53012
3590
98616
2226
1976
60965
49831
39354
98998
47868
50505
41982
9787
35587
26924
54467
50799
35946
40041
25505
27345
57659
4824
656
31345
40244
36722
79735
16451
58609
78409
17338
13303
79687
90097
47559
84333
65468
4000
41358
94473
199
61343
90153
72388
84493
60533
1405
82498
18016
77373
78368
90509
76895
10232
53968
16805
20994
24150
14600
22123
33632
74788
64703
84765
71299
39218
65031
52454
40943
53186
31944
20793
38495
18512
80027
21800
40079
42026
5848
22283
44596
45218
50449
96870
49844
52690
43790
52113
99621
19095
94532
40394
49175
59693
57772
18014
18522
43255
72996
32769
86880
89781
19848
83494
58996
19118
16998
62016
64034
15838
28070
8647
69541
33862
4399
92878
41642
45915
47301
42256
21537
9165
15359
49085
99169
62208
71465
94513
39794
90545
71270
6920
82615
63891
44526
61424
60980
46542
80214
85626
66941
83737
12806
61944
10841
67984
29065
25786
36143
58599
55594
44235
97101
92625
75579
35477
10802
11899
95154
81846
98616
320
2358
38575
13721
78614
31739
29998
7355
46790
66812
29689
37869
32275
75966
53564
64532
99135
25994
16645
93562
5651
35182
58869
46024
13576
55912
1779
29583
27428
13669
31773
63538
9188
24322
89739
41735
53361
42131
28095
15890
3134
94487
6365
51538
90197
31417
47807
76241
18311
48294
62765
52826
25059
1780
18730
31603
88914
72851
51962
66907
7156
81534
1425
41034
90888
72723
31025
12659
26922
70081
84412
33216
55604
93004
9158
73716
16307
65761
21651
44540
37233
84970
57219
25938
75684
34793
18272
76866
56235
38705
10881
22538
41611
74689
7737
26040
9913
22046
88427
89137
37572
60122
94662
48642
90029
23173
20974
46678
5714
28543
64341
8271
87824
46811
93614
15984
12775
32473
41501
74789
76647
64732
61938
57812
73361
22307
13399
72244
40202
13737
66058
92716
8731
4727
11212
62054
78042
90206
13650
61106
45676
56528
62220
60210
96336
53764
42994
48904
9053
53241
1286
7100
99028
12156
50111
39861
41797
45272
57865
456
78712
95678
8670
71272
32643
55202
7935
44254
50280
8755
52083
11862
80350
17046
73008
8562
93757
43989
50066
53857
94353
29342
69609
94343
85377
63235
46696
51208
48210
40576
37466
8215
87836
47912
65721
30039
14470
54272
4537
56880
21195
30593
4199
14687
25414
23574
87366
70487
69744
33633
25428
38776
66303
58834
91944
80363
35921
79489
75240
88558
86552
3134
46868
60147
69876
17324
26293
58526
68369
57395
84236
9087
34632
81934
82942
90063
53628
36532
60030
29373
41525
65548
51510
98838
30372
95996
53340
64896
92065
83806
82281
53214
18505
17617
75973
37362
44373
76302
72841
82336
40415
24422
90949
6897
94214
17416
40414
46259
95522
67357
89809
61757
32976
82202
76657
22236
4644
11170
21699
71835
49046
22526
96748
66418
70152
29912
49224
96048
17980
83186
69659
23081
30219
39688
63609
82900
77623
74370
97532
54143
19723
4682
28490
48530
81337
3148
79466
97716
43771
44821
89151
72810
54604
14325
59362
70647
93349
47376
41682
74778
7285
96660
37821
27158
9169
46419
10335
33252
14769
64170
5007
13457
17836
37452
52912
60566
23447
62165
96863
35112
99851
90995
13877
5439
18617
37876
89598
25199
68326
76694
22258
2321
99466
55446
9712
47039
4595
40812
8330
95532
6957
42075
64324
12671
50609
36471
44687
37994
38587
49202
60740
41642
44748
21153
9864
91295
60067
27902
4040
1359
60297
49884
26116
56906
42155
58923
64199
29467
28577
17290
17322
48137
71962
31294
53119
95509
82668
54402
24639
2098
29715
20798
77656
93827
14898
99299
78910
74031
29893
88968
75204
18583
63975
10602
31726
17671
93590
82626
90085
3672
54187
5290
1297
90331
58715
71863
4819
34590
18028
59555
26123
80003
62573
56138
5036
42301
80293
61876
9550
41815
93512
16315
22036
30746
76458
62607
93183
13486
62927
60954
50897
60005
32486
56107
1459
1101
82721
3384
24381
85745
55058
49327
34340
42530
26971
85490
55567
8507
81936
89914
76516
94654
66291
57114
33848
69327
90697
51698
4152
30386
27692
43962
51012
41577
79112
11153
93669
51743
32567
92049
16971
92852
25351
20240
94536
640
26269
32534
14131
73840
26836
4038
21769
91455
21337
54538
66282
82155
44334
9099
38278
32248
46194
9567
77820
13557
36587
47361
61874
20219
9235
29143
48453
30475
75657
78890
97586
46540
92138
4668
40867
24469
76257
11416
49609
35942
5743
83534
85209
62345
63220
26502
58038
44546
84942
12052
2185
4983
38665
23636
27505
90387
86202
17208
76642
65460
87188
54985
18346
14448
16668
24055
92326
27568
71936
39178
41696
48545
45728
59002
60992
87281
45875
51974
76183
16403
5704
69748
80693
31890
95301
10709
26394
62063
70375
24179
34742
60289
83467
48899
16656
70387
78800
76552
83083
50263
50213
17401
8890
77144
6205
18716
61680
40722
7591
40738
51901
97347
73355
99406
26290
55
73652
37234
46324
34243
54017
47743
9518
21677
77014
8774
66158
49315
93509
89136
52244
6170
22341
6844
79292
17403
79711
23359
76417
55802
96744
4520
26274
46705
85115
50481
21027
51083
92859
75934
13563
40398
47625
5834
1042
39037
23585
2908
31690
65252
57599
65410
13048
87698
17653
42052
73757
15803
18427
46655
38500
22875
39270
89394
50786
77410
96478
50096
68692
85868
63164
95049
1135
19233
71084
46131
10118
96855
89891
72692
27416
89377
391
21064
82368
83356
2986
12158
25501
71386
46284
25337
36661
5364
94489
65786
79610
65581
94882
15999
69533
8393
11497
44254
81538
37108
37527
72689
78754
48114
8603
57517
29885
69538
52691
24293
99862
64788
57934
25531
22182
65215
67178
19303
14555
27003
46451
11360
48780
61317
20196
52091
971
70955
57899
56111
96033
51547
34354
19741
45764
63915
10426
81957
43307
58429
62899
18632
84115
60447
45992
45495
92372
1473
49136
9363
31310
98067
50170
78065
74601
24224
72344
64441
57476
87218
61553
91030
33080
36391
17801
50442
14643
67040
83155
25718
36530
17335
48978
75562
88425
98197
34464
26765
65616
17390
70156
14320
92867
18380
69844
18913
62334
31289
63001
6376
94731
94994
2549
11079
5756
99613
6235
10348
5626
9105
80259
52305
40980
65932
13487
78987
48669
97576
8249
59560
94299
7080
44656
49129
20571
13499
50341
80866
56280
15668
36306
84474
39833
77776
3123
83932
30541
52022
13608
97848
33269
95919
54616
16388
82813
15232
80861
39920
34426
21160
93180
86893
24031
25342
65744
58740
60708
26572
99014
13650
7793
69120
54966
78544
37359
13917
56311
72309
61995
77358
38424
7083
14503
21268
85178
26611
88577
58650
49001
84923
89562
31376
21382
43967
35803
11126
63055
43104
14089
39949
48460
55804
7701
1395
10732
549
60862
18222
63645
11812
18240
66163
50032
42525
20675
4909
84112
41361
88579
76871
56927
59914
17067
33236
86697
34961
46727
76196
18863
24767
50571
79936
45869
4567
41456
90463
74517
864
95003
73513
9202
85756
13269
28739
46506
57701
17585
4516
16056
31255
52435
19616
89005
73356
43972
57046
83811
99450
56633
55957
76490
8481
63513
78401
81241
58784
16633
44509
34977
46397
55051
53177
75515
255
28488
32852
92746
12564
28906
58152
81011
95028
33709
85004
21329
70303
54417
49853
69070
35475
23324
47436
47449
52592
51343
18034
22093
32909
32870
19207
12773
22738
29736
85736
76368
28794
57547
93797
93279
27380
54682
69620
38816
97479
14545
63617
40672
21081
17026
61776
14148
29325
63203
56339
91103
12698
51458
39618
99866
85888
73201
24185
79266
19172
19610
33343
72997
97708
66750
69952
5049
32474
1234
59037
96053
77149
37603
71225
61525
74938
11459
43750
39004
82109
67085
5950
23208
13949
47507
57737
24904
30760
9207
55247
29611
41125
86884
71818
36070
81572
85254
52734
41679
30251
80755
980
84821
11657
92388
25652
16312
80794
16594
88418
67673
50854
51743
59676
53915
99117
35682
25969
76041
54747
65770
71894
17721
50510
95376
31403
52251
71408
91565
8374
6887
74399
20195
88792
26943
3734
6940
76755
4384
44109
75784
53479
12988
80849
67627
42894
55868
31760
92183
18945
89115
6058
22895
32284
51023
53288
52385
65878
39191
55522
7211
40858
39334
64156
27741
11893
84562
88139
56269
69220
68592
91270
80326
57668
44642
62481
50688
20362
21332
55604
26556
91364
52043
82619
27790
76809
49014
32811
14346
42519
27667
59856
66797
78246
14309
40440
32214
18089
69280
14954
54183
73910
48875
51634
27765
27418
41539
22660
37357
39848
84144
89266
1449
19029
32868
21205
4157
97399
55250
65744
30383
95488
7809
801
13608
76242
13709
2938
95887
37637
646
61967
67148
34584
32378
98726
79853
84098
13103
81418
27615
27447
97715
99859
67150
51617
35297
396
90886
60681
9572
88255
88520
35198
90123
56486
87300
96372
49172
30168
41657
57897
31795
92398
91316
50816
50348
1841
72491
11875
97923
48966
65570
36014
49407
21065
90831
92697
99329
42914
76198
91923
23144
48734
36727
65687
92997
45774
3611
83049
69379
58353
16457
13407
78506
17456
74
82470
30369
80842
92496
2249
40994
60536
49326
75489
9591
32267
58254
87956
36757
55228
16692
21614
30195
19453
89686
33687
96594
51199
66651
49653
4606
88959
3222
10967
67922
37886
79421
12162
71006
74883
9381
89377
37935
40895
44710
32853
79730
55468
91104
73260
31381
82263
27127
86063
8201
1218
20261
66658
81969
47601
21625
45587
10753
62939
22761
97693
53337
67994
11217
38332
9551
22292
19891
9459
13046
98600
81592
66285
71113
65537
66670
39806
88167
70908
78430
42792
32906
22653
24873
45586
53479
23589
61032
14682
70536
53477
91929
52088
51988
66393
20519
40892
13428
72422
91893
70098
37220
79108
19330
89276
96237
64871
26230
15940
13631
10233
89522
11384
91448
61420
49254
51207
51261
26152
4641
42381
53434
44169
38891
78855
91926
59512
11211
52582
87948
61910
26055
18422
65518
66024
38472
64994
3116
67741
3759
94226
89809
18049
50932
68463
55302
92441
37991
55237
36208
68948
62850
1936
56801
7382
91207
57949
57011
83198
53724
92057
16568
83822
93261
40856
8700
37754
70633
96657
20916
52426
16407
34998
89245
37313
22336
43760
2100
85625
94770
62354
17589
81203
48367
3706
315
77691
79701
26372
11462
39078
28842
51262
32031
42696
27670
40624
83648
16360
42361
44875
13928
55299
58073
11078
41262
20652
76675
90155
37707
74737
73668
54300
2627
8029
28950
33228
53526
53833
72775
67425
99396
1323
87724
61157
66913
90660
8092
54066
41127
23278
35215
55468
61053
36480
76728
58692
82706
86477
53774
25839
81104
92222
51184
59855
56243
86475
87489
4759
70533
47599
7293
39647
4970
41230
28150
39338
35546
44924
9552
30148
86629
70116
9642
53324
23845
75437
14680
7066
38109
25198
13493
56403
31289
74189
94745
52020
54593
65313
93770
7646
5603
17688
67435
70120
51785
87342
37595
49971
38863
58121
638
18805
31539
52435
79853
37741
18113
5013
50248
89765
28728
13335
2154
74070
46784
35949
89295
41302
7650
62362
8429
39167
84567
81424
4137
5266
27288
48543
57147
21345
16322
98936
95578
56312
2757
30633
69550
84593
85705
85814
87130
53221
3998
52193
57225
12389
58094
62429
44677
56549
40799
61737
46089
83361
47246
86113
3425
98956
80392
25925
3481
97537
45494
72463
17931
76886
31117
89075
93153
64237
6698
59877
26932
2331
56808
48509
81476
93949
64740
43904
85922
18982
97600
7080
4131
91726
15716
453
63278
10736
77161
88939
26106
99486
2476
23651
5885
11970
39331
53994
2823
70359
72357
37623
77709
38850
82068
77606
68824
47533
29955
25625
68542
43820
13814
1728
78651
63128
5556
29145
43521
41816
36956
40566
5442
47922
10486
90875
86151
82726
2017
62740
48261
95752
21723
1987
50861
8849
13843
31189
48919
89047
16592
67902
18154
64368
33032
67452
90840
67967
3361
93437
27660
43853
68609
80634
65256
25902
46794
76719
54256
65256
75122
17365
5136
4666
10210
61137
59517
88246
5594
64567
77170
58028
28602
77504
35207
74610
18329
75171
44202
12176
47122
67858
41627
82173
15963
32378
99056
82455
72129
90801
90112
48306
35399
73696
41658
13749
31379
59890
58109
21875
55780
34292
35380
19959
50118
27368
68561
87786
56255
20327
51915
48560
72161
11894
58944
99936
47711
91897
26211
73619
13335
44925
70953
52055
27292
77753
25617
44782
99253
18225
65169
65932
47192
57726
51848
234
27525
5134
71362
59887
40849
91231
49543
39258
73067
19198
7573
42843
65257
96579
67333
3479
31241
40571
94643
42955
36555
59302
6570
56976
88960
73682
80761
77203
57564
544
16203
29001
50503
83180
75859
38089
53275
28478
73449
13541
87022
56229
26386
66399
49383
91629
33138
80705
65832
90852
50736
44044
15234
36957
25733
73137
87747
79589
75295
26141
95864
46178
78985
50113
59030
30724
99313
52663
45906
24397
46723
93028
48804
43024
93649
10115
75675
68939
52396
37851
70914
2248
10577
45965
18875
52965
59110
85067
22250
98828
88232
38407
94126
24110
95142
14341
67991
78822
81434
33904
1548
69289
61617
40702
47765
67375
26376
58283
25789
80082
40833
91802
71973
54699
30722
21683
8726
37637
27978
56121
65851
4001
44074
69899
36210
86298
93950
5865
40796
61034
98346
11510
8098
32202
63944
29874
25595
36643
5053
46179
59746
14437
54089
33642
80868
22725
15715
90614
12464
28032
73056
56511
60782
45254
18336
3394
67091
53706
53635
34999
34831
8347
51910
31569
74337
99053
29785
29513
94759
40945
37427
93141
6269
78124
8702
27573
49646
66333
57127
51029
92118
19495
73745
19136
18208
27790
12320
98639
65303
8882
99774
27279
23572
92513
92494
92380
21556
262
15607
49145
7936
38370
68289
29870
47894
59731
26833
73608
44779
27929
75449
88726
33355
6212
18010
21946
27231
65554
95812
74117
25228
90099
69021
47878
6319
7050
73006
20266
91878
58412
95823
18950
40484
16123
23069
17449
28854
91046
37441
94810
50971
36543
17485
27219
84621
51547
5983
87062
76312
4159
65907
95428
39018
53421
48255
95982
31661
31017
79118
694
44236
94082
50554
75305
5606
16850
26334
16537
10615
32097
15149
57842
143
39199
23849
67274
63918
82881
37706
87159
52065
78072
58470
78289
68683
26983
26622
61437
72699
65095
91679
18779
11666
32885
27667
73159
95787
61154
22927
53430
28011
4851
19636
17712
24571
88216
87672
12441
49500
22062
10057
50910
24048
49933
78185
34114
33238
41786
29083
75240
54897
54978
70577
8586
90004
82190
86326
67005
81480
50721
81693
77078
11674
88924
62512
6553
83627
71175
16647
86259
15790
16458
41949
61259
58657
58994
82777
95340
80436
67876
14786
70608
24659
22788
89684
41647
57557
89352
37975
93117
11778
80605
81364
35283
55882
65718
79417
49959
19611
47266
68884
7502
70295
42133
19777
97153
27285
67131
17728
81134
50671
25478
97202
37388
84385
43467
38486
1170
55408
13415
99327
48432
44126
40393
83589
25627
21854
52607
34040
57920
39820
22386
64760
35396
88064
42971
42101
38118
87178
52627
23432
17494
10346
74731
95382
90047
76501
19465
68949
45240
16406
98975
67633
35381
75358
90111
13237
82683
99088
65725
97702
8725
53539
23570
92536
45483
45730
56427
76409
87977
20213
39063
58966
35802
29088
31357
64804
34543
95641
62809
95075
43374
96070
14268
28876
6639
76623
22859
69777
34263
2253
36915
72497
9958
80939
96155
54521
63795
47691
32260
29963
87335
28371
97801
58097
84162
66276
4099
98125
41311
24563
10000
5684
3175
84581
82834
4881
94475
79310
16444
69669
74878
14616
83077
35509
80058
149
73394
75716
43827
93404
32788
65746
81048
77372
71761
84790
40449
63768
41567
80114
56385
30020
54212
64724
21825
24483
22095
97365
46011
85861
89977
94821
51226
25106
20702
98715
54833
49675
69675
56739
98198
80064
5240
77392
30331
63192
53360
80206
69765
37229
29183
62406
30122
94816
63792
28578
85031
58795
5982
26894
86179
2122
64807
55501
27657
27400
11556
19029
95010
8226
16678
28816
15335
46218
85276
48073
54606
69034
73250
59310
69962
90643
42946
4850
24519
24475
53537
49029
86852
18799
76571
55072
40202
26731
86533
89771
94732
47706
23980
78664
32206
17285
49784
61633
50987
89800
51290
29637
23371
20809
94405
86276
65620
89411
26024
85309
98681
68945
24682
77088
43981
30574
81309
48255
14506
98961
36223
84237
33281
82286
15667
27645
8326
96437
31163
26476
14082
96067
71467
46985
89965
4064
6993
58809
74423
70207
67520
1816
94145
48344
77656
10634
27525
93908
3299
31422
28072
89863
40312
72676
19811
56860
53440
49552
66627
81683
59548
49587
51751
24869
41446
37749
34982
14837
83889
99108
47885
71757
94404
98642
72142
11167
26250
57391
26668
38690
9290
9175
596
61968
20321
36544
92725
38623
27467
38859
13726
72717
14027
77318
9013
7695
44324
13912
20162
74226
89885
42167
40817
18239
52911
56011
98288
31673
71334
98259
83273
57703
68049
79540
10880
65575
90321
34801
38137
32397
34253
83392
20135
12782
36434
30452
69692
50331
15053
68593
17800
67845
22655
79060
80561
14804
95732
83719
67046
33556
14362
56104
27320
50575
54743
77471
12977
14106
49660
79429
67603
55672
34033
94423
82828
30308
15202
37994
13207
34281
30759
90429
34416
37130
66269
86703
57534
9845
20703
8229
46015
67949
10435
65074
429
54785
1994
83055
55336
73727
26192
6587
97962
97671
46595
58188
22442
22880
55298
61669
61213
54536
71625
43392
962
50325
60461
12352
40392
83735
73853
83247
82788
59860
61933
61487
64669
62837
33291
6944
70005
35111
9071
31329
52529
86648
39385
6084
22294
69031
56651
40858
4464
47316
30255
4984
75988
81734
35988
29580
36744
26685
17039
9720
4030
86079
10706
98869
50080
33001
70748
38570
7175
69882
12004
29725
70004
85555
52554
81808
70635
77167
64449
93566
70235
39341
10951
41845
46026
4649
73044
75036
4102
87870
99240
55754
79162
70988
75338
7835
96380
37739
98172
57099
29537
35115
69350
14277
26726
86665
59023
78228
21486
55856
23377
36043
60296
74132
8568
84881
17408
26885
4209
94659
97326
7690
49235
99689
20312
29211
90869
58455
48762
96464
81741
96806
88924
85971
97800
10792
48829
7365
44560
74214
94166
14727
74998
54930
20856
3765
81979
91388
7276
13503
17375
38963
26732
45929
1312
95267
63909
64704
12836
53887
68874
8545
89035
45370
11078
89741
7427
17383
76987
36413
92082
90987
90570
86954
29159
30485
96194
20814
79416
60456
76242
57475
32195
77142
71320
82426
90417
89541
28728
52978
26848
40647
10286
26691
94511
92691
76940
9771
65349
94912
66254
8871
77014
64724
31993
45384
12520
77733
24838
92213
66829
92584
30090
22022
40695
9148
9019
79198
89813
4225
39218
91123
65292
98532
59173
31008
46921
8668
77001
52898
9864
85102
83070
51037
65421
69850
87325
9021
68535
77317
30823
92144
71660
42542
63727
11891
82642
39016
91926
41736
4288
8509
60630
30704
86274
58685
64522
39990
54811
64372
20862
61292
80859
79838
70190
96903
49431
632
36530
25174
76096
68918
66204
42620
96818
47833
2433
565
20404
17818
85557
78003
20720
48672
15167
29468
51110
84955
9353
32010
20370
1726
75765
53084
40
72997
17678
15208
27161
4348
52891
2006
90333
53739
6907
10951
83235
4729
73326
31742
59244
84621
9845
5443
80752
90059
54873
16111
41743
15442
46418
98747
65537
69043
73536
88379
60633
40462
12974
90273
92645
91702
35548
45440
99880
13696
6408
37464
59737
58760
15863
27152
92264
16874
69418
32887
74752
58487
76708
81973
43046
2567
67756
60349
6968
46015
85824
88851
46546
73489
53194
782
10928
35012
20758
99705
15869
29050
70452
8597
89292
55780
71527
13833
32374
66264
87186
13725
61754
65609
42638
58341
57600
61847
7899
86088
15542
33653
15910
42527
25464
42072
47166
42235
1926
27121
39049
30570
69383
90879
97983
62181
39609
42975
38041
7073
78187
12051
13573
24556
13743
19448
79533
62243
47870
70950
32109
77718
2210
49249
57758
86338
64968
77564
16845
69239
12795
76503
71619
54354
28744
80269
41422
90852
62060
56611
42459
51032
2168
28230
15908
55867
54093
70703
44869
21332
82028
70180
11643
36764
63447
23188
50299
28908
35641
17671
33275
70924
10670
54153
75061
52901
70765
86459
80068
99827
14486
66592
66695
37047
26162
10422
94183
40981
22516
72543
6674
3725
43976
61436
53751
28954
63222
69526
2946
11157
77725
78488
29342
45337
16638
54409
21771
45148
4839
30646
59170
31086
90877
29076
73630
86803
52740
73504
44170
39038
27192
86539
40763
46584
32388
44680
49034
68658
13963
35153
38861
58136
80149
37925
2235
89690
71835
31083
99131
66466
95389
10775
71415
47052
36023
95973
11620
27569
78901
72345
52186
67920
47091
95076
77440
11144
96229
66118
84325
56324
47915
24883
83571
44800
63926
51393
83390
14768
70895
21027
29956
20295
85935
89224
91627
7359
75763
96785
37768
64261
13232
66004
49480
36255
73825
56582
73217
19712
61606
2373
40832
48657
32526
62895
19254
34577
76442
85312
49277
91254
18700
99157
73202
54568
3346
35981
38294
78512
17759
59000
2456
51215
95682
21661
40770
25797
97055
83429
58427
58009
89959
12122
17340
88460
70475
58133
136
43307
78204
2847
49524
73183
709
9766
35951
13834
27709
66902
82546
52803
92312
30914
44791
53590
23464
622
84362
69881
91031
90415
2973
30144
46514
99920
52809
49092
28307
21404
17663
8392
34779
95237
36554
80533
32435
82650
13677
74978
49848
5485
98250
97588
65186
1894
3724
18959
14321
6696
74647
80233
34606
41251
51244
33006
89829
72693
57204
35608
56829
20223
73590
19229
5529
67624
31858
29488
76775
63636
70396
31929
31194
13265
82237
12242
7900
63805
16899
41957
65773
94043
93067
75210
43174
40796
18441
89345
21905
7866
82810
93961
5716
68128
67036
24285
30783
26086
73747
49738
42678
57220
47815
65642
29139
17692
70417
61077
5402
67475
95322
20715
36016
45986
49224
52525
37329
80615
98834
43920
99961
81344
15476
22239
34064
36651
2692
17593
92877
69733
16072
17625
26796
14612
36103
3852
27640
4875
15267
23729
94045
11020
6887
63861
93787
18322
52343
3049
85565
6795
75094
42185
21032
97891
50328
20449
40294
12184
13331
1636
12566
21588
43897
67795
6393
36027
78154
97252
93686
8100
16427
31021
51689
48987
16638
81948
21595
85009
23441
81324
93721
9872
62830
79397
56707
65051
13837
50637
45308
7050
30644
39238
29100
15457
68751
84302
61478
60080
8103
22807
75267
24732
44002
12014
11425
63034
21670
98783
57040
76048
2694
52987
4984
9966
46331
42733
20088
18450
60794
87110
35597
82565
414
69978
37877
58511
57565
82100
22585
29809
9864
97898
80062
11924
72889
90234
42412
93764
37302
68357
7141
25653
89906
74805
6921
54693
47738
28984
81448
15454
80386
93330
71427
86746
57637
40114
12044
11707
21514
57956
16674
16383
90818
37144
16070
32885
87901
19473
52154
61203
98793
1359
48828
3853
71373
33080
62034
18365
49836
32690
20098
22940
70601
73879
4803
87880
57848
60075
87321
14446
29105
88815
36109
85063
4146
34342
60155
13449
36507
9622
17601
73955
44567
60201
98139
60039
37559
13474
33043
95315
72438
34105
22911
59068
86720
15880
50435
57280
63575
32788
77281
56698
97451
39050
88263
87618
46875
83644
62703
98558
82561
26183
35678
23245
53185
15776
55242
49588
84896
18391
73170
29061
19874
45178
18829
18839
47399
41295
41330
50449
82740
59198
6025
69463
80902
20097
36016
72134
99536
7279
80065
3967
1784
14838
51267
59489
51578
64691
41448
12327
51568
75349
94852
59251
95979
2706
98554
43907
50825
99294
55610
14331
73499
22298
29751
48521
30826
69440
19462
71310
51239
80681
74212
84045
10441
69132
75599
82942
10700
51587
80373
37099
43914
92771
34025
56177
38849
34901
31616
10259
22001
64984
68538
48558
42066
31774
30675
32998
85760
9604
13536
21870
5297
70440
80075
86206
1342
39373
43265
60252
48026
81262
11571
9658
53843
47607
95549
47632
30697
39356
98438
98340
57979
3562
8820
11654
95760
22385
31125
94115
98263
98125
8352
56090
55127
99879
88503
41403
57375
35021
28178
38964
83392
57559
60147
80152
3969
44577
8257
7202
90375
97456
67819
22365
43633
21829
64635
83217
52568
99735
33893
74554
30575
12944
37114
83723
15336
86103
13959
27099
102
76075
96650
69794
39010
41854
90164
53309
41961
94274
51647
6237
82899
86106
51876
44737
21542
38126
84063
64790
53725
34920
83211
51600
73736
43631
95578
24197
96324
3384
36946
49536
58190
182
86207
83757
89952
29649
90256
6926
20150
35926
34594
50934
69428
84363
70676
58015
49085
61672
38690
18054
35273
83263
11130
36505
55123
89835
93753
96072
4255
99604
35738
4875
98961
89827
29569
94013
428
92963
46452
54630
42079
12704
58268
71548
15770
75546
13283
18363
12193
26727
45987
19560
35468
85195
3012
70287
95716
10985
16916
79954
16030
45248
90539
64046
59860
84640
53345
55798
28874
4628
61602
68474
15396
1064
48200
17707
53419
10809
91715
94422
18949
16145
36485
28572
42540
31991
31661
6971
45451
17597
65951
76136
3912
53085
58115
93695
60631
77070
75018
63481
73983
18797
64227
94824
69251
38482
14267
74640
81325
63332
88278
19170
1237
74261
559
60098
93112
86284
93621
23344
6519
10984
52376
65198
53694
74941
88827
85936
20842
81609
82772
26749
85235
5445
6917
71950
51051
44583
81643
60546
63035
11568
86980
84196
10440
62024
10817
8478
83477
73024
56088
41999
60225
69683
25745
92024
20521
18823
45666
50931
16089
21594
85706
68341
86336
90063
34209
2070
59761
17394
53281
42788
810
56782
17392
71841
55474
79495
90394
57683
37346
76648
82112
55975
88468
59779
68675
70269
98820
8277
27704
24906
80726
42426
75574
32272
7801
70474
43018
17701
54694
19341
48330
50860
58226
29413
1258
46966
9139
74065
99927
24956
37586
45846
38618
52545
22646
63179
9307
62810
33410
60570
13242
1341
50508
10352
52862
34576
32490
36294
87656
53745
78129
90801
95550
85588
79680
49906
52244
5290
65883
51038
19211
20917
55416
55474
53459
26203
82645
14204
26824
76235
21467
23922
43026
21104
24260
49065
9843
11486
97304
62034
9054
57233
93757
89788
50219
80229
23721
49893
94928
83333
67046
66042
65542
22646
98050
63150
12131
38474
70961
54815
59512
23312
98900
31332
25473
41013
83133
35625
77401
9358
55663
55735
16474
13198
39279
89669
14104
36279
16104
32259
22488
51160
93013
17813
28705
49742
53268
86340
2032
27248
54817
92816
13628
88353
54259
67422
17275
56453
558
25953
69164
43291
84447
53430
71281
5562
31554
92427
1243
93940
77430
66293
16531
97469
56829
25280
95216
72955
11592
70752
57330
69130
48044
66136
42503
54
97470
49858
55057
48684
98575
36506
19216
10769
11134
59089
63149
81227
71953
49926
84518
66173
6408
96076
53933
39610
94447
1584
64769
65091
26980
49550
8466
97020
42720
76263
94674
58966
14358
78968
13768
23773
18644
97722
16384
93403
1384
61756
61656
99123
96297
55368
12737
78740
94549
96032
36223
37452
37985
76982
51936
77122
8814
83451
14146
22382
90871
96479
62486
18708
33101
61088
46782
73792
85564
88729
75012
60917
66302
55955
88279
87524
3067
88008
34473
6736
65844
57808
4182
16619
70680
99965
22404
61289
89614
57074
18892
65905
71436
7070
8017
2836
26330
98711
27845
72822
28533
87555
86201
17292
40717
60185
70750
82678
1990
18456
22702
94549
66077
80714
64881
58780
84859
40770
22787
68514
55178
58598
81783
79702
9811
18176
10060
75203
77775
66454
49104
54893
65105
9458
20173
55382
70731
91551
99151
25358
34806
64111
33178
75980
4416
71601
92385
61501
2334
15962
46965
1902
77968
93590
50510
6657
2088
85066
63445
90547
72774
90956
45718
91432
64676
22621
69171
12385
54789
4070
11190
96975
17076
11081
5456
22062
51398
97083
48564
47035
91947
91262
42508
39950
5125
51707
74710
14987
77372
39179
35948
36926
78096
41760
93258
96325
32973
64156
43554
6977
69729
6961
78161
32504
13596
55368
62690
30547
80901
24791
55549
1718
30092
49919
44437
78048
15980
41652
15518
43759
20714
36513
60116
26218
22730
5767
37083
39398
8680
59933
97558
55219
63299
60382
46581
36542
88622
71892
31964
73598
48436
8874
62245
42007
62237
24825
24407
59880
25891
87783
83578
97282
1435
92184
62230
4101
80618
51654
50075
79989
49922
22588
62586
40073
83829
11929
76990
78287
71188
36054
74525
32179
76393
60334
85808
21348
51709
81068
75268
69485
62767
83693
85735
58941
23401
92481
6188
37473
19938
68878
39509
72608
13347
10525
94945
58369
58126
28637
70821
24178
27787
92383
63541
17912
62242
53814
52233
28302
49988
57743
10428
77195
73032
9377
71820
14029
99308
57382
97430
988
39132
9911
80244
41011
66504
94007
47923
57567
40968
71214
39908
77815
30706
61188
46991
91267
47433
42501
59671
14858
3859
98365
77977
693
53315
39086
66717
65214
31117
24258
40224
23567
79495
46267
33615
91856
70282
85001
2660
919
3960
96022
50795
1203
87274
68741
99618
13782
9242
83619
39049
62896
94929
78942
51851
71580
29722
88073
93073
3937
12078
75619
23214
28254
45156
90806
42909
66504
3929
32512
34265
75690
67725
46580
11767
9199
49888
78428
42379
82543
27243
94414
86603
11690
77685
7460
17505
29863
82221
64240
93294
30348
56120
93596
96535
22667
96558
97550
40975
25689
52608
97355
79187
92030
89263
75877
14632
28863
61221
1869
16443
1524
73623
78886
22441
61299
64265
69197
89206
94487
34200
58266
44017
22738
71100
38233
1526
11512
38890
6771
54531
9657
5393
88432
47290
49612
73909
87772
40934
17439
66193
62270
7401
71729
77124
83168
84745
31233
60240
73787
88414
72395
32470
98083
1233
85488
18757
66872
49765
41871
63102
49285
95926
13609
72746
57231
71018
37024
57128
94893
76751
31006
18737
79100
84784
83742
51353
45332
30870
33306
36201
43815
95702
20950
72837
40839
22384
87058
99549
22865
86901
93582
49594
29117
99777
40179
24997
68467
56542
86510
13034
99147
36772
629
962
94149
14500
67057
63144
74551
31122
21632
60551
97242
25763
84028
86903
99432
53095
50514
55356
53231
64671
14801
66493
70436
99175
96941
72916
83533
4964
2057
61554
633
46811
3742
38116
75272
68138
82752
68935
85775
24702
35845
9382
98362
43795
42699
43491
58102
57469
88570
78816
43037
30962
65872
57815
20577
29721
74524
98601
28893
51754
36896
96804
49016
5024
55825
35741
77834
46545
87038
75687
12797
33021
84340
97725
80212
86658
51638
98101
58738
56198
97656
32897
8522
80997
20295
65493
79025
42362
31572
75276
9730
17460
51636
49152
55273
49030
39629
62643
52890
39351
60362
69858
90976
77983
2569
75894
18230
99805
57379
66542
32446
13205
7580
70638
38299
98991
24078
84333
9766
69668
49184
55304
46933
32653
78288
66849
75067
39078
22318
54143
36583
80506
21492
80971
28138
25641
77619
93453
32635
65848
74433
6084
91489
13535
56663
99323
40972
82373
29364
64008
97315
71114
56498
69697
36160
79687
76545
17243
236
33789
34953
62745
56043
85607
68612
21958
78287
35050
86440
45260
82308
82907
9325
12993
21614
98178
22299
61926
27512
65499
31310
619
14846
78483
66536
9691
70131
732
24483
19502
98031
62514
4399
3185
83797
4477
26350
87513
55246
93807
41776
66583
70516
80044
62670
53846
95764
17908
16966
35148
41589
26012
304
88549
981
2963
16064
70296
25418
43150
89046
75710
61042
63848
27
57126
82494
64813
23932
60433
40119
96567
10514
59995
40245
1108
66790
88981
54794
46658
15817
4650
30873
1746
5266
55329
85695
27245
16350
4936
57240
97527
98079
12554
10860
75414
9472
66161
48052
47036
27267
12456
77416
44852
20438
33350
97647
58915
38852
24846
10631
37742
46900
27657
64383
68776
36047
9167
5293
379
21576
7259
33859
74828
85822
5097
4924
85598
90573
66467
15987
26522
39410
60695
23485
4961
2466
67329
49018
74713
29337
63991
46550
6768
49136
18085
74394
69020
84602
98324
88489
69417
22302
40885
79819
12876
19980
35510
15741
28986
70793
13555
79322
82628
43998
689
78584
14024
50071
76808
36717
12974
63293
61049
76887
66267
21097
23780
18136
51749
12890
28072
63213
19352
87962
32086
86782
21648
95342
1935
39367
93599
80492
412
72654
69896
53087
43268
99801
65245
53611
22157
80659
17525
41519
51076
5580
51993
86254
88740
87292
94504
60822
79345
68181
22174
86891
6990
59067
21687
45760
63638
51172
11800
9986
46705
96206
54089
97820
3978
22065
59107
74263
46567
32125
97981
60376
45588
22286
72008
76676
64392
86493
76622
34673
51668
65100
65969
96253
48107
64256
23430
46490
32638
28165
22545
8656
88409
92751
49975
87218
17222
40070
69990
57605
39082
9540
53228
64029
52582
5710
68009
85558
93188
69239
67685
46802
46527
53158
9561
40838
50013
37151
44230
59348
72790
79306
96233
78741
79137
143
59326
41363
11
71319
77645
47295
19920
70423
58862
96126
64971
89935
31528
3804
63217
78333
69155
39818
79520
8345
56630
57657
30964
29254
18847
65608
75841
68229
71850
32037
82936
20233
4069
33640
26694
69201
84123
59959
83976
51655
9629
49977
99218
79154
84450
74167
76955
27805
11738
90763
7260
44768
25991
36737
5266
23748
31999
42840
96176
60143
17138
77988
68870
70536
79196
93404
77661
27235
44524
39264
76802
67795
60989
20058
32923
97029
76343
45112
83756
16591
92235
74042
68459
67730
53185
34845
68950
14984
74947
76602
62348
29129
54134
28188
14103
14786
55917
9691
16301
73367
52697
43759
87786
93120
90121
97109
97678
66606
39899
80071
46831
5632
79528
38317
63827
85301
91193
70373
14332
37837
43303
5971
29755
24272
29938
82185
76302
71954
23559
78485
59329
83456
90041
90631
2222
89006
2855
17094
52011
50521
93690
78463
28531
12972
14331
7432
98235
44231
48515
56662
30996
64183
74716
68484
55575
43286
94458
83745
43651
50944
8127
92903
5392
21895
50888
86951
79275
40552
90201
82219
69277
52136
71620
40812
67146
99105
38322
19815
56496
70041
79570
53340
98219
72389
44444
27799
71005
84383
58460
68766
33000
91097
88514
70506
86281
74770
92479
30105
85758
77088
20477
98620
46983
19997
6616
68784
98785
73061
98831
26080
14898
75269
4412
42874
17173
65926
12773
77165
85566
4826
11411
75139
98031
4553
64898
10855
40974
71586
95954
66978
38536
61584
32234
83207
36754
66538
68177
93933
55175
55601
38555
44130
54450
49181
18710
84953
27733
9052
29814
93274
10949
46650
14970
83376
86799
61534
86824
14440
41404
11047
88921
60457
30851
43902
86771
29203
70783
14414
28805
57739
44557
10623
60579
56640
36267
55217
90444
60451
62306
191
34690
14193
98794
30104
74303
96502
2289
38078
5598
97300
96712
27924
88823
7121
85162
59322
87651
11997
2171
4365
88010
60926
55724
6406
46300
41096
35306
47092
8944
49319
35863
5718
32401
43742
76768
64561
28230
7864
59718
10028
88335
18042
41363
6337
88195
52761
60618
90529
3238
69567
84734
17368
98870
28355
59390
20338
9434
2809
48780
51268
597
54867
89797
24721
73610
18082
92717
10033
63325
60430
7715
37636
53096
97417
91260
41825
18487
53065
43597
87069
79901
65488
87425
12362
63440
25792
63823
11389
26189
57855
75051
5978
40853
51521
90332
41044
15096
86567
49158
73004
64619
34087
24817
29256
93747
1966
31946
86606
19472
2889
75698
305
77073
80788
11895
20335
80935
67896
34646
25645
88108
97095
43772
89728
4878
8900
13850
32902
84001
46956
60176
84749
26206
40741
3160
77809
88540
81668
67930
11747
48322
14441
94796
62462
65862
93588
3554
33878
28041
76001
77417
42958
22439
52761
65306
15811
32343
16465
52528
43116
21359
76243
5303
7009
96833
72210
7419
80337
26798
764
66798
22174
81980
72907
69059
67598
87388
4501
75036
1933
36023
18899
65567
13961
70906
82919
89395
77635
81044
37062
78961
21109
5208
81492
94405
98465
19082
68197
14033
11825
91979
66897
38
50278
15788
70867
2985
51745
27159
60320
77023
23071
69172
4561
85226
22036
80057
44684
51026
779
3791
66630
75844
43314
41630
12805
61126
86282
83496
70115
46308
59628
87327
55796
18273
70656
80017
79387
34799
98354
40431
16548
99599
79458
5874
47384
7978
81092
70051
94092
87622
62403
88694
75950
45618
48122
1284
429
68687
86093
48870
84612
90796
55996
91800
28753
34952
36968
93610
40643
20370
95737
52522
69563
68896
11931
67705
75976
79773
39796
25052
31067
13228
38026
54790
65628
35799
44084
84176
78042
80004
24722
90095
26595
47131
8797
78350
64024
84431
73664
11323
71026
91501
72831
20048
16939
19880
4396
50417
29302
90779
40530
44118
257
49592
13762
91075
41039
82569
57987
95238
79722
9355
49353
80121
94873
16949
96085
99089
45309
8256
64494
25739
7870
10960
11315
70376
4646
95954
3539
20326
45802
88705
30335
72012
59508
90535
53156
62307
27508
59902
49651
67223
47376
68076
57650
61525
56327
19740
39522
63985
68031
10540
31613
49891
57127
81225
85258
12231
26789
13113
91080
83419
16295
29755
79884
91576
47335
65839
46013
48954
32270
47338
47490
81948
18938
41734
17572
65106
8985
77609
73303
92249
80263
86319
88243
58199
43422
1560
9086
50044
87861
90472
92112
8871
4671
3231
79453
47021
28856
32143
25550
52601
58957
19173
77634
85272
23613
21481
91009
76294
60986
87924
32170
62417
75304
59682
43180
39171
59282
29062
28055
36565
85063
92086
4159
30699
78421
20130
29490
86313
50807
78839
36246
99670
75710
89098
48354
80368
11892
10041
3070
90541
73813
71644
2688
76236
82257
81565
77905
8787
96145
45362
73615
83630
14952
70286
30227
77430
9412
56000
70739
84385
94108
20929
85202
31647
78350
8063
20752
80918
73205
87432
35756
16851
92118
64917
22022
41470
43340
17527
22005
94744
60869
69608
65106
21542
68510
77983
61455
30055
57961
13653
13776
76268
94404
28295
83104
39702
31879
38113
63884
17988
71539
66267
69183
12780
84692
61648
67642
83648
69153
49207
2419
53702
25171
76616
1812
4081
20724
62702
44081
85133
79770
72790
18805
29770
8447
12208
49255
37339
23511
58469
91321
40349
15088
88822
64481
47023
20542
34774
15620
43515
80929
56287
46291
8477
52133
77341
9118
70615
8613
92378
72574
11431
99699
96455
23437
91206
59995
9604
75402
36236
91864
74047
67903
68545
90073
66485
42862
51019
69730
27945
35943
82723
62479
5579
64487
80696
65677
63494
1062
11809
55628
42143
27470
2565
15058
99384
87992
56808
24489
83775
82786
23111
34185
77686
71641
42978
7910
74506
5149
5802
48971
98976
4616
3491
86083
33246
40762
49455
48584
10766
99252
71392
50107
87539
93394
81110
24645
9575
1824
10623
15206
45691
32939
80567
70265
46404
2137
9492
63854
15185
94145
51078
42128
19186
96386
94335
32923
74783
62355
72998
23513
31507
95799
75090
35443
52679
45689
49979
63351
39319
37667
53463
32050
74924
2173
88645
10153
37908
