96862
11431
63625
10497
30528
57593
63562
95214
84266
87608
21087
4882
78714
39388
14466
31318
42586
73170
71402
96686
82728
3933
67303
83885
52987
59318
4465
60693
7574
66751
63363
63161
67990
64933
214
55421
69748
52932
2599
83187
64703
5925
15670
69879
16698
30125
2945
88430
52183
16485
86494
80638
91312
40094
56886
82756
4142
16882
57409
63234
67653
87776
73666
65012
43861
25131
15744
33690
47954
74939
12137
2854
60695
81849
89275
89257
2552
72322
43500
62001
9248
61389
86592
17026
90029
92595
72077
60357
77580
45081
52964
96309
65682
36355
45857
66616
97102
90013
6648
25542
41984
90811
61259
66977
14569
36295
89255
97107
52391
36306
15049
73948
50351
43706
53651
7760
14348
42645
10512
47683
35855
49479
35723
91982
25039
21762
2073
63829
75134
71679
91755
7899
16861
28658
28041
44637
91606
46783
37514
45592
18128
70072
2161
62417
20399
62130
83283
18039
48129
81101
14540
3700
28400
93282
33392
81864
21314
60463
67594
45598
32087
90813
79024
56224
47828
36670
25171
93859
40263
72266
1492
66621
44127
69919
7000
34734
96599
61810
44818
65339
74967
57421
6340
59433
18837
55180
59243
22864
43225
19582
45665
72016
42317
62760
61068
38896
47502
51214
15546
46374
80362
97261
39684
79225
73707
50453
20813
43004
99396
23423
48947
71165
91460
39598
59245
98909
61083
14431
82120
21098
53807
32195
15843
40853
66003
93497
12528
38715
21875
49858
32201
3489
35386
21074
8714
31431
89655
23257
33986
22279
31817
75662
6134
3806
55951
95190
29126
39198
58894
3217
75334
28347
6534
73606
85580
53649
46157
32989
25964
45355
72065
5117
72796
11102
47225
81892
87473
61745
43106
970
6545
1054
46848
40425
98604
71680
40385
16799
46309
23612
95015
69854
28923
11424
58820
78088
18340
85121
3460
77754
44459
85887
73179
84723
3651
15825
83524
22627
48674
82045
76693
42629
83208
84189
46198
61385
74630
44670
64536
34183
18187
90963
23290
66356
68389
4024
40185
66820
39572
57274
16466
63332
18442
41086
3639
62188
80765
16965
72383
31536
44795
55344
37692
54948
2478
95180
44888
86858
83109
11125
49724
9210
6757
1169
81682
97642
39849
75066
86665
75679
49725
70860
14627
6511
72982
91557
33248
17448
56840
31531
48385
59243
63478
15042
79155
79478
85383
62533
31010
16230
17486
55822
10140
74262
15395
70348
61583
3143
21699
11627
88429
44983
48409
42372
73709
28766
74418
37365
78842
13579
46806
15426
48580
66996
89062
29616
35703
10278
44818
32209
6385
37783
58752
38023
2513
91265
86737
95818
61726
27807
76357
81695
79049
45688
24916
11512
6406
48994
70809
32580
83010
83610
47417
22136
52184
69129
39225
53278
2362
62513
47262
24170
55147
56960
87701
88267
23295
92569
4776
42855
23273
27755
48190
34492
22202
63187
17166
85548
27083
98945
31848
70774
33759
22996
6834
71826
51799
15122
75602
22493
90289
40607
8937
97675
68036
43367
37559
2398
17062
68469
12227
20212
94604
72107
51750
55169
23957
37467
45879
53024
13103
41039
9212
10504
43246
98481
44016
35618
48631
37720
63684
5565
69108
68376
21965
20736
76415
54392
60113
77033
2093
92511
83381
73657
28484
5768
55390
84552
86615
29739
95931
92250
30794
63853
73625
48433
38247
36800
44237
35919
72593
50789
28643
63379
1594
4775
92039
80028
26715
69767
17276
39292
97979
32893
70184
12568
73446
67408
27722
30995
96703
76383
34666
25356
45757
33845
73482
16290
87672
26449
80793
95215
88979
87715
77531
74814
13632
86926
81961
14212
52952
64410
29137
37625
21463
90114
38303
87593
34720
25216
28689
32750
94686
41575
78804
56793
83962
58288
51218
31483
14254
3966
91957
19997
26211
78597
70065
42524
656
47098
52557
17200
94843
85816
38760
94309
42528
36656
98948
40672
98534
25533
24364
73569
9546
98747
68556
86368
96161
10789
64274
23051
71076
73598
32861
51443
82861
53348
87657
21599
63789
45542
76829
33484
77579
41324
44879
31858
90472
47638
42161
91594
82695
87035
58315
93882
96493
62816
94707
84697
42283
22332
41016
44687
86287
53581
13066
25275
98332
11794
39307
55672
52854
24550
26313
10174
64176
39248
61363
72602
97477
49183
63720
9631
91405
52226
14774
86689
10037
94618
42881
66958
5918
60818
33411
51118
5998
79052
55178
76253
30334
19964
61566
91283
7751
85144
10685
26181
53069
39067
96168
75725
18841
11239
82195
13123
18068
85174
96001
78883
45339
65450
60902
47300
29922
65448
34070
83307
39163
5131
44600
76996
43329
7876
81991
98981
9069
34493
42807
98834
15445
54589
75567
58216
43279
38728
66505
57400
35343
80310
41887
65747
50614
3668
66620
44213
1660
22115
70506
57736
92163
44853
93065
58833
98865
69908
91556
88554
18761
4077
13001
14609
8484
76841
67049
90504
68109
53801
42177
19976
77872
88738
86456
73119
82591
6233
80028
75034
54062
48752
1130
75100
38479
91096
65612
83350
14526
137
9449
51712
2988
69670
17129
79883
95956
35406
42147
31219
1924
58510
21551
14362
92767
96523
87128
41801
19778
36956
76765
80686
98303
47914
44316
74957
855
37965
56807
30784
48874
1538
52377
56375
79228
60314
12918
83508
53526
20849
9253
85607
35643
31985
87677
12521
93092
21239
83822
72344
3334
15903
1175
4052
53876
8401
75670
53695
53244
32022
58076
60910
16667
99299
18720
42154
87559
11912
81999
46924
37131
62292
47388
83660
180
70433
87260
23822
7553
46272
50264
53809
54276
88059
92471
30916
31903
49865
33941
51516
1394
90908
93422
25994
41627
31311
45511
21482
21673
85881
28694
38298
59141
86100
45168
44373
12557
42100
76989
94910
58908
70095
37966
94407
33166
52343
72238
35112
46142
86193
30925
80257
78957
71277
87820
88903
46235
21026
35589
73024
18281
76338
49128
73051
11853
20850
74651
62681
2721
83037
70070
14583
45062
22546
92532
48477
59677
51196
756
22795
49654
63264
15457
10242
3256
72511
931
15578
73763
53354
93962
83718
23138
12938
9817
9374
29225
89750
14172
38050
80506
68056
89043
35066
41483
69999
45597
21023
1279
71365
72886
76098
10844
84261
86970
85953
16356
34637
57485
70025
29735
4639
65406
59641
53161
886
86044
61065
1112
72876
76466
53573
22322
2159
49534
96129
29821
41259
9108
3022
76382
93716
60666
43343
78037
61389
75218
44776
28826
93750
33966
12997
64876
41016
26793
4752
25067
70347
61636
33877
67101
5350
88309
52281
18025
77527
26986
41961
79095
14436
78075
99586
12797
12216
49821
52920
91724
94069
59516
96402
92271
68270
31487
13347
59328
40905
42187
48092
51052
29449
64031
48631
79900
96600
52074
56157
72180
58100
7535
80672
87803
12516
82933
82976
72267
23572
3788
34056
64372
42505
52304
98689
11563
73984
55719
83305
96015
29794
95802
70961
45941
77638
47190
54825
11503
69068
10658
45902
46776
31570
10567
83089
80694
67153
72643
82871
73996
26286
66395
53748
89313
1310
16483
81777
36245
22143
54185
52539
95266
15774
54478
72657
29576
81893
12759
29200
95905
48243
65572
58951
68040
53171
69068
55207
99080
40351
918
65145
22987
14919
29626
32291
6933
21354
23439
19609
90569
16138
15993
59265
40154
58114
96078
93629
78401
28237
55835
40162
69314
55501
35916
52954
53369
85860
23246
85952
17661
94915
94911
18142
60801
10400
18086
82022
29276
74154
7650
18348
66543
90810
44883
33671
42489
94669
2530
90326
1950
13457
74893
27243
83571
46628
68895
12937
42816
23754
3567
84238
14166
69344
25110
79416
69263
70995
93244
58677
32547
356
69806
9808
36857
93938
81955
86917
57427
61555
30879
21284
2456
47149
6964
87842
78565
39980
35864
52255
25033
15698
98855
91609
89151
79603
88675
1705
58340
93520
95156
37016
44870
91164
54155
7998
67944
95034
12937
32902
5876
46293
26839
89099
60479
15543
74296
1104
41815
34603
82320
31959
19289
17986
41984
61350
84032
88543
63429
77051
46669
13453
24983
18878
87872
19560
41074
30521
87486
58078
83729
89777
75501
10471
65175
82109
766
94750
40232
14264
50473
47048
34401
82803
27951
99078
20595
7202
46150
53060
84448
94951
91600
9286
85858
63605
65410
89520
10703
23907
37162
99118
51469
51564
46790
84407
13758
16117
61027
71559
85205
30832
37277
31871
8590
8614
13875
37727
87405
33700
82256
1395
63668
88270
63383
50819
22159
41874
31265
19420
72551
28931
28625
85729
21876
48256
140
34818
24832
13726
92982
92124
64605
50668
21453
61482
23159
82151
5080
32064
67233
59120
42635
50832
78959
57365
60430
21796
65559
28328
22476
85039
59326
49104
54185
21780
16761
16470
53832
53965
3593
99868
49303
13808
29935
24869
45039
32693
88933
16633
80078
14316
6274
58617
30300
67465
98872
49540
18184
17541
37411
90642
96043
39185
25642
14159
75992
73050
19129
34187
79852
34916
99463
15262
90570
11736
57253
91997
69426
54968
74797
20016
66909
27313
403
27664
78021
5326
1552
9540
64039
63283
1120
42931
7720
5864
50265
28442
89317
73935
38741
56280
63486
74713
34475
9049
98319
5700
33128
38561
82730
16941
66669
71618
74324
94490
78245
38246
93871
98789
5078
87065
47834
12244
70969
8600
39855
68804
81960
23842
48513
53970
25418
6576
97949
62669
47795
33933
98267
82006
52008
2848
60083
6166
51808
45162
12330
68313
1541
24430
94805
858
66773
29451
74493
23253
62839
65918
40334
51854
79079
60478
23262
28763
89341
15593
87181
78499
9651
70057
31346
96980
31391
3589
24443
53776
89043
27849
5834
61000
1087
7063
95948
99258
85525
55266
73281
19397
28076
14682
32350
78274
48578
29434
18945
86341
70316
22891
59197
27864
43982
54641
38419
176
8203
82762
60493
16401
73172
62802
51619
12230
21646
36216
18694
23671
30142
88041
55865
21663
24966
31844
78194
36815
24914
49260
56653
70413
825
46085
39095
67462
62322
90039
56156
86555
30986
38332
56184
85597
26709
7576
2089
12992
66356
61505
44199
98645
68469
1100
32195
49192
26504
86363
56568
67036
60376
75601
16497
92525
5598
81665
61212
93107
284
63292
39811
41154
7032
52629
25328
78772
48780
82746
39781
97242
12276
57980
31459
97096
36079
59219
56466
11735
55804
34674
93772
98026
45434
57018
43085
60145
431
24948
72580
47436
32764
47815
35915
61458
6856
44812
45724
31174
27113
99173
98754
93344
43284
56057
56670
87298
49706
55917
75953
26795
94881
83145
50249
77556
43980
1291
80670
5485
19476
5393
85845
29067
37182
20458
36563
83973
46655
6298
69827
34256
92592
24464
86844
2031
89466
64400
17888
18601
77612
26203
3768
17186
41249
62550
55647
92013
93506
38104
51734
32048
95368
84903
64886
65215
40126
29983
47670
14179
14864
52533
95382
583
75992
51804
38035
6913
53172
37296
44502
34792
63377
59025
49828
92833
88044
95960
88191
63287
58729
52083
57581
36841
34857
92673
83026
74976
96868
85561
3023
58333
44972
17002
55163
43443
46191
71813
6021
50967
55583
43303
56603
66512
99337
83219
41881
45151
24472
94022
39919
72544
31891
33248
29079
47073
87239
16570
63627
59641
11099
28115
20295
56263
40006
2484
86852
44476
9373
67079
94233
83567
5883
76490
4139
35192
7824
66286
85149
1357
1529
84945
88816
26628
79013
4881
6748
88409
87706
59313
65692
82026
94369
15925
51574
94852
44198
17482
25978
85929
32708
7411
29383
1067
95499
72883
26274
84164
25771
44467
33912
78096
58289
71387
79457
22014
69602
10338
34835
56791
3665
75638
98138
11848
68093
95058
86204
97626
75884
62489
2095
95210
62764
40083
79156
4276
15080
52627
1332
69257
10779
2878
86677
91198
92813
95501
57755
73830
32868
33729
10090
9161
21830
50569
8777
4542
50319
4094
32145
54892
69076
38972
28117
91866
13904
93686
40474
92676
19656
29896
31971
19581
61417
87051
64615
6749
18702
39313
83068
32236
82290
96608
59433
79308
98765
82249
3995
41365
82896
73420
38016
13166
995
3282
43428
45186
59678
42624
31579
93307
83073
89627
59757
53070
65637
59451
88754
4133
47960
75616
41677
6503
27959
65589
60481
30055
85005
19395
90399
16061
1797
23877
57914
67564
90999
14590
36551
30538
96459
43848
35838
1389
47626
31848
45220
44539
9638
86337
8013
9889
12149
58081
36984
33375
7809
42905
35944
43030
73055
33044
18090
2580
85218
59439
20251
99110
40937
65946
92631
90192
25405
41754
22802
4827
64650
38625
25553
9540
18772
20688
91665
62912
73667
84136
94298
64338
97323
30012
13528
59479
87287
57526
25288
77359
17580
16030
52865
45252
83414
14474
15866
43261
66884
72990
52627
20439
45622
20667
27628
45166
72103
40256
2274
64269
85708
8425
71024
9992
84768
83652
51037
20143
70315
42238
4017
16913
56998
29632
68231
96441
99391
29048
40239
62754
36223
77017
437
28615
91198
62710
73984
96796
76215
64521
64529
90478
57735
20612
17594
45695
98034
43537
32717
5547
5560
63462
62103
91013
97906
57449
22407
47964
69395
42321
97284
89562
42445
61998
27904
24928
75708
74791
13772
98617
89221
900
95531
46454
15573
26738
46586
69121
91522
87082
28406
82029
43639
21593
89737
97920
95657
42945
25657
59188
35155
55096
42816
48010
58865
35809
77023
8149
55674
46745
94878
27031
631
59971
66571
3491
60917
92936
20580
24078
18151
92586
76262
84087
43856
77770
18057
34820
6007
3819
19198
88352
53167
59801
63329
15955
58597
92461
47289
21641
60087
15408
6169
54892
77875
52121
28791
13422
65605
28382
75725
93031
97602
32096
49951
7547
93321
66759
63948
10185
55007
67302
44911
20471
38781
20536
5770
77743
62651
81403
87930
20502
31291
47667
56259
81287
77157
31108
10776
76134
3651
91219
31629
90823
63271
52429
44709
32725
79097
36409
11051
21195
33727
70207
7305
87137
37887
34593
88543
69302
97109
40090
14032
24628
36672
61345
79993
49763
183
33266
98988
19717
50863
77883
19279
69403
6945
42194
71098
23203
76965
20248
19328
83344
83107
25091
36758
95267
33296
7471
15051
52250
46870
9751
42356
92660
94414
82041
69635
82483
70728
69706
19351
14923
69866
51721
60085
45502
44027
65087
1071
40919
20781
9756
78437
50205
41277
24718
15488
15499
21005
78789
12004
64599
267
75644
28872
66277
9851
41162
76774
56590
93902
35378
14327
50436
46430
32261
38551
96988
11305
22978
8642
94204
74724
77291
28584
74358
96081
90104
21513
36608
71127
90273
76809
30558
96238
69490
62528
79713
25362
21718
93834
25124
70066
40897
64201
63559
16655
70789
21973
57561
55622
21364
80003
18675
29797
20715
91315
52420
48226
82123
12095
65387
93728
2582
81372
92664
99801
85189
60557
26976
80648
62143
51039
21611
39218
90175
7483
20269
15527
38539
48391
6830
20137
59843
68293
68455
17668
54602
26704
59690
67823
40864
80013
58797
12678
77810
35920
5392
74029
32740
5820
40602
61635
46462
16058
47697
34710
94171
72648
97254
54251
45769
81255
22681
89854
61491
47244
35642
40876
75459
71844
14200
33412
32026
47239
54404
94435
50765
20290
10372
40852
76381
40919
74564
22024
54223
30213
60756
90779
95801
64415
89675
66201
51913
75150
97921
4519
21047
84026
80625
34073
61064
53
98941
37096
23488
53968
12920
86727
62691
61713
95032
81817
37775
54711
22673
91779
83667
93900
57816
6515
75299
74
63856
90241
73003
77588
81482
52594
80297
34421
13475
45189
8513
32188
6766
40546
57810
68098
84071
81313
40239
46922
59924
12933
4499
87946
47585
74026
39077
96766
33961
60958
92298
34479
23502
23674
18385
53198
38908
74731
53492
69405
7648
53658
75522
5457
15513
17440
6654
19124
78583
718
9127
58901
94760
7799
4300
54605
12433
78038
78047
36496
5997
76844
33468
42433
1904
47316
47368
8563
50967
42138
19991
35166
28545
30935
30410
43894
13434
91724
95357
33878
79992
49178
34412
143
52383
84620
76515
44595
26474
3870
50538
25629
42131
34417
96474
89481
52349
46399
75557
9281
35625
59753
94606
92588
94855
91639
35420
74929
34781
46682
19032
80833
74120
61964
98371
72413
31509
38074
70125
79156
42837
2453
89163
57041
9307
11732
64370
44470
80089
58582
8745
81706
24051
19204
79205
23641
4281
30045
33606
77292
33202
23578
28268
23940
17049
87822
24357
85714
39063
20558
20505
68354
73251
903
61769
50364
61006
74204
37268
67526
42477
20499
80645
22471
36421
37483
55096
93108
21075
45559
43865
17996
66777
33577
73742
25686
22186
74647
68753
83839
22557
75175
87033
66110
43690
94732
59972
64220
14177
1085
61825
28117
24859
56312
78084
92810
76619
84043
94609
61562
78744
32924
93518
71486
39359
69723
47771
69789
34841
6801
39449
64067
13875
97849
15492
8035
83260
5904
31005
52398
1837
15589
34808
67394
37595
14306
68542
1835
90032
42246
34506
99496
54531
48698
33066
36005
44251
68528
59570
62979
62167
65542
44010
40749
68051
89601
89599
34356
74995
4512
34076
37713
11145
35879
62956
7535
34408
74885
95569
19842
5629
94672
11428
49121
74019
31726
73784
12701
43892
46792
37090
18017
3961
37508
49781
20927
65168
72067
32220
77153
35995
96862
6499
59718
76143
46956
6327
79886
91909
34314
68028
86827
2639
51241
11209
321
27946
25832
2140
24241
43178
31809
52433
3558
59281
71347
36338
81656
68508
41475
43754
6957
3238
36640
13584
34237
32814
23049
77282
26772
86050
42648
97938
19280
43129
69616
36914
91678
98989
8786
35130
3593
50912
27259
78892
84539
47489
11435
20408
33955
55500
90080
86462
47906
93427
10108
23488
26945
75138
50948
60893
14989
18478
75630
38035
19312
16849
31015
56133
22008
12650
56582
52449
64118
57074
59345
53090
59276
81706
80937
6280
53787
92353
21137
67415
87173
70156
2684
84322
41554
75780
73144
51061
37788
96488
8385
96557
34919
92090
66711
53265
70922
99392
41010
8213
28628
60493
82170
57833
38798
5062
73886
35552
1258
84726
95852
20373
92789
62948
58436
82943
25660
87871
72921
89410
71082
24835
56767
83100
18581
22699
75297
85613
74383
38972
88826
33088
20538
7232
61541
43125
5714
78774
80134
51599
20656
86772
831
97566
76207
79359
71123
18254
70197
65669
29062
45757
51443
13293
37442
46773
93049
71989
2424
11067
49265
79737
10868
41091
51155
1928
67315
34756
36225
30564
1210
42461
51151
75741
26949
38804
95638
63850
35265
62167
48468
98562
36593
79500
90688
617
69841
88159
3063
23493
79240
88719
19620
38107
75557
30738
18154
7195
72742
50399
48545
29388
32286
44624
88891
87353
32681
96639
11961
96638
80401
6610
56299
96955
81008
55663
69903
58236
35689
96151
33023
47781
99839
71815
5821
97794
67569
930
25402
25716
2534
49849
99815
99480
12208
92943
59580
87033
87140
2582
66861
48944
65450
38157
42337
49015
59300
46760
46523
91226
45634
16581
86374
26917
43156
18235
94854
99895
19143
17625
42318
54627
42324
21930
43870
6167
44729
59005
25345
30663
70561
54027
10787
13973
84430
3038
55957
99263
20732
50624
92714
34977
97390
6489
802
92683
19999
81794
98215
21961
96608
44864
73146
55913
89818
79495
93163
27132
99850
20417
50314
27474
21866
65116
34665
67103
3967
6522
64461
62389
47989
44744
29956
56897
92705
71565
43093
68553
42717
77081
95684
93052
15303
35629
61116
40298
46107
34997
44962
52352
4777
39115
63464
3779
79746
81962
35335
15679
34540
57980
92713
38711
66291
85151
64342
24530
87288
79768
77730
33863
89835
4662
5057
85919
36714
19765
53062
213
56841
16926
40339
44215
66520
39253
91657
79502
52654
43833
32908
55660
60641
39333
96622
68099
39889
64426
63685
38259
54404
64368
18432
56024
74445
51312
52507
96907
86980
30259
24861
10714
34757
44770
41121
57305
89027
49706
35148
18009
87487
28994
50228
6142
9423
16353
44169
89473
80112
3302
63123
13266
65617
47520
62407
83673
75819
84146
41137
96469
52340
92118
85957
1280
28763
37429
85524
93282
89999
78687
61423
97429
71410
58024
8290
89827
92407
46509
45442
99402
46146
23814
2705
6375
53831
94321
92113
75773
12262
50784
13937
55890
48288
96047
21544
21955
21963
12835
58753
40646
60181
99070
45069
43903
14457
62455
29703
45112
71285
35819
4788
55897
46514
3165
60753
65374
71509
99688
23997
62854
22889
22095
21872
73353
73472
65646
73926
70753
18836
66487
35535
78205
78463
18562
60846
69577
68645
84495
49306
5279
70644
45095
24664
42991
89068
75826
55421
6614
57798
51900
24793
2600
10880
10602
62958
73250
19533
62099
40025
4122
61245
70406
32645
7891
26229
56658
87324
89574
59324
96103
89689
65218
18086
8002
8079
5734
58017
15799
2265
92134
58636
93367
70640
69554
5149
35329
10298
47585
30583
66294
32845
6858
43959
38860
51652
79303
63495
77324
82002
62453
31878
91614
95479
37866
38861
19444
80106
86641
98337
93941
31955
99197
94820
48399
64898
52858
80852
45343
13443
93745
28608
77964
1449
20141
70476
23402
10434
83758
75551
85603
59480
66422
99006
63939
85267
61378
68743
71061
80720
8112
64904
73819
41589
10337
87499
41626
89971
22722
23482
79914
59704
597
91637
5476
6720
7434
89176
37201
74780
83074
12394
20345
56141
85890
98644
56495
44792
62895
98442
78329
22265
50050
91108
8325
74371
54542
65925
92359
38784
33377
16979
8367
62814
59901
69715
65565
1995
99239
8133
50786
21731
12332
64502
72951
48701
13565
28632
59085
39038
10279
96527
73850
71802
27491
93071
7661
10673
3378
38074
15352
4718
22427
90329
42127
50838
64085
62265
59109
61385
41130
28234
34390
73125
28531
71555
34613
46405
76062
6739
62
80892
76758
66962
87102
69677
1415
41376
550
33719
11476
77789
93843
31489
80377
33490
11368
72777
5930
20422
78281
86378
26854
28793
66090
75927
79240
26781
54979
92318
51266
28335
82169
24510
50162
92837
95035
79174
16155
53238
19380
68666
41311
63444
44123
92619
50408
89845
18612
22411
43945
70894
76269
64830
99336
44408
80582
46580
73408
30096
60960
61298
79915
9060
63591
43296
45061
89350
54525
78497
60558
73552
31682
49105
97476
29841
38023
52964
23461
70367
11474
41911
63018
3556
69127
97261
95306
67279
90449
17653
87272
31918
45217
97576
19883
60596
42473
34061
19555
75288
18233
13423
60076
93850
39474
21852
89241
43218
98939
40011
81716
36136
739
42385
61586
4188
98575
88830
48925
71821
40353
11849
19467
58195
42531
57960
3233
78954
49162
68329
12501
44046
67458
80979
55263
37573
39880
9461
45876
58213
55151
65594
97921
59275
55027
42333
40430
69281
98764
84911
50628
50713
125
91367
22860
56756
46604
64736
79526
79972
76662
67141
8763
46866
77499
17625
24516
43586
59297
74175
84819
95987
29140
65389
83912
9942
94185
25080
27672
16046
92053
51534
86920
4636
37737
25625
26000
86535
47669
96449
34002
11998
11705
1532
64823
64763
96728
32486
28405
14562
34145
16686
49243
53379
81534
54835
27295
96759
44118
86260
25154
52774
50177
94005
1608
31290
28116
3901
2009
95286
84592
26746
456
54005
21667
67845
75457
63044
62359
26555
13378
22277
88432
32693
52990
41118
75498
64096
71020
60468
63154
25099
14906
8663
63316
79371
83141
31423
94040
73139
17965
33949
50636
33080
52078
23098
71715
83464
9983
53894
57840
18404
85632
25011
31352
13838
80940
99301
72201
54913
59186
59097
5908
66085
62878
13757
63227
22363
91854
86549
832
62761
67592
7535
23693
75497
98122
64415
40498
26039
32229
11167
47131
80351
84364
364
49605
13422
57533
13783
2608
26961
22079
38742
52398
10659
50570
88537
73664
3499
92297
8415
40245
9721
40879
11246
21400
96613
99393
67382
19644
45766
34366
73940
15084
87244
51036
73403
8505
13066
82448
2154
87331
2923
19191
62136
63401
5911
63328
37923
90548
98209
28265
11274
30103
59923
9749
22290
11861
43053
98961
8290
38265
13989
51330
66119
9098
81213
90235
54799
50942
95242
46304
47249
75350
80422
40741
91560
61681
30269
48428
24532
94808
22366
47469
75209
66121
63510
48479
88387
91419
24963
20494
21450
85042
5372
85369
87712
25285
96180
5455
11262
35670
81807
21949
33172
42663
78176
68496
57387
62414
21422
18867
37145
29337
20981
78865
16219
80210
58825
1034
40022
41029
3561
77000
85403
11203
63463
59043
73365
58726
58323
67533
56906
392
52844
4402
29473
32041
58190
85492
67504
76510
79104
97015
53543
10227
17072
43253
55234
46137
63124
81710
35518
10361
30386
15228
9847
85950
45494
96733
75014
45023
46622
14355
28684
96149
48372
10546
42524
15336
10979
51538
94445
4567
20929
79514
33832
26039
19569
68791
94839
8748
17903
92458
69520
8383
98234
10536
98325
41835
74454
36842
12822
53769
39999
79655
19352
84251
18216
41865
54831
32171
27238
11070
32625
21299
35380
84723
48953
45722
56082
29452
21895
25214
30149
90912
48862
39802
75122
45298
34643
96454
73343
74938
25372
99129
92081
71633
52573
98575
46849
36146
79387
31559
9424
81521
59480
73843
75270
32471
74407
33857
29242
88220
31027
48610
40564
72142
7616
80356
78512
6562
51233
57814
42042
77109
63973
2738
93112
72971
91218
28850
6883
29525
4059
95222
82051
87383
48998
64993
81064
93311
81742
63046
90892
56811
40094
2935
56816
81034
48253
72941
90465
43481
16373
11074
88153
75593
83879
34302
9510
67032
48807
3189
11492
36397
64769
97503
9948
90280
74535
56150
52878
28236
25182
50763
33797
82526
39369
64141
33354
7450
1692
19040
30908
22930
39289
79104
33595
22268
59433
31640
37223
62656
86146
42196
68451
59890
65634
69262
92318
37368
80120
95418
86233
65189
34600
43948
96603
35188
95193
22438
47989
94804
97460
90358
36579
23043
54053
88427
24821
64609
85205
33216
50642
24757
66049
7243
2865
71065
19956
41732
47396
66752
74523
15549
1032
1272
56849
28593
26264
6131
34446
90650
39722
74096
80651
96111
67821
85082
87768
10271
31034
44338
81870
83984
26747
25024
53406
56274
67137
74058
79414
70821
29393
6311
65491
22233
95154
89399
45528
55313
19000
91881
29290
77369
93849
2416
72412
5019
67333
39042
44755
86139
14441
48234
74200
1276
78437
4274
31884
79796
74912
3124
45892
30440
92402
94660
50321
50389
94413
73771
71153
96246
41376
10225
20840
24759
75425
13618
21474
8867
49621
31858
37327
81089
23523
98929
31643
85228
39811
16724
61637
29052
18863
60954
31156
18970
92610
51440
73451
4840
34762
76389
6299
35937
22862
7627
92192
38587
52090
11211
16906
12326
35276
94336
89176
68255
89344
65221
78518
21311
2774
99047
85757
76741
39984
77753
40300
91026
6637
27391
5323
11206
4420
64992
61926
82881
31272
67734
52456
42839
48832
65433
64788
72467
82654
7427
31250
96119
53239
23308
88576
4369
72340
14190
40624
26209
69838
26876
68999
22900
54357
16291
67390
46106
15598
22977
84866
77335
63781
95536
90452
91363
80457
80373
90083
69187
65217
22969
15556
83894
75675
10961
3785
78129
4641
13656
46448
56835
59154
13573
92377
41780
19464
57311
28422
6309
70388
22073
52001
75919
56243
53218
62879
75808
54251
84951
33282
67866
82959
74027
88635
5061
69193
15161
45534
94343
50262
78020
75731
29828
85624
39850
36663
29555
77026
6692
55712
2491
5263
29743
9673
38699
34106
32976
94884
64345
65793
16917
44912
95937
41746
38316
85989
56825
3548
95102
67546
16749
16450
81471
58164
61690
84389
5014
17070
55429
72734
49419
7610
79332
92517
75313
17070
12971
41355
46531
60843
50915
93808
36563
79714
138
71917
55791
26342
51709
19773
32439
1362
33123
84297
54998
96800
58648
51264
27427
74066
20859
49827
85175
49953
72122
53387
62785
61926
79967
89893
34845
22737
65100
27306
49426
84350
67284
38780
18266
94460
55877
42394
94047
25361
1302
47159
84368
60091
82738
99377
18322
5205
5506
63639
69282
5106
96583
80569
50777
14638
49683
31782
20358
72995
5984
58483
54811
82774
14825
22562
309
45094
97514
17476
57042
98858
62428
22848
59973
21990
69244
85710
31536
4500
93219
96191
32550
51675
121
4515
58745
1278
8552
82286
73817
94694
78108
15275
59360
61272
15665
34242
95554
80838
70339
40690
1546
62413
75774
85037
24167
82217
52397
76159
55334
20045
7079
6694
24883
61855
38302
41908
29953
13696
63051
38013
70419
88373
61661
53696
11272
89788
87067
44893
87951
42185
27732
36041
55635
89994
22365
67933
30530
3293
81445
3395
43841
98743
65090
55078
38280
36734
89784
99077
65962
13821
68921
20987
80090
74650
31898
87227
63983
23079
12196
68559
36821
81173
63477
96248
81876
34452
65738
66384
20066
38083
65110
66114
7203
42463
37915
63564
92724
64833
48321
1852
76015
83039
90465
18054
21628
6709
94184
36429
38521
26006
22688
8055
81208
82533
76047
79028
31480
46527
68568
70416
27864
57578
29006
1776
47892
50025
63893
3167
43019
8194
9178
3274
2257
40459
47562
81242
40626
7741
66984
83468
72847
53448
19945
97408
33983
46526
85883
69031
78245
4882
95814
62819
12001
10741
24809
30326
18395
62465
27609
35003
36440
11173
85422
52655
82289
1358
97604
43268
61793
95723
42657
10740
54316
18887
88871
66850
53861
48853
75934
77577
637
21788
37720
5507
91651
49323
70443
27874
96702
27014
78631
94356
89419
43117
41141
31326
92772
58486
70392
89679
55771
79562
94799
73766
78365
74703
87125
55428
34754
49155
41383
37706
18027
11600
11409
59809
99543
72670
10753
41510
35720
97559
26431
84056
14187
79676
81819
78537
67386
23701
23242
86324
66716
7264
72776
35137
57435
37810
4965
85953
13743
95740
29485
26919
80525
49069
8340
65688
8606
60920
13210
80387
59274
48701
64121
7921
35161
60569
65539
48236
11465
78785
19900
34273
19311
38533
88470
62974
24496
67907
37094
79080
5021
10357
29854
21012
72355
85309
99565
80870
31715
41810
53585
33621
19361
31351
78813
88526
61781
66247
28220
19106
12956
28609
82284
78192
13782
7497
65043
70700
92721
71140
12920
85829
69121
44107
6230
5034
35573
73484
74839
98611
21023
57139
37884
75388
79419
47992
83679
90020
92674
78413
43190
91161
55831
86628
14925
25634
1122
17832
45642
98311
85646
46100
51450
19470
67475
16380
41204
9467
14673
70610
97402
83106
40999
3178
41818
60187
9096
348
15076
65467
57293
82524
18040
10848
75252
7206
96063
1336
89007
21657
51030
81308
21608
64632
42362
92901
86775
54312
22058
35602
13558
94707
77396
92898
71773
89765
7429
45828
31157
78857
39698
77621
85103
91450
88170
11724
42072
7293
60681
75562
10634
12212
99609
35242
19454
21012
39064
40848
32973
28278
78694
88413
77811
94284
76766
70384
52990
72767
32199
72709
48829
45449
93011
45945
36348
66794
79637
48468
96803
92499
5437
686
82058
15938
40706
7394
26618
41815
31355
21059
92320
60401
11542
44900
90666
61375
45519
65998
1039
90308
38342
25888
47468
49717
7053
57810
83741
72980
4562
87252
29161
8277
15260
95198
96304
64373
65859
9584
72470
46819
75794
15821
23734
7664
79730
73618
83683
81568
34878
5769
30219
90003
8579
87139
50728
41035
77627
24768
85022
30309
92368
83461
4009
51234
59135
81286
95323
41411
76003
80357
6960
15247
4198
31862
96153
15749
61208
59540
74598
51615
83976
42641
86239
99941
8401
71363
13448
16155
80836
39497
61673
32546
7777
60105
86723
20190
58015
28602
75174
71789
85217
76679
85366
17278
38948
10408
21898
785
93515
81333
83292
43335
87282
59387
72514
94592
8528
4060
53887
95896
12092
65853
48243
73109
83016
44452
99920
87321
44672
83339
43140
24651
61182
11770
41923
28074
33848
70657
20009
76833
40028
24376
7500
21111
50791
12358
54373
63382
12767
66710
54613
50791
52018
50423
80824
74950
50559
67449
28227
76117
73808
54625
38614
31897
66996
11847
77027
45785
34672
24087
79296
6574
8598
8134
76780
11848
47773
18916
92423
9018
26652
68726
16756
4355
29075
42272
6521
97519
44498
99032
59343
97589
49674
72372
86889
68363
46084
85453
30673
34100
37143
25374
68679
21236
75897
17204
76820
28006
18660
78889
31600
70558
29211
25028
71766
46289
53764
79306
15712
72976
14707
46532
88438
32533
76084
86895
53108
68286
97304
46308
92713
11032
23697
65815
49992
78174
19630
11927
13159
97650
93948
27183
98304
7233
90175
2188
21219
7790
87982
3448
45954
920
13001
51832
77528
85661
64875
66008
47697
89810
53556
56171
12003
20741
18686
5609
23473
68541
95602
8973
43274
92421
54710
75518
17889
19235
30964
45780
55476
55085
70100
14366
20714
20872
13752
54707
9365
74848
42635
97354
38362
55222
69322
41585
2205
13291
98982
5783
2624
19347
20477
82265
32738
83920
97948
44727
14208
63971
48298
53805
32179
3795
30593
22337
65771
43313
18234
27591
89638
42019
92240
82634
98572
48790
23478
86409
95718
7462
28976
82399
39390
57532
9371
34600
49471
98416
58713
64670
860
54524
50733
63093
77762
93990
49335
66105
69651
99698
36732
10464
42926
73537
47882
62188
27645
61489
49806
81034
28661
4467
56051
92399
6497
88046
5612
33337
11986
26093
67926
26593
69648
99764
32167
77507
16691
19306
19786
86240
51650
72917
38340
50158
36780
6576
27965
79147
71459
88658
37055
88882
70182
17351
29602
43405
53479
25369
91804
16418
23590
11009
28637
40757
84197
92931
26769
79041
40297
41017
92318
72914
82289
61516
24890
69847
50729
67464
8626
78747
85485
90314
94046
34595
64636
82751
99052
21800
22051
51760
3941
52867
36626
47441
19856
61884
6426
77217
98331
56632
30265
5656
88179
85475
23437
74082
49145
95824
40494
34232
53601
71223
33871
75523
82908
47922
93721
85053
78940
75311
42144
44507
75897
55134
89837
36043
31380
87932
26816
10449
17855
30693
84660
21498
19248
79533
54433
84604
20735
45651
33334
5497
66439
82966
84726
6442
33144
31006
2754
71122
69546
60159
93829
19534
94106
63491
23211
80442
11253
29474
46631
16125
14070
77253
25182
10454
40583
58714
59894
56168
48667
2708
13659
47406
98993
67504
96567
41459
33090
86549
60331
50938
53465
42454
41746
35874
59419
93215
79625
14269
72627
81683
96967
88613
19686
23658
63186
19342
50665
44665
39645
28133
17757
38566
30060
83438
60021
80875
22388
93596
16311
54649
71172
25433
12312
16562
72232
9287
1287
39894
92931
38199
25477
27471
2622
47163
73309
5976
1505
66358
5749
87537
9905
90411
62378
16104
30421
61920
67377
1754
73003
6132
49266
69274
50022
3261
41920
41294
20562
7593
33792
12349
60283
24539
6764
48289
45795
39649
37642
68010
16911
59934
30219
8343
56260
70
24383
80124
47657
49851
3292
43959
97418
60929
93418
96918
46412
37389
30480
76689
69651
44408
87642
24999
16740
94822
61163
59405
62202
54746
59667
94409
10969
62363
65270
42736
63563
45449
92293
66459
2814
85329
98863
44434
7647
84737
76980
17972
6287
22584
79517
20657
84948
87456
14023
21034
60731
87744
84588
9604
77377
19597
42185
72427
68903
60412
96135
45594
94490
36056
33266
45061
88285
15789
31490
41502
43166
75903
34906
69612
28258
8566
11882
82195
24977
43896
78391
71482
91783
6786
80610
12952
17937
29347
51702
79978
30519
63696
89427
43384
18958
8454
70599
47736
28366
14031
55894
73539
44026
36290
27201
1514
78002
16025
51125
54904
35989
85767
62670
90562
17876
66405
26552
64135
14146
84555
33268
83882
13670
98214
29148
1281
9977
9897
76619
21106
38980
36129
49684
48748
18526
56532
41942
14250
69495
36297
76710
1716
58799
45126
22895
84919
57670
98652
84725
20432
818
89584
13886
93525
22227
96079
20309
14062
37381
39077
30480
43665
77048
94828
21489
88227
29838
15555
40740
22765
18996
38770
52487
89349
14959
50313
2163
37838
72969
36612
1876
47965
11307
63166
49933
76968
5684
41126
19191
32383
12107
90589
82651
83968
75779
80173
28895
19918
98167
27674
86450
45296
69068
54609
30348
24600
17316
82782
23016
46666
67374
48829
17375
9830
46467
83750
8004
17121
240
1186
29849
60995
21619
5112
15731
74727
33216
95249
32738
63374
48529
93695
87662
18091
18537
12792
86450
56012
75362
19108
37267
62543
5601
72632
45244
14661
26331
95491
37527
55069
55590
2183
62005
48289
10388
26058
7989
4043
20518
60762
51559
39425
18741
34519
36891
50775
10708
12085
92583
8733
54715
35606
8545
32147
8248
34358
19132
11405
53424
20435
58900
23500
73281
83901
80320
92373
98879
68960
37776
39006
54716
52528
18727
90732
51985
26925
19076
30427
8473
88359
58740
59381
6626
68655
87404
43185
96581
21950
88571
44276
46269
42454
75086
94015
39072
18325
69341
12827
95844
61303
21366
78525
91725
68614
13847
89730
23317
87228
20637
39655
99641
89427
49774
7740
89028
52878
5798
20302
19293
60264
59922
95949
29465
1808
90890
62910
98127
17366
21411
53175
27358
67567
82374
6914
56772
99459
49358
85118
57983
64261
29183
29868
21584
74410
61030
30490
10278
96820
46837
9363
25709
89299
33576
89381
26736
46670
46450
90245
18971
27298
10837
99152
19574
50461
90321
35844
35412
99978
44445
59374
90979
62081
49306
28054
79866
17805
94041
4907
21153
66394
81838
17039
13383
77521
65293
14042
96117
60553
32122
42233
62952
50661
59327
67460
53612
85355
94630
90548
40590
44802
91577
44003
20673
74913
13686
42373
51010
15118
85960
81341
97034
5946
62390
47854
14447
61340
32100
8896
49902
91406
32947
54349
91127
98395
22508
26268
56493
91644
93191
70299
70924
30319
13736
34974
59691
19639
70305
95843
47534
4265
67285
35471
89787
19788
25285
27161
10566
85
52822
14563
13175
156
83756
51813
28944
65634
96252
89040
71549
1802
50634
21564
94100
91967
19067
40285
14109
91798
27836
51502
71309
91416
84586
96886
92468
40869
33501
95790
63920
64517
2887
23213
13017
11368
44831
27949
78345
35707
49772
42718
95369
99847
85014
14798
37724
5408
11807
53054
15914
80191
80155
31053
8025
11170
88008
47019
45909
49349
17547
93020
63721
41504
74269
25016
6011
60409
79340
57177
53004
4871
93176
61192
50903
99300
31614
61495
64340
91858
11006
73418
39458
58798
6160
98215
97435
72072
19794
65426
66442
2097
60739
45123
12760
35373
52935
71052
1864
43076
22420
59005
29660
94796
76538
23153
46881
10408
18363
12267
61203
3198
29766
59194
6430
35665
10218
4407
99930
9286
71988
30769
72176
99088
6423
93203
73493
73476
9450
56513
43545
94653
19870
47503
35019
92972
55676
9515
88014
81029
3421
9198
38708
38768
41077
16984
48329
42033
34593
73340
93749
98060
43028
89600
43508
22105
61119
4233
13869
63628
63487
38458
84961
4097
92960
68551
45662
55347
59175
78713
61781
53787
88637
81987
57742
69761
54413
40654
57610
74716
45741
66375
3256
98078
78832
78072
25020
36688
6625
38594
71665
21612
83310
71933
27909
88265
16679
47813
75611
77374
66521
12730
53799
44193
5866
26228
97650
25383
52363
34626
14033
44242
87838
37524
797
21460
99107
23244
25135
90061
85608
33391
54829
89810
30174
53157
7125
53307
40693
23838
55699
65031
33353
99944
45000
71
6438
86021
37870
38276
54493
84792
26667
85406
54867
93160
87125
56650
86621
85197
94146
76674
46060
88088
29005
60470
64477
63225
39707
16394
14139
10567
51316
12132
15061
85210
88518
77398
43011
64605
3078
67600
56671
4010
46364
38618
868
46303
54494
36591
38000
43314
43386
42901
81162
48025
69583
87199
2871
2804
10548
71145
44911
29151
64928
27104
15208
73706
60936
49813
85007
77766
20054
81834
18073
73496
18727
16074
29981
13067
44252
5111
90760
53062
76582
56547
20620
44809
67454
62756
60855
44281
86750
82730
71932
76289
18041
76050
77806
8307
58307
17399
39954
10098
99046
9890
91217
97215
9925
98795
51595
81299
35543
42579
7324
60780
86060
9745
4691
11752
5729
70981
75324
94268
53428
95568
92652
9401
58205
27890
17471
35388
94542
753
85288
4881
86627
91714
73103
75083
61410
20375
89195
61173
88789
44765
77967
97139
51925
40908
82688
69386
19808
47573
37604
77346
49656
67959
75138
87555
77137
19442
45636
59640
90360
15464
97345
97892
91630
25777
77589
99930
47957
11605
3594
68001
96508
92420
90840
81710
57117
39969
84447
52772
18615
8407
8002
31347
63274
17092
36936
41371
18318
75733
97449
92241
709
68979
2410
18206
23483
26895
91752
66268
95874
27022
2249
41883
44117
60508
22999
80148
11707
5954
59223
81911
82796
90243
84051
56425
6367
57699
15765
87454
43379
71834
77064
71497
92437
79507
66312
35431
41051
88663
73934
16567
98702
44963
85794
66830
33297
61244
13495
99022
60932
78276
11730
24214
75336
90695
7811
63304
79567
45739
52240
99323
476
81598
30473
48142
31428
66455
57718
63019
54537
58838
45577
46895
50719
92544
14922
26625
18069
58713
53262
86076
24456
8503
28609
11385
14984
1439
16434
24277
57781
57815
76405
60988
18185
93284
3583
60644
91238
99292
16238
61203
96376
19119
20548
88032
99032
84091
71255
35927
99034
38756
41635
52787
37199
47894
23811
17090
96157
87168
25687
55659
90794
5275
6338
18183
60956
49534
56966
66648
25123
75627
6979
10318
70614
29979
91198
75385
28654
76333
22997
95548
80017
44418
47287
46405
72944
61345
71688
75924
26805
8505
69682
14467
72863
95373
20131
84852
76149
68237
9248
74716
77282
55254
25905
92486
39313
56893
52872
58433
16023
30559
29335
52318
59212
72975
74641
66263
41051
12312
86828
60039
78985
17635
79455
53549
32675
32630
67237
63957
89165
61040
40443
13302
54998
97529
53001
19598
32725
73151
13181
56583
79393
64622
81085
77400
21803
69589
70117
49303
81218
75877
68056
34923
99393
96547
9951
13761
93556
23277
25907
75356
44209
71858
31466
76500
7484
22328
96617
18140
70354
78579
33909
41169
92969
54815
10551
88570
53160
38664
92628
69038
51117
82288
89987
22715
75401
55981
73404
26968
63745
91054
24908
59338
96563
16991
33323
24872
53884
62922
45364
74821
79726
60381
65194
54194
15858
21170
37409
81002
81809
58553
19926
67327
1587
81664
58652
45013
18498
70903
74415
59209
81835
50675
84562
13507
53206
39228
12413
65486
52769
48152
35084
73659
28100
11928
14021
4495
29661
52952
17509
97945
88308
86962
83371
52244
11525
19316
91970
43424
38538
52853
29985
51716
73976
33954
53384
68245
9932
87635
83937
66941
66353
38076
26024
71704
6901
31190
88207
14445
72508
66053
96657
43419
13799
62049
84106
60374
92138
37263
5762
40476
51880
26335
99974
16486
87068
61722
91560
3599
81211
78695
64381
79891
65037
39858
11497
37498
50878
35689
84188
57591
57083
95611
30368
95243
20262
26110
62658
33390
55143
22126
95463
90828
46633
35141
52836
30745
86200
56213
15139
50672
69915
1708
32813
14609
14324
68015
73578
24681
62684
55049
11246
85188
98465
83542
97919
46334
66629
85005
68566
42489
15036
98356
83737
26937
38269
98159
49976
9732
30811
77729
14283
40982
76787
50366
19334
75427
92339
58785
17842
74154
27751
73294
52676
26131
3407
49442
94707
14661
43731
31841
14322
51815
71019
84497
46822
11965
11054
10091
99070
88290
69025
8295
67440
94228
67548
13189
76558
81621
86890
8677
5435
84964
58040
18760
79455
29807
62030
2498
79407
7979
90635
34603
79675
71173
78071
20171
96604
23357
35307
87802
74954
16939
43899
87826
53449
83791
97401
36582
87441
59955
21796
30351
98214
97250
81894
80348
37570
1862
64668
56652
39641
78435
15766
10532
43522
53096
50734
31102
379
39777
37410
15357
90240
47177
20299
42920
78785
46725
57265
84195
44879
50817
96399
25427
71601
19261
80188
5279
66365
92397
39968
14819
41177
32570
89122
40583
32751
35192
65355
97649
43814
96656
97774
31671
53527
4200
90696
17573
51193
44570
94460
19795
42931
58667
83161
30401
31241
83953
44451
29136
74227
50833
12057
52571
76350
79109
28288
77123
58509
13927
93434
81678
72529
62906
85759
50429
53477
98892
21913
21616
40032
91917
78421
31300
27525
11273
95119
48460
88140
69219
36449
78610
31310
34441
88990
70359
21178
11741
75137
78299
78627
23391
68190
34248
63345
25842
26612
86141
79556
60246
82099
83430
45298
56925
17733
93971
41397
68377
17033
20622
40553
80895
36777
51092
40202
12617
93069
76365
56969
27671
78011
72949
78483
25438
85970
85533
61504
79356
58146
65480
4187
13388
60541
14488
34816
30119
36366
81177
52916
79591
12114
77656
11855
93475
28220
79627
44029
94522
73261
5157
7163
58301
37717
96634
98925
39034
43546
60546
345
54720
58583
3909
92157
12413
13120
61483
51968
65519
69055
26978
58745
46545
98325
81038
29638
49211
43518
44400
67866
97138
65818
11585
6372
53654
13433
71093
4055
2383
36146
323
85794
86138
37887
74576
68110
15750
95800
43502
54628
61059
26983
27807
46599
60860
98958
86947
30803
79634
69375
24331
42694
73644
2115
76644
32080
13747
9655
97558
60427
68765
54166
23036
24633
21132
45297
45600
2605
28373
92941
32497
46193
84049
39398
8686
71874
21707
46276
75421
33055
81268
44660
75256
28554
57230
85771
65227
22214
88595
37576
54095
25387
28870
88934
62737
52194
37735
31216
35727
54892
44669
46319
58774
91042
3960
48811
54972
50358
93452
36824
34531
26823
85973
70251
90827
18382
81945
57901
81898
45271
69118
59893
78422
49936
51062
35836
87269
60459
23157
39234
76572
15374
20715
22406
32299
27103
41226
57176
75503
41960
52254
76385
96287
11133
10700
9143
89770
7633
62919
30542
97379
70342
93751
57896
16115
67091
86668
27643
65029
5173
10768
77527
18350
66815
92133
33308
97146
77387
36118
8216
1404
17313
59136
49169
36676
49350
89800
73899
45997
66615
50527
67129
57018
40768
40134
88936
83544
58770
19921
5032
58494
21498
37547
13859
53768
56830
23408
52564
34170
56964
1297
48835
61098
20249
66427
14181
59494
78409
80788
24452
37446
44943
47529
26128
68858
61340
13742
45864
89914
26978
33882
71896
39215
72158
51501
69031
42945
43560
22942
99985
77771
14041
19481
42573
71776
43399
60315
25286
50950
18662
61955
54366
60047
85467
8955
11222
45663
44308
25213
49099
94856
87809
94653
93559
54213
16046
44210
29714
99559
61847
41540
83383
2019
93756
6002
32479
55436
94631
92357
40177
43376
52065
16757
89537
29011
62110
29191
17768
78701
57533
8593
39769
33858
62148
99415
20025
51049
96875
84105
80885
32993
62525
99809
86073
30638
19440
68824
5581
44933
89002
4170
99725
6962
36151
47222
92384
30909
70948
36936
72425
67585
93783
95833
68358
8249
14373
64914
56973
44528
41342
22779
6593
35923
82875
80419
62410
78522
53559
34700
82000
20337
18603
75752
45021
56353
82190
54719
25
28384
75075
57969
18990
27616
24386
17545
17622
94236
56599
10333
86305
33347
23352
3467
67109
75605
24163
53590
53368
3093
61984
49941
27591
70702
5928
24218
55604
8196
70302
65845
99831
11569
55672
43318
93006
35994
76600
8740
64382
5781
25222
54304
37131
53053
27274
63325
63116
45189
10388
18855
74245
75738
5034
33461
40425
7060
54225
49926
63354
92577
17247
76439
31290
60192
61613
631
99796
40166
36379
23125
11422
46229
13781
25719
11624
87049
57705
21698
20263
98549
15361
45290
63449
93628
71840
81780
99216
62521
72166
37376
62303
31671
23831
23929
17106
80299
87884
49795
22046
83417
560
92528
2844
83862
43281
67290
39098
67901
51214
7545
74547
10308
48556
8205
65698
30058
65315
44383
24707
81321
82873
61218
95159
1936
31482
49907
23696
98389
13494
12181
88385
2669
3978
81062
17381
83758
61349
86336
19103
81677
86833
90221
34449
28589
52662
36254
30207
43801
95950
55402
49207
16614
22063
37460
15096
70828
31883
71983
49340
93654
37994
52661
55897
72164
66004
18955
95197
80747
17134
26235
46111
18139
42034
26699
42377
84394
57702
83063
12139
62075
17202
30442
95109
24892
37381
28241
16847
42004
76869
19558
99253
16814
38637
42797
5075
66648
58191
65305
75752
78244
28020
15941
46179
2095
84031
39978
14986
10626
40088
64188
27583
86379
61466
42628
82043
49158
50838
41886
20303
31199
26183
9523
55159
52533
45314
41301
13577
99476
62203
68927
52763
7554
4648
50469
4888
75840
6686
98234
91279
86000
82584
31644
5882
81423
63720
37604
54669
66654
80996
13999
6979
52210
64116
85654
46706
80677
12760
19069
16967
21416
6308
15692
13203
90470
14477
47614
82365
18545
9356
29221
28857
52171
63995
65723
99784
57362
83959
70139
97788
2855
82208
37692
87197
84830
89400
27672
57862
18068
20289
9307
4759
88517
89907
30977
92223
393
76791
84113
66737
99811
35810
96885
983
51037
858
68748
42880
72194
57531
54365
31037
83953
8228
53745
11684
9304
79090
93519
96565
84568
45607
62294
49018
47347
8547
10238
97028
49623
93064
61404
14908
58873
78307
29275
63956
20039
4145
37621
53534
93678
69540
65426
90682
86305
6862
51943
25241
35923
98096
80375
48127
29267
20713
5816
41566
77473
35415
81074
40565
63780
26029
39932
70219
43130
57576
98943
78749
56138
41573
33049
98742
31968
95424
75091
13827
38636
27412
30454
81032
4178
65936
38797
65292
51637
81611
47023
93494
60302
80504
11638
31361
15931
30824
70935
51388
49499
93466
10093
68292
61253
5486
97022
59211
32169
75412
99817
99521
64500
94574
26339
54562
14017
8050
89241
85278
39855
40460
61340
37694
15541
89044
83812
87470
79752
53936
27032
70124
61112
5183
79639
9956
70822
99656
98373
13887
55122
37183
26507
12677
4057
25111
14780
89238
1514
81722
83711
76962
68171
60019
47296
78497
38894
87758
28179
44249
70422
19356
1435
8208
65855
20723
39314
72417
37950
13337
5933
37954
38029
99946
26691
30596
58962
58112
42261
66734
74847
28978
79294
68968
16456
83643
36333
1218
22289
80709
19830
60565
75123
85828
60183
47335
96198
68864
49930
81136
47366
95693
37552
24488
66290
36179
43742
6336
92103
73181
75828
60551
19432
41460
77864
43819
32489
23048
81635
70937
59870
20894
58640
70356
75699
2315
40249
64505
68703
94310
94369
31268
97067
97270
43832
26514
68065
61839
97353
82927
90017
87965
86590
59178
48307
55276
68135
29999
94251
28179
31584
843
8596
52515
64701
69232
4792
60597
10344
12832
745
40491
96353
2541
12993
77558
14342
49242
48013
99372
55339
93401
61875
46514
3739
79619
51408
27222
34667
67704
944
58847
90988
44329
3638
60743
31005
8572
94848
95796
96812
93542
74189
92977
28675
76772
50571
34810
73252
88075
90270
25465
8809
44239
24919
84593
56008
60694
53502
32142
90136
74843
57880
86633
23378
43511
95924
11134
95875
76276
15964
54371
81807
55940
55617
5592
50889
45447
49876
86377
67263
56737
58411
21190
58170
39263
30411
50116
96063
88258
10482
36056
93133
8256
65893
5020
81258
86775
83546
65129
88426
45099
39951
85569
17738
72871
11956
13679
58221
92901
36265
69257
74721
74034
21038
28460
69624
33859
37087
67346
93024
48814
25585
52428
88895
78480
6266
93212
28259
15417
83357
93465
76720
59549
33493
43065
20637
92231
66564
28751
30070
55253
46212
34689
18793
63717
57662
33194
53102
21016
77729
49790
87877
90242
72662
81209
68678
37755
9933
16249
74030
47811
46233
47031
13772
96781
86396
23005
79966
49820
75253
16263
73756
72246
76381
68036
603
25766
12254
59524
62436
79178
79017
76381
90644
98798
39439
69014
24528
3739
55015
12718
514
34166
5999
53582
51946
66697
26063
95347
20532
16855
16966
38744
41936
56978
81053
53279
44914
92618
82278
97033
4157
92949
57692
8425
44731
76952
17749
12631
27713
50919
31990
34947
19798
46440
87717
71229
42362
39997
61011
63762
3666
27003
91461
99863
94264
31005
95621
41906
5135
90723
86653
92888
32385
29941
60989
29562
26472
10165
81405
40273
2291
91789
198
32484
37463
69977
5315
32755
9382
46747
95274
11286
31333
99544
77134
30037
40985
82050
13776
5037
85123
72153
50432
99291
52832
36796
70471
72574
8261
54374
46873
77090
39198
92789
32820
39713
54699
57702
45086
92783
38417
51357
31102
30740
92254
97226
4899
56626
53995
30718
20749
4951
70461
29786
1310
66177
76253
11698
87267
99797
23198
6334
29212
6564
96212
24891
38131
62309
62769
25645
9786
49131
3142
49321
86589
56926
95726
14228
84359
60625
96240
95358
23063
39308
84906
18916
3167
29092
38459
90264
14837
84277
10728
34729
46181
3683
11302
83024
87916
10488
67931
28042
55859
80737
66315
9101
80370
50786
72012
36321
27452
45225
96254
43301
26166
25787
69151
47086
16401
29924
11440
40074
17709
99529
56771
80461
98264
712
82752
13214
42186
76768
83534
5394
16565
58154
99171
20371
66612
17516
64442
46519
96457
72944
27964
38443
67236
42646
99626
52949
17006
33602
27424
98967
97035
93738
50593
93999
89905
20355
2139
65752
39097
19674
21157
96606
66883
447
59528
46836
54399
10562
60373
38299
79989
46985
28030
24548
96176
3616
48574
44079
88313
76489
49620
26730
50
64353
59816
91229
70725
62246
73818
93846
45083
31558
7315
74508
35777
87265
15888
95003
906
83174
32507
46543
22204
82938
10248
21971
68611
49273
85094
75536
83591
16936
99629
57950
38901
80635
4820
26796
19891
73476
89607
64456
56873
59490
19811
11967
33701
67014
79629
32255
48463
67140
89978
50605
36364
81900
68174
68557
73908
42388
71773
38588
95482
93316
61590
77390
68364
35423
79931
82643
3824
88320
52421
2342
4097
7863
69427
83560
79295
85103
96896
54626
68128
76085
74747
18633
62387
39118
83288
61083
23735
96189
31533
4136
90403
93638
20439
11404
55852
66391
40224
47878
89766
57802
80233
98025
52731
34625
12221
65962
49275
27094
45459
5612
4829
29947
47219
6706
81722
23168
10053
30064
34126
3022
58375
17842
30842
9962
54850
92083
50964
93496
46741
66063
1484
79066
9653
30121
24840
96400
86103
10091
23791
84520
51262
75708
10910
3615
5400
32122
34321
1806
40885
54889
6471
76283
83299
90626
55608
39875
55087
95516
85849
47323
5307
50777
60947
7134
86194
61274
89828
60811
95338
10153
1220
34495
58783
7752
47385
86492
67136
70689
96324
35264
25189
48869
4561
87389
3419
90861
24454
90069
69824
81833
56075
99544
40082
10975
4437
16685
5038
1434
61034
36274
17891
25050
5405
83086
95790
41317
84604
61027
11115
23106
11849
37208
38603
39592
71821
5750
60195
34821
85080
80600
23785
25778
86055
46451
96644
11302
30885
7094
51649
3331
37613
27449
10014
85902
1264
31003
72209
61790
86639
61934
79468
37082
93709
47433
59987
30301
37734
85775
27257
11548
28535
62570
7153
77957
9589
31046
31856
75398
10614
29126
63941
67511
17163
34211
58815
24540
72291
37415
43619
43164
12620
42013
25379
77750
6411
8713
28480
66012
23087
15514
44729
86445
97800
43571
39291
52989
76642
72570
54409
69984
8622
13283
4824
34373
97441
81067
91212
91788
85272
41570
25043
85691
82547
19627
36082
58478
92299
85281
93841
52503
22747
42401
9965
75422
1662
10771
60053
57638
82946
40269
25303
89689
75381
92695
55606
82388
16068
77337
55884
3884
74974
17174
26911
45899
8054
78645
42581
1206
38174
74965
38767
44732
38388
69322
80212
82947
3983
78152
57295
53504
1889
28391
3226
67125
40810
68517
13396
14328
65240
56831
40315
13788
68637
25738
37636
30587
44696
43511
45126
42599
67523
30959
29926
21188
98330
72935
13829
55738
49921
98267
67803
32766
30161
7663
89349
85480
55629
66832
39591
66096
3462
15661
47229
29687
79860
27688
29782
91994
59913
34609
18305
70426
27424
29885
72719
87244
84387
35082
96276
92973
89782
25593
66548
97780
74606
52401
47173
66472
18299
62218
64889
35566
40629
24384
87669
22098
20814
95930
8933
67552
73228
3271
40379
48519
16678
48424
37514
77603
52245
29095
6713
5461
74551
69301
31385
84733
75737
96129
47973
83220
63291
15314
92044
38503
5964
35515
2181
38095
95711
90134
26460
29643
13421
97664
72879
94883
89240
64751
282
27241
53248
42354
193
73269
36230
23200
56306
41586
83247
78572
9123
76132
49912
95765
47591
56008
29591
43104
33768
90817
48314
17854
65585
73975
31416
87365
7855
91301
39523
84086
50222
19990
74732
94355
47632
43140
85807
10128
30145
89870
60508
33502
52629
98641
8164
18369
9208
63707
97821
79692
55068
82851
79345
25913
88909
40539
46442
86547
12622
61834
74982
91443
49273
54220
37896
4424
74119
25556
57232
97596
86567
95868
13687
98254
615
97390
87783
48601
28201
53562
43198
7408
88583
96554
40256
27948
68504
98494
2266
94004
2726
28064
66311
90928
18807
14699
13628
70409
48201
25523
51098
39358
60551
35360
24468
69492
46971
79314
25060
83752
12367
31692
72844
72307
40226
38160
9456
24537
92031
23379
86433
26054
7057
80712
34333
37499
68835
43519
61388
24310
61653
43903
21518
88390
84376
74611
67269
7194
21199
94316
8387
41270
70317
1215
74964
95194
58485
89209
99665
90002
12149
86131
53756
24688
58842
58965
35133
71882
29873
26191
55517
91720
48809
18101
89043
24145
855
8853
27284
51758
40140
15692
727
85866
47626
39374
46809
12314
95012
15084
18194
83924
35680
3951
75067
15952
54893
10314
23316
59624
60757
31349
95534
84668
47721
79833
28860
13088
40737
84880
74419
25154
10801
30685
93466
60828
55855
57390
98377
26954
8893
24770
45720
25907
66577
20176
10979
16595
72094
3978
43482
69276
51223
71807
84437
76451
86103
66438
49983
64695
43480
68045
47593
59889
86541
15604
69877
60886
42231
38761
69193
95461
57128
64202
31533
95706
70241
34550
94070
33072
23221
61209
13434
59698
87468
89081
14244
41732
20375
85184
47555
76306
69712
35705
74703
56646
35162
91884
3102
9278
30589
80132
50584
98466
47691
44953
28633
62998
66363
65875
55794
17230
49549
74317
62750
81636
19729
54093
33141
6946
45053
23670
88426
73580
37785
20190
32819
69407
90437
89730
38344
19002
39647
31370
27098
97335
14061
36030
376
13137
51988
85948
52243
78178
14562
31175
39133
58231
41445
50760
11594
7646
50408
13637
71636
46976
24689
61766
11180
68944
36896
10086
95247
65154
84801
11829
11466
26397
89831
48347
73245
71071
38462
14873
20691
20311
98057
48455
82480
48462
23329
84026
65757
63280
20181
47772
64744
69702
45295
69475
57097
49356
30892
61738
77688
28964
61406
62901
76034
1023
59348
92479
14695
50300
7292
17584
42773
52794
34371
73609
22147
6732
29959
59856
37665
37931
99446
20180
60554
13768
16894
16482
17603
13599
11247
60782
17313
94167
97181
5013
92284
88126
25142
37887
40711
91648
14780
95928
3032
46785
79271
49301
11122
32026
36954
87738
92719
50878
7846
29389
89965
75292
82555
32936
5489
66910
42156
36302
95612
95074
13557
73360
40918
48282
78440
84946
8414
70298
15567
64388
55018
59840
85513
48927
77242
56409
9042
23682
88240
87804
29432
93509
43624
48860
76042
67987
15995
76524
39050
33940
83726
95919
28107
16453
27222
49857
70647
81310
75678
38109
39958
52421
71427
33135
92377
45113
48885
74396
84870
71612
29910
69251
29961
41698
66607
23394
68541
89500
57244
99529
3203
27992
25001
40965
39061
54667
92435
98818
52886
25457
93310
835
75760
59258
40655
50489
91925
65310
66083
97974
73072
42927
6689
28592
16377
89121
12344
55791
8191
81887
23807
36504
19561
14251
93152
38350
91837
17675
27851
44829
86103
52087
46087
49870
32537
42365
10451
90830
61215
14506
53692
15479
39552
73523
29543
48178
53275
76501
18779
68212
74856
72462
64509
32717
80321
6643
13815
4120
57295
75009
62990
46047
10428
82458
26255
81689
2412
82148
42203
39614
86887
92566
74104
4290
65434
21294
65377
66718
76977
34001
96981
26055
80858
11189
83724
23833
1561
59323
62205
95690
23624
59508
22429
2529
21395
32691
95000
78386
22947
3756
28262
69348
29094
39044
45431
64238
25629
24403
69911
3667
33236
74948
22678
41673
89504
27278
46573
3336
23636
28998
36759
23763
4006
36661
55248
48867
30251
69947
71819
71901
59241
19211
49124
3056
42510
71063
25791
90876
86463
91756
81436
27389
20868
26141
61081
30550
16541
78516
5901
77078
71289
7409
88452
10211
72449
95133
48705
16932
2614
80360
35731
94035
71500
28579
17774
55852
67978
58071
98055
88211
33699
82176
25321
62239
20479
22252
42116
50007
53700
39258
11587
63484
33052
49878
96330
24251
36595
53862
26268
82041
57291
99296
16819
50069
23683
89723
34379
4513
54572
83704
28452
28253
54715
79213
8452
60628
90684
51933
22289
45967
83881
26744
62939
40254
68908
97855
50259
57538
37010
61546
56354
97833
89416
67168
98912
67613
54178
34237
20915
8743
1866
95439
3519
86130
37817
18657
13610
23445
45036
78649
57564
83197
53152
57136
43255
68943
22537
31736
72976
86634
10994
78356
560
7351
79548
38857
70190
5185
34905
48362
46465
20549
40947
89102
98713
47469
43292
83418
57666
12238
4538
98077
5538
94835
73120
57685
9669
9418
99542
16426
5816
63369
2257
46112
24636
60901
76036
79633
81531
53616
15359
92052
39690
28600
53212
87611
45084
43266
76033
1078
2985
66333
65855
22940
73553
31898
21188
26797
68071
91932
69652
3595
2107
94560
81451
10595
49161
38243
83996
18019
14046
33344
51684
76190
74037
6477
53834
6748
865
63678
31972
65402
58945
9937
91584
68345
97762
38301
44947
99143
4827
26356
46071
93600
93643
11532
30150
27956
54298
26659
79372
76766
36860
19163
90246
95138
58479
3164
59677
81816
73061
6961
38211
16952
37755
99267
59837
625
94114
97201
3080
308
15992
18488
17492
87483
34065
19089
32527
38301
66167
14937
94569
76608
40032
52370
76587
75160
22029
67152
96294
77925
52110
40169
38770
72110
31517
7059
25478
78491
76415
98306
20003
43149
59545
79911
69144
89068
5949
54328
54890
98001
55378
81033
56084
40430
21373
84403
74692
36837
82593
48610
52557
95363
30933
14661
10400
28648
17581
7745
95598
58933
67925
67355
94501
73104
53547
73092
36702
60098
74955
51465
63617
86906
11120
72503
4010
72348
34145
36715
37384
54735
26761
80817
93101
26545
63690
3938
51437
2545
10351
50204
81476
29605
45808
55101
64916
40070
9763
34292
43983
54657
93904
15004
55869
57014
60755
72978
89418
52348
93866
53632
99723
5290
94399
40790
10092
63807
47010
36853
86586
52454
29983
20604
94017
63822
72013
81152
12431
21115
16069
27035
70952
59998
78853
98131
69872
39578
83839
34843
28083
91536
91444
26980
84678
13127
60972
75675
21342
6361
12697
6022
35022
55227
83383
32095
8156
60306
14850
48942
57150
75249
30206
96070
99254
28210
76839
63504
43477
59704
28479
51547
96188
33897
25188
18470
50701
13631
8569
82849
74534
36041
9343
61724
22968
85144
75862
39638
85398
96457
85343
54397
51668
44527
7525
34956
69186
19455
26178
12526
92747
65325
58723
63364
69840
31251
3856
61145
33327
28249
84448
56977
36202
65125
71422
43770
25935
81109
48023
45015
81867
9981
6868
79332
28217
13960
64260
6451
87967
88414
94615
55196
20282
70081
61316
80350
73515
78053
55324
98134
48565
94860
66094
18090
94806
17532
77304
83262
77265
39497
1901
64974
41939
53253
40744
2313
15123
42843
86293
78876
57984
67165
66810
62600
85509
21852
85480
72564
79931
51803
36549
33841
76273
32417
83348
98196
19565
16612
43072
91618
60292
11
41422
78794
99473
38914
77768
69788
61195
85416
5378
81772
18558
58481
20889
73323
13488
70605
17306
30689
66306
52901
68046
26501
8679
40175
43635
67933
12574
61644
85898
12536
6247
89844
3559
60747
50151
99811
5085
43857
87198
18731
76649
8409
35650
83087
78181
57947
25596
61156
82043
92325
83208
91710
72803
91848
87345
66042
56209
80914
88647
12825
69088
92037
33433
58006
22779
24310
74423
62928
63649
50948
22103
44461
360
87554
43234
32847
14672
89758
61781
19002
90208
89503
8077
38400
85313
25975
91683
29481
39883
57891
