13705
92922
12847
73989
33839
9610
69364
49721
40915
95534
82546
67637
72651
26792
89464
89751
89231
93887
4518
82853
97928
83044
34092
83475
98830
79579
10726
82154
86678
12661
91155
45896
77634
65830
65166
91000
75874
11724
31776
42439
56181
7054
7082
67313
74206
66233
82836
52616
87564
74259
64734
18236
26638
58201
1512
76384
77209
9191
73372
22756
2664
79670
66097
28019
91873
10225
73455
50593
57921
90376
65095
41438
71226
15888
5307
12619
5515
8200
40543
43738
81366
49627
69511
62041
58874
72286
56575
90995
7914
88784
83562
30030
20039
92035
95262
37485
45566
25035
11397
34076
77580
88808
72706
70620
48469
44651
22182
78680
58795
69130
94105
20857
49104
33291
14119
97088
42479
13697
42294
61486
52843
61201
95437
33889
59750
58011
65779
75121
52722
82778
7000
73439
60488
62043
95005
34525
12031
12872
35607
94790
18792
68829
97883
86233
19110
23277
79265
32106
40314
47044
53629
21669
90839
85468
10839
69162
22607
75012
70319
62020
29174
14512
44597
37185
75500
4141
47358
33321
65554
6783
82665
6420
29810
551
86563
34768
55119
25779
98497
34620
68692
46259
6851
35110
71761
807
42259
78406
24566
81197
35463
11668
8006
21245
58420
39268
99996
97922
73191
40597
13099
55342
45910
19748
335
13387
63201
63684
41033
47594
11025
99119
69732
39720
45501
51960
65493
8562
55681
92647
29081
55584
44992
26760
86756
94457
27698
80059
82193
76410
83418
60590
53534
61343
3567
78451
20740
9117
18464
95638
64422
60324
76934
60763
49372
98556
5304
25952
9423
17942
10252
59014
64049
5507
26757
95863
88276
32533
45977
59468
61696
19099
49650
1837
24600
46539
22494
35907
66849
21548
15792
18155
4155
48193
65522
36902
12210
81364
60547
35697
81398
56431
4333
22949
35451
6282
10125
53446
64194
82960
28926
77011
25696
55660
3348
99344
22408
77228
40655
12782
1016
83932
82281
89783
36211
70220
27398
2004
83807
50683
55114
10374
87446
97750
34946
37707
78549
92306
34583
22675
10672
41177
82283
81359
48349
8036
66445
53403
77084
68786
92731
25708
86535
52804
79946
16285
80656
18746
34336
15359
94971
48643
72801
54744
40151
94872
6787
32765
73171
54060
1042
10500
41842
95113
85424
55581
61899
40747
74085
52678
71501
51024
55133
10845
17750
48506
89756
30689
41621
6353
23192
72850
63432
43834
39154
35744
83596
17579
34913
92919
52233
85614
68390
95115
58924
50901
25055
39506
76067
14359
25248
13450
29846
13156
64869
53008
55624
6924
98222
26376
89795
27827
62448
54939
39711
75355
79752
96461
84656
69942
38739
92953
35660
24901
52513
77057
60179
92004
53273
50457
31109
94273
51727
30602
21564
51057
75654
22035
57238
24346
19060
37523
41052
32139
15386
44572
21649
42490
56027
66082
83598
7889
48140
96353
92191
72587
50497
67562
24994
68463
82685
91105
38033
72402
11525
16975
37302
67571
49852
24731
82795
23485
49643
11877
72159
96490
43418
53786
31212
81256
32070
35570
48739
91474
77119
79429
45867
31794
43882
33745
16247
678
79537
90744
31351
74158
85891
17967
20908
28726
27114
70016
23466
53294
1715
29177
32420
74470
82438
52677
49649
87398
38984
42048
14358
15781
38900
67918
31528
44622
2744
77037
88740
32909
70156
53242
93756
31
68986
36279
2965
95539
87601
67961
16021
40062
28458
58974
31583
98051
98287
7155
15145
64639
66845
68556
42768
39915
65514
30501
51207
15500
80805
41897
45577
42881
4400
28535
65604
37165
30868
29958
23322
78258
32021
94926
99398
99452
94185
65887
28947
71781
68225
72280
99952
38394
62498
84015
15638
85898
90492
94614
59377
57802
51889
73778
83994
37583
65663
46088
33294
73506
85202
13415
20845
66586
28123
22031
67842
86625
51328
35306
50334
90789
56936
42110
59866
60528
85155
57129
73866
29933
90714
16782
78597
49857
94193
7365
12826
36080
29676
20148
32339
67689
1913
59519
86938
16403
17312
26016
66180
25073
8335
49945
77714
36105
57293
50867
64155
98357
44423
57666
44762
31338
85792
86027
586
22204
63807
94806
86245
52955
33327
30227
70129
83492
51213
24189
65525
20022
65264
70476
49461
43274
49288
12833
23304
41381
60666
85021
62077
80320
11766
57509
26491
49753
65241
80661
96765
94437
65286
64526
73505
41154
1952
94374
73038
88858
93500
48724
20939
18976
26700
98437
97012
26878
41374
26323
44212
82005
40215
12077
90187
57020
61170
36238
60482
85819
21343
8335
9766
49952
15914
82205
64914
22560
13932
63405
51209
36755
84509
29844
79239
10084
68548
578
37460
49260
59539
49780
5587
2420
9974
83884
1570
30275
44326
26104
72676
88554
65402
49855
70725
88071
6301
98003
66210
28915
53985
36874
57456
63405
61909
19338
44589
72446
31441
14999
89233
76627
17959
8989
65103
58309
31414
11193
21938
90135
57225
14705
6394
42544
26561
68045
14286
34217
9771
21547
5939
62250
19693
27152
6961
47359
92105
19865
65364
50502
20802
14016
64266
17598
72917
78381
35154
48119
75847
18934
44087
39322
25278
85133
95309
19832
47534
30587
87579
93828
19825
28746
24258
61020
55677
55446
8925
11839
11437
66945
85358
31154
98656
26035
5186
94601
12884
27969
56754
42521
97529
5280
50419
195
33011
57826
65003
78073
34557
88494
98181
24793
53370
28865
54030
97759
36529
79448
25531
25796
54664
14144
31449
38583
61587
54604
51537
68479
16521
30701
61297
33144
62598
69833
92331
96174
73135
1438
59398
71720
99179
60049
80501
44403
8471
89750
60786
59037
91093
45160
42011
75434
63835
60581
54447
88684
96318
90979
90526
10962
93076
74061
85152
91915
85646
45366
67675
53620
97087
65230
13080
9999
56255
52577
73864
91835
77367
24438
89918
73441
64661
32343
74678
84070
75640
19979
81749
48095
38334
23743
99183
97353
3806
36193
88348
17193
64318
89557
7770
35072
70956
4739
41557
38009
63032
25611
72238
58354
20953
74586
82347
9528
94098
69807
95636
49931
30224
66970
84302
78973
88015
93608
99352
54926
38229
77161
30422
37861
97883
12054
89177
21594
2187
88277
76200
57121
78421
66465
62251
65063
11351
86542
31759
29957
67636
21520
51610
87648
40251
88111
72775
37980
31846
31401
76458
19061
96618
33774
73163
43085
52714
91443
5186
75645
18265
32300
85738
69299
88673
71945
67841
11991
89279
66366
132
51167
84721
61969
9983
35845
97976
36503
85482
32906
97600
24496
78744
81609
86176
20707
50788
79053
57426
79699
78946
23272
65718
91501
99851
46299
53291
85922
90232
36441
32118
73366
58034
86791
74189
85248
85576
76163
12766
84001
20589
14470
9727
1647
90168
82797
43188
55536
92277
96822
59595
92241
63600
73326
39529
805
51043
9411
25715
57008
70853
13225
39285
18219
68630
84145
46879
51175
72463
8080
75523
83256
16231
58190
35095
91636
94206
73613
22489
18010
74206
6112
96245
6642
66422
64990
91688
20647
97994
19201
47085
64511
90493
26942
34552
77965
70923
33841
99112
69298
87582
30944
45669
1088
4083
52960
58819
29722
86326
27987
16193
20137
7958
75700
80803
38501
81014
85028
31471
39063
24363
63062
35666
44077
78022
32046
58551
77173
30084
58893
96550
23955
95403
38951
3301
89343
35399
44465
94500
21304
83315
96126
71829
57489
30640
58532
51581
87798
34279
73390
24517
58826
73611
35493
69811
70790
77245
55923
49152
56915
19760
27294
13326
87714
14713
79244
70867
90319
94701
97438
15446
59813
3886
45983
6147
56760
31294
37953
86075
42786
16336
969
24772
15843
85941
81094
61440
96328
73318
70638
20350
59210
55453
36797
36224
1765
37635
29815
44475
56597
21740
77282
54088
56756
73178
19879
56667
90261
23899
46717
14117
94142
73753
16176
62383
22292
25155
13464
74063
91784
52617
13651
47150
25228
51455
66889
79158
28394
33851
63004
60561
28730
1226
99825
60585
37421
10740
12334
95354
94732
95653
76463
32687
96771
67060
88054
81370
44615
98302
52822
59969
42481
49807
90408
31020
27432
54647
26477
70515
90983
56851
67717
88836
86624
86400
61165
44140
28292
97946
68155
62343
44626
36221
21801
62355
6779
23031
93979
16642
86003
69933
53519
2606
33022
2509
11746
24737
40656
7515
61784
98134
77816
6760
37012
98447
94972
70006
90365
11173
31799
81651
59757
51076
78600
18555
83459
37814
49311
48386
18686
36209
98447
35475
2797
37090
59794
98765
5940
25404
26225
46707
82594
33068
38718
79382
24035
65999
26260
92947
59021
3287
90113
90205
71760
28426
20186
83102
41587
240
88590
47707
76071
76487
42559
15621
91963
43866
8737
63065
63916
54669
4970
55491
53226
51872
5313
85341
17188
85417
99660
57842
70034
22986
36517
63387
51837
19300
47641
93204
34045
68493
92840
94327
77569
87499
77117
35014
6492
42970
37242
75139
52403
11424
28843
79845
28621
99717
64535
84471
22345
78058
71503
52931
42158
1789
192
37882
78935
67386
15982
29716
31618
29187
84248
92463
54698
82279
32075
87165
65403
87474
37962
23436
28472
16691
79416
34445
10841
8805
58887
52692
73021
89609
58863
29844
23978
61827
66837
78394
30562
8819
12677
32184
56602
27911
88224
60842
13964
67979
34507
14993
84615
60629
18909
16481
53014
87776
3900
29441
19232
27038
86637
17233
29913
31443
41281
37898
39158
18025
69365
78348
64255
18871
26945
86214
13197
2292
9242
52890
39176
8503
72120
9011
71758
43194
36291
60897
77205
41280
84003
88435
70414
94249
57693
92736
71188
65100
1477
63718
61789
55503
69652
64835
47048
40873
22465
83066
54308
96708
6054
46110
70055
14278
62328
68105
18081
87084
12967
66508
54585
54423
40175
36094
53953
6425
96663
770
23520
50797
95156
35261
4974
48859
30676
60629
68375
60412
8416
95225
82735
81437
93016
59376
92513
4076
74218
6614
45943
1667
16051
37541
92361
10255
9228
50190
28301
6822
7342
23015
80258
84812
50566
35934
13122
43599
18576
29955
82260
92978
63435
25911
70063
69308
90938
70323
90727
19903
51623
45262
9723
38898
69313
21091
14409
22547
80382
48068
9613
95062
56864
41925
93614
6809
46623
8024
36601
67671
88881
80285
72960
82166
17305
96320
29350
77764
79829
53311
708
63427
56618
53289
63052
46791
59944
24013
63980
14751
98334
55966
61619
86952
67513
48877
14409
14593
81430
60845
93680
33362
83080
23934
29139
72294
84345
38580
28994
98866
16925
87080
42533
55976
63488
24523
27301
56933
73853
66485
53450
49505
48157
43023
19350
93757
54273
90670
99310
23631
98147
12180
92898
83238
65105
10859
91834
68864
40120
44812
13688
53146
99132
11564
53315
39435
4112
75251
24736
89885
58368
16057
97996
59549
89480
12063
78197
6157
10199
50469
68291
16192
18612
52502
17802
62516
47272
39588
67641
60181
92792
17224
13400
87750
47305
47214
27507
12888
96307
30969
65404
47688
45591
55478
91073
59479
22038
20896
30758
76016
25105
53996
90239
43915
68837
90523
5355
40650
27906
38747
58257
38480
97900
78528
47188
43821
72989
50924
94212
27758
48463
1405
62862
98204
24747
91371
91865
24425
95864
93882
28847
58648
18954
48992
48766
62104
42924
43639
53751
355
55179
80703
30874
70858
22710
99504
32384
87968
60959
64874
29778
757
76875
82811
22652
9990
62100
77611
48976
5890
94901
60354
70039
21288
1926
27869
5227
45766
64804
80652
86271
26208
46347
76666
48256
97379
74954
90041
38056
45088
94650
29629
35306
98053
57589
32019
59835
542
97134
97602
48574
34972
61625
11317
86760
96716
50704
46624
58232
26714
6675
69873
65318
68641
23101
97547
27661
55036
71426
61270
15094
66383
53600
18503
33870
78682
93069
44115
37293
97656
13808
60945
47315
92237
48535
58171
33431
37656
34081
4709
11300
66966
95088
17463
68233
6971
10311
41471
88078
82278
17265
23680
32213
5579
46715
69238
35650
28394
98302
25612
33267
61865
89159
37043
34483
25880
20150
66788
8629
74496
21556
13811
80993
80265
84005
93407
15329
69888
38344
49037
9069
25873
63916
53924
56184
12233
94298
12636
92501
93053
25588
80457
49556
14368
76681
79605
74887
85624
72052
22608
74178
24395
80078
40779
19032
46977
77953
39057
13763
29493
48371
98448
32018
13333
21818
25840
88370
48236
86645
27796
59192
49103
6451
83319
7057
28716
49369
47357
65064
21825
6154
12225
8623
94998
81037
67155
94049
95974
58052
11231
65199
35875
22292
58055
50262
61387
28923
19504
22440
3667
19702
7853
29758
36198
69987
83879
97271
50391
70393
64152
64989
7416
99361
41023
48139
40237
99697
39857
87942
97606
14701
31248
51319
51291
19540
97205
15844
75099
16082
69878
73659
91620
31744
72332
2452
7637
1145
312
77983
71718
53688
31781
2505
90568
95483
40954
71565
48350
79909
74617
12776
21983
55439
41237
67810
21177
6250
48743
33459
38823
42728
74583
32183
37307
96742
78638
15196
77644
35826
86257
86695
50486
1062
13721
59186
80990
72257
21071
39713
99057
66446
5723
69347
94515
73392
23042
24814
10456
76458
90729
2214
10618
90516
61753
34334
60603
86556
36623
97572
10085
73895
671
50618
5166
2857
74448
68529
12335
83895
34851
27455
46403
40591
58749
84216
27403
78606
94924
86685
79240
28341
10117
61723
53097
52339
12793
46138
92787
32233
54987
76613
82423
21377
1356
69505
30152
16961
12836
68946
12902
75452
68530
52382
91148
18055
224
78116
78330
44894
60513
85297
24462
26164
59007
75530
45567
81677
41427
97825
7377
25789
68978
90297
1754
82493
98105
17146
62012
60862
93388
92793
39770
20810
59434
31686
82451
47975
25368
25893
68050
93285
29017
47632
50942
51087
55050
70091
17989
92645
41713
57840
20633
48340
3463
94832
86295
2234
42466
78417
32265
91751
46152
57947
34212
46790
2543
80450
55519
54302
66605
19818
59606
78998
30802
27960
86012
11218
46162
63036
61742
16786
33954
24002
8007
21124
4814
58866
72685
4896
90363
22599
73416
42159
45738
7156
20821
83080
51845
66843
37921
85943
43720
84373
70800
10944
48974
90366
74871
56568
83503
59558
71597
17402
79086
32322
27249
752
44963
6172
18780
55483
76883
16599
80997
13500
95728
37140
90243
90118
73842
87778
72115
28128
85453
97014
63117
46494
98745
24203
23649
3632
12845
4694
65000
72425
93013
65838
19638
11851
56838
36160
24177
88459
90250
25867
97093
22813
66595
86239
70544
87404
99914
35929
68667
4561
19181
82484
50422
54887
41069
4620
19733
25911
93103
84007
69311
98519
31586
1299
61300
13113
93692
83538
55493
58141
38595
76025
62303
51999
61968
69208
60179
57194
42340
83533
24474
73132
43398
95984
97374
97781
46352
563
36421
38999
51177
78362
66268
54525
3288
44871
20754
6307
69130
60788
95496
97534
20379
62934
64964
82661
37124
79382
49523
10203
92621
64274
46715
21605
29662
47793
36423
48466
68443
14584
765
64722
33455
97180
84852
57924
98424
70115
55098
21698
82663
7971
19991
77648
43727
43153
65345
86790
82623
29032
97384
86201
24218
37679
15195
59098
19891
61845
2556
13560
22516
4844
95674
88538
62119
15967
20483
3355
22262
17762
13230
44062
26506
39738
36286
80868
50262
97408
6812
50577
13602
64951
9398
34188
26826
82051
22096
9931
68
52219
74283
9619
97009
72696
11282
11582
81119
43358
34327
3004
73817
32013
33308
645
70851
92206
30742
95689
68808
92517
89996
4773
58440
78978
15279
41994
10564
88172
11002
93299
66111
65553
40970
74959
11015
54630
28219
49347
24424
54150
40021
90201
36164
18955
53942
21014
26758
50992
18113
76173
90995
7070
64136
46680
23626
48990
43112
84478
26577
70486
37376
9767
36700
91359
86046
89179
48352
73704
50865
27665
16691
39694
24885
43800
18856
58945
39730
57885
22564
75768
99124
48690
72215
45167
76115
33156
89116
76985
76255
8758
15728
56737
68298
33672
55880
37406
4617
1594
26143
57979
79726
10877
638
40678
96429
91027
86784
76569
89864
42245
35188
6636
3030
76302
94158
15249
61988
98910
94053
86982
83853
21968
41395
44286
25814
54398
72352
76289
25892
37828
56379
33400
89914
13604
65222
16698
31548
38882
96063
96433
71408
9263
78948
67165
10402
36133
32981
32476
51025
74168
15220
23173
61986
36432
79175
5866
16871
90962
82469
39203
68676
30998
24800
91087
71918
50051
61045
26823
59190
76
19668
53273
89861
50773
48003
63804
80360
52179
21993
10677
39037
73344
97808
42371
35564
9172
42918
29881
68091
76780
44838
57319
89955
6664
69729
78536
75427
19590
52543
91501
76468
30781
46220
79781
39591
97413
58520
69690
46008
16400
52459
69020
51083
61407
62146
22131
28744
33085
36381
72633
63807
35968
19200
82960
40142
7937
53033
63814
86198
55700
18031
843
94281
46425
46961
26172
24504
42881
29586
27599
14384
62632
59020
10675
90727
10219
79756
23662
29579
98172
56765
64070
99773
69101
98833
20417
45770
6735
57823
33022
92541
10463
81052
50101
78500
5581
33417
86417
15513
5865
36090
90620
1309
42910
47168
10718
44756
50412
29440
11127
44763
71701
53789
61424
27473
14568
33300
96602
95425
1459
79384
31771
70466
33438
19748
53303
45230
44983
39796
1422
3317
59383
21494
11617
26670
22557
70919
41664
50458
20639
98296
6568
37092
98849
93104
55323
95845
86431
37372
20216
95263
93321
53980
13316
8151
38273
67760
35183
15110
35963
29598
59993
10134
4843
84829
96124
26515
10589
86868
59556
53737
1557
43015
43154
26881
66755
58935
33736
84195
56635
53327
84398
21034
90678
24929
78655
14036
21762
75657
32167
40733
49002
93180
48286
72602
43748
77828
28694
73317
18751
65503
4267
93955
86839
24635
94408
22883
40053
25623
56443
9654
85181
61610
85966
77405
77614
61459
8404
70247
42135
67585
10265
46390
74743
47233
8600
80335
41093
64041
85238
4173
73913
26434
6086
80234
5097
20309
42084
27296
87301
38387
12178
34517
60718
7720
67581
40762
38097
10559
16861
34545
94759
4484
95637
44448
9788
73633
85898
19888
35757
87688
75404
27472
13754
58830
63345
67174
90056
52217
52723
47345
14408
18684
4253
51063
80479
77307
98250
72980
59135
79346
9910
6826
15543
30344
42442
75081
30772
29376
25983
93237
49990
37345
29380
85359
57139
63556
59098
34678
57144
68932
2059
62026
46111
73393
70455
66246
67745
97736
72585
97550
7716
48200
13353
8656
89307
62693
26736
39866
82570
40162
1925
58828
48644
20289
332
63375
29694
65296
85635
81213
46435
29193
75863
55086
57828
70780
64294
65295
70183
53379
24690
26614
35329
5453
63124
51564
40830
28673
17094
11235
65841
27219
63121
68623
40869
13722
23531
32953
94110
8178
52299
65057
60487
93287
10879
75884
2485
24783
37357
45992
45172
62794
61431
19146
41249
8955
42474
48955
66647
26351
79901
84844
20560
43822
86517
39983
91325
49190
88783
1514
19205
75141
29531
70449
74923
22576
95994
26650
9727
12526
82342
33872
29601
45058
70813
11310
96428
77007
50668
83899
23631
23989
9720
67747
95980
9222
54160
30539
2923
72547
2882
88151
2197
31632
47309
78869
41860
17156
24668
67709
95432
31530
44381
89181
79722
77329
50545
33692
3970
55254
29220
6882
60181
12055
37547
69108
19813
31952
30328
70213
36704
29968
19350
79237
95074
77953
91599
9645
47581
77384
27556
93742
78565
34229
33290
33896
73584
56305
62051
72993
92705
48126
94080
93040
4104
12118
88060
64700
53999
54484
65134
3758
94640
41719
57378
2385
78295
26593
77084
45658
916
90551
26233
43480
17443
1116
90275
44914
53304
40733
96763
6810
13490
30507
39604
83890
33515
73445
65106
34107
44868
18266
90423
88965
25567
34667
63752
73348
47477
35205
78297
13114
26599
51707
11223
34436
82522
83601
46510
94516
40793
94371
19703
19777
571
88962
3787
29233
85325
45825
70175
5518
43778
3484
7831
1274
72951
76258
77108
81636
95271
97812
3490
78544
97569
78987
36769
42625
56696
63201
20497
73303
41907
87465
6077
57155
55003
40590
773
34479
84648
97105
81572
90505
70463
83812
1985
12692
17702
12734
9115
84366
48595
68397
10566
38125
19607
55240
13371
5995
43553
27926
37875
75122
99434
12885
28255
32443
60085
11278
95144
42893
96702
63647
17260
71207
3959
79084
95117
4898
22115
20035
23682
89676
19739
76730
16019
54040
38684
61369
73510
73237
25490
78333
42293
25577
71399
96523
3843
2960
71608
86626
76544
72982
57648
45843
99075
44600
48929
51408
11650
61397
91285
21522
87268
41686
69643
14087
42067
60770
77426
76872
38491
19291
16095
5098
78472
57724
18898
80086
33884
57729
63155
12900
19420
26253
1215
10164
27315
84121
97263
47330
33722
75489
29935
46986
68440
93925
58884
46915
90212
44141
95301
3933
99571
85997
92685
31525
8566
57461
1262
6603
14475
29621
71161
64616
89910
51965
554
18748
86587
62991
97381
29361
77014
10696
1008
16376
95974
97969
8134
72936
58304
23974
69918
64542
96487
89733
22872
87736
19901
21839
53543
95599
60664
91096
47972
58434
86540
68043
43247
94834
70317
69381
74903
24767
83617
73986
74162
646
9469
43399
28731
24872
66384
58042
54142
75969
68376
54477
47165
16452
40391
40838
46231
23532
98755
57879
7295
63802
10961
63696
558
86980
96856
81685
59383
73998
49298
86395
79826
83606
56569
63308
87054
93215
2380
48269
70933
63102
63471
57904
20262
67256
62374
76337
72334
60318
64701
3234
2678
43948
46553
69280
61865
31533
91297
14187
28364
67619
35398
41938
55610
71000
9718
10331
1575
5555
88691
39840
38051
60489
43092
31168
90579
85473
66804
76737
16221
5599
74690
4523
75923
70133
22608
6382
33964
46483
42192
80153
64789
45060
50817
6518
99406
41806
22357
65953
63942
61342
16819
83032
32621
14233
39676
35209
75091
35566
12381
91732
19205
13185
70850
4208
37350
55129
45511
56380
74185
90733
24704
82173
30598
18936
54285
2415
84525
97388
98583
34374
49653
89703
42841
88092
73276
11233
21969
12055
21421
61658
67212
26858
81840
96076
2505
30764
70430
32626
46284
59121
1360
82237
72607
93520
89111
34875
76754
11321
47455
91611
85823
57618
58253
43922
81196
89276
94405
40624
19833
63895
38508
52018
42359
78476
63333
30332
90673
90760
37840
5525
18529
90436
22892
25357
40198
83353
70374
10776
2724
8773
77987
38004
72719
92881
99905
48022
36004
66816
66546
26587
32126
24828
93669
87801
16294
38146
10472
58002
92317
312
19165
85188
98210
24285
17073
4087
39189
27773
20742
8172
32867
66956
6357
69001
24484
39501
9635
87417
58332
41944
11166
31129
34112
97380
1794
87883
30862
53311
16794
60277
40004
63170
95069
45383
49731
14538
30351
61373
55889
33479
74242
33991
50520
1476
3198
68697
45026
32823
25526
22834
92141
64653
8709
85767
95316
3952
84908
68804
86652
83453
73878
23235
79262
67932
88630
55263
27958
14055
73623
15151
40754
6325
90093
49345
83140
26719
76874
45417
51717
26771
7375
78985
18275
67297
65852
50298
57210
81719
74486
31996
38666
36161
46065
51866
37434
51044
10894
47711
51976
69442
99799
14146
35148
54454
43812
21341
88412
98811
9133
32966
58023
87989
96353
22421
37213
8188
50212
58510
12888
20747
66354
13295
50417
5323
27621
55848
25390
35573
23017
26821
37405
10046
88472
16225
76906
99235
92169
49171
72337
53130
21700
16221
84385
32317
70278
59563
65974
35744
79154
54154
81683
43455
43728
59421
49602
38616
79598
83162
47979
76463
27847
96113
72506
15224
64486
80381
78558
12895
87395
90226
36704
78927
66512
90550
19302
36715
31298
17828
23639
83163
68560
87326
92721
37965
5420
48543
15549
78987
76960
79317
95646
81451
71193
99954
15267
39234
27392
94216
44257
35447
88727
53301
68170
57240
54156
352
68683
43462
11912
95272
19564
96648
8769
35795
78387
51873
28813
44396
48654
46508
51685
74989
50072
53828
49521
88181
96442
52080
60162
56501
64649
3815
34673
24668
26188
39088
61167
75593
4582
64643
53644
76466
88141
46949
4928
42039
66836
80513
41679
38850
40316
83209
48831
51758
60955
42905
47270
5198
93930
12848
96884
73421
94239
49033
6863
2721
42670
36204
96746
72325
80005
48503
26472
53883
8127
27886
76555
50047
74074
24019
77905
30520
74701
22895
30977
64436
18765
97075
86183
27667
61644
64047
98053
18372
79830
91319
22107
10360
5277
80729
73349
13058
42758
89949
46107
86309
68789
749
46344
32932
61380
50939
82152
70669
38452
3603
45697
79488
95218
43982
96511
52462
73476
127
62450
5907
18161
6078
86064
7813
39640
27943
29227
61749
12437
579
34406
81081
45804
66078
52072
75934
66160
18135
65258
2084
2351
73256
30620
24496
68860
9159
61379
51711
89115
81856
71808
92940
43415
32282
45923
84844
44397
946
54722
35665
67705
88056
5553
9086
87787
27794
68620
59143
26195
37436
61751
24746
56870
84730
51422
60910
71988
63501
10468
61598
66787
45754
45540
34992
28549
30078
56278
21213
99810
34573
93163
30994
30755
51693
17278
19998
49414
98709
71514
37758
2923
77629
5911
60769
4604
62499
31053
51448
38254
65130
93148
16613
51203
12370
96195
8901
50807
98831
92363
24906
19075
13974
50552
25948
65716
10562
53911
25406
39404
90995
75932
79040
42323
50735
72300
60280
71416
86082
55489
86082
70582
2221
94406
91472
42397
55618
54357
82873
56348
68141
82152
9688
48061
32201
76379
44211
87385
5501
84969
8041
34310
23242
87057
49633
96530
35039
35063
66364
1445
43358
77710
42364
1735
8213
55127
74039
83569
40866
48083
99530
51730
64909
6059
72875
51205
11133
88578
74735
35525
98712
66298
64974
86969
2992
35496
55185
65081
19911
18594
72207
2347
70044
8532
19945
40934
30228
47048
82225
38971
99135
52657
91169
20549
79903
33919
73145
70232
1294
18013
24163
96688
56791
16722
15506
30257
61976
9162
61300
88348
20257
56377
52134
93363
13904
84757
73840
30143
79055
98411
41994
17709
68039
58598
93881
38591
59481
8719
44546
15467
96912
50542
19135
29199
58303
54433
81855
63723
93028
47951
9778
1363
26199
64860
84559
17065
79104
45213
32458
62622
771
31066
28449
22367
12043
1415
57841
11418
46015
62472
43207
86804
79464
38343
19456
94341
3284
94383
64999
5119
78290
18840
95442
13173
34580
85057
65719
47646
97287
58886
17561
34784
14305
76176
41701
25439
47567
31561
71878
39206
84146
78043
95310
32198
9180
92618
14716
48726
49298
5628
14171
33318
67410
16985
73164
24019
40347
1345
92490
79643
51195
66037
17257
84796
75099
28535
45665
91698
48561
25964
4408
70603
10894
8258
93744
50487
69944
85755
12149
60445
27622
71834
54623
69949
7782
88028
24632
81413
24352
38712
23994
23434
13222
93526
93859
51018
71341
16137
902
40178
35983
78308
32883
30097
60176
41532
73278
23160
83141
16187
41023
90246
30559
12586
99828
40793
83422
33432
26450
31442
9152
25533
74431
14609
94543
8778
97415
81845
73920
39107
45499
13591
46242
43591
1348
98528
87460
12340
78254
77389
26697
62790
30641
43003
88478
83302
10350
30115
19331
18304
56625
4348
49257
23811
91675
44443
41219
12240
52623
98123
33236
88103
57843
2734
32757
86034
65878
33582
36879
74691
11674
90648
20192
54027
36210
57236
44571
20736
37044
60004
12125
90130
52198
32362
8446
36004
89818
45851
97421
61265
20110
28051
64927
69595
47006
74639
21975
66747
44284
66505
56043
97580
39441
28297
2269
42417
5366
66892
14745
36819
40280
54884
78334
91250
22643
95401
22985
54323
52793
54468
22058
63779
56791
55998
41259
47663
61977
85096
9369
73836
82519
96918
16222
14191
31647
21920
20273
74348
82869
67387
59849
45709
59221
57928
60335
59026
49245
43993
88783
17577
43081
39379
78863
61789
98611
65289
82857
75296
19055
87467
66647
43036
98345
78466
66087
76570
61800
34494
85944
25239
55575
10600
2973
33742
64900
42926
12066
15966
35247
42922
60842
39548
52611
42900
5559
16026
11164
80650
54427
47703
88723
60809
30856
82657
81614
69151
83468
33329
59835
16380
76352
71244
62203
71547
56629
67644
69560
14323
2660
92442
97710
68664
41349
64676
54013
71656
85952
31284
63417
65836
27736
96056
84285
69721
20705
5996
71807
52608
98285
78100
46360
25726
19996
11606
66730
19902
9665
39060
54050
91039
41150
37867
61473
32280
44291
76375
30600
39192
78433
34782
47113
20935
47686
44680
14380
34913
18369
37199
25713
69323
56004
57722
47007
35804
52430
23856
13394
15630
41365
85621
50964
12927
98705
51604
2485
63574
67623
31619
6454
44385
53671
6449
74795
81413
44802
69441
60284
706
23135
19847
52638
43608
69753
63284
30781
16367
95259
99631
3173
56731
36266
43189
14935
21476
99549
22336
3468
49887
192
50582
59222
5004
4246
72983
30230
69830
42747
48561
70023
59246
52375
64542
84206
58285
34213
34154
5806
65863
39216
14164
70915
876
13819
4994
39953
82103
86177
25553
63451
90755
21056
16291
1195
84729
76099
55909
76783
57097
16628
98009
66181
19437
36902
35045
53477
93212
59393
93263
8511
76442
73045
10076
40122
9821
66186
73289
45358
92144
79671
7045
12012
24929
74153
64966
2297
22583
20946
96610
93797
39083
32773
20627
20414
62190
11900
80347
50593
21400
58797
63785
8921
34309
62533
25959
3316
56147
78490
20456
83258
32912
42714
67155
13115
71128
62967
71192
77996
95019
91644
58818
94526
17530
44487
31544
27325
6735
42194
81620
33083
16088
11713
6544
95574
16022
59648
7846
8972
71172
2952
47952
18009
87376
53220
49711
47293
66196
18176
90269
51869
37749
32076
4149
92874
59514
25086
36600
63576
14417
25229
31054
18717
27827
63033
94852
71511
91360
41659
22855
90393
93666
12075
36990
228
67373
32247
17398
86089
42967
43385
20570
69953
79233
62953
15603
10567
21749
76366
19320
58876
9073
17338
27494
88540
96945
73245
84166
34593
72583
64042
16731
69177
6693
88758
55587
47751
53565
32373
7109
20775
49145
56439
26832
21461
47701
93584
30109
29391
46570
70641
32929
54124
83950
64752
68379
66372
486
34681
95810
99593
49005
42970
58152
3307
12202
19884
51456
21033
71965
87657
51237
57312
51649
92470
51597
48946
47608
45485
6344
77305
15299
86011
89456
16446
87397
38702
87489
63769
79247
25231
54027
50487
20612
54738
17884
83728
14614
78478
7074
89759
97488
79585
2607
33886
87231
38554
61276
74113
9353
18791
44763
89108
53269
22269
73781
67161
8519
34038
20147
90
14775
67808
80150
80780
99598
40482
42970
46257
9363
79224
10117
77762
49740
12599
84879
49923
80516
26727
45833
31573
76557
50846
69374
35456
31968
75537
21220
51082
90369
10226
72490
47963
52720
71892
22331
34192
78434
83286
34490
65832
88067
95256
23724
43616
910
15997
79500
77496
11014
93308
18427
21244
86228
51256
43039
57386
64854
1150
69873
86640
32876
85249
99983
25072
73669
52821
93512
74060
71952
80578
89966
82962
62022
9669
70499
23676
54653
98121
39555
90490
54033
30848
4623
5931
9248
40080
63095
4800
11657
25061
96964
17198
84879
15952
71874
87267
47323
2515
54720
14498
63561
15315
31761
76797
18027
13012
36575
63262
23289
89738
93647
73213
53623
71296
58351
56821
60359
51024
81758
10082
19267
9761
56645
28368
62988
47127
91790
35295
41679
67039
91135
42042
27416
6340
43742
25348
77418
37524
87580
33506
23951
38782
6469
26216
70523
61186
84099
6129
93052
32095
11613
43398
43729
35544
6245
1898
87974
78377
76115
18144
78309
744
69213
28350
9247
98164
31084
94198
34270
4275
57764
62483
73707
18527
41491
91301
58207
51895
94738
99766
81926
39254
34683
32828
14096
9388
33951
95199
74843
73091
27334
64442
84366
2478
20788
5867
93892
83606
99280
42392
7293
2977
2659
88844
49813
26873
50331
98157
45459
13817
61265
33371
4212
12436
25666
1940
72979
15611
5244
18220
40359
16548
35319
32079
45086
13017
51749
75793
59784
8382
68293
10210
44029
68360
22500
49238
91300
73700
83220
95643
94557
80708
69602
69
54273
17255
33880
12751
35782
86233
37069
8553
26814
35021
58274
56701
45969
50059
36285
79813
64335
99511
4830
57483
19087
2664
62352
390
17258
97744
15544
20189
39069
54527
70827
27147
87571
69527
33338
60013
21603
47413
31822
25438
44772
74502
12167
86232
9428
62812
97627
37988
48696
84797
33378
72818
79505
14293
45350
70525
90290
74453
72428
7240
64604
92081
54301
32647
70155
62027
51833
61108
29666
21576
99599
919
27644
93915
29233
85024
85415
55458
56819
19181
58749
33253
31090
83517
17259
99899
74979
51178
40222
49590
69326
55264
40594
6642
18562
54490
76028
40580
49761
58777
14891
82714
4565
65608
64741
76892
66179
1642
91862
2749
20819
88562
82804
30048
49906
18409
91997
37996
73776
56597
53644
648
80854
17348
96687
84140
33039
23361
23877
61592
79058
21033
51381
91622
70089
90541
7751
6551
27413
58699
11384
53330
23274
52983
58380
59596
81426
5733
69767
6226
64616
81118
17673
21133
24001
12945
83540
10332
86194
81750
69257
39573
96391
87205
22391
38348
54547
1648
88426
53251
18283
74740
20472
5450
2098
24477
2481
95038
37475
2565
97019
10192
51197
83717
59979
76347
65119
49191
4717
2956
10086
40652
28494
31955
22662
80291
98638
69582
10126
69832
76631
48323
8280
76042
64783
48536
96452
24200
49710
11150
50906
80575
59753
65488
28716
92782
78516
42331
96363
52980
44603
80717
39715
81161
55958
48764
38762
86193
24777
42542
50625
69553
66123
69351
76765
13435
5765
28912
70195
50535
15959
50468
80251
47752
39082
19405
7106
45280
22045
83936
91931
7696
18638
35304
4455
80010
48744
69352
19892
58249
14893
36646
83133
15096
85176
15553
17363
48023
17691
25356
59804
50474
45406
90001
15566
32813
49797
82729
45385
46753
72817
9977
55635
52551
61397
72286
11246
99072
98768
10293
3941
9633
71368
64596
58239
81767
8060
39832
49130
89664
36970
50146
68053
54636
68071
66031
5880
87980
13902
44795
98073
51309
84275
56477
12998
84486
86663
41021
87827
86495
47082
82926
27563
9457
44735
68784
1405
35008
95217
47724
39235
65225
15792
57274
68166
80659
38342
70999
64767
9189
58703
18937
25836
7968
37803
94814
1870
65257
68896
62911
92732
32277
2697
64851
40726
69623
527
62719
95768
82947
77115
67387
41245
39002
97722
15252
77811
70352
34424
25837
8010
44742
89287
68134
77952
55393
7309
10049
92140
22001
40177
39034
99872
42462
52102
99034
74358
94482
49340
84180
21789
16887
9199
50007
70883
63712
81509
36205
67246
6528
75158
43206
48402
33816
65368
85688
41211
63582
63747
4930
11958
8705
90625
30754
3143
83361
48596
38290
89555
62717
57070
54233
53784
11970
36727
2727
55692
79904
80337
99340
1903
30817
17357
81227
55826
16334
88486
77188
45103
41020
22951
80458
29701
39725
24327
83642
26827
10572
48873
34262
27096
94752
64546
62605
21104
88261
77528
22769
27336
40190
53000
68951
53408
84332
46694
56166
87911
63275
10021
46086
61441
17844
96174
99410
4561
24575
40659
25959
807
8841
21630
68374
48221
15398
61096
87437
80506
13127
15557
88634
25584
69181
70763
91209
70457
96335
88785
59393
96882
40487
34300
60883
66058
65094
67687
19905
26621
53477
8649
52716
42603
99333
17239
69920
34160
82118
49468
79258
66277
18421
2657
29813
14526
72720
52093
55326
78712
32784
17494
21195
49979
93654
73610
23404
75912
52749
73419
55669
52858
58041
37968
90733
56468
28420
85379
33898
84226
54503
84264
83735
49214
91905
87164
55410
92906
92387
23408
98920
65596
82022
30702
25005
5882
74350
8441
50004
73834
90416
14914
1429
70766
2399
52587
72270
41020
18913
6710
24440
35742
54981
21862
25392
65681
84274
45269
39705
58360
28918
45003
69837
20451
93546
2708
38284
64048
33716
82883
50821
94289
19419
60322
7527
65409
61280
38129
44905
87420
30516
81161
71485
14765
28227
74118
41661
86923
90018
69219
50461
75338
52298
52264
88507
23250
28934
15220
68427
76387
30989
34034
81525
98658
45720
14362
31832
23059
86553
79950
92870
59621
82323
66616
49253
1058
62027
63615
97901
63769
65651
3697
3397
31091
47306
52379
40
42613
96375
7900
14825
89738
77635
31743
86992
73060
87576
63081
49938
71264
69737
99458
98663
45334
57280
71697
96148
69289
23835
58805
34494
59952
11883
61548
47515
56679
30630
43476
49542
88311
51318
27134
78596
15642
40737
60724
64027
53048
92717
35534
37414
14779
79826
91634
25155
85839
51824
4096
43126
35474
69142
64664
8010
13057
7656
38233
84104
37259
28482
53200
96305
96281
41868
45492
55489
88085
91907
86678
84872
3787
403
94681
40697
41479
93452
4294
18852
10367
8205
23146
49324
50652
4640
445
88472
89876
71716
18202
71470
56555
74699
90344
33407
5567
68015
68350
99278
33203
70229
3202
56887
76950
1468
95464
19975
80057
63166
43358
73976
79938
88418
22073
56427
83380
81844
68058
68341
69704
33096
13135
76132
55694
43894
45726
67300
73309
84331
55899
38315
251
12456
88417
39469
51172
76599
80569
98533
24503
4359
59280
54002
53488
74100
27808
38364
5653
24118
48701
80619
92866
16528
72441
29153
43368
365
64009
35633
87796
85917
72338
4853
48290
86015
70708
65621
86324
48250
22969
99846
87276
46030
81202
6499
77953
86659
31833
47540
66894
36018
84357
87291
98053
85057
49053
84069
91293
80882
54267
9862
59405
97681
29410
64795
93715
82708
85602
66016
5595
92290
12453
15206
72950
30438
67003
11268
75505
39796
20909
8144
63359
89006
92056
92993
48164
77178
52365
63569
11546
27520
7769
72686
87731
33391
43508
34793
9840
12128
90315
47885
85520
90795
1590
85089
55993
54230
24436
86041
19253
88946
16364
81118
34888
85294
52871
39355
46152
75283
5371
67156
19078
58302
24700
86049
68047
18100
28053
43083
49694
86767
39016
58904
82470
51116
36212
42009
38995
85550
98960
86712
19449
60376
34386
86149
6841
37924
95008
13146
22910
66438
52229
63900
45133
16090
55415
19225
95035
59892
35499
95398
70516
20153
87121
6354
95851
67317
47565
96126
77068
83914
45653
26024
6236
76402
60777
97899
11172
31648
8600
23430
95865
40408
97278
29887
10021
2264
26293
12834
14058
3603
35791
33235
52339
84185
61768
76809
99080
19830
72824
25238
52900
1436
82039
79507
81131
36082
1656
84602
14524
59295
87395
69971
77270
63476
25854
41353
47901
43282
35815
75902
13095
92609
81465
88314
22249
78540
77388
38719
1726
11340
87169
55258
834
54636
6861
21545
46376
78230
64505
82884
8308
38934
4374
8799
52974
97045
10064
24210
37894
43188
53972
87098
82600
38811
23865
75700
82061
49886
30585
17730
19728
63109
71077
31188
64126
83980
54570
74111
60335
73231
51671
17379
14012
87012
27879
13910
74093
79237
6523
85567
22981
94971
52993
40929
89139
16827
66611
38446
82671
12535
96736
30083
85512
18615
5424
16055
62174
753
10280
57909
55325
77736
46045
13330
58138
46407
8686
27616
58613
81141
20153
57642
54707
47105
60709
35388
87009
37878
64877
16504
25566
50595
66670
59668
60372
98897
6191
21607
24718
14308
18556
71917
35760
88992
77703
37745
49099
7781
41275
24462
61316
56104
55822
43519
61118
19253
10625
95119
78533
82981
20194
40084
5600
92128
83060
52890
93226
1360
13492
21815
23827
12510
19272
4521
9665
17577
21765
64610
27520
47391
43008
73018
33562
68969
10032
95340
54324
98038
85856
89873
32829
17906
17665
41351
48547
38740
74356
51426
51260
61871
77375
57097
5150
92600
6419
40163
83741
51755
89182
38893
26767
8985
91663
49496
5580
57695
48
24836
8322
39925
58980
29263
62480
38657
13816
63943
85655
4550
21405
12823
66058
13323
55564
79838
39311
67034
86565
862
71953
91462
4689
28688
30630
89569
42291
80792
1340
75182
94470
85212
98667
49451
90470
94918
73502
85447
37861
77920
79814
65595
41085
85512
78082
12501
97016
72
11798
5625
63721
87102
40789
9587
9526
16041
53633
19960
40587
91747
25656
21163
4889
75559
54702
60582
87469
50936
19056
64982
16343
75969
9536
87276
70786
83543
72369
30585
37036
38799
32108
78300
38463
37141
83444
64997
22818
6111
50988
18173
96060
29829
35324
48547
82475
70921
76679
83984
19184
10636
38240
598
56781
98789
1263
18058
36369
22802
35794
82789
58185
80316
74523
55012
76267
38125
27097
41328
30261
49684
24906
47515
29643
73544
45248
54351
22877
49622
74936
90110
96458
14842
97899
15406
54546
99209
55140
4450
61945
66706
43435
94012
71431
81231
24705
33612
23873
57987
67266
82560
96990
86337
39078
4137
59515
68946
84176
780
71919
83590
45434
77781
6488
93412
47881
74091
28612
50214
94911
31291
19653
16276
46661
95819
21534
16844
85354
77601
93840
90877
19479
15
74368
59236
26134
81034
1704
96372
82695
2245
4642
43346
76017
46747
94420
45388
52380
6992
76578
69386
77836
47671
93293
80876
18066
34114
58801
31826
38225
7027
70066
58995
65625
21937
80056
29221
24888
85907
21707
76691
53332
31493
77195
29714
76038
529
76740
61913
35033
30863
33073
44248
61989
82602
27607
92988
62129
12205
16171
8884
40602
66730
20819
94021
35038
51935
35348
4715
37829
76072
62722
24219
83791
52639
8231
75812
89499
60177
10358
99762
72443
78418
26319
93273
62654
67805
20946
23352
71706
27369
60979
98914
65234
90637
21207
72154
34834
31417
13682
94529
46169
27385
90747
66320
36778
62406
21641
30407
93525
88040
33060
40996
44506
54441
72397
92843
62797
63505
58322
38936
21919
80644
36152
97572
2711
37861
7486
41462
53572
39929
21919
21380
26832
22178
36028
66639
6343
18659
6548
24236
67861
13980
24141
91499
7537
41789
66184
71097
25384
24745
70856
61193
49013
24983
89091
27669
3509
77320
92787
81329
46723
23330
85724
13837
54085
3952
73356
78398
97178
44768
81508
93622
39414
37622
22800
57737
70434
94892
32068
85639
19429
25441
92564
51135
19804
96594
84232
13103
21312
33859
73957
65373
37480
94158
43128
37858
20955
34803
53345
91589
7081
28932
27738
57838
82533
16275
55170
29247
92
88446
83768
22922
69100
69205
63755
15225
42109
38027
47820
50367
10377
69063
22700
28769
52203
83808
89949
24345
11404
2002
13312
92946
41091
1130
24372
77760
7963
4736
26789
83042
27924
44526
9920
14626
44631
66378
1530
55059
40463
24414
92691
594
37709
35747
86832
54135
64841
7471
56528
88875
7521
39304
19973
36261
60494
27559
33859
50964
9601
76716
24649
96051
28015
48011
9671
74651
54000
63837
90551
81750
83808
83320
13240
17379
28855
4594
81039
81045
18118
52185
40212
87083
72545
9095
83758
26149
86510
79339
82714
12131
2988
27381
52362
59284
91650
19431
43121
51570
64304
73859
96677
40296
17741
40435
69810
47331
76323
19882
67004
36381
71296
64296
43069
6110
80168
68307
3781
24368
75636
56873
18156
91310
84346
11697
87220
68821
7436
73464
12336
6382
85281
32438
57547
20790
89016
24804
381
5400
66914
22409
3793
8075
78008
40774
39091
3568
38322
84992
63873
4858
56087
23055
99601
20418
45235
16767
90316
44988
39109
95841
89432
69194
71067
2010
19732
332
41438
12943
61579
7505
36073
12695
38037
14548
36452
51074
9199
74144
96458
79172
52681
78283
57881
60852
55971
6521
31234
74171
14327
29445
34433
39598
48445
1085
48714
25841
92317
60325
86433
75221
16795
25243
32688
80957
35489
68204
84645
29793
72735
98199
1072
58020
22187
55267
27662
53877
53644
29724
87380
76835
26655
8638
96784
13145
95081
36206
90942
25162
11436
63212
59666
40980
95104
17176
58066
66568
73886
89214
64410
29414
93241
15212
29347
74505
30751
2431
57525
37116
90539
9809
44014
81157
88269
65262
24083
53024
30704
11317
82697
31665
51037
9592
12275
94465
62866
86621
55497
39584
95084
21928
68777
66329
3926
96911
87121
4349
16219
71162
27411
49138
28400
48462
29946
31420
59444
14514
95541
87367
43770
64225
95365
75779
84708
21325
92111
49071
86439
55052
13371
75668
83235
74122
7510
84919
46496
46563
73953
18912
94380
73633
99961
82503
35243
34858
45158
98033
12034
73287
48461
65376
67151
49423
59979
70680
97737
55080
73336
73856
76510
68299
13257
11582
33045
12795
88113
4034
1710
62272
34872
36371
48109
3400
43487
84779
88661
41100
99741
62808
49238
16453
26973
4248
32717
20060
56617
35634
99050
29479
28796
10596
99429
29244
67917
12733
19581
19860
44953
6260
38617
71132
4006
35150
90921
51946
77555
55279
22520
49904
32395
26410
14959
28454
99495
97510
76901
90298
84891
69421
75755
58084
16061
14688
61423
15062
47978
53947
95223
47638
46658
71238
19671
89339
18456
79071
23982
71572
81459
67829
23854
64050
34561
11440
42466
26335
83692
75508
14296
34556
53994
66792
72614
77055
11340
6400
58836
11596
78654
86445
87958
34925
27972
59286
68021
93745
79867
56097
6051
93173
63290
99066
81279
35287
7788
635
77519
46802
41928
91707
60976
27291
3705
78086
9381
60278
53481
30502
58186
63389
93734
69672
5408
40795
90024
11465
49454
19427
89512
49609
72825
14165
42454
16018
39522
13672
91796
94059
87779
88540
48372
3561
48047
84843
69695
97928
71876
83089
95894
36533
35315
33490
88383
99835
48627
92064
21566
12476
83918
68953
49279
40679
69349
63607
46326
6375
2606
14084
50432
74229
12219
40480
95642
33654
58707
78923
15129
59095
11565
16272
37843
16773
98367
45306
28096
26200
58707
42306
65508
32884
72409
85972
9653
9103
21460
60410
75245
7878
32729
40912
78566
7709
76047
66032
34457
25064
15332
33376
90682
36141
85762
61041
36188
70635
16043
85652
77957
1647
32921
43363
57915
63516
2719
6513
26882
89284
62248
17450
46032
46301
99048
73471
92195
86285
55684
49728
32097
73167
32527
4583
9972
49004
94837
64829
81419
23903
42647
33836
90208
74115
13692
53897
86812
34509
17161
35316
62262
45710
12745
77453
29719
54233
23455
8461
59116
95720
2300
724
94742
38065
84098
175
79383
11768
66693
63497
73000
88585
37693
69606
51999
90937
89852
36489
98276
27552
14297
54442
17609
68516
22637
65367
74402
89152
58121
54470
72244
66555
43979
35051
70177
23560
36742
96919
98144
24742
55471
87149
79787
58516
82599
81206
59222
55231
92198
36231
70184
26626
76255
22
99011
30439
94272
9432
72185
18028
50318
47515
91731
78971
78883
74696
90966
25786
40729
54987
40842
4619
33188
93745
2470
49742
49379
71487
38405
55019
99646
82985
75588
66300
29661
71755
58585
7643
50815
3051
99473
27082
5653
56844
90069
19800
29433
58504
34579
49259
15311
20668
36518
50374
10344
30918
33201
14295
46382
20475
71035
32508
66178
86475
75366
64707
92890
58483
6638
15533
1157
88198
75398
1806
96980
26677
23613
95370
85713
68893
55257
80756
96574
88155
12676
42614
44509
63393
26523
93988
83890
61287
76511
26187
76750
89518
59719
15945
61383
6975
16165
7949
44354
38024
85997
31774
77803
36013
13966
21428
93138
6912
83105
80681
23675
27038
96829
27478
36900
50368
10601
15394
8019
24004
45894
79206
16016
97921
80857
71076
88598
28842
42389
90535
55585
92773
24285
41213
89773
84804
98953
47756
43024
81375
56338
40644
63778
90297
77733
79206
85729
4372
76739
19276
62631
42497
44524
16433
69249
58510
41230
28642
28736
2131
17463
4156
38631
97893
16620
82258
14989
56222
78553
53127
37134
65023
55180
55842
26057
63961
55245
45032
34280
42902
43843
77784
38185
25530
52296
85532
19750
32460
64245
54798
80600
8399
97597
8615
4261
50883
3506
49852
3754
73691
33349
90241
25123
65688
32792
69550
67176
23943
24533
29600
74900
91109
42594
19118
91234
81012
24426
86828
57742
72820
95529
81016
18973
77475
42100
4644
17529
15494
24733
60031
76070
26669
9814
12019
93208
55614
9647
1827
23605
45793
93459
41054
59135
1317
89226
26123
17077
39146
41015
42056
97452
45619
81735
26471
40753
71360
52753
23184
64422
36986
17954
26814
73190
44494
96676
33973
77668
81686
30602
36157
27443
32223
4765
86860
58821
64248
1548
22502
38263
34059
94061
91153
52901
8097
90522
53886
76450
43659
98887
55335
49973
8322
98644
9097
31531
96705
49628
81114
94218
36941
83908
40299
70252
52925
72068
5305
21083
1053
5233
67238
20072
41000
85452
80425
56681
8533
60403
10897
3521
51685
67297
91219
50458
15313
97027
86816
61256
8842
98436
3787
15081
70354
3214
32231
5145
83352
52220
11055
37254
95048
8778
68717
18052
67406
61643
22978
98329
71057
67859
94480
42155
35626
66389
72720
51338
19443
39566
51312
98888
59062
3163
86974
39672
65700
4775
35807
4695
44154
48463
4849
67770
60953
87657
65773
59491
57914
71757
60785
95478
55980
18706
52704
50251
29981
78304
23186
74571
5989
4062
76412
30225
10511
25614
81473
2550
27585
69009
60873
84110
54526
483
34940
69078
53314
18268
46433
54057
48327
82282
69995
19885
12581
31323
58120
21695
29029
90457
75722
46148
76166
45309
37756
19878
47362
50678
59462
88491
30973
50999
48554
65558
85192
48260
62262
53505
47476
32422
73485
2865
88525
25404
74790
94083
73311
39295
64740
91964
7005
66134
74765
62663
41958
70118
60520
48038
60156
25199
4503
84520
38408
15039
68383
90264
11779
22858
32044
2842
83868
49746
75788
76251
84147
75915
41701
19629
92772
39410
18520
8914
82604
75193
19200
31675
2700
81615
84368
44469
17241
97623
63555
53449
64836
87667
71048
88086
77813
13299
30028
19219
3462
4449
85302
8353
16058
88223
55296
78351
60415
18986
65169
1953
29439
95984
67944
71775
36827
58367
40076
92517
71163
927
8161
35427
57883
61245
89837
97782
24394
69901
11216
3905
33570
42846
84284
14305
83896
44144
46927
39755
34198
89366
13916
54202
48715
96027
44748
6682
15356
88864
50108
73311
57031
31673
95664
88523
84413
79286
73459
99876
35602
89300
3181
7935
73859
61629
35102
86682
51537
42637
46490
13981
66565
3436
51552
4419
88630
42120
64304
12899
42643
36133
46068
95905
32506
77062
88663
92738
87387
53749
21580
79266
69705
4481
91434
24579
59650
96980
42336
6636
2750
78001
53718
39537
7489
11991
65251
35909
14149
92978
77703
80157
96740
31777
70304
85952
5352
32395
20783
17066
93056
6055
66611
75289
89018
32858
43277
4224
12540
42444
76557
66947
11765
48970
95729
33198
2126
49109
15263
20887
88692
89810
84842
5297
50610
69159
3036
35314
81737
75845
32832
36332
39460
12285
58924
18452
87429
4299
2510
4883
50544
87572
97444
77192
77323
75882
73629
25699
75409
74081
19934
39799
84247
40763
5181
97787
96425
86884
17586
50526
46899
55107
67000
58942
77362
60167
45600
48759
49654
4164
8895
7211
25302
37705
85429
61452
48531
96266
28593
68075
40483
90271
91319
6014
63249
35989
68764
11706
46157
50217
93262
23976
33511
55132
59124
30366
18690
21501
15549
95713
62280
80939
2089
66849
60160
24329
31314
88962
52871
50957
83320
63947
37323
39113
40318
97227
73613
59048
86307
17028
62993
40030
34314
49988
31342
41693
72661
71619
10193
20258
21279
83472
63860
73444
8579
3095
51241
26721
49673
53567
78229
83719
86618
83398
94102
43331
61203
35106
86999
80645
89479
18191
98036
30211
77331
42344
5829
55400
15162
45954
24120
35565
11651
17872
96277
14405
14816
34557
55100
22621
46135
91941
83600
14685
36749
35061
60502
46929
98901
88890
59307
47228
15872
88383
31399
8199
755
29362
2570
14574
28665
29133
65663
52450
75335
51481
28033
18542
73415
51214
15799
55096
92871
4941
68129
16360
26345
16764
36799
37775
99284
45858
80453
92492
38805
54766
48981
41526
88888
25857
73302
96186
16352
49018
73475
24391
76738
78403
89725
96439
74916
29607
73901
83837
28821
22754
25238
31009
20970
18072
54190
83740
52759
27856
9671
97203
51135
17624
94566
24598
58547
92891
28778
30045
19592
54298
84183
24662
40980
95983
18752
100
87619
6695
85950
20887
31036
92520
76190
27461
33134
22518
90268
66598
627
13877
6864
7639
20710
51789
74748
34002
39874
95990
90636
15690
96675
24318
13625
43266
40996
9325
51560
76908
85760
16667
49587
37142
24803
85404
19489
17004
89333
99355
17234
10095
37772
3417
79788
37794
545
64999
68443
74272
71005
4471
55525
52348
67339
81641
6847
68261
4492
80102
90541
74379
45256
53085
98115
42768
97661
98631
83768
4423
98259
48720
56229
57563
70137
38268
86179
70531
71462
65046
96039
92404
49802
50544
74078
76827
9554
39165
42332
38637
33866
49729
19607
27282
4257
29067
92762
20145
30260
53995
76231
32319
29799
8997
46910
13847
60190
56417
52262
21820
69791
35990
82141
6083
8088
98981
67646
50188
89524
98673
59206
29514
11744
50807
33156
54879
1787
2807
62315
34038
94777
5899
49050
301
65666
34969
2558
81142
89726
20398
49175
54084
3160
87755
39117
73959
33703
65473
92516
97141
40755
88614
55782
74435
19084
94965
19488
13743
69863
2049
25901
86592
35018
6172
96547
34376
2848
22371
48751
24047
25474
59482
96901
86463
72825
14201
23802
12820
88667
17412
22809
2803
38836
36884
40484
9599
69498
69707
58907
96365
37329
26577
27380
37497
83546
35234
76659
75219
12987
73177
41228
74311
74590
27910
45994
69324
97516
42624
31434
21988
32075
78862
56701
68983
11312
72560
82631
77804
86116
61947
46524
6157
50449
46819
1085
22167
96895
64561
51353
54897
18388
15565
84114
61006
73724
82308
22822
37319
63294
61111
90881
41530
50197
84431
10183
72714
53714
53121
52462
33712
87463
97872
69204
58303
71723
72322
51198
85616
3554
77050
68756
12063
83052
55102
537
93408
81734
21240
61745
56132
57298
42299
57918
35638
95995
3131
54567
26757
39780
8778
65950
29463
47472
20938
13596
62500
63398
3236
98102
47734
40370
44748
46052
78524
74879
72072
50091
92223
84737
5462
63329
67120
40397
66665
7508
37200
28709
18453
70530
29018
69800
63198
34976
41803
20641
61472
33884
25974
60773
34575
5218
98694
28673
95612
40765
16244
65208
64880
77969
75199
19173
53120
65160
95805
5593
4052
54707
54239
45526
82859
11402
30586
84416
12227
76315
49176
96340
10678
88493
25429
68496
43058
53831
62816
63455
67719
99098
65258
8928
87020
85565
59657
76462
27570
58007
70682
67490
60444
27097
38385
31902
48054
34837
82286
22681
16849
28941
12923
47740
58361
54396
86180
76287
89813
13701
81318
89485
51798
28903
76231
72211
75838
99152
76893
43966
64519
82220
94446
15814
93908
11806
72227
8864
92485
29281
28285
22578
47278
5042
22021
68169
9031
19781
23341
69984
36367
40884
79248
53455
34197
74158
90445
55375
82620
39229
42604
33057
66652
63526
26854
50004
38573
23677
41295
15296
42607
6470
52564
47310
86501
8552
56553
50257
2095
6867
55484
89553
28586
76097
14575
80893
71643
52658
58586
84249
78535
41671
11624
14733
19933
52388
3942
98297
60032
49160
17753
78649
86622
78201
72164
67058
39898
18670
58910
44500
7167
70153
14420
67477
15026
43455
73393
66816
50565
89255
61606
6093
14488
85634
96142
16029
58943
28545
17648
81294
92818
19993
18514
13387
14801
53494
41805
31780
55758
35
36417
40968
80095
40725
47074
52277
25276
85523
278
10924
68486
36142
53021
79707
46551
52807
47242
44173
17740
93054
4297
79497
66322
33332
44458
49145
52179
44478
53572
4645
48738
83876
14145
34096
98498
28142
50241
2530
74832
73159
48522
16702
780
9785
86743
14461
65498
39282
44396
59044
75609
734
19659
79665
30818
36156
68913
7454
14830
78564
9445
11730
56899
90752
95607
95160
80970
48058
9768
76504
78557
41967
73094
97391
4780
6167
53449
61734
29141
17753
81243
68604
16465
38514
50646
871
90362
30566
77480
95946
86587
55113
30178
24706
84570
6237
73536
31699
64702
12661
83830
89356
85251
89860
45662
60928
64436
1142
59245
419
93503
91447
68705
82937
36294
74477
89612
30818
81806
56546
95197
99973
50725
74339
82415
32917
40322
10437
83138
91941
84900
67519
41774
76222
38826
49598
2247
80064
6999
87445
88047
18563
59086
4858
13368
58234
70857
20841
76853
57387
21148
40429
85273
75865
35591
56626
82713
78928
39162
93846
64729
58711
38534
12694
53320
42816
98031
88608
58908
14064
79072
11004
76688
19578
15543
64866
27625
57768
77390
24890
3632
88105
40412
63580
19271
48039
27792
78779
83859
82708
86123
78170
30939
77863
38939
37319
86411
81445
54150
90302
62004
56695
55685
40224
97798
478
18543
71126
73491
60373
20099
40340
79920
84481
71614
68077
85931
84030
54447
37615
89975
58051
77307
20032
68236
92962
82262
54263
10594
94539
48252
94735
74009
42518
89143
99004
16839
17313
67825
31831
30291
76910
5445
15874
76629
25150
91923
57295
21655
5536
85182
97791
50271
1538
17957
89198
5749
45450
26833
72796
76286
24889
28964
11631
79527
39831
4013
45913
86974
18143
49055
79059
3315
17094
27693
97927
63422
27102
44573
60021
6276
47366
15125
2931
74530
60943
69857
61664
73118
78142
74992
30660
41919
60134
45212
20344
78815
62883
36296
22646
43690
41446
54269
60643
84894
80398
38363
36062
60858
88532
80041
36596
78745
46242
59690
37856
40446
91960
7280
94095
45842
82902
5110
47687
37726
10687
71428
24623
27683
68463
81968
36234
34395
44012
77566
14453
13750
59868
3727
26226
17063
93652
97310
71326
21758
15565
12784
91279
9165
41644
27981
51562
99369
55372
66721
38367
89822
51952
32455
10945
37121
45484
51629
79727
84125
92453
84744
63566
54769
90499
38834
10878
45797
31767
52167
97046
76763
20181
76518
70041
67670
72527
54609
75188
35415
12834
17327
2948
83235
19274
23047
5648
6055
72355
18456
73665
12166
80865
62396
38666
38727
44464
7366
62531
89438
80550
21653
13421
4045
57270
28681
57167
45737
76702
61524
75327
8194
57630
69417
25018
33631
16455
87571
87427
88952
34501
89624
37675
52054
62390
28209
62481
25555
88132
52021
87760
57169
60530
86873
27841
71750
6844
25457
76330
26598
19290
782
46753
19177
85475
29386
77664
76430
22606
74786
99258
90324
87518
78372
33781
62161
55337
19248
15073
44141
66998
76318
72311
63749
23736
97048
25780
30947
23838
24729
41673
92570
92295
89070
96756
66917
3663
65898
5430
71696
4347
66074
68821
97607
11090
30635
56014
3715
75281
77515
8179
23851
3383
52099
96261
85455
81413
22430
69288
2243
38357
10025
70982
50979
97787
85264
39833
69967
4783
47189
90443
20415
92005
23272
9993
6448
26254
22070
13735
93054
140
65766
17487
81633
15021
32048
40577
6794
44911
30117
45924
90555
77305
3890
55360
32616
50745
23036
30676
22814
62019
80277
22281
71168
93932
30676
89324
58163
98910
21447
45659
79753
34395
26423
27830
9985
30487
785
20289
37007
78782
40868
35972
40851
27923
36876
3559
78364
45150
34432
14165
98597
34440
38047
41068
1142
39569
55739
12711
38010
9188
95716
39958
71428
4125
47269
19346
60828
78768
70290
87545
13481
48911
3482
13457
24134
88251
77156
29230
23915
60375
37617
40411
60768
15224
36507
55090
58977
31960
72089
10489
59291
33673
93566
55663
40447
17879
44161
13486
88595
82107
80670
74269
26699
76160
61857
45105
34984
75993
6698
61092
28448
89320
54239
18103
6225
37384
72566
68085
21902
5190
77364
3176
55101
17340
88225
20830
44855
51053
14458
8926
72118
40826
17182
81301
3376
47411
38606
7960
62816
58022
97068
41163
19652
43025
6686
13454
73437
30747
88650
7764
90124
50648
87837
98218
29765
85018
49306
35538
44445
34943
8516
37590
94575
23038
25940
2164
59723
19361
74802
86565
87462
57292
24426
65090
51940
70837
5942
71106
65885
76227
56692
6456
64387
72575
71819
98914
95758
51612
67295
20478
66226
68993
90421
2277
39508
85996
9996
32775
99013
10626
44200
87275
18849
83693
23203
41376
24234
30633
12738
25922
31316
61650
73266
2294
83769
7874
65109
65374
42458
24731
79006
11545
48422
32560
50348
18148
91068
9456
16631
73266
56772
12711
78367
34294
25792
29484
43501
443
43613
71680
99947
61032
90179
61049
97644
48584
95234
48566
25250
18226
61605
83192
91748
81225
89810
20446
78934
51588
63137
80990
78789
40679
78760
39070
84980
2603
57433
86042
64314
17668
67557
45696
49281
66280
1029
69870
71057
91454
62484
12513
74148
84102
60113
97946
39638
5445
93236
33095
91712
72975
85262
43430
888
42040
82823
59246
39751
82273
28804
15539
12116
66085
40064
6004
34547
24205
59909
21969
42814
14185
47911
35376
40524
66706
15366
54038
23061
23548
22843
10247
90709
7545
5070
92486
95288
54957
62907
27835
1376
33319
5505
79044
84288
27814
41199
30663
66494
82524
93999
61404
26896
93317
99105
73550
17819
95837
29865
17792
43969
11706
52180
95022
2049
22457
97236
27025
91334
70885
65352
53395
43295
90995
73047
97051
1730
38482
61087
26206
53906
70081
65957
31612
64646
7328
15993
21733
68605
96548
49648
7288
25823
65128
37301
19095
384
13715
62254
39020
89754
84205
41051
21919
92753
46546
58582
42745
70553
69585
36108
48858
30995
46717
69205
84477
82640
69247
44534
70557
38446
22568
57020
47480
46229
63523
1783
53461
16037
58775
24604
91142
13843
16239
51764
34597
9186
93114
34383
82737
9462
48884
56671
99872
39772
30587
70432
82699
85174
89107
61055
8055
78368
59869
58655
53364
25869
45813
16160
66883
34839
86673
44745
33611
10978
97762
59440
75215
36891
54264
13186
674
67358
14360
77851
25647
58890
47812
66888
8334
67429
22938
58446
88611
95456
37946
45579
3230
33272
3778
88041
16019
71409
63191
47276
46824
88260
35232
97132
5675
52041
85093
57440
42858
17117
80241
78766
59616
14231
57653
38067
47426
40324
65402
6340
95203
32342
92374
89865
60373
45310
69405
82094
65922
5167
55114
58411
9393
71073
76781
91291
99742
64980
34288
96125
6354
75991
32915
56014
90240
53854
94472
22193
11406
13048
41046
68139
27396
39919
14941
61593
15182
24906
42672
57889
84982
38282
78235
97113
96022
12645
46079
49455
33110
41668
46326
74967
27430
18583
90043
23533
11120
80237
14659
19354
5326
90979
10606
48739
26406
77535
36057
5642
79907
48932
79682
63736
74279
17724
80346
66472
44213
28569
9765
60656
91788
60314
38247
86006
53094
48926
66913
16383
86567
8207
87303
68635
52454
26351
5413
97582
96385
45374
63267
98741
33356
30149
70908
25396
42782
75377
17729
71125
98081
25215
15919
56937
55819
99651
41850
57543
56259
30095
20850
87684
99018
68329
3833
38412
83398
14443
31143
65030
30520
58507
33455
9105
69220
30030
99420
98827
62377
24592
26697
5987
31103
88511
59253
66665
85439
49700
55217
22584
77040
52521
14302
8306
65167
63942
1501
24289
92204
95697
1222
98803
12432
2534
17936
65040
81950
21364
49582
79541
7992
84850
18007
71148
68906
89318
34137
87431
4826
46115
8400
17922
73906
93885
59232
67248
84151
687
8411
76545
23443
46479
93126
50649
27347
26217
30934
34508
56499
62245
64930
97948
17856
63932
63504
9652
29179
51518
10025
59577
85549
18123
71757
95927
86249
37166
23996
98750
9201
50527
4719
18847
18592
30777
33224
87738
99623
967
27702
10621
57706
51372
55578
38855
35687
84576
81359
18339
21875
6201
40361
83978
60889
59521
48402
94135
78718
75639
55510
59621
97500
82818
61042
37269
13060
18258
48531
13569
78258
61859
13220
39975
96497
5487
58070
91768
345
64623
37789
41347
61291
21452
72365
31658
30825
25392
20766
47649
2247
42781
50265
41414
8516
2139
6154
48553
64589
78704
62675
27064
46218
93724
57318
22168
46361
21090
15160
56894
49357
61560
84062
89361
19338
55949
50550
54462
59833
35478
94554
77662
80059
47822
98512
5103
88014
20498
18090
40880
30575
15267
93703
43464
77880
21701
46171
17098
20777
48097
31932
5256
72216
59579
79118
95601
71821
5830
21740
18495
2683
14837
34277
93278
59374
57849
24729
70033
63086
87704
45487
48083
