68975
67313
51349
93608
25941
92924
544
97268
76600
81605
78206
37191
39753
43287
94221
40305
91115
34429
69629
53075
9906
30002
57948
71358
68279
40938
94567
76229
80733
23003
73
36341
98752
23334
60813
35658
48505
80077
15639
66008
78282
60830
95665
69715
75017
44944
61461
65903
59918
61825
24974
48801
92655
11617
94229
63366
2944
64091
183
780
28849
11703
40618
86845
74309
38600
61539
6048
69695
77679
2008
85673
23524
18324
42893
55399
762
69349
88200
23309
78297
64245
67666
37163
96385
50487
9146
56498
83892
4217
4099
91191
62091
15128
62656
80655
4614
71841
72486
48951
32882
89246
45233
84331
13135
15767
79248
88136
75979
55720
62245
61031
4836
10968
59757
79777
86017
91841
27713
4388
11208
60329
26150
63835
88288
43421
58478
10281
98366
78085
12383
78842
12895
12899
42082
98377
53049
85221
78192
26387
35214
26504
70770
2464
13833
90502
95473
22221
50604
63078
38002
84615
77368
59888
71939
36160
36304
44292
38708
85079
60405
29489
33773
43544
17826
14511
41293
16459
6104
42195
5295
70433
92980
38334
12584
51972
91756
48247
16921
57604
59768
26669
68671
49860
9769
62118
9087
38473
86260
13320
47931
30593
70453
65104
58327
77828
8420
68399
96005
98837
17829
21143
93345
21207
40471
87991
48362
67462
23942
38577
1745
53704
58999
76112
81068
30260
47314
73477
68576
50758
44958
75974
61367
62995
28672
23791
14261
25875
32954
14322
47569
99648
50385
20240
18053
54956
94916
6891
49714
76957
66605
40594
72706
99520
89996
36760
492
8119
97534
60109
56944
98197
93735
60648
84677
97811
69305
55236
31880
63152
41968
88640
38899
91954
30111
62871
15330
97186
87712
97355
73731
35943
12877
96620
94861
20015
54026
57554
45896
28655
96808
1557
7957
90033
53625
14890
72292
29728
45652
86129
7666
42168
22401
55883
98287
61585
51824
55942
61765
40836
22193
62767
91642
12396
63132
61887
95802
65600
29454
56353
38912
93855
74752
9890
71130
60144
12291
37392
72252
66288
83108
97855
516
15675
34198
40174
14375
14784
14555
46105
44927
56937
17318
27418
66034
59398
37667
41102
62694
70096
44536
22514
66282
15347
79084
67076
93426
19716
31087
3500
29569
48299
96826
47742
62816
64148
48891
53165
8335
94148
37581
35792
79187
18599
91895
42157
98822
19676
24176
29630
35240
35497
30220
99431
33720
49143
58004
42370
87471
51634
89870
19964
92749
5425
21566
86581
41611
64995
7211
61266
44529
60958
75151
40088
18246
25026
72608
43437
9462
10200
94209
39135
74645
82332
26393
63528
6654
93397
53907
78568
45866
54663
47550
1844
90637
92683
97810
43260
96369
23612
71505
5980
79677
30732
65683
81245
18021
25860
69765
18219
89902
19666
87387
12456
86991
52553
82402
88959
28070
24740
58184
97642
8818
60073
41793
15277
43769
36981
53571
22457
9637
37078
55121
28611
45588
36213
46173
88684
8214
17361
92896
44062
33910
37298
19884
44347
96885
26065
3789
68750
12081
41632
96989
93595
48037
50918
648
96525
51418
92188
58395
63253
35266
61693
18079
80632
60868
56739
99528
85601
95003
37532
57231
16056
47468
14603
36916
99968
50465
84739
30444
23055
69695
11042
39487
43774
89047
78313
6551
42944
73406
99724
98314
62255
66225
15128
60731
99838
58530
4395
26574
81126
93799
55824
89087
91160
69598
66176
75
88056
55602
38203
95329
46817
69806
62504
92782
5215
2365
2431
25314
70712
39112
65126
12133
24127
93769
41303
45192
43308
78068
25094
57058
28176
58896
75346
471
33891
10615
46545
50462
85371
36057
31870
5354
73999
55777
71878
61420
42004
83584
58117
36638
67257
89212
17601
39314
89915
59217
63188
41177
68925
7666
19660
4929
28692
13319
83119
73944
96150
89729
227
38158
68145
27083
30399
31632
48628
14755
78582
40240
38061
63016
58028
17026
17009
29796
28610
66432
4834
46880
99071
55941
75031
16973
53219
89289
72671
1872
83977
63637
61253
14498
84342
90895
97593
54631
97185
26035
60565
4335
43829
70715
36930
70931
20065
82896
22748
24950
30652
64675
21574
51057
54820
57809
14523
75668
80588
16548
30740
78183
79752
91631
13158
98345
46741
50868
61603
77515
71441
47569
67227
77936
35480
96970
16370
75250
29923
66820
20456
9645
35162
9882
41251
95075
94642
86924
46538
73078
67355
57577
96918
301
23273
82388
41430
45992
17228
96549
5078
26915
76073
65756
77498
28945
45364
2682
2646
14911
42862
46621
53599
12530
11867
53952
19041
97640
41223
77211
90060
9361
60375
45349
24940
36205
89959
95751
82016
29033
41925
35730
24458
32478
71218
53277
98106
25765
99288
42565
89548
41028
96872
42551
94728
58148
4859
48131
69426
16233
6821
90652
46572
26885
75319
64856
32783
7581
66987
86926
82093
32164
15060
50439
36252
16150
36017
26067
41379
41857
17903
893
18300
42466
69211
14803
43330
50584
6410
14073
43966
46825
27820
77777
29152
78138
47253
65304
65264
42750
15980
91904
8986
46431
30258
1008
39419
4428
42259
82050
30987
85596
81813
49265
97790
90335
64099
41971
29062
71729
65502
90121
45733
23225
50861
45910
10192
16819
19785
49390
24770
61550
68643
50817
94468
8386
68018
31042
52314
4650
28297
68471
22826
65981
58436
29806
27409
50332
42698
83030
74939
83794
88251
18805
107
66859
16539
35561
33530
41553
60372
60754
23419
52970
31057
76397
199
72132
76168
67171
36410
96814
88829
64582
12234
98926
14871
19679
59451
851
9816
94045
95441
17591
20708
95670
14422
83026
38297
58460
46103
84651
18071
78579
5521
92283
3223
44732
15313
22123
1465
95320
88702
81782
79447
36343
20591
60516
34227
21826
97601
86006
55645
57449
95611
28368
13795
99526
14879
81969
8207
23924
9740
31770
73876
29946
10397
34984
6800
88103
49843
70713
253
5395
18382
30929
12619
76020
49604
3587
16570
7614
16587
87240
18669
48259
91972
28688
3283
62699
33077
2500
40329
66928
48275
41604
63451
87996
3670
32678
33177
63663
42189
90512
4041
64398
44005
15070
58940
99273
38247
4506
93949
35070
98991
50768
69276
70186
60819
40331
67101
91628
64657
78964
28867
27536
8490
11966
86843
37516
66305
30750
21826
73519
30819
94977
53911
60507
34268
70095
46254
60740
88635
14761
32762
50034
41068
13340
68370
66855
2246
1943
13310
11065
28718
40769
60741
6517
69258
7235
90538
77924
53733
50406
24010
65275
88420
67656
12005
76131
34344
73403
4081
15780
63061
91496
57416
97747
42268
85677
66085
5342
13658
48071
66452
87752
41431
95486
21478
30194
56373
6888
8552
13855
88107
96464
70050
50223
6153
32275
47141
35518
89963
59633
34240
50593
73377
57386
73243
15341
47034
16272
77027
68448
73000
50695
74450
38554
1677
57681
92806
79255
40818
6224
82124
52308
41606
56298
12506
63726
21321
72028
60583
62315
55026
26796
6291
10740
81728
21577
36772
38780
32044
15717
98789
36052
99567
62445
81950
80814
97554
69702
13714
99018
11017
32915
87844
23941
40093
85311
8638
62069
52676
73834
80480
13021
31594
70978
60025
84392
68769
65135
21453
7293
68179
55788
3100
12340
25836
84368
93906
72947
55534
12216
69094
88575
69042
82261
64968
10013
54143
51618
26592
53528
93085
28156
35808
48568
86182
60710
78629
845
65221
86533
33242
64867
78686
64125
81722
2417
68776
38743
39608
98648
42631
2332
67240
97530
97637
54666
15976
66666
28128
27434
61378
33630
73840
57455
68048
32103
6449
40961
18362
63190
88088
99486
9058
38102
31034
97606
96309
77335
17763
49886
39341
25818
58075
55652
6040
28502
70710
58554
68543
9837
23139
53718
6953
79014
19452
81902
60683
1150
96055
16622
31742
20323
60395
43748
23355
66961
84976
22654
80676
32639
64253
92372
77193
41586
77069
83258
4774
32446
49111
47538
58278
95986
97035
38068
67430
68375
25812
72636
21837
33982
49655
50486
68363
33741
28722
63262
41834
38853
68051
97465
44809
6880
44683
16617
9242
54592
16350
37023
98325
51742
79751
82433
41923
37505
70065
90811
85791
3780
33933
10279
75701
99015
52536
85777
48074
39822
4646
52459
7416
15708
23848
26176
18427
64805
52128
41392
62300
83405
42852
39889
52122
25759
82484
26029
82121
2719
97543
91394
69362
97556
86804
81571
53565
18654
4418
93235
99575
9370
76332
87659
30725
59132
81381
25462
69671
49856
43862
76901
7139
51382
80258
55634
57029
25860
89989
50456
80133
73030
77912
41784
46049
26463
48581
16557
75923
56455
86300
22602
56953
67906
51958
35102
41850
94469
9623
62406
17191
47858
37794
52217
83892
23503
81334
68257
68856
59864
20115
96709
47567
68452
30101
22628
49070
74229
77450
96974
46472
38883
44597
37360
56087
29785
45541
81840
6359
62500
93546
41274
32180
9958
66001
11847
60863
66371
27574
62819
7686
71096
87123
57259
97448
82813
86171
91836
95759
3872
63650
35958
90422
22193
10516
19647
52334
510
89199
8280
32967
41429
29996
47829
92743
49635
26135
32243
94796
67826
40901
22403
24562
84662
85481
73979
80251
67063
53557
13390
86117
17303
93125
56449
46973
43618
59010
320
89637
49064
17779
76599
858
40339
52076
28447
9186
35439
17403
58603
12799
79047
40698
81497
93241
88053
4905
83798
57067
96569
14040
64987
63457
99913
26581
85654
60248
36448
67204
86989
25117
86535
86084
31714
27736
64686
85046
72714
11120
38673
81262
55799
24344
2338
76598
40549
45555
75930
84405
80588
22691
53509
25793
18936
35848
20028
42480
73026
37966
37350
69990
15661
41383
88043
64602
22403
50535
73107
38940
53699
32684
97863
12716
23936
27798
65960
53758
40531
48442
24221
82459
79744
8204
29844
45367
22339
61470
38814
51635
71058
12797
4897
58668
15065
50195
40177
45232
25316
30155
95042
83233
87378
77764
61994
19994
57082
26022
21292
38028
71203
1247
27685
89127
59616
91462
67451
22819
88024
69050
74718
61182
9570
52637
19432
85379
28363
23085
52867
38893
98427
83377
14034
5729
98632
47830
79697
98874
61146
77771
23979
67140
94332
87216
78246
52561
17430
61305
68441
74298
74231
24821
31701
82120
41182
41023
41963
11574
52032
63173
30036
60286
73134
1673
71412
60802
23221
87554
78236
26386
44924
25758
3184
48137
79228
93571
11992
48457
28007
66798
73693
60342
29518
85852
84848
73678
24488
72303
13683
25710
53236
57910
42870
98298
58312
76929
28406
94244
45180
34158
61447
88622
76334
43864
71274
76014
42242
38077
91969
97088
78530
25164
10449
4854
9958
43581
72435
34597
85734
97441
18012
30404
35765
56458
28488
8103
2799
87768
26444
52982
80667
43902
29229
75684
36205
87464
58840
95881
28137
88024
10449
56011
77610
89950
99652
39311
67326
92039
80738
29534
14891
35670
93067
72009
22231
68128
84752
18838
12299
97463
18085
18633
38039
78547
25054
76579
50399
71831
95095
39460
49934
96732
6547
27215
47226
57497
15901
91834
89591
36516
57648
55512
22082
90178
11726
6404
94436
59042
41786
951
31346
21074
6585
29914
57832
65925
94615
99755
55396
33559
42863
40347
73939
65232
19764
75947
25103
5147
64444
74217
56544
35084
2755
50388
44004
37149
72468
77879
37961
95379
28037
35928
33792
60150
25523
77234
71698
46016
67551
19637
4802
14404
52278
54907
56404
23016
69285
91111
48227
15979
87513
72897
21339
88106
88881
74105
70115
91797
21322
61053
20945
19961
94185
90991
6817
46489
57458
31782
98912
92594
5417
72274
15096
96088
30178
72907
33471
92308
86113
6396
8910
17370
52381
16116
3074
8772
53181
76532
64372
98629
71873
80055
19883
87113
92548
68634
48229
95175
56257
30646
5776
16243
75988
16236
80689
50865
79762
38662
27711
23267
24733
58673
25953
9547
2952
14893
44386
41295
48285
16505
3051
53683
59135
79649
95429
23662
69785
35431
36189
33675
25078
8893
58861
7705
30196
33620
48948
1302
65866
2084
50494
24493
38097
49370
15129
78644
88137
71097
65682
13724
95963
61946
38114
40075
62232
73758
50816
29584
8786
96841
57669
24721
64152
85765
37703
23644
70890
71545
6641
27284
35669
98674
854
28296
66507
34097
31056
23206
64883
9726
30757
99492
85839
55421
36546
77342
27238
90998
47044
53365
72973
755
399
90748
64276
21510
78471
5430
25693
51339
56327
7794
59048
55663
45495
6806
61093
5417
74908
67307
41346
11338
24858
10530
75356
48930
59937
35655
27423
27476
97759
66009
5878
48204
55043
43163
77601
9315
84674
58730
6557
18851
40647
65410
18110
15650
10973
77827
69203
55697
99628
44085
89654
29131
6223
6416
13628
86099
80639
5717
75323
44785
40819
9851
86367
75192
51578
10826
13294
95328
50658
53425
55107
39701
17364
50237
59525
4047
50284
2221
10026
58343
48518
95081
1696
45984
16640
14184
78277
83304
38286
60933
35915
76019
74671
79265
35057
45673
94860
92727
81232
28395
93559
82715
85944
65246
35464
43873
78043
32150
32274
21755
72708
41092
29329
126
36087
49288
28624
19865
38969
80606
48422
13611
79901
53196
54179
18762
22087
72501
46056
42675
15644
69596
85776
52519
33830
42213
82697
68383
81039
72415
71595
88753
59308
45912
89925
48424
18188
4965
18250
90212
40618
97428
79523
87299
94532
15670
42534
57867
98751
87415
38366
14292
57181
99783
10431
47221
44011
5732
32034
62649
43835
73797
96797
86557
15767
55263
52332
96271
8660
22593
98548
9793
61740
68931
30926
93136
94582
2694
8390
32215
41897
75130
13995
52887
99622
59888
64996
30429
89935
67110
75652
12885
9895
68210
8888
25376
96472
24937
21729
77919
4472
43779
37120
23475
95422
33300
20009
55285
26686
60963
49750
6537
98910
35057
20815
92864
28378
25161
77430
10179
94515
47169
24402
54357
68608
25573
89849
61929
45416
42361
32313
15284
96533
67887
36934
4168
87520
18937
84470
13586
59024
45346
60247
56170
67727
24949
90810
89391
77679
20264
17930
9435
52581
89761
51647
34145
9477
64818
7827
13277
63031
91354
6038
3032
52729
23623
15076
81613
30352
95799
58040
61742
93909
53637
41364
49699
34435
49114
60255
11241
1440
43779
20465
58692
32312
13028
29657
41287
45917
6997
25566
87654
3355
84760
45178
5639
61654
63484
88335
91391
18838
53596
90234
69684
46561
30994
54712
52450
39697
40766
78896
95808
91399
12348
75652
97835
66139
69621
69394
75186
3616
26825
59606
82410
42862
38877
39634
88969
75780
70982
90650
16533
98216
38904
68683
24264
66714
99072
45971
12965
91530
33631
12800
12695
6518
73310
38812
13757
78214
44307
87212
37047
31259
35377
43613
25741
25673
70127
61146
8281
26702
34281
92042
22287
95488
14886
57705
45936
23207
36533
33267
81136
99375
87449
77772
44676
66885
48758
68257
69917
8015
54749
35677
14452
84201
97996
86857
79691
14352
22841
61619
40159
64858
64850
7450
2642
51380
72137
11950
92697
33079
20289
66398
66364
56210
89977
5823
34208
1792
82252
78531
32618
38015
32335
24007
67262
18444
57474
21776
37608
81420
86340
51691
39747
59735
71848
58145
77176
51414
7508
16729
71315
16835
45741
16412
69991
81208
82178
50375
30991
97780
30192
72041
12189
90258
54840
85325
98934
54995
96494
48617
3605
6218
67042
33384
82436
19888
32570
75802
92871
90172
2887
53470
48649
20608
38982
52366
47946
38155
77204
88340
89439
33273
817
14587
3212
80437
57859
81813
69322
60342
34904
72133
91042
44684
99970
70245
32512
72974
77831
25913
45343
28284
75191
65108
1356
96470
32427
88734
74705
36679
92759
95907
51756
49204
14309
64865
91691
21737
29705
3845
47082
52059
62509
71434
5952
55866
84374
90630
79742
91498
78403
38039
8573
96445
94414
2196
46109
15563
96969
30592
22081
50831
50080
32667
81002
79367
32942
54726
67312
18204
48208
70030
92399
88496
24787
51821
10183
11984
9807
99642
86795
15238
87361
88397
87227
60993
44910
17419
26021
69264
51268
77870
32319
55789
25575
8771
82934
57016
73345
64283
41518
15147
24515
56258
15784
59996
73436
73661
72572
35377
45677
27216
6798
99371
60842
69636
62536
94905
5757
87663
80931
56152
78532
5629
49809
76824
62887
70398
55045
25325
47218
17288
42289
97823
28567
84701
13238
84496
13205
44772
4076
97371
19592
7802
62641
27655
57379
66789
12810
43974
6833
41641
22654
92998
85594
61660
20461
43023
59432
15375
77980
52405
89979
40840
22703
93067
36209
88921
39086
14586
9942
81902
59702
58950
4102
85396
69718
37094
31577
91850
89818
17653
49337
40657
410
22311
52226
17817
3044
99479
58714
7992
71940
42615
95026
5094
69021
14167
47750
51186
58511
90738
39905
43460
99330
49263
61679
91549
80017
95996
41856
56379
40411
29976
35411
18565
52464
38388
73702
69462
50930
46119
82402
46704
417
86170
73982
8240
92398
97326
69232
73067
26905
32693
28821
47416
95389
7481
58268
33037
18535
59698
44978
63947
10752
30907
27964
1187
8700
21071
15031
71586
30389
21702
4566
4440
26653
34636
29303
77115
36663
48681
39969
14527
49327
96266
47284
59349
60357
64539
46257
56507
16337
30749
58254
34987
32219
8862
57369
71945
84134
87162
17438
20500
40787
4738
58274
95567
33101
79731
70497
5681
80273
27481
35113
78560
14875
31005
15022
74683
69910
91508
68737
48167
92755
81061
78025
94007
77666
5940
69117
96105
60723
60340
74016
4396
31411
29668
2287
44431
62948
9204
81276
92917
8768
20512
99057
13384
56012
6442
43183
39572
17261
54321
36097
51404
81795
58676
94896
68485
39219
31381
14270
51803
44550
82951
92410
74750
26290
80666
26059
77671
80380
38870
34277
39179
62640
49030
35246
7265
33787
6627
73809
29650
24877
84015
68021
37871
10976
40095
69017
16717
69150
59499
26936
57580
75189
43813
85011
73557
93991
7907
76949
53966
75516
98468
46985
75648
72369
67184
2384
37109
60614
48671
69629
65393
44028
61733
28562
29835
1925
4191
16333
2762
68778
52547
10295
84731
39926
29544
12096
54688
77384
81112
3092
54797
34543
57158
60882
57416
9194
56542
50039
46401
71513
8202
392
66516
11510
89554
77093
43389
66021
60834
51333
8199
9462
55134
51985
53695
14989
75434
56845
35911
93372
10541
60077
72787
36129
7911
51843
3623
19930
39602
20897
43264
82182
64924
62371
82553
45688
74172
6059
53076
67659
48674
90034
27997
88133
79100
91556
71476
19478
59615
56043
43720
70587
98317
16765
91399
82737
21461
48763
16545
86114
72936
89907
6373
96169
31778
95513
33968
89331
10439
13745
22328
10405
86069
48715
31452
73297
37666
34069
19150
22546
431
79633
94432
82640
25189
37714
66063
47467
44520
58626
3857
37090
58974
1835
9053
29490
48195
67780
67830
60213
48325
86391
65097
49973
2323
22249
21111
2313
70488
4008
55196
27220
33661
77712
37320
21413
41716
84802
72663
58408
5984
86990
92926
86464
86104
66162
2214
24128
70529
74737
46552
55245
81102
87442
58492
35370
81189
78204
95861
10115
74250
49911
68103
50064
54541
49718
7416
28738
78289
47592
76608
27864
54551
67022
23555
83743
41726
38016
47559
5645
82646
60105
28653
79555
98445
22225
70162
70276
5524
71818
2867
29288
35150
16825
75069
2679
95717
2857
65651
66125
23259
69971
51080
4747
39169
65815
12628
48294
67963
92039
67036
87674
66800
84383
23226
5649
97233
28593
25182
95195
22948
14007
39184
21492
99811
48537
62707
68048
27747
31737
45846
41490
88304
21505
38041
65122
68625
42949
94139
33466
69401
13643
2131
63424
60035
63685
99541
52284
87560
1211
85437
97559
63235
37978
96550
55130
60
58209
11556
54264
65228
14434
70942
8385
59329
93601
74493
85426
97359
76103
22210
96122
28008
22853
43869
60740
6995
84390
61986
56273
65463
11114
72730
80770
41403
38063
84950
35473
13559
7280
22099
34307
23153
42264
3023
5081
28898
35157
60667
56109
15771
59571
21252
9320
56204
15383
2729
13296
57491
21941
28150
37941
32265
31780
71867
90298
14968
87483
75133
24443
20179
11526
29265
31126
52451
15767
58120
42166
96902
81013
89099
8699
74249
91191
65374
52719
52942
63455
99045
82254
30464
30870
76493
58906
18891
51987
59518
74397
9753
89467
24010
10575
71912
1356
78194
42662
60836
988
2066
64422
85919
71072
76679
95162
42853
60374
97430
91942
73509
46500
94902
85572
24377
49664
52296
43485
61224
84730
26723
74947
23332
74535
3748
14413
56547
29208
52
10219
87049
64695
29559
43924
84214
62351
92249
1668
79678
38490
74819
48445
53827
58108
72606
68083
75638
12889
67020
11171
26703
57303
31344
24116
65469
5118
1267
16890
68891
68326
12602
77752
61205
45866
97344
57420
64448
31148
48075
41802
92083
94887
55475
74515
53443
46044
40327
83784
67424
32994
89872
24515
2724
85335
81965
53524
37697
69101
54970
22829
41690
88630
20725
59768
75676
61195
95103
53669
47340
46846
77307
41091
31324
16399
23674
78318
37617
44000
5243
7240
91332
34501
15674
42429
85812
5915
31147
35280
2477
17932
10827
79159
128
8492
11382
36542
93783
44461
52069
91557
18449
66502
55512
91722
29714
79034
99422
87530
29656
12112
60311
41047
29719
58956
60203
55616
39780
33780
93364
12939
49435
15052
70569
44272
35014
63425
68793
49802
43274
24834
98174
35550
59785
13807
42323
59742
41797
36374
38881
11265
81084
24049
88346
24730
159
48083
4011
97031
12427
21805
37439
17557
83489
42408
37297
65533
53760
97384
8230
14190
8941
8225
67035
70440
80512
2459
99961
94606
55648
15874
96376
6211
73711
62726
63340
91056
44447
68631
93345
17778
17539
8211
38771
37209
84365
70383
27448
64959
36154
36099
5163
75461
53475
15846
22603
24462
44753
16799
10417
77966
12509
95103
62880
20629
69201
74584
58918
51422
75171
21590
3637
93191
74661
26819
68060
17343
73876
50356
98099
87928
21395
47568
56674
94014
22573
84846
65830
40891
94224
78681
13522
72468
24279
74196
13047
92473
44125
36792
64197
74322
15261
13124
23250
10275
29961
89987
16527
56007
9187
37184
30395
63878
71051
20057
28184
19523
8908
27275
62265
90116
9946
39576
31061
8394
1543
92051
69127
1200
77017
43342
92664
32143
18118
40057
62360
22261
4426
20941
49309
66656
27909
96986
86883
53234
53910
52763
62600
5267
95636
11158
7235
78162
62274
36508
95135
95510
46341
47038
46642
22134
86403
45680
67409
95721
80445
86863
66409
27874
54807
30051
66116
87646
26961
22273
84050
89942
7880
99011
32570
80261
42134
68486
1876
1527
41550
82811
88623
41306
30482
29661
87515
8130
28078
77736
54406
93840
82841
75323
99567
8277
95778
93772
12890
64687
34533
65895
31705
32060
5314
34056
66414
26372
38708
79525
21699
13696
2233
61092
5794
23714
29915
17110
15989
29001
92266
71121
97887
11233
54118
29255
12829
77423
58496
1676
98537
57410
56321
22050
40323
18648
29126
94137
86243
3460
96219
17258
10274
2345
85026
87390
11998
62916
61163
53796
25784
20509
1528
49383
49984
94946
50195
3284
95907
68466
3953
91744
95414
96190
47151
92681
80093
47040
71283
66836
8706
23792
54763
63191
51508
88106
37068
23992
86057
90368
50238
34424
94721
54291
21974
20669
5966
66583
77690
43816
60212
86580
38370
76180
34496
51149
25230
15772
77933
88394
98550
36513
85118
37372
53439
50025
93048
5049
20008
21034
61634
95018
87140
91934
24590
28639
25905
19061
22058
13647
61165
82731
57458
58761
14371
7234
70547
37308
31674
73809
1488
42205
9879
50480
37095
58737
74627
79355
84902
32520
12859
26296
11070
49990
82687
93903
41777
28191
80975
40178
41755
792
19610
19890
47138
85757
77469
34060
97477
52754
62989
29900
66670
23229
1136
65209
7836
37296
74175
42778
47003
28393
27111
20255
53185
45251
7330
2232
8081
75732
96945
76673
8672
97477
37390
23219
81440
43827
33977
73
94324
206
9161
11907
11746
95608
1208
82758
64210
50758
45489
87963
37459
53575
77304
85248
85404
6103
40478
24075
69208
53317
96651
10240
71903
68780
76977
29300
38709
27626
49439
81419
14336
15032
6186
15835
66522
10565
36378
17234
59020
43961
39158
43421
30842
75095
64470
9065
23983
88569
1714
26828
5684
66745
13961
21806
79050
61827
986
90031
41679
59450
82851
17213
64641
58656
90161
51885
18836
53630
77658
3820
41116
49571
68605
24444
4373
43442
1644
24904
92886
8044
86827
21823
42215
48014
66037
28548
86814
23637
97049
5270
97771
22122
26170
29127
86421
71462
51074
76961
78661
17992
87706
5483
58079
81636
92583
22686
16011
4443
47320
90068
42108
1983
58115
7837
72173
47518
14398
23939
57401
57733
81238
39356
44291
8341
83427
23762
20553
94390
93003
98877
80242
12463
87026
58208
63141
74824
19172
50940
8348
67017
70438
14106
91610
74839
46213
42451
18820
61747
65854
2927
66678
66932
10449
288
80300
26862
56645
58069
64004
38210
61701
91527
65056
75512
1120
77862
61687
22104
48542
23318
13256
28397
24968
15952
27898
94015
77532
4997
51251
34902
98252
14476
38868
69661
2665
8265
32298
15360
4581
57129
35857
87892
40900
85398
34325
45554
79376
42875
13914
58177
87661
73995
72760
42669
62556
95022
53432
69690
87121
22949
31913
8673
57997
95397
75649
321
63584
87941
36022
855
18301
38051
43544
77863
54579
69344
73375
38978
48860
74366
7326
26460
44918
20178
52419
90448
82259
88852
50763
92638
71865
96857
69389
69760
54251
97045
9072
34910
60029
26362
93151
53116
59184
97423
75210
16951
52580
19353
95703
71024
38871
72236
75041
83533
5769
52083
69194
69992
19415
57935
41292
99887
87963
35821
42397
62359
22759
92271
61097
12051
64220
41404
21899
51671
50141
63410
28971
91680
36466
34497
59239
63784
98068
65298
25223
87341
47499
60225
63550
22957
42999
62314
77280
54172
10481
68661
80260
6510
61470
16909
25214
33054
55725
14130
2131
54289
99986
26752
25515
87544
97386
89460
4888
21933
50248
96599
39949
46656
70887
24816
16671
31658
72309
68257
86677
85537
11616
63205
41484
91106
71707
33648
36168
8726
13676
82078
9750
12452
96832
55257
9358
74685
58927
68143
16814
54120
54539
36378
80121
36503
79791
8211
10361
62785
28148
32142
86389
21475
7940
7843
66414
87576
6671
75386
39379
15011
68720
92130
63065
49620
85012
34008
59357
42741
47806
71141
25502
3572
43951
29079
74125
5753
45676
86049
63202
22110
95366
5371
87161
63060
46855
50850
91943
1223
54779
96100
67020
31396
4404
20032
74119
19637
92536
33335
35599
71924
60768
71991
95712
61870
49581
80808
73071
15141
68618
57027
36490
77667
43599
86698
46737
34398
63727
13852
60008
93208
79734
44707
66162
9641
70919
57754
67674
31676
69981
75454
55169
90938
43688
83973
4477
31869
84458
33629
32089
65364
34085
57465
9878
85158
53700
18
49569
74734
27221
5329
30392
58863
30695
1875
52689
69527
99044
40124
1290
72565
22399
12914
49930
23090
22853
7269
79767
90595
81123
22964
77312
79358
34458
50310
15271
82404
23497
14952
59567
96881
48595
77126
1243
89650
35967
7880
46792
95655
83247
49653
24717
82884
27781
25658
30378
55613
55913
58512
57217
69820
25274
56699
28689
83924
55352
79288
75015
45457
89715
91623
72062
81526
90588
85794
83350
9233
87803
93858
28029
16729
32386
50125
77096
51106
32718
68343
42177
14169
13146
46347
98311
20942
3739
42285
62680
15188
89823
63092
817
19140
62400
56861
4889
61060
44559
1080
27368
15444
23325
23893
36155
20470
86636
39040
16410
43919
6338
51767
68785
47929
59891
30916
75625
93358
58214
49659
80591
54979
67603
12124
90969
45501
16275
31464
57792
8110
88960
26207
2451
7886
97273
58817
48534
31147
8521
1728
97833
60884
56750
60395
87543
78424
61982
40031
57773
12249
28136
79045
19483
74840
44829
69642
12946
48769
77608
77784
8491
61066
95968
24243
13786
44862
21053
66955
85241
50441
76557
15894
55674
15410
23288
24043
3393
99034
75658
7054
41249
82534
36370
40481
45418
75025
17718
63612
95236
82440
51205
65377
43606
5700
36440
59932
45893
61356
40492
71208
41149
21016
9025
60568
63463
40237
8695
74838
27497
41664
88315
26424
67036
27603
83042
47426
54357
54501
46829
38053
59974
4852
87345
8898
51881
82395
93748
2319
4625
96929
54856
66766
10043
23904
59907
56966
55361
57567
1996
86947
73519
34335
36491
14070
7180
86455
75181
92128
11219
37542
69559
14988
7772
27238
51101
79480
19922
56689
72996
36401
23193
2431
92316
97574
13910
66761
14638
55232
76869
71402
36353
3827
61769
47517
51771
38683
69373
81516
60339
83032
73743
74733
4817
2794
34036
5106
626
55720
93520
78035
64237
66962
7216
61686
53490
17861
75678
11807
53657
64532
7139
31520
75232
17923
89679
37331
21263
74968
58806
85792
16623
47786
73
31663
2442
88691
84624
86225
92086
74524
86926
1201
21556
11246
68782
80418
78768
5340
98365
74411
26926
752
88832
66823
98066
95910
15614
80747
64269
45064
65173
50518
17514
86080
43973
90673
64
97023
98350
27986
92357
95030
50545
9000
13762
97888
23895
91035
51046
69390
67029
68972
79014
15253
38243
54342
17915
98785
5518
79895
79976
71364
41805
66777
29845
26580
50774
97109
95683
54842
54017
13995
69461
36722
45648
13385
6941
27218
95268
84654
40501
25870
71410
202
68669
10530
29261
45227
54353
16693
33399
42060
16663
80373
28405
39153
85524
36205
51262
34516
70781
77993
88511
52684
4169
75751
12947
67714
11764
79506
9904
32013
9377
11765
898
70329
19136
41311
41895
10808
48060
26662
57776
88886
33670
21278
49832
38910
69324
64101
18599
53173
44247
70197
24764
90489
14869
11724
99107
30737
12719
77730
12970
3278
57855
76231
86749
32260
80643
16906
31830
34565
54465
61193
22318
56436
77084
64015
62408
74960
87458
79650
26103
30992
76497
95047
49808
76368
81143
55383
21696
73840
44422
54163
7169
37124
59100
90717
32139
33130
9196
71889
27975
64616
24693
19079
16817
33647
36254
68777
17051
59999
28972
15525
44557
9383
62167
55233
24401
67575
25064
8730
52170
46193
80507
30952
21856
6703
97056
68611
11580
51706
99334
22995
64405
54094
39114
64971
8315
37389
8390
72574
23839
55183
52984
68079
92698
66600
70096
8694
30604
22911
46999
97734
90106
12482
66705
11890
29395
24925
48324
1587
36954
95069
65748
14026
30648
49256
72864
69987
24219
77470
7685
89742
36799
32246
96187
52523
47975
77449
31773
66480
36961
29472
36363
78075
75659
96349
58750
60967
84818
3924
62988
27693
12403
49599
64650
50936
4898
68667
4545
49998
89931
82247
91043
39298
35484
24684
13443
42221
89644
76210
23638
16891
68448
35994
43207
54888
3587
91263
2525
46041
72105
88592
14916
86411
45497
62668
36241
75430
29166
67917
3349
59229
79997
69473
14999
56118
89262
89049
44264
32805
76639
82978
4004
41066
82916
40492
80439
54223
26155
73247
54173
77323
75630
5300
83831
58402
77541
84616
60081
28238
99795
27171
54371
64467
14722
17088
40606
42752
17877
34556
96189
64624
85559
24309
71147
86015
40537
42079
47392
21310
81621
61774
50965
12314
55903
86556
84962
68184
54478
82473
24653
91797
35796
4582
98597
77193
44497
32103
46101
77481
9026
1477
94760
66676
90744
66696
72751
8776
39835
96003
46337
97170
53448
12592
67532
41954
71118
72663
72011
5659
60244
17142
89908
7818
97708
25023
6261
65441
20849
70343
7190
31534
8083
62193
28784
28519
62906
92637
82152
56050
98961
52895
20447
47572
70162
42793
14961
63433
61938
88733
63615
66626
87138
67591
39238
12931
35641
87645
75183
25875
70325
98015
43054
65462
23661
79143
4705
50573
92202
23944
89508
45512
76701
73390
16277
43206
39222
56410
28757
61932
35143
7714
34574
12348
84792
77199
23106
21443
16659
69019
78237
5287
22851
59835
30743
22617
58496
76951
38483
67480
36319
34697
5249
20486
62722
43750
87224
31022
37449
61148
59434
29557
75639
79306
7520
95561
17533
25405
66310
20768
7402
13765
14251
38523
67283
1912
84458
8529
72840
29526
16056
5503
48609
31707
60141
90855
31104
20491
74906
94055
16756
56305
98430
59574
55283
68541
72693
44554
80722
20433
58364
43801
17721
1299
61423
11184
30428
56153
37170
26078
98786
664
28583
74711
93477
99025
8594
29065
40751
26428
42344
38894
53482
39236
86383
66369
84441
61366
59685
52280
89346
20875
66857
50640
33274
43409
46553
19159
50198
92989
16791
65722
13221
68517
69029
12186
47976
79926
2054
33000
21958
24534
92565
12466
91325
96161
70063
97689
16219
81873
36648
26219
51939
77648
62971
26088
74484
40748
40376
52944
13451
4946
65968
46524
28314
77578
11646
25562
40464
19794
56875
80009
97056
4618
60873
68435
51758
76303
19816
96050
61833
38124
21624
71558
31281
3434
52356
33607
68353
79091
94445
44813
74455
32853
91434
82521
22792
27738
49782
15472
13919
80533
13371
66147
84240
70378
21323
66256
10481
62464
78545
75517
55172
14958
87492
15872
6597
8519
37056
72129
24072
89333
43789
93045
28113
20872
52802
60909
32932
14892
6423
45320
33591
38922
71806
74003
99984
48117
92351
85931
71474
78591
12990
40663
79642
58981
22633
74588
65449
79494
78081
59992
36885
68541
63076
63885
37054
83349
88781
96064
18247
89155
17877
87
22887
94479
50762
95261
45055
93432
85794
79539
97055
36742
55617
26953
70393
63940
62919
88764
45045
97410
98430
75227
29112
68557
13721
73786
57955
60661
65784
16729
88922
30143
79534
12466
93761
92846
32175
44111
95323
19845
37503
98780
32544
22672
39168
72232
60678
87797
73084
76093
14721
85376
45865
1760
38744
75530
89975
89709
75113
94558
7720
74817
43873
24105
69359
79644
79869
37523
57401
20276
87156
97354
31191
48179
61085
53396
32176
91734
20696
79630
64140
7532
81870
46453
5633
81414
3439
80576
72799
74623
94675
41934
58859
35841
69711
81818
52429
36095
7417
27355
1089
72067
31548
88275
16353
47626
45148
31528
6624
33548
25314
23271
44104
48420
99846
52228
22197
7520
69187
86004
28156
30128
8132
13661
14336
55441
26104
14091
53742
19719
85292
53881
12608
2933
15891
16348
41934
68399
37439
45882
34599
72325
68428
63329
83269
97235
4034
596
3165
78678
83974
57173
49945
47010
78323
94503
75156
14865
98687
90252
48582
70429
54978
51443
1235
39909
6754
68072
49498
6252
41059
18903
68155
1805
11186
53757
42463
65816
15030
62326
98655
17991
64941
57185
69407
17177
66770
33314
41751
13632
57645
92956
40123
95746
67168
64991
22586
88944
32601
53552
30607
32509
98394
35012
65160
93592
62881
91316
99364
76883
40812
47390
68934
87738
74800
4702
21640
64365
40123
15167
14041
83224
90540
57980
14750
21267
84722
93843
56532
2948
88641
10153
89256
3087
24962
90334
32299
78087
63018
4597
75592
14246
19351
52135
29443
75900
28072
2995
70298
80131
82737
70398
59810
40565
6916
49558
30710
34304
10436
14379
87895
93098
71571
97502
92007
37605
3751
59135
59972
88139
89772
77897
30638
97156
69875
98666
31199
84236
35031
73072
61027
9458
45766
31860
67941
2211
79662
56794
32280
40879
54175
61284
85010
57072
42917
21065
10920
48936
91033
4849
77616
94321
63270
56780
62405
28520
64022
53350
89632
20437
93248
6214
51397
57355
85505
66855
99090
58101
55440
60634
77945
64339
74827
85556
38145
99378
31120
33018
72648
30768
54509
59520
91839
43068
81337
57306
18673
84715
51437
2542
39084
48187
12847
23883
18503
13579
47113
92262
62946
18577
8201
77303
33674
59274
30046
90035
59345
7530
49434
67551
16253
26831
6289
65017
44098
86263
46271
92543
35404
87534
57644
44780
37189
5229
48004
83449
87241
36968
39750
72528
54079
57
72489
71241
44020
97045
21197
63185
87709
14977
89247
63855
96540
89829
5036
29316
64935
42578
49497
1470
95337
2938
52388
11519
59981
82289
60061
52925
43551
62078
85422
19326
44541
49607
64651
46250
95178
61780
44022
13034
37168
11723
35177
83620
82952
9881
54660
15635
62136
93968
85456
88726
33221
5699
82786
83133
59660
73710
69279
68269
95490
63053
84633
70939
38152
62317
20620
7147
77104
20929
43062
5746
13975
35179
67538
68128
14715
83246
27660
3979
85208
55761
8100
67845
86340
61754
97154
4999
61926
36185
18350
33309
78902
67496
85300
5289
32219
54597
31489
48248
45555
68891
63740
72807
69280
59725
10980
1370
73333
5187
66776
23355
45478
98659
25345
48171
90541
8641
12891
88284
15840
36983
51912
71952
67135
22845
21363
27772
48538
54940
7453
4708
95144
69522
47850
55869
56048
69892
98541
75433
1939
71528
62244
33642
43465
98833
76594
39217
81626
60187
35525
99187
99462
93996
36632
49810
80270
54285
21890
66133
54507
13967
64207
81955
96480
19939
75625
6381
37287
55335
34696
18985
34543
3551
51246
52480
68000
60181
10475
26367
13947
36190
52997
24669
63148
20343
12903
63033
31440
11904
56519
65599
36741
58080
72427
80461
69454
88960
48928
2727
17672
71144
61788
85795
63582
21025
53909
2369
47985
93307
91191
21491
41681
57231
74995
74209
91439
77436
11879
25242
67479
97434
25352
80616
2621
77798
36513
23792
4703
50326
97570
39000
81308
10507
11176
99612
59061
68852
29118
30080
18034
56460
66864
98236
22814
98163
48442
23072
33964
42009
83439
33150
27818
63512
81955
63811
6552
85713
93772
55596
99868
51611
56745
43236
62852
98407
44769
21975
43119
29032
65120
56423
23408
50436
34961
25320
69256
3492
1668
86692
91616
33953
65355
4096
99294
41750
71674
91913
70475
62301
15967
53420
58383
32356
79432
65186
3848
26343
68445
52936
35786
96092
48048
67951
15042
93023
6037
10367
27684
97702
8338
86780
10303
86841
91789
15812
10756
29392
84332
54331
89479
15734
41739
88164
88807
31259
2082
4609
20654
86481
23342
9828
67311
83314
49839
73561
29632
2842
32129
41221
59914
75553
45004
74692
60856
24096
67135
9612
1621
57584
5301
38040
5761
84065
97034
81897
6679
3434
52658
8597
88827
40167
33724
20934
10035
29370
95236
16961
2910
40704
50175
86284
29037
59359
15583
94659
31367
73018
86768
71571
80963
16112
28881
71351
25474
43092
41516
30768
47974
5967
63528
71635
55226
74657
63037
77977
78706
99007
40276
46966
76894
37681
73295
39004
96295
45045
54653
94221
40633
13039
85159
88195
45372
65206
58725
41820
8144
75437
3384
23587
19927
34961
24990
49206
72063
63185
87393
26031
30240
80239
47231
60691
70699
49959
13298
80602
84662
29888
89729
85895
9933
63194
33683
88096
42065
44281
166
91598
73170
84529
7251
51673
26478
44008
97846
72347
83854
75674
28410
53555
19427
90543
63586
82038
43410
72345
42741
69969
70849
74606
94050
16287
8498
38693
31952
87803
39665
57852
12252
73714
40949
29867
25700
44952
9055
29831
18710
69447
17636
62872
28246
52059
76176
32385
62907
77133
49118
18475
55963
87221
75947
18396
15146
64806
27345
96065
94336
72378
39022
68403
74048
1335
25605
71097
6883
78456
1762
12839
14913
98770
54013
86870
84982
42135
56428
97675
73034
74106
46244
55835
24416
87861
41434
4174
7532
99549
94917
82748
59368
1566
52937
88642
61176
77648
44404
22584
71959
61709
4111
41959
44226
67288
66567
50313
13033
67431
60502
12465
10374
13598
29216
51358
39098
23262
59186
49648
93421
47277
46161
36029
86000
88665
46135
17071
1719
75659
62713
47006
1513
32885
86346
87205
32721
61979
17182
81840
93807
97244
73461
24265
18924
59465
80318
73441
73615
30231
39456
14467
88903
46497
25338
58504
53653
64646
6740
93900
76080
21068
26457
94356
60145
10646
54089
13776
82978
78446
44944
87893
1415
82212
31244
58231
24082
8762
79586
72156
92468
67686
61897
736
31558
23598
99118
13974
37419
20759
2667
79058
24500
49106
91185
50338
41110
60955
51857
39644
85218
21341
85799
81339
58189
18065
14025
8681
13707
12354
27857
99048
42146
59527
1620
29626
40632
99906
57328
52511
85844
42502
34098
5000
39948
47787
31621
65962
49701
1738
26987
40716
4667
27671
87186
38346
38306
33471
87495
39383
80816
22734
89604
71091
56826
94728
59301
22664
34132
98773
68004
83937
70273
77
84178
60303
19956
28856
43048
82618
34598
75922
17591
80458
34380
1081
81604
75117
63437
42211
41973
76738
18639
86737
74985
45309
49350
2981
39056
74494
31943
38239
40592
64624
1267
99995
12558
89377
24050
42204
56958
24557
90134
84522
95992
57509
59266
52910
30348
44878
69006
76628
90411
46197
88734
92000
57324
65070
71941
67896
15702
82282
6402
77811
39673
19467
87903
30695
42076
48070
6018
95093
86999
37134
8807
39218
40801
95995
41722
46335
87488
75887
20462
8879
40204
43933
85776
57756
22556
47995
71936
48905
32425
45093
16522
49303
612
75346
81631
35283
36114
76946
21237
29408
40821
94566
49010
94117
26567
8963
67861
94404
53581
41897
72709
95856
28731
35730
48736
3025
2315
28085
45125
31228
65982
24405
91658
74975
88899
35823
11726
50577
9867
16688
2361
49607
69154
42115
8036
20253
14792
66075
29617
21224
49740
40927
61790
29961
66878
49670
14387
19931
51133
36814
89540
52577
26747
12099
14816
69160
91930
95926
53769
33507
18463
39704
59652
47872
14695
79410
94317
38546
8044
4936
92491
27535
71692
29225
64030
70644
61147
78999
59001
72930
8830
12445
40228
51586
76384
65637
55408
76526
51838
13115
96357
50957
68308
54154
15607
89134
40231
87779
19627
51729
29396
16908
9771
92847
89773
68672
95203
14362
55127
157
11066
4046
17597
20278
81935
67532
16282
1700
16957
32327
64559
86410
35942
34642
66601
30522
12644
37544
86648
94640
20709
14987
81931
78059
36420
43537
53703
58440
96948
72733
57141
98035
37663
72073
82429
2270
23887
9647
69988
91629
30825
49075
27873
26771
87013
11573
56975
30660
71286
44376
99803
66475
38578
10807
20139
74458
96675
85494
60441
67159
13201
13602
25511
77323
41638
69158
9364
85377
1529
59210
82313
8040
94066
43596
68054
40382
6608
88985
12551
43488
85963
41356
75536
55800
45103
20422
829
51521
24487
20033
55485
55186
83283
46410
35985
15650
58057
98923
32725
8305
88939
1973
25862
47723
93170
8064
56404
64691
3612
637
48907
95527
29001
90113
42047
23144
7134
36552
64517
35048
73686
29495
84688
82346
55733
81153
95348
14760
4667
87346
63599
92504
15744
60321
49527
98861
43488
82821
81851
38465
24480
46329
10442
11504
54764
17040
54856
36259
99481
51139
96819
96090
80993
72145
68353
19551
98339
85170
83248
84210
79119
75138
17908
83734
28699
11805
57541
26157
6084
21360
21585
85198
12083
47820
26723
69667
36868
89964
15088
2644
66340
71882
63202
65138
94354
40000
80008
94196
31137
32080
9812
58726
4919
91539
10996
96864
80180
45548
11429
30824
17555
21548
20529
76476
73295
42166
13331
90434
26914
88327
29148
72253
78251
40456
16491
77890
16882
2264
51522
5157
58636
41315
41849
65547
89465
23116
33376
24159
93879
498
23237
39696
44349
20480
91485
32831
92576
3202
99522
90263
27854
94879
14482
74729
44768
223
64971
79278
89615
88179
12130
8802
17761
14176
36755
91956
86401
35173
59168
1081
59284
77062
57628
45686
11984
7193
14262
93322
79988
82499
12805
48066
21560
97163
31565
47513
97744
10486
20866
5785
62551
30052
27231
63373
77487
56806
52695
33242
62755
69411
93662
9480
51158
5959
66803
76298
37340
32989
87096
64566
10255
85640
76429
17614
79038
91187
73075
49901
32699
59696
72060
97126
48896
75224
43192
63978
38662
95566
26027
12563
32207
33128
88946
82494
70212
24301
69936
71833
67136
46296
13474
69812
73923
79138
65229
80949
9447
22756
9094
24544
4138
17833
6894
71350
78854
19121
77907
38759
53929
3837
13054
41806
29260
34755
16690
14156
66346
46902
27408
21003
74642
16712
90079
67117
5661
50531
24263
51985
57987
2467
10254
91570
59972
60979
22632
4141
33290
77037
31078
54342
32447
59759
62823
22459
28104
66690
28927
2884
78343
86033
3943
94034
56299
89040
20945
12864
61392
39853
61687
48837
19695
10925
55554
31392
98647
54178
86339
6066
39458
65857
51616
49251
6215
70862
34657
43922
31814
15168
30731
78196
18891
48010
10463
71419
43795
58161
70031
30145
12366
74321
6680
8138
90934
75269
90196
32474
26177
30536
25907
52657
20840
27551
12729
57881
21369
56685
85212
4512
15780
646
84458
2290
96783
12713
86885
70173
2285
52228
64068
49272
77193
78915
42921
44687
97408
38552
31436
45230
56430
85036
45377
22613
46083
15421
65981
6686
9501
256
36616
9845
11665
4317
97670
678
83952
77733
79817
18323
93323
41550
60584
4794
42700
36598
72848
19601
70666
53219
94468
44208
6216
56466
45500
93955
4870
58695
80934
97327
62147
55230
81468
63864
77506
92584
96858
61349
71372
42883
6465
67846
57505
62104
72912
66401
81853
2708
96690
27062
17465
57045
83480
42434
79453
57193
58578
59394
45711
60935
55092
80765
26827
83112
69237
42459
41834
29519
14718
582
24892
73755
1923
6716
24948
52176
2946
73535
52500
32613
39240
35934
23376
13152
40038
22688
56645
64023
33803
50658
9069
97681
99705
17339
98624
70305
11475
3065
62664
23532
80827
90751
83302
10930
52363
9490
75549
29695
41344
69340
83196
45197
40017
81722
83700
8918
79209
52649
86237
30492
11621
7619
36533
48847
91986
34112
75941
19905
52932
98411
17440
89486
20265
21466
35354
34599
88357
66631
30171
75660
8512
60105
42598
90906
56049
37465
68703
60819
26920
76868
69551
96409
55034
72945
12569
35561
55427
47293
54808
23240
29618
12595
2771
72428
8812
34122
96637
15864
16916
63448
43246
59948
6561
32965
80656
99014
10920
75586
38134
16915
2386
34590
95508
67948
59816
86653
13139
56382
34725
14955
65583
71897
23260
63635
87275
53670
81154
8388
55629
50522
57390
3434
68706
69700
93922
67192
63356
65530
58693
30255
76010
30924
9487
40896
90638
20484
50755
3212
49190
14256
92461
88214
2047
30614
95489
28264
12215
70745
5413
35067
24583
30704
88193
84423
50974
31397
61563
4405
93252
80616
79736
35516
71359
86400
37331
50981
12952
13182
59794
32568
14317
9167
50641
12274
7590
68707
87036
7335
97260
10289
91227
35203
46158
34787
78679
81421
42835
20281
83860
3292
86887
34828
91254
6994
29246
62003
7569
56447
82506
43595
24947
74326
63591
67253
27568
83722
70218
74719
92262
75996
75906
51605
98691
79995
92941
93370
63031
66215
2691
99620
7888
14522
33738
47622
2454
78371
65196
23620
65223
97318
34604
27018
63752
22203
86717
92613
82480
12462
48954
61949
63385
12673
2441
44147
1670
89864
87810
80696
7419
13160
84626
52561
20513
22114
14900
51019
94317
34848
85717
42253
87808
5225
29958
17416
98079
60116
9357
83100
85916
28569
56635
54905
65888
11976
98431
35827
15266
77430
83867
53136
22812
36784
38362
42245
21995
76183
71040
38079
57907
45347
88136
21384
33527
37715
14275
19083
83717
1477
17726
77955
95022
61725
69800
48668
79274
85881
74998
75014
29847
13093
47741
4787
62241
98961
28991
44644
59666
15549
15370
82414
14724
49637
86987
44288
49244
87494
34266
62677
30619
22847
53494
81691
19605
32080
40334
75058
95048
70828
39393
67218
96693
5194
27898
70485
54659
80052
59285
47334
63989
5963
69632
20087
93939
67363
18192
92863
83175
97651
64748
55328
48219
90271
19877
20026
90971
34545
57944
33752
13022
44056
12649
62302
81482
61106
22516
1544
93428
24961
1419
27963
81859
58215
19154
60752
80911
96491
68732
99524
7634
60291
56704
2760
17434
42665
10735
60624
97303
54105
49003
82336
41334
72683
27893
63017
82017
84807
63256
12972
77296
99237
32440
67590
4674
98982
24610
89706
50218
32567
82292
91290
5201
42808
64270
21841
72686
85197
99988
97296
3350
70305
70191
32051
74264
89924
91337
55656
16448
25031
83810
88204
78967
20895
83585
62363
89096
23503
75741
79538
40148
40741
91874
94465
99750
90541
91094
21040
826
53777
38167
67803
17661
31504
71845
49896
10218
57504
99609
33028
41731
15885
37625
88573
15982
21237
17354
48715
4040
94638
60134
24233
41163
83390
41622
28021
61310
56936
17030
60946
23135
20095
21078
84878
41472
71205
52368
73652
8129
17238
10961
37981
31697
66099
57098
84809
8110
36060
74940
36704
590
69481
14404
95892
29901
41712
87582
46287
83081
45225
91963
22308
86655
23479
10443
11546
10147
45078
99729
12276
59532
89237
64524
75852
33271
98722
77291
37734
33290
59770
970
75306
92754
35830
25472
95866
66343
65907
68721
67890
60374
98395
55908
89626
53269
64760
47404
19143
57179
39205
68329
87220
74402
80519
21938
98702
13391
39676
53424
98589
84127
45093
49084
57358
27018
75161
73310
56175
1659
51217
64683
50119
28783
16272
41373
88408
77366
82223
81503
20047
97703
93411
3066
37250
19964
92853
57410
62293
18347
40408
42824
92363
26594
16455
6287
34783
28204
94451
4790
17902
97521
42534
92109
70563
55568
66195
30493
15515
82695
74146
19621
38619
19542
69140
86000
84261
67566
36831
88984
92329
55216
14227
91154
2621
79831
24554
61686
49185
23560
38207
40642
41743
24525
27924
44321
424
15050
10243
31730
22106
80333
90318
57823
6961
94533
3329
98794
62459
48029
29304
12955
26044
99708
455
12847
35552
68943
76736
28651
55787
55145
42385
6521
62950
32831
56508
63573
43451
89592
29644
26518
21206
64944
25734
53242
3753
28781
15184
14535
52077
77470
57246
5390
34802
69207
60443
6685
82733
7732
47324
98264
50794
49769
82719
88510
61670
22949
16180
76104
91204
21877
8457
97261
80161
37956
7296
78637
63147
11740
9976
27545
93998
79177
40464
56171
29885
84840
17734
78968
17012
54783
41268
92133
21263
5761
67310
21111
16930
6272
83390
45654
70053
76084
6508
47720
97036
11322
41371
39084
27271
8092
40289
70634
63738
19543
1004
54572
59475
98322
70638
63734
20308
95380
57481
82262
57440
88425
11253
15322
74358
69369
30334
99490
72723
73319
62887
35944
14739
79619
36781
94625
6532
44257
44175
78659
924
38649
57949
34714
67111
7981
44927
93684
48712
10474
48944
46963
61115
77327
7133
38463
48690
51283
15737
95514
35981
59858
54655
95797
84971
96842
55602
50353
15060
73215
52143
13561
24870
49912
35792
9480
15218
10146
20983
14321
11491
311
57135
51857
70395
41149
48783
66766
30620
62836
18206
76761
72912
41969
2825
22124
13340
67283
26913
92933
52550
93085
33315
93861
1847
70524
4973
37940
61007
61844
82617
44077
14226
89027
37033
35071
8678
1514
23674
73334
23526
76822
47984
16640
57174
32708
45190
50049
72945
67897
89558
71658
63306
32842
67629
85425
48505
21797
87930
930
87844
14828
89308
9416
98286
91839
86517
66486
51360
80469
2076
77591
1624
56723
88786
62040
1401
1689
56257
88699
34875
44955
56499
52931
90768
42921
55719
21680
71459
42377
9062
61608
46963
53810
85449
61024
60830
99165
70739
17603
71966
12880
64253
17017
31130
60843
4798
70504
75308
73435
10918
33501
21004
69381
22871
48554
66568
57861
7142
21279
7865
60198
69895
21877
34809
54742
95488
10838
51795
58667
7348
26382
29438
38087
17238
65111
75330
45512
67991
28908
79206
8549
14429
55205
45347
78794
84744
50736
78727
16873
21037
84143
59223
29237
74215
82120
11087
16486
1005
94047
23709
71061
29635
7597
61325
8116
30113
51618
65722
97056
37474
58640
58332
66859
4124
23545
34574
77062
59946
28430
49479
19716
57229
41758
5782
48394
61250
14408
99648
55593
69088
56442
28811
12487
39491
91046
62074
70422
33622
41332
49570
57229
17157
79650
86552
23452
19574
75603
51399
56925
14255
31321
79137
64783
88867
75563
64488
71028
3083
14
62912
34565
16888
25496
61104
64614
36778
58274
37285
62602
96584
7633
20091
78485
85616
657
39808
63378
28404
10866
86820
87051
58083
49894
76853
85185
88852
30528
62208
62669
30960
82984
75993
39575
89480
11151
78122
61984
7584
15124
11218
2539
68036
32996
39810
67885
51571
95447
21691
43868
89043
4718
34674
85496
43459
85159
24451
11399
35411
97172
34638
20153
37002
93841
35916
11992
74735
56195
90568
46935
47247
11375
35628
46267
15420
81905
87128
64466
2297
116
7541
79373
80120
1531
42413
37613
95922
10247
53823
83107
3276
10387
99730
83405
86389
43461
46551
51164
80883
74040
37539
93986
81623
48069
68660
40969
94398
37772
5428
31886
78010
36806
53371
15163
53574
80546
12044
16732
45045
71075
90535
27249
22335
53165
63385
52799
3928
10721
35458
13143
75418
43497
87158
97202
22195
37355
46695
23490
1933
12689
24097
94832
98111
60682
60896
69372
88069
7980
26668
48283
70198
89921
43327
16307
62542
16539
51270
26380
32107
784
37732
2657
33516
3592
4626
90089
96657
46489
89101
86307
52687
431
2634
31953
38218
17198
54418
8826
95047
8726
47387
53439
73481
31401
92254
46626
57647
32583
91300
4150
19756
2254
38829
46892
51206
55207
85008
39804
99519
66091
83965
94655
60714
62870
46081
67736
96874
41578
48152
48445
14571
72135
34680
72862
58665
62017
49365
795
34716
94665
1232
23952
84232
45780
32180
71411
5113
44900
78515
47857
94176
29846
14598
7222
61297
25145
77498
40769
4414
49026
72557
79781
524
6101
49645
56420
44986
47405
72282
63732
87219
52563
72652
38514
92634
35080
24938
8961
42975
23435
63320
55106
68360
76628
16041
86770
82695
94602
49652
85061
65793
63206
59401
42377
15097
49569
53378
23927
51883
74509
44314
60921
5908
30712
38721
15850
1258
38310
84909
88491
383
35692
44673
6089
23217
23309
79830
1289
81218
24332
49818
10354
20599
32994
63924
92117
42277
69604
78020
39114
60778
7468
89596
37710
48547
25621
79755
29735
20131
80663
30232
93594
78710
53110
86943
92719
27317
57380
80115
18702
59363
74223
40258
68451
94670
58106
39434
84468
97269
30227
72159
83820
98999
73076
18348
53874
59405
56509
62027
42876
70033
44110
5653
22881
56235
21999
68662
22566
97464
62302
8978
77902
19254
67589
99938
47750
56324
51047
82689
27723
6266
69744
71471
93000
9366
18670
63213
63601
89828
94735
76382
43196
96659
20823
53118
94714
21867
72836
79606
76725
8319
95483
86333
65629
77679
20682
51359
9321
69160
21070
54317
82937
41676
23656
72137
79937
43059
78148
31565
70506
46203
879
60970
60783
40497
81852
25151
63462
6612
46932
89492
98890
6354
38726
16027
87370
93675
13979
76518
70276
57577
33738
41482
84838
52783
46044
50145
32779
13522
77499
40446
84483
72643
6235
7350
65695
41073
46334
80836
67697
30194
3311
29577
50576
40341
46696
21655
80957
48312
37262
93958
42179
14258
50768
67435
61647
16562
46639
90884
44555
5410
46766
90418
24816
2028
82529
57081
52120
6860
35048
5061
91647
75599
90627
15848
20949
51543
3598
13519
17544
44682
16221
60449
89535
14794
70077
20264
6007
44639
29469
53274
34315
99818
98756
29611
96581
29500
83384
98128
8164
98724
41612
10251
87723
90126
72924
47732
29526
79432
99182
19762
86076
64372
33802
33314
83835
24549
39485
18808
93672
6629
72361
34373
27261
68052
57555
42882
13146
9083
5747
13041
8197
52014
19609
58855
41143
96875
86544
77310
79907
37857
49351
6099
63138
69125
42652
31618
76733
20220
72480
60027
17366
60722
87850
51999
96699
68982
42437
73469
88128
62747
42252
93065
41587
35646
57844
18533
69385
41062
30682
3391
2598
34866
14174
34463
28653
69919
31151
10600
38121
74538
76577
93433
90096
65737
83069
99626
10736
69259
49350
53756
5928
98379
69098
75768
59569
91503
49939
37662
30163
88824
46720
71040
14940
24016
29246
32235
1419
37805
98515
78748
13679
13185
59828
34044
57016
69415
62241
13776
27895
46966
78570
87776
53328
80514
42430
2363
11348
88916
76777
15461
62393
97893
33464
77350
80137
28853
39241
60161
16668
68982
49390
92811
95214
28117
72972
32540
41162
87898
51048
49668
31535
90780
53799
62165
89903
44578
19009
71057
44820
63063
89272
25628
16973
88762
35804
8699
99375
22589
83779
17961
83956
82844
6033
71447
25987
5218
86555
44525
78466
76278
2625
88307
83955
6516
82958
66433
84833
75052
85219
53680
64386
57375
60322
51627
27640
16726
70405
98711
24219
35221
64132
97054
6233
1034
98636
43783
90965
6660
11969
78822
50589
39172
91072
39281
46161
64414
68038
16888
81824
34655
8268
25311
56324
55097
10356
37119
64871
45378
54010
95099
49824
45134
4365
40659
4706
56749
72916
90466
46607
79743
82136
32035
91711
66420
81700
52031
35656
23355
14094
62314
16079
41646
34865
37896
32832
86940
24991
58788
29170
96972
21983
41064
91499
86496
39620
52963
63100
64550
10056
51496
11645
57422
18751
40575
99169
54172
16464
24680
50318
68115
80023
72502
97741
1274
57353
51679
28450
86029
34926
13487
87362
55500
43802
89449
33370
58835
38786
60214
6637
35911
25177
57424
45595
37355
85844
1660
49263
18162
23569
68798
95215
55453
90367
69503
70025
10080
50520
41099
25613
34571
7086
59665
6336
32067
41585
42636
45973
75619
20700
3856
77547
59917
6540
32879
45685
51266
69676
33912
46520
26297
47841
77202
90031
42123
85642
95839
73785
23072
21034
50146
77473
96269
71392
68144
43905
85123
13044
86284
57865
47968
65540
30145
31076
67806
21200
26944
51020
68325
13896
1127
22129
27191
42107
89599
85572
83273
64530
21336
43771
2689
23730
68092
99397
71433
82523
39776
60818
10666
76841
12759
66151
71179
45380
18820
70895
18726
57326
89668
95895
35965
66995
87098
75585
20917
96254
44197
9092
45732
10543
29165
96574
95556
35573
57329
84056
80782
85187
68335
79520
40002
35968
61985
13060
64884
47745
76064
7310
65228
59778
13387
35023
3880
62079
69111
79420
99673
644
70888
57842
54913
72254
27771
19689
75595
89488
27988
74084
63341
67468
30843
49849
86913
86662
37497
47008
9572
79751
3594
26320
23281
73558
19731
48377
67111
71522
81606
85028
61467
54433
42110
63432
42779
75827
46303
92629
82280
16806
96174
58744
37652
92066
56741
57773
89979
59616
95772
41873
8069
12131
94641
30948
66087
98012
56103
5065
30930
63678
27236
98376
28824
71235
82418
39059
88606
95826
17718
71450
84016
60385
15828
93033
18111
93124
83026
28696
34337
64042
51003
12922
18646
31348
26333
69343
26590
37541
43129
79469
64377
68027
46366
46287
81408
53130
98298
86269
31280
23798
7055
76240
24915
92129
20820
2691
64313
8087
98060
21306
51930
946
52158
23641
99385
66917
7158
20929
40497
74482
44483
48120
10494
60059
31930
38235
84968
17063
78435
81512
76885
92303
812
75765
13571
60093
53370
7543
85514
13205
4944
88685
69476
50978
64519
80783
79331
46738
47675
16453
70257
22586
30774
73626
67031
98239
14898
5837
58022
38839
53904
47254
47639
17234
66834
19875
35883
60213
30758
49417
79750
36799
98567
24557
91778
33961
36707
88667
56258
5595
78077
58216
1697
98849
74242
98565
61943
82779
42904
32940
23229
72103
98537
87678
18155
89148
29590
66813
32912
72734
24762
19669
96281
64215
89324
64010
23584
56842
7167
75199
97791
14003
86673
94158
16837
97702
26271
90475
85668
4867
63831
93108
83953
68634
23036
21384
5263
51167
85437
34363
8188
52251
70049
59709
54092
16254
80314
94907
17222
3170
23182
22112
53691
31849
3231
24630
91730
64346
85790
1612
26893
68573
38349
18882
33796
47456
16828
33632
74392
60296
33321
14018
88222
30515
64384
35428
19350
67712
72886
39679
90500
87510
4617
85687
69626
13001
86409
65576
57329
75664
28743
38372
2609
18626
74910
19969
87509
18020
20274
29205
5655
7569
61721
36621
36411
74901
86480
81606
95199
88634
88975
34436
56913
27859
93183
8739
93616
98826
62059
79166
15204
64398
12493
27130
58019
8056
8693
92564
85004
55914
3621
16547
93443
55840
44481
41686
94887
6464
64621
98466
42433
24452
83616
42834
96907
40911
76761
25056
30768
53973
37726
33522
14416
4555
33533
15863
61103
8574
56760
45462
56738
15639
94716
70143
15511
97693
87083
36532
14808
31690
72707
30876
75610
79789
3478
24269
63621
54076
14337
47173
72736
86207
9831
71722
50233
18715
46548
48298
56471
44258
58143
741
62317
23922
23742
55006
96361
91191
24258
39240
23808
48574
17753
43938
60828
59238
91556
34691
66974
93059
67838
21292
59668
27977
42597
34560
47592
97342
86340
61367
41479
194
41410
74098
18993
37396
65511
2667
4076
60136
19644
36815
51854
30384
49335
9949
21
48708
31931
98930
61611
63305
76730
88442
63774
38074
7593
15203
34452
68269
61093
49626
78040
15813
70059
63713
5981
20428
68229
99084
63705
63977
50516
10081
65896
68798
64998
25106
270
43928
29702
32710
67180
72839
61210
90946
35085
17140
20296
82558
17401
38451
15878
76941
96053
62537
50807
68693
70612
11437
48836
69449
68281
71148
14755
66128
31912
77097
7901
75003
10107
86303
62130
38485
85792
35010
25701
66975
35192
27573
97639
31194
8398
55199
42890
41846
53792
21076
8971
77599
4224
67656
72152
11766
27133
7495
55385
31260
9033
49270
30090
24361
82434
81134
25103
20387
86785
6774
71661
58228
64167
48286
80664
56912
59971
12775
56437
56841
61554
94574
1120
56781
43497
74854
22338
58521
89014
78142
86197
48732
49524
8713
85701
27785
94893
26535
39132
5389
11658
74537
92365
75773
4877
47325
43345
85328
74021
94057
22235
85020
90284
30512
64952
59862
8885
55197
62420
19057
15276
71346
83432
37869
55921
44553
59656
76921
61855
56003
81410
4908
27769
70040
68468
59012
9187
46938
99099
2909
30361
32786
22701
86882
44380
47818
89757
96387
96606
49574
82470
42135
8367
4569
54357
79783
30515
46671
31036
66205
66835
85753
22596
55977
77288
67371
54272
19247
66433
67463
43622
88775
52168
37139
92500
91662
79468
680
19360
85043
74982
2814
22442
12064
82230
41084
77055
42028
73740
23136
32724
54071
48347
36183
1008
95050
10385
62415
50243
47774
93237
42607
93131
68291
83948
96105
99077
80000
72298
14462
66759
73424
10520
81053
5966
51113
9492
73940
16759
46900
86602
90878
3622
97601
68233
66765
55107
51711
20611
76900
41513
79540
28895
51965
86368
95692
38756
71358
16828
27416
40002
74855
12450
82201
85869
88748
14214
96197
12046
36348
61992
99444
24764
93916
69913
98029
23197
6641
63035
22404
81288
78319
89470
97893
43527
68447
37713
59293
26350
77179
90962
19551
45101
4218
89994
11746
17301
19362
54546
37813
30523
86506
88295
95719
73003
58893
32747
99496
64911
44623
32038
33966
84072
80114
34853
62331
5020
34294
44219
72034
2476
26404
85937
98648
49207
32995
78898
17836
29822
23356
56539
85297
54596
75119
36271
44831
14329
29287
88685
31672
97260
47440
98028
99250
52151
28543
22052
80391
23280
85894
80675
14807
23863
20989
30026
61526
55613
42097
71462
16646
88547
495
84154
5982
81940
47495
97371
74810
62416
43678
84602
59745
96750
42319
44185
396
22368
44075
31996
26932
4462
44528
47081
60148
68465
46783
78409
11727
20379
63571
54317
79666
65042
42723
95844
67372
90978
30320
78912
43199
35781
30267
4339
51430
70572
2240
57018
58774
38077
93393
82114
95958
74451
35401
197
44786
2531
42202
61246
4253
53501
87652
12084
31689
33499
95825
46858
33573
25808
14155
71285
99295
86742
18571
42870
43109
69971
53086
88183
9080
64571
37602
93560
45030
18634
22740
50679
34067
85945
83231
3536
43633
97062
52490
35895
23200
39334
45630
24197
89180
65804
36942
16077
1526
34370
29045
14091
4801
35569
5113
42340
94238
38742
27340
46050
4608
72638
10254
20773
93717
28497
48033
71910
16483
44156
35817
47610
53326
80539
97244
23106
79228
82974
63831
80975
58429
45579
48346
86441
37349
89829
42703
44228
90809
30144
43817
83369
64045
81090
39373
28154
93117
14823
1360
64929
78159
49242
74259
67917
92473
82820
76161
75234
31537
31297
83577
8092
