51788
36811
45867
23916
33743
18460
56264
95272
33861
12738
72343
16342
99513
44366
63467
42702
75965
96907
70227
34817
56440
7310
61442
98522
15161
5376
69238
87513
55216
13228
38238
26751
37190
80790
98697
56110
24719
59428
80865
78244
83391
3833
14582
74792
44236
18859
36987
97428
71477
93362
29530
81930
43448
57611
63654
36867
16400
90968
39775
4962
28983
21221
85235
50703
11101
51401
23021
58227
80150
82692
66785
5819
1798
25988
83344
9413
97410
99771
63619
33286
68630
19120
30455
91111
43601
45013
3652
79522
48417
58408
50232
84633
45987
30659
29208
75974
73915
80570
26886
65771
45033
20363
987
17743
37841
45318
60510
97368
12981
97384
31672
50330
15118
68222
12091
89339
56727
40919
83341
96248
1054
64330
53722
62524
57928
7618
30197
71695
21220
17540
67750
11056
98431
97149
76946
14399
24844
63537
46785
22371
88651
92516
77915
14019
84439
66112
71165
76426
68563
98379
69664
15372
39428
4646
14590
56992
56889
71791
38815
48074
74536
63993
42353
41230
83018
86905
29899
87256
715
30501
69987
41539
18709
7256
11771
47426
48052
11039
15290
87654
77687
26802
19361
51119
49078
32603
49215
65542
81835
42875
44825
58075
16529
60436
38848
12670
73215
65641
38678
72174
44477
64674
52788
31847
47333
67973
55876
2602
5856
63844
98833
19994
95788
45302
82306
93383
48987
39085
53210
75094
92073
80540
34226
76714
70841
91784
98631
35498
69636
13032
1848
11592
9949
41591
56622
96811
23551
91193
17079
10015
57815
54091
54907
22465
16029
9087
89471
99878
10558
70223
52906
51636
9945
85089
54219
70867
26222
35745
72821
2622
24203
73079
41188
7727
82691
47072
614
70988
7336
94869
16141
60484
40071
73678
55243
26634
4974
82529
67593
56801
34490
63952
61068
46262
50071
64398
97028
68454
6680
27285
18592
46193
39556
22159
46620
75134
58357
14298
80693
99773
54182
70696
54144
3764
2166
64771
23835
98841
92753
45353
43880
42605
59890
82913
40901
4373
63007
17661
30350
26166
70836
76896
85776
56739
29083
28296
306
82116
29770
36747
1001
77980
70105
42735
80312
17662
98321
86971
38198
35732
77530
33686
86781
22960
52837
29835
39641
63746
1983
50346
15872
74697
33632
15795
72409
65819
81647
75773
66977
56643
36987
55885
32270
69513
72867
80714
49594
62647
48743
29679
47488
76816
17583
8990
47734
74527
9543
73005
28104
78587
37722
86115
36117
93609
34451
73305
52466
77461
64956
56296
50350
66187
87533
83257
98629
21402
5338
15400
93557
5109
30114
28905
55700
49805
5158
12434
26247
38874
40770
54743
46649
66265
10126
36125
63662
83609
90765
60182
18376
40203
18750
71358
3236
26422
16649
61416
46180
80906
24598
32515
75917
85090
24334
84875
39979
9515
76725
48099
96603
25240
44853
97155
70196
11555
91306
29448
55394
64013
78451
83912
26784
40593
7157
80820
47839
66125
96199
9995
58761
88732
791
63747
10725
24164
74851
17475
42623
75745
35276
2786
2163
34798
8419
83917
92666
33555
76524
74869
92674
36996
50238
33100
31141
38874
60614
61820
59411
23459
73111
55443
32004
30351
19821
32365
22752
18493
42248
51440
97358
75213
37187
18825
89318
56033
87492
94833
85289
78223
98569
5043
42754
40841
67900
57434
24982
58971
53983
13547
53287
70050
42999
85790
44966
70565
45981
75253
23228
76152
22012
74622
79552
90142
70443
15142
16283
54081
91353
70666
25810
74461
81827
77530
70683
89734
95598
53550
57285
78457
63986
72493
62469
76988
16300
49962
78246
39526
1347
76655
97199
63514
61383
43855
58386
53504
64889
84261
15825
27886
1235
34803
45210
63713
46022
85139
42378
71993
51742
36349
55496
4476
54020
68180
55911
80045
67150
83650
17793
31521
13021
44348
34912
86206
42085
44916
9173
26924
605
31198
44170
29546
30881
98985
21261
45807
2858
83753
18587
69047
86348
63941
63646
30769
82070
495
75334
34692
90997
65593
28465
70398
9697
83277
35972
49040
57118
10201
26405
60360
66210
79926
43324
24915
433
61160
39735
4182
2379
70136
79999
33534
36344
80879
12035
17884
87098
32053
93423
97636
95516
7965
75197
42830
54145
41776
34884
87783
16272
50317
59094
96486
22104
17716
44364
83863
60466
31556
99805
17836
78112
4428
97920
39256
85168
55729
52293
31523
19049
46362
82131
56720
34186
22012
44929
64728
60908
11975
58460
97177
82856
27137
67710
84991
26748
39877
31129
11190
96425
85662
9129
50377
87064
29957
5230
73253
81678
42666
30976
48827
27228
33725
30463
15079
68485
73428
46195
68987
19052
44736
16385
50120
61684
78441
36664
49741
83825
79434
45740
68431
47081
80842
97744
85270
57700
76428
25252
37461
94170
14368
8159
64342
42423
16847
40392
54850
98117
25120
61480
95857
67332
61382
95714
67885
23949
7295
20814
75719
2921
64112
66178
35902
44931
95832
53735
59982
30068
34104
97224
12414
11169
95306
57590
99299
32978
18942
21692
54107
39322
47339
86420
48525
37349
79850
37160
8115
38691
34503
85863
60953
8184
78981
52354
93826
31642
82478
23514
50763
31274
89077
74877
26758
99634
83364
29070
18039
68557
93595
4362
68101
56217
67442
63754
55195
76195
70581
12260
82316
94578
67955
86523
27228
57506
17591
98436
26391
48160
96841
31621
58105
71911
82481
28065
84866
81925
21092
50435
30743
74373
5674
1376
52955
74785
59242
1282
71994
87209
14377
80824
42664
26854
28782
67138
59971
74743
99289
31452
9998
81582
72581
2167
81948
76465
51056
506
31616
28667
72628
49483
38891
28551
51595
51087
26154
62649
85989
57257
34188
56235
61032
87808
7649
67357
11988
56013
86641
12721
89986
77006
24686
93751
93185
85647
53815
46817
38725
22290
34878
53796
45283
98859
84776
15815
71702
29063
26916
63873
8055
61032
13624
22633
47864
46077
68635
80198
88141
48362
90626
49094
90423
28688
15150
92152
42108
55052
77152
37067
60002
28495
83556
24796
16578
5225
50661
70610
21132
99314
21516
77751
75730
64817
7955
606
58889
21825
56550
80474
65514
52756
38864
63962
75826
37804
96479
28357
17321
97206
89086
31983
7128
13132
89181
24175
27958
48575
92028
32402
54966
28006
98085
43806
50712
30497
34098
13074
47780
50381
23499
66677
31036
5251
94927
22394
82333
1450
70676
87999
26177
92293
38752
54922
95679
76163
69900
79051
17383
69180
35198
84467
94693
83207
9442
31972
68736
64337
16459
85161
87738
28729
66129
94580
43054
33319
66209
69452
25477
38609
13132
12718
72259
52427
74475
41087
32490
21000
95471
99285
21312
44140
49980
55823
58815
81634
29391
36579
38637
79352
77627
342
29253
87599
28429
61412
80577
20232
23738
67277
77833
3353
55182
84355
30080
94125
47181
41605
67970
69618
94102
57468
16800
1125
41260
37315
61581
94133
57221
38511
27848
4434
60586
80991
67212
73381
36864
47115
34640
68517
23713
67498
5283
7746
71104
35694
57136
43631
81687
20400
11335
67225
64293
67551
82503
74626
39398
61360
56840
38851
69210
41867
42826
26568
6049
77229
90721
36499
99505
67335
48366
94125
91006
50882
66713
66083
86742
44027
43376
64915
54370
93462
83185
24149
99344
65590
30108
73985
35498
14250
54589
50648
75261
25777
69878
11626
66313
18203
41949
32083
14299
53016
47776
48476
88013
37495
55615
27157
27083
29688
11092
36467
39235
66722
66615
96340
28217
65045
29013
65599
62551
18260
52900
51443
35192
35632
16721
55256
23332
79778
32596
69580
72214
36379
61044
50496
63102
28960
93322
71922
43152
23927
38666
69013
86316
18986
61727
18010
43472
17776
64930
66758
53540
52425
11224
41333
34020
92968
8929
59460
65606
41929
82694
519
49978
71744
78933
96016
88695
95112
62766
20921
18183
22583
74124
36650
92195
43666
98021
98699
46340
36561
58022
14308
68604
36235
36353
33498
2607
56914
620
19187
13930
54522
11229
5442
89402
43172
99991
57564
86382
77097
75677
37733
4724
22395
23361
65194
10059
58928
4839
18358
13579
35561
33516
39650
89762
11059
35346
96081
36551
58085
92310
40768
16311
18162
6286
45272
169
41077
14148
76753
4556
64232
36580
3281
69478
43810
41698
80422
96684
3746
83083
79734
21487
21675
60975
67436
6591
860
53065
53934
70768
51882
81960
72784
97710
33982
94989
62077
3890
71516
81532
33553
75409
56149
86741
22109
9803
27239
66804
31160
28178
68999
48901
75564
17417
13336
86844
70615
91307
64518
11763
26560
49960
63691
2118
37609
85867
97635
84409
58208
28770
70679
94993
74494
50274
48258
14075
95858
77618
78256
22637
22114
29199
61145
50754
62751
75476
31770
28978
11321
10210
95940
34890
28798
41842
60348
67005
64925
25890
71525
55602
7734
67895
65430
66510
90793
68927
15388
42439
18785
25282
51113
89435
48246
22440
25062
34836
55329
38410
13556
58189
95383
46682
12606
42353
7305
837
70722
89307
87481
99120
50075
67947
84153
55504
92663
79173
66472
49629
98865
13327
1126
86986
90737
61008
51704
64272
25549
38543
8382
65004
79480
33966
18578
68709
75300
9646
18853
76780
50327
8920
92007
62902
49945
72512
66622
1127
72805
78105
48234
6033
82739
62212
74239
94842
14886
55396
95125
51617
83523
85429
2279
85240
59994
9137
98055
55130
48246
14815
60990
73748
60297
37034
63856
25923
91868
74787
42553
78653
30702
87391
72036
57740
75409
44069
85723
67658
86327
4527
48071
82128
55329
87885
38990
54486
49499
68227
91474
8496
56505
86129
53984
51363
56660
85133
53431
45463
6762
39737
32604
97614
82392
3623
87837
91665
96546
50716
79249
79776
50986
35849
16863
14374
3925
79221
43185
38682
62287
14988
96281
14329
49112
35334
9962
56516
67100
32307
62574
19982
56783
86337
67467
22902
73752
44321
69234
91774
13
71315
22833
18055
43095
36997
35087
14181
29036
49200
36226
32280
33551
77711
35248
40169
49826
52185
83701
44508
15537
77398
7834
87368
3483
51398
21597
17062
67533
22246
93805
62650
7539
19809
95871
14278
38362
86148
15126
99302
49059
79588
19460
31722
27330
67729
80640
68270
37932
72617
76604
81444
66958
57857
60191
38810
12131
77638
80023
23593
86281
62658
134
17488
54659
24785
56067
95804
66852
60222
64357
99298
31964
3543
33202
78741
35213
30621
42829
22848
8624
88336
10217
88290
32281
31029
6859
70235
68957
88280
53251
53520
32975
42963
53662
17141
33280
40772
63363
26325
98082
96656
70091
48863
24559
27616
38073
7543
68371
59677
39839
72158
39857
64026
79655
48377
97587
49698
77652
52712
59310
67132
92944
20431
17897
81975
50692
97028
9808
40769
73097
64610
1875
75108
77842
8986
89139
71439
11726
66252
62716
88295
74169
16756
58079
42093
73333
1546
4282
90513
63059
23539
48962
24059
99978
5779
57868
57163
11760
93572
90031
81344
35172
7057
47043
37071
37574
81231
44102
25365
4357
97619
18736
81274
86163
20338
61688
2041
53834
29571
18840
55543
43907
65085
3452
63196
1709
17014
86217
20540
42947
38966
89247
34097
58986
3233
95942
18301
78566
66191
90122
32051
19858
21909
81895
29294
93530
48195
35254
55643
23058
7368
86955
62005
7886
3219
70172
32243
45610
44895
15365
14348
44929
92982
58579
26505
24876
21989
1144
56263
38482
40437
3941
19704
34073
19411
47955
34649
47
69508
64922
34490
25814
26257
9281
68707
92628
80823
40218
32062
23452
48324
74354
72609
33799
46079
17819
70242
90471
55087
3218
71726
10268
39173
70811
21060
64831
30257
18223
89553
13413
660
2274
15834
29500
42338
54730
7674
27699
88702
36646
56142
44558
14218
72845
17627
4148
70606
33241
12193
68613
13002
93661
96741
78350
54195
18099
54774
86516
46205
3667
82654
83105
29853
17476
73000
20548
38664
50599
62392
15864
45457
61490
78679
82126
56143
77251
95099
27416
35613
41889
90740
22090
91018
96018
43082
51090
27916
73767
99482
43476
20881
4696
21766
30692
6089
34358
18157
94317
3281
97478
25978
64487
1193
68906
15363
9644
66785
71654
1858
91782
42856
48482
48687
80187
64258
3805
77122
3672
73049
49326
89355
7899
83928
49018
79091
64622
71996
1792
89109
5151
42958
34874
294
38584
19205
13294
32209
72782
31302
69272
22265
82522
64652
85301
10588
73234
60286
7332
20254
70554
67324
22370
41119
52200
83294
1551
21674
60144
56012
39376
46200
43404
44122
6980
37555
47271
43119
80904
16785
42504
79633
17892
64835
24231
45309
3721
42249
85962
64866
87747
6915
30881
85759
55559
3225
25706
73234
9846
92365
47463
69253
77533
27562
76828
9168
95560
61626
50892
26627
20490
85338
44126
71375
48177
86246
92304
44461
70116
13024
99046
97378
295
58744
85011
44816
82384
32353
94792
82780
24851
69023
13315
79688
97257
22696
86675
78868
75601
40345
93907
28886
36003
45860
62675
4658
84893
93931
37724
94652
44975
38034
23760
96046
6431
32529
60577
36194
40067
24073
77403
16846
20781
91455
77043
78381
2699
16461
91646
52453
81917
62354
89874
920
5796
9738
73578
53808
47223
71950
25029
53649
24551
13386
7197
67715
86349
91683
88211
10045
1287
41013
76556
73349
76140
76908
87648
91871
24996
46295
632
52003
23748
90663
82892
65522
67696
17406
35902
340
44332
6460
16876
43786
99253
85663
43037
76079
29438
6812
28798
43867
78015
26372
16819
65674
79638
35244
33036
66469
91030
22438
51215
88100
60873
50716
63887
76076
2823
71312
87567
27325
41265
19436
23344
84807
96869
91897
83457
18682
93680
44103
28107
38940
45202
37592
24043
15932
54012
64261
38572
5893
11842
3305
10475
75365
45081
74372
39721
1253
54549
91489
47383
11891
75845
82079
85310
87851
66370
28692
85802
27554
43909
58003
53984
81241
83031
1546
44414
2290
10700
13876
17999
77377
39282
17742
55800
76474
16498
95934
22209
85414
16713
8580
59594
48422
3856
64920
42661
47383
6622
95807
25933
20594
43377
60128
41009
75086
66051
16121
5855
63296
45587
32247
5172
63818
33314
30473
81456
26172
80062
62698
16667
12040
77022
65760
19238
2441
88387
13688
76928
52020
11284
99372
27984
71106
65006
18059
37448
34529
36219
43996
52843
7032
48635
85418
5393
1463
27336
23618
31194
62412
32688
25560
27242
89759
36611
95940
91660
37913
59908
14785
74406
18176
32409
59599
68610
42107
34248
84335
37367
22003
44887
91356
69470
83329
71457
96163
23930
87060
57487
82725
44343
2352
47990
71982
29270
17851
52096
96781
90837
52488
42523
15304
32608
73439
16706
91727
82753
252
85482
28
72269
30078
76814
34417
35648
75331
90064
29942
93117
21657
96403
56167
32227
35309
55290
7296
42863
37046
33562
52563
48855
32949
58523
46873
1715
92750
29434
2606
45453
92863
22265
45031
80457
36447
48655
12784
5229
99249
25829
34566
3961
24192
71516
81726
86990
69705
20451
40183
93059
16482
11295
48765
45390
49418
53505
34943
61292
47405
16954
77139
60666
62245
68224
61128
74088
71877
37616
81840
1007
77384
8919
50871
86244
28156
31829
88354
95704
63605
70669
46952
53444
87933
11899
21460
69083
57028
49227
96306
15513
62146
86528
83443
92889
39982
58237
32502
81428
51356
63974
35707
99646
23859
13507
69211
95167
99004
14507
41398
26872
84948
58261
41146
90053
25838
35433
65989
12891
1194
12905
83966
81367
68486
5731
90373
40650
44629
54135
59475
12795
34193
72612
24804
39435
56409
67585
10156
76829
52370
59442
67792
76125
37989
16614
60010
44988
43152
58485
57184
48659
49925
90620
91412
6581
34199
22553
53661
28016
67660
39307
14521
42893
61974
8529
4131
86053
79756
88904
77213
37680
93187
3767
3994
77710
53613
96118
26760
72691
70543
22698
75610
26200
43345
72798
80324
83820
87513
58902
87888
41879
40105
84864
72772
16063
28416
74436
68834
97542
63980
54009
50217
89789
55644
9246
96407
84799
57929
15798
37790
80733
56794
39496
34044
64626
74711
84387
11056
13067
34321
18818
19902
11097
17837
70503
87459
83924
9970
74419
25902
53628
46865
22632
61937
4042
82230
65397
32022
46714
98480
41420
8381
74193
77539
81931
63871
85179
98519
11517
59840
89463
81225
77651
77397
84657
51160
69664
84703
21196
37942
26359
18937
48279
13146
33072
37131
38979
21249
36329
59151
97158
94331
13900
77871
9153
41968
14502
94908
2445
49009
49404
89711
11346
58167
71876
58709
45387
64328
11237
19968
90556
43731
66758
24904
8690
99629
95019
89525
81455
46788
68039
50498
83160
7985
67615
32133
1856
99475
2212
59653
56857
64751
92873
84376
15648
63810
11515
79683
88670
72094
89234
15658
69738
45574
79410
16902
88087
43935
19474
38655
82587
17740
11360
16838
72148
28148
87731
78014
19979
79398
96768
89350
21909
53423
60544
55455
68558
47239
17056
38480
15712
87458
27322
77340
86756
94104
79862
54626
46602
92771
5986
75745
47415
45606
28954
55670
70722
26351
92922
30299
90477
83576
72719
53747
9529
24384
76856
2158
5244
23977
3903
76286
29557
32932
77979
32949
97179
3424
79767
34777
63195
68244
9130
74451
86579
60343
54178
96728
68613
47772
89512
93841
29319
99792
27342
53985
27823
93553
68125
74253
10627
79116
85192
13933
19516
82567
25068
77432
22552
18592
26054
16969
94319
7805
11946
37177
45484
56141
59064
72389
4487
89325
40558
39959
28970
28853
79631
95152
98270
99832
11512
8010
42012
65478
35187
29918
3823
75453
79912
77392
8596
10457
59464
21651
55411
39478
41258
36779
63398
82322
37451
28325
36634
94568
92549
81047
46150
86803
69248
70251
21586
63261
82911
80115
96444
46652
6705
3671
13510
71303
30842
30942
60304
55151
19611
67285
8845
58993
92635
10034
17011
84873
89431
23190
74990
72655
90054
29149
57255
49617
76132
82048
10290
65064
84116
73752
75001
69461
50038
55483
60388
24251
63143
3958
34232
95483
1699
94154
46448
18143
55584
61062
45283
22265
59579
91030
99460
60388
90860
81751
86520
47571
7707
10837
3364
61508
90789
32488
49596
94627
54638
44871
93503
17059
44394
34878
94878
8964
41929
28720
51319
99270
87170
37869
6515
91035
18948
8044
4345
3364
49542
29000
60275
6485
32223
43335
29130
89581
54485
35896
24632
54608
5370
9043
58981
58243
9279
27896
13630
89937
38061
94049
92803
13444
20001
29866
65068
47937
70547
80114
43293
58928
21126
26047
36182
38946
73363
49644
94913
85888
6414
72314
43584
34318
63722
21987
49063
80858
67855
61201
91277
61047
35904
76311
8516
50835
85479
46415
78430
47390
56176
478
70435
56
70445
81269
31654
57447
66110
35592
34086
36721
78388
76741
17094
56566
3019
62578
16353
22949
62234
52779
26457
85320
46023
19094
32683
43856
51346
52005
1861
95244
34824
52717
88159
79958
3930
83135
11513
78131
21156
67928
5085
21580
52918
13957
59595
23987
4661
4891
43024
71527
10990
53493
76238
6667
98975
86429
43167
45215
18415
17119
66371
45399
22763
8732
37061
33637
98218
33986
89112
90407
49363
74947
64045
75692
65019
73092
51788
49523
89388
19254
52095
22661
92506
94968
34212
24064
25819
12583
48402
94021
8712
3002
28105
14096
91038
71968
8229
51416
51981
28071
99458
35075
59661
39559
1488
93482
10676
8607
7839
95878
52131
34139
3423
84210
97106
21274
24132
61855
85226
36616
54889
12994
51695
61889
79629
65954
77374
8738
7882
46179
54263
31342
19245
38440
67842
4389
14540
64216
89430
79078
54958
54967
21476
89485
25961
58540
51116
69148
39265
5241
56612
19845
40423
90325
26734
74955
89753
83227
23901
27866
86912
71905
47555
60217
77944
13743
65256
91525
49071
57752
98019
15677
89641
96630
4977
58925
16323
70947
7717
29428
38896
84472
2301
63146
80318
4703
9197
94498
87073
86827
99352
96607
14791
22428
88747
61189
78939
17322
56838
8591
14651
68149
58162
21069
97869
57829
23681
96886
14302
4298
17561
27305
63215
89846
70469
99244
29846
36190
96727
59847
95387
64634
74935
89368
3149
44709
16719
35315
97177
1103
25955
77426
21092
47174
47898
58890
9859
46894
18646
3854
2977
45943
59058
55658
61271
4127
47840
2454
74987
97435
86255
89262
4081
24463
83209
64992
20196
17476
32085
99784
70939
18305
65206
45316
7091
46515
22657
67929
77091
26867
92096
3849
85295
51980
61951
34358
43160
89480
63545
93968
65370
7751
38470
96024
57132
50833
39299
21706
25491
14573
78315
26428
431
81478
96223
39824
33692
66538
1305
8802
67454
29098
7247
96343
17527
55993
12604
8426
74416
10569
75566
4017
57404
21917
91629
7597
14772
6710
3470
99929
60920
37381
97253
45230
42856
29590
37600
47726
94088
13042
92462
2772
33994
69387
89865
44316
56544
6573
24794
50342
36349
46446
14087
22603
20144
37566
70578
18177
40415
74148
71464
65970
75376
3242
36470
6962
40496
89430
20649
42166
45441
93877
93896
50117
13188
19636
91658
86488
58991
15343
69439
47476
29296
13670
24073
11818
90577
23270
72324
65158
67682
75160
77221
82224
78989
27829
38450
82387
63491
85264
96625
12922
58464
71399
29267
1498
59335
41294
15939
91088
20654
7809
9690
67352
37050
2833
78390
39657
75054
56546
24077
21161
34501
81899
91114
11083
29725
82139
69417
67625
97952
1329
46355
59694
47120
55520
90728
7269
71477
11319
59940
45765
28810
56840
86611
46876
12011
61347
20036
54910
76157
67544
30069
63614
775
92425
99746
74961
44090
69451
50711
894
28737
30714
85738
25461
56883
27972
36990
36134
44653
35240
38048
69489
79964
31876
45580
79488
68147
10132
99434
54856
6767
23703
63144
49092
96035
96169
77806
57423
37483
9166
13204
3869
94265
30121
79770
93671
75188
19690
92147
21785
66073
15635
83585
70452
9423
92218
48491
4361
24879
61211
43643
73803
32819
86117
74237
1305
55361
67571
74021
85334
80929
97305
41716
94891
65575
66472
67606
4988
77836
27437
24478
63585
94711
85703
64744
56536
55442
56580
74921
25833
82806
94074
63391
64106
67919
98175
72479
7222
43084
47516
88498
30499
96059
33301
27602
40969
39645
81008
34899
66309
74700
45839
81285
30621
30165
34166
6293
37588
29064
87935
83170
50144
75830
27287
49196
32487
16938
15754
67550
61155
79215
85617
90181
10695
26019
75984
37838
44107
61203
70476
91507
28258
62037
6779
70421
97169
91715
35731
23634
24118
64329
80576
96010
86012
55633
9082
67984
62842
44182
54034
6410
85872
92490
11559
37854
49290
44190
27314
92218
12676
97575
74144
52645
61240
16992
62337
29018
75956
72499
95829
41271
395
96402
40159
50781
68286
81355
45951
89731
14632
31408
56526
77453
61569
8668
6551
56464
87953
53929
6882
84680
20709
65324
22385
52392
74366
54713
42581
82569
59163
15113
18328
48432
78560
67015
30950
98770
86926
53466
50145
9738
83065
40889
49427
29118
27584
95468
50818
9025
52946
39841
31038
1608
36152
18334
97466
36590
18156
75181
46502
16821
42236
85866
26125
47159
27530
59729
51832
96271
17590
43563
17387
41318
47282
90679
33894
89207
47944
51976
70367
20273
98187
13981
70675
64538
89697
27256
83104
4133
12094
17918
50443
14713
65354
97595
51971
91007
20102
22158
30642
76131
21853
35339
55504
60291
44761
46890
65826
17445
50972
7893
54421
62324
24314
38544
85724
14261
11456
49291
14482
57479
3568
92692
94467
44680
31861
71059
42692
27430
18639
92284
49923
76919
84285
15954
9354
86605
95861
16022
49218
95366
48642
30046
89388
40127
80433
39831
51804
79992
86636
47775
15629
23
25778
31049
23128
61515
48175
18629
37351
63870
79322
95691
39545
63219
80076
8373
20584
80461
64542
212
44976
75419
10231
45552
62517
51062
13640
12744
65188
92249
15595
87479
15477
50687
1789
20093
18480
48974
59069
63054
70461
1859
71964
63739
21566
87626
13864
77174
8095
45811
73120
63071
43703
26691
70020
4842
33250
90435
42622
76304
91326
52259
79371
35598
82483
65357
52480
41785
33490
93624
54006
50967
75149
20765
37656
88819
50571
40346
25986
1418
60638
7732
47820
69898
9927
91211
28105
6181
74598
7330
32238
25696
57212
45208
81654
82558
7313
80741
27638
52427
33777
91769
92431
70536
34110
61823
63279
83013
4258
28781
35005
44419
5998
91285
80166
46609
61663
9558
59384
9363
91864
42190
86221
73573
17309
53249
88427
74430
35439
81182
80348
6799
56319
24581
35420
13084
5506
4221
31763
96101
65264
63856
14570
5716
80451
49236
36925
52234
94749
55112
52600
32856
78048
7944
97727
44124
50191
48074
55155
42495
78737
78032
97678
22742
15435
52334
27621
48378
77978
11523
5762
47006
44450
46382
18935
70504
29198
72046
10329
57575
53670
38608
60972
99239
74318
15119
23739
18657
54882
86904
66037
47638
7899
93611
96375
24135
57236
99891
50243
75256
92280
39798
38081
68187
66988
57515
68551
56898
45802
35903
67262
85697
183
23993
24868
32540
31934
23020
59089
73313
99695
60334
95170
91319
38084
3991
93394
79638
90229
66461
84919
70505
59532
42802
24618
40323
69636
43365
79588
94329
64864
65926
72817
4573
64249
69080
72468
91312
52162
90187
18299
35802
45843
45659
77879
623
86439
70711
55460
91776
65628
11896
88227
70502
96166
10199
3984
9381
77152
42435
18835
26470
37701
221
30589
5882
27237
72545
34105
35442
17824
97170
91319
73548
4776
81524
4647
10286
87632
50333
52194
78125
73275
62878
60841
51490
86558
38342
88875
64349
63303
46027
93231
79713
77031
99463
24625
61239
98769
51991
7420
93314
90832
37960
68101
98758
18325
16078
74201
69482
55301
73827
4367
10405
70354
44604
46045
45743
23763
2762
86988
56550
11089
81034
90513
18402
85619
60381
43261
86058
63445
62073
23459
68749
21577
97928
96530
50297
3286
40364
83323
94962
2904
95585
76206
3101
9933
71217
98657
99482
9782
71641
65660
21106
7226
4523
87007
52042
90162
98567
79786
37993
25480
19251
48577
68428
63888
59702
43725
4272
54539
78827
16046
85016
22311
50225
90569
90681
43910
44421
98112
13104
25805
13804
57305
40492
50669
39147
90596
22288
6589
45811
87672
87287
61184
43621
92891
3863
85757
43673
15421
49035
90175
54266
37039
86386
8308
60331
15164
57658
81968
72707
71604
9648
84820
19950
23899
78668
73357
23527
42229
26383
97808
47623
45861
54651
24255
18462
41644
53569
99215
95497
16975
18449
31783
95750
89442
29124
12216
87755
36342
87187
90081
6729
5166
87812
91372
10229
24688
49251
48515
75316
10331
21574
48254
83288
37611
66972
87604
87279
88114
39863
84208
68008
40073
67144
44641
33834
7102
1945
74087
45864
27848
39790
72021
80760
17060
71302
94093
46468
5898
23985
63981
31108
68386
43973
82337
19600
77109
69198
97843
46181
65573
12424
35046
87347
58690
98140
16742
82319
57481
36553
42706
16194
76424
88910
67586
20981
69862
43400
33356
78661
67817
72143
82533
33865
69039
75532
4910
94213
39654
58269
81940
48851
92415
24585
49150
92652
7342
48336
75689
82984
50312
77303
59293
9300
8826
93960
93094
51907
7977
66273
50302
8317
55107
58404
32759
84830
64591
60757
77756
37908
20886
68947
80312
44951
45889
91515
99966
82212
56598
75892
48060
22978
57733
42766
83997
31955
91681
72242
85829
85349
31410
68304
30863
83057
71391
64758
18418
31462
64361
44616
44225
22761
69220
39291
58975
25158
29040
46963
45040
41116
947
69653
85767
28192
14826
14672
90922
39885
40472
93148
45110
47907
38870
76021
91620
62409
39890
65127
42735
95371
14659
22661
48453
89608
18854
6608
90131
27094
82621
4117
5610
89546
46238
1077
58329
73434
90750
27654
16811
74277
24456
4781
80457
17576
75306
26290
70986
68080
47881
66702
40444
69476
88655
23663
44673
16968
19127
1085
67566
25331
51374
29759
75165
99053
34316
45214
72335
138
44054
70570
76508
11966
83595
79704
11508
88891
56451
24646
82445
46913
6814
33740
40327
99760
90788
48277
91192
66260
55547
1698
5077
84631
51272
16128
11376
65586
56964
26979
9819
95195
72759
46179
3084
99027
30277
98609
42770
8868
60886
11907
38985
63587
22812
9643
37622
66039
77709
76157
10093
91090
49650
72111
80102
14346
16296
12570
38937
97435
46143
20409
34547
31436
80398
54340
59383
39823
42952
99942
24964
21833
7205
48094
89131
40346
63480
95507
44018
1931
96882
61137
91638
16404
75375
4968
90168
13710
37489
96074
8717
78403
77128
96529
37299
6321
12127
30816
80334
91737
12129
35384
23927
92479
48985
3246
72078
98073
94614
12429
78390
53559
49079
30872
78382
93690
17067
1589
25836
30157
87558
36828
71751
92560
37917
32932
90809
15707
93918
12116
43255
62190
15673
5015
14081
65449
52504
98802
5662
73723
82893
84658
77964
17123
78205
47368
63662
84335
38441
69218
27509
22439
80734
93086
55984
45643
90767
15470
60168
36416
63052
7333
29626
89740
67142
69829
24046
28357
40756
4195
23575
92772
88775
83519
22253
46025
71107
42823
95583
58709
59233
87735
61537
13730
71629
41889
42164
73864
51402
37424
39893
42761
31682
19681
19846
67548
29270
40878
63738
44336
76488
93327
8332
72005
62719
99145
12021
33550
50301
18308
56009
9000
76708
54751
66533
89916
88839
7957
43750
29759
17290
10840
72631
22153
99692
99122
48122
10926
54785
5020
69873
56509
88552
92582
71195
42891
70099
34106
94185
97161
9900
38716
20249
49566
85495
94782
19332
9698
47435
28971
30564
68421
10296
645
20622
63586
69059
10883
71803
24191
63185
18362
70594
49337
9056
21447
25202
6980
98920
79599
77878
13020
43979
38781
90315
94105
66865
79639
24690
71326
95442
90770
33860
74298
94330
6314
27377
4281
21891
18226
25684
81356
89423
71027
85720
58016
17773
53399
74089
37754
86744
21922
85879
80074
85423
60566
32085
80911
9591
36401
76658
10149
14769
57632
23699
40993
8118
49116
72421
40600
39775
31354
72375
22937
9082
74549
72727
69759
59572
40466
89146
98307
37831
76378
73549
54538
49578
35863
82066
45785
87777
70401
60681
10129
205
95504
58564
20316
10092
87471
22234
26660
47703
2419
8144
9654
8478
71040
97268
49775
7370
80148
10958
32757
21678
76862
74980
16716
85618
85185
63573
55268
45376
79461
31739
52715
1900
55927
42489
37761
85826
9053
989
8077
92554
67965
50342
20413
42056
31782
24056
6581
95007
11446
8638
84481
38408
1486
55358
12454
93562
18537
55146
93998
67529
24886
93501
6044
7265
25076
85930
15643
75137
14570
16096
55634
29124
41861
97028
91543
75019
17850
36755
90590
90531
17690
87871
48389
44881
22667
6190
9288
45944
9485
83570
19992
95963
60854
29472
65057
58822
11680
26053
66420
25070
45071
94644
40213
27633
79828
98837
95233
82299
36292
46244
59443
35855
20116
73563
8540
19222
59032
52497
7698
16463
98065
88556
81882
53941
31452
99369
65386
6505
82944
92012
95836
86789
90824
16116
24308
41338
27292
13352
81690
76024
34556
96106
25193
63251
34520
61438
19280
7121
22807
6090
97673
38077
23671
69585
93410
42602
42403
5102
90446
50227
88021
89196
41939
79110
42575
58756
62298
26102
1855
95197
31115
35926
35495
76048
78706
59977
75951
97275
89827
73743
63643
97318
35231
32484
9159
33181
50064
78085
29340
12211
2400
55512
22808
64010
44570
33439
52230
16411
46944
49076
63833
92201
99698
28828
58999
13827
93968
55567
79522
81582
23613
36568
20241
42589
8926
30046
24304
17595
17015
95004
84837
24991
55211
56388
53844
60007
78479
46145
26383
92434
82938
14463
99091
29949
15959
9099
57367
48562
71559
39663
85718
98620
12466
94807
1534
52754
95684
49439
52896
53709
34764
8314
25536
55048
94676
5962
76153
51963
81773
34701
41463
88449
63974
84765
33210
87147
28486
57642
29286
35200
15800
8205
2378
79942
74240
58171
42198
10330
85595
98196
10013
37070
25118
22705
75599
10043
56170
76211
99877
68516
15251
6632
55037
44420
99699
48367
25929
5824
16381
14708
45181
35499
98423
80928
91711
65902
90556
9442
99792
53399
58169
29258
3962
53998
10805
8404
86208
84947
22492
59209
60286
37504
56041
18528
72089
19230
9521
95203
59494
54455
50869
69115
40966
13702
14510
31983
50063
49003
975
92692
97578
88686
70646
93391
66364
9267
62889
11850
70760
18521
11941
65667
49969
13704
61147
64648
66896
98721
33292
58701
16433
13700
1584
75824
81326
58024
11714
26663
53976
96367
12140
97674
3199
4556
94115
16513
66891
12106
25431
19165
56827
13479
9172
74066
99674
36118
73115
9752
6325
33680
83661
14137
61480
91390
99304
22236
34789
55505
56830
39369
50987
60476
43708
53085
32065
29329
77268
19676
53106
19371
40884
97028
82680
76783
18567
86078
43580
77669
83134
96832
82686
24842
32940
52236
62782
70867
74525
5077
93744
88134
49232
27487
32669
3301
49598
16400
68452
80451
54184
50208
5314
40444
84140
94123
73866
68620
27608
68462
661
71105
32580
18767
78647
41641
61565
72069
48084
10785
85195
22684
59531
1951
99704
41015
60797
17227
1201
11769
98291
64172
61585
6495
10624
10168
38445
70365
60543
19891
72827
86003
457
31745
33555
93236
53653
86777
52974
72873
91709
18142
72265
36140
92881
14669
80293
11325
91457
85554
35588
49039
17347
10460
16569
58517
24405
87691
38483
2677
30471
75374
9217
957
5169
75622
25640
16879
73805
57275
96259
69862
78098
26780
821
65698
57117
5510
30757
30103
65907
60952
10625
59240
93828
13750
8670
94652
63200
22655
58035
2313
36875
5901
78012
83539
55476
86673
76661
78493
12025
20827
84668
76403
44921
27763
98965
54897
68824
60891
31988
25003
56597
59344
19576
10552
49871
75552
65259
65628
23495
86580
444
17090
21273
20494
13788
21206
33723
9196
16299
69423
37751
77139
521
89405
8678
92315
75039
44907
18532
48936
48557
62414
42019
42030
64733
87378
90950
55847
89502
89967
17524
79574
62304
70587
62048
51132
9931
36650
91342
70898
99571
72648
61444
39080
35963
32576
99980
74881
4182
40780
43386
72469
85280
24785
36570
80462
8330
94217
28993
42609
77638
39783
7008
52788
77180
65753
74342
9682
39508
65373
74509
28498
46726
57498
36595
17430
49265
67651
323
65444
39484
93682
79282
62222
91462
67501
45945
80475
4362
32247
53688
83023
16161
29195
16185
11494
76349
71594
35151
32490
36858
37323
68813
98971
93128
1019
90531
68985
83295
64615
43782
5104
86300
93860
94451
54044
61566
15671
82438
70184
46431
96938
75453
45600
43271
7804
29957
96109
94758
48381
21990
61402
13522
26614
94518
79013
46652
69815
64056
68761
56674
76416
62243
41690
47081
15170
55675
50539
34612
31250
28216
55204
69988
82720
90702
25415
20641
53449
61774
61843
72513
10136
12512
17788
83038
5723
81866
49048
97921
79031
13576
71809
22167
43629
91420
23636
99414
42855
96784
67001
51317
77267
13498
20340
26214
96973
18918
42749
18293
5730
68684
22098
10562
13100
91744
19994
90144
2752
26136
85911
71555
60685
46251
95174
40388
74586
25551
86550
16956
29810
6989
79479
87292
80302
79284
71613
2889
16081
40459
85408
21520
88397
12851
73997
81906
85318
66134
44432
63622
53163
44392
69282
53163
89131
35346
37066
30119
31539
82560
63009
77150
44623
40878
66985
6914
13516
30632
89646
96079
14625
49400
80874
2279
30799
77874
1320
56989
62644
22056
6272
57045
2487
63808
3929
83742
34988
5849
56201
85741
97468
49696
98564
38541
57672
64447
22581
40384
68323
67627
75718
27754
9628
83373
69417
78848
49519
75582
96768
52215
57107
61279
59167
8565
17514
37148
50199
84220
57736
47432
26420
89394
79526
8534
95168
54995
22896
82574
86161
47118
42304
87679
46290
58787
10551
56240
82491
64213
43344
71041
98573
93901
11521
85956
83412
2617
68717
95782
43870
4543
18223
48302
51955
3148
3800
51789
11361
36844
75315
37464
52738
30120
76494
79454
1197
41378
30765
63914
24142
17402
34329
19048
68450
4532
6633
14651
6977
14553
62268
34532
77102
80535
88134
68480
52886
58890
67284
89702
43280
93098
41289
73337
4223
8275
69589
56759
11676
95810
80221
10879
179
40044
6142
35071
49003
80954
84835
80193
9232
82226
35775
99587
44752
64272
10022
64628
42523
93383
38907
19941
57631
27805
79536
56006
46945
41400
97095
64837
58830
27905
4683
77540
29184
21303
96302
73922
82023
25331
41463
15065
30356
5005
53029
15840
20449
31399
89840
498
89410
50211
89362
31204
84134
32868
48216
64891
50812
90677
72432
48040
99109
70603
82474
10108
35091
88037
60314
83335
47352
90472
10733
51653
77821
52380
10477
36877
51689
33147
40801
36940
89115
49127
1596
2885
85728
6908
33069
90077
15974
89835
96932
15477
36970
88603
84119
27861
91678
64191
6181
35630
39044
89394
38360
3475
87519
52533
6050
74897
33286
74978
95507
65571
91273
28219
99860
74205
60064
18163
22091
20038
27053
20048
85220
34722
7387
37931
12387
98899
23706
32156
22577
79286
41894
56464
56796
70562
31502
654
88677
76966
72269
37868
99706
80180
96743
27911
73531
2164
69375
57652
21678
50341
68655
37329
54182
15046
50787
14863
1279
20944
36685
25165
40915
97440
60068
16314
39212
91569
95961
20619
96747
13962
26382
48235
14585
44301
99993
70720
36991
16806
27200
26167
6777
26413
68712
74157
11376
71024
42739
75840
53085
67542
16534
13554
59934
79488
63203
5075
4326
21130
61663
40126
25128
57061
76017
60596
94063
53848
69817
81701
62291
99843
51848
97432
42313
39840
82923
94013
92710
76580
27760
93063
21636
9095
91959
26006
71143
45580
40626
5156
30676
75029
39992
86778
54195
64706
19057
24523
47352
80036
72098
74990
50397
13929
10985
41306
41026
23500
73563
47962
16318
8137
47703
95246
40264
54513
52649
63531
63270
99396
12810
10484
16259
32714
75030
31000
5224
31504
92430
1525
90157
87699
61061
27813
81289
44689
9803
95733
96185
88635
93864
88826
68689
79131
45587
67581
85002
7229
78184
42270
55650
48079
78466
99349
25179
32786
84016
22291
85319
23442
35534
72183
21069
22956
79191
39663
77819
5408
9525
28708
25544
62891
76908
7997
2300
68460
43467
86628
4139
21331
87228
35473
82598
89324
20527
55181
72694
62436
49504
87629
17092
33416
77677
70827
45269
92813
81471
8105
57831
16481
46489
89056
23833
74460
11739
50944
94616
17063
89680
88567
80000
74089
42211
22879
25043
72384
18348
67714
65519
69189
91395
94309
27386
32152
9516
9198
1030
3027
65268
36896
31256
31051
69680
20612
83055
59854
9517
4827
43327
26789
86679
54777
91208
74659
5714
48553
27640
50351
19961
85073
86233
67620
44543
40182
25723
58717
46545
47310
46301
84246
73035
17976
6413
80081
37491
71751
86313
20811
75069
37994
88886
77505
84497
40940
74033
74423
80472
90969
44290
98138
89699
93649
85470
40327
19027
95586
13445
87876
30553
42293
3656
85376
78199
7007
54784
49865
94639
30996
19602
7279
51594
80357
43122
90507
66230
1709
19107
2260
88676
33247
26809
18267
58601
18902
5946
39299
67035
22340
53502
61159
75540
12203
82175
28701
83372
30569
25286
25463
82739
71737
98127
26955
82008
44406
78675
57252
89577
46016
25561
53766
69100
29276
6193
38372
13453
72294
54191
76328
39542
90929
31544
15050
24236
83815
74605
94388
21473
36471
98116
37404
32337
39323
36774
45408
40656
90537
15246
46415
68651
73094
96975
39604
29418
3652
86950
808
95696
68256
5383
59691
73445
29324
55193
90466
94461
46715
52133
98179
48045
18360
3857
81514
31210
96863
78997
51467
57626
76935
1661
6086
17789
54771
20641
93064
29944
50049
31477
26753
6599
52745
77922
68112
73764
1688
20458
303
39571
89281
87079
94305
13941
55494
33827
89571
84644
90593
94126
20778
20092
38129
45827
3314
99145
92362
63071
61650
70783
45849
65623
32891
66338
63690
89017
64761
3445
25203
43658
38681
13452
86016
74732
46078
61493
38556
77806
46100
22938
68311
6011
15140
99723
93908
48363
35164
26088
410
50655
44522
51746
36573
6252
96863
22606
44249
31567
8999
33484
78543
24835
83854
64043
90332
65407
48395
81957
46978
59911
32146
37106
59358
54333
36787
43668
1610
68671
38114
52610
46308
83022
20755
2375
71951
92669
2002
20357
88130
6781
95832
4918
21980
93394
55468
54896
77490
83083
47668
1860
3837
15758
57176
68660
72851
2009
45301
39323
19013
8272
97182
99871
24147
6682
85643
17307
95355
95109
9155
71411
96993
9480
4462
87477
3747
53573
17186
33815
88137
46944
12185
94173
51070
9590
36592
79053
10217
64660
87597
2520
28221
73305
15960
26324
62893
12187
8893
81989
87760
42418
74600
53017
25144
18527
24141
78985
40048
94057
18951
63641
51224
79115
2618
39480
53162
28555
53605
69343
35683
44535
21075
78846
19003
77705
12934
9189
8415
1716
77579
72876
28884
66170
22116
87703
1583
43551
64176
70303
31748
80016
77746
50976
28416
34982
98150
67531
41701
94003
75775
71792
5933
57356
22320
61319
17894
87670
29948
8301
79380
23436
62734
93702
13416
46526
78180
62123
86207
21311
77946
97491
60935
58881
93010
29773
34426
93886
54054
93597
52109
6129
71644
83708
50812
49291
70327
1558
16657
73030
32470
90151
4177
43363
86511
45653
73567
78168
41291
5916
10835
69796
69136
22539
54987
61168
97304
75984
70316
69425
40367
46218
4406
39278
65245
32399
32742
97988
33302
45125
75510
25706
34560
33812
52041
62504
18859
33220
45792
46677
64076
69005
8531
31453
17678
25022
61007
6883
25054
89800
9180
35901
14667
1156
6944
64143
2409
78214
21628
78721
88551
62492
16435
34789
19065
67115
36177
76768
44400
3058
57902
29433
58799
34169
72005
72798
61887
15631
6983
95455
34497
58723
14183
95647
69212
12595
10449
30577
21609
48701
50189
29704
53296
33768
22012
47490
23615
46946
87122
35978
71812
24741
26888
39158
46773
21242
71152
49718
49100
69550
13171
59817
25026
24051
28441
23560
89067
464
48350
87496
19245
99606
59823
75110
83335
4248
89987
31271
6903
25547
47950
53965
51898
47688
68314
14008
36447
65073
87178
55723
61895
55792
32063
49581
90969
48634
88668
3322
51233
90247
73044
65087
25379
68273
17125
53792
99290
74407
5735
33632
44409
19689
8240
79970
69722
91957
68609
92889
19215
25127
56230
38699
156
9993
79520
10010
30668
50122
27860
61135
73515
407
70909
77176
62203
5609
49212
94305
67010
59761
32063
7618
89294
63343
36531
746
12217
23673
35674
21712
74708
28618
47290
10395
7761
95250
89033
24170
45916
90857
9909
88268
83129
20263
65224
1118
68209
76354
570
42088
39893
41203
32815
1442
57459
43649
36829
75334
5330
65031
35175
74615
99842
96910
88607
92615
93632
98455
14451
63527
83073
53164
18757
58669
23663
73404
31892
10020
3636
78687
96132
1681
15550
39080
2713
30279
40869
50634
12932
97641
87925
67945
42566
4345
1356
14167
36856
77398
21917
54893
25116
69905
1684
84722
39550
50918
96286
85114
76132
64394
67102
91081
93862
55624
56510
59877
63778
54391
45831
12716
10705
9647
41840
46590
44054
39852
18988
31533
77792
45527
44857
80281
42779
21797
23112
63892
17641
80262
6246
43102
78779
21301
25037
62518
18995
44966
90011
63829
65224
82954
56245
68467
24242
89933
12498
99516
24974
16972
67371
75870
51490
16162
51937
52209
79702
59016
69962
49196
70569
29398
45162
2674
39175
70348
8713
10049
96844
8507
64385
84751
96170
22887
42860
41889
15235
91807
14470
4783
60966
9416
73905
22891
14100
87426
70889
35120
22373
12433
50239
44959
6269
26743
45456
94238
74823
27154
50825
6780
75105
91476
11019
30411
38803
33746
87968
88992
68304
61750
51488
91527
43443
48957
50651
22422
65257
89396
8644
86609
76010
38941
5217
79101
97111
56496
85581
38622
83003
22384
14784
28152
1465
21309
50576
68633
99474
57309
78133
66037
7555
16675
66205
5023
54707
54723
88363
58925
35684
2219
55617
44854
17539
16698
26367
16441
55998
27967
90056
59022
98837
75756
25396
25954
70778
95308
57789
21251
85289
79877
37062
9551
618
58715
54804
95243
25600
92404
15138
39144
71462
71357
32100
24746
66391
3861
11548
56838
69052
70389
62353
51841
28716
89545
78073
18202
55395
76590
69558
41513
85679
56177
64161
55314
11766
65303
9921
55170
76721
13531
29241
24072
32394
80700
85112
66916
27315
70142
34257
6217
57096
47723
66225
9875
44562
79889
96451
48633
88954
79457
87167
66300
61869
751
15510
1818
5264
38836
24626
71248
80123
18408
93756
26898
12104
4599
53622
3911
81629
8708
15002
22145
63872
10869
61060
79852
95083
84756
28034
8842
9746
60200
56809
3709
49453
76977
2278
24698
13485
33562
12157
25928
36356
16353
25251
5197
55303
65933
13016
44565
99215
36732
14445
73377
34182
23397
11730
32708
30804
22219
70677
64346
52044
75195
86826
49327
14057
74642
51447
22146
38603
89821
89683
36510
72804
53327
70453
53660
66493
1971
86908
6570
3497
5370
14245
1716
77070
89905
91595
42411
94629
28345
6390
84276
94109
76489
27251
6474
92573
21821
15400
34043
26954
60503
93075
62133
21590
98714
71152
95704
6146
87516
72188
18257
54074
65732
70956
79014
12912
54572
35621
72159
82982
36787
6073
91562
87953
48980
58459
66576
1599
69952
14289
97276
9938
85770
99698
67667
29787
12138
56616
83760
91792
39143
26934
51787
78787
26812
49612
90173
18868
49846
37226
73968
64570
66513
60675
35878
16457
70376
21978
74652
80742
62265
16554
30703
79869
7645
73954
32413
44280
53181
33393
31098
84043
25578
49833
12832
13129
46700
29744
90394
42141
87939
23948
75991
34959
26895
11087
11837
93470
15222
61151
40902
55490
45953
21406
50897
21668
96114
24976
55579
12675
86042
22600
49682
41298
44952
45714
92072
64812
10619
36063
30005
38511
1118
60589
66381
2829
84904
33626
21488
80372
83196
82984
43807
36727
86677
80644
85691
4142
86909
76515
82132
64462
60928
72687
73402
74753
83070
85713
42070
87023
1582
38819
80472
19366
6222
16946
49771
72448
23422
30647
12047
71663
32257
52487
16324
9442
51436
12900
83221
14687
93131
27191
18942
96878
75018
45293
6902
88196
60469
22026
3529
80885
68239
21304
90095
82153
69174
48244
3074
34774
92430
59424
73127
72451
39407
68249
56645
91705
59829
74452
28635
96801
99780
29953
90549
35882
11284
26753
51301
43626
89197
31781
87136
24058
44820
67382
56846
84852
99184
66098
14027
33655
3902
38670
74535
29472
64196
59510
69420
39462
60408
5944
68052
50180
86820
58896
81241
89724
74860
84485
6805
85106
6572
44715
14607
8828
26598
2377
22060
52321
35231
63027
67414
63316
96986
22063
4262
71942
60398
33524
88579
70340
7798
7629
10284
77979
19263
37834
95363
82458
9624
91566
77026
19838
54239
83974
23618
94873
68525
57347
11598
21228
28395
41532
19436
35249
68214
96458
8051
41948
7221
96845
51133
23398
80289
12251
69843
79860
14403
9166
24476
70631
10398
96617
47588
84302
67870
83823
1296
32086
31174
40335
24570
81669
36281
520
56623
14988
34746
65306
88290
51940
98272
75004
8694
79170
70110
34064
49346
12316
94621
19571
86257
54688
25078
29806
14810
13457
88909
42965
41841
63173
59442
98935
39843
30512
26805
98931
23263
32046
63477
2950
70366
45510
24447
74455
43614
12955
63626
55104
7421
53024
94406
83871
27699
74827
80513
786
19900
34021
89157
62573
48233
5002
20961
50465
74984
72282
83904
97080
330
79117
69791
66987
47843
82666
64614
479
40387
7723
92222
7350
41984
779
15939
69628
56664
54995
55692
57530
16835
28367
67105
32557
33282
98391
99876
79598
87337
19453
89172
5015
88833
8175
31524
65855
1662
61165
95981
93388
1920
18792
30589
9409
52156
49489
88123
12424
62789
24753
12159
75850
89985
18670
21028
45631
20339
33396
76816
92820
85442
56109
11290
55385
51019
34123
98980
77366
59145
81304
1884
91865
11102
55248
23043
94929
32839
30868
7392
79766
88186
608
29195
29066
43073
48977
29604
42023
4521
57977
86482
80026
62685
2568
64328
84991
54798
49245
23856
8870
47166
8324
50209
73306
75520
80044
56891
15107
89091
89047
92078
2805
38589
29608
64467
67893
97896
57814
62066
68437
4352
96733
53915
96912
1414
33668
95351
49082
16215
64942
50478
82302
49756
62221
98149
34266
48123
53302
12081
88512
56002
62562
61503
65204
23975
75375
52899
35374
58543
36033
92699
10704
35719
17309
75789
20222
12151
34285
89492
87374
77276
88285
79946
95765
3089
92972
13654
61324
8815
68167
19606
60381
78499
92859
22024
75495
79103
80635
25001
27614
59684
34333
36779
71656
1542
97880
45754
25041
37006
12573
30033
15742
92249
34876
98366
74022
54494
44273
50213
46940
35332
82156
1184
5402
51494
34784
45114
3599
780
24512
83858
59527
72062
28151
46177
6858
30389
68104
52615
31221
42894
10443
76158
87421
11889
66564
38748
55381
58772
81112
93866
49864
94612
23307
71751
44152
61043
54856
40765
10890
82351
55028
2754
45536
58086
6850
4005
52474
51401
51677
24188
3744
8854
81709
517
74518
48277
73972
70556
33657
55555
5816
36212
19842
18766
66909
72808
64452
74535
45526
68910
58430
32257
88063
14683
28996
55396
34334
69866
68188
15208
55083
51705
4106
81941
12690
69490
32459
36750
68120
49111
67700
71391
34146
21790
36967
98246
50976
51459
1839
83256
19462
53469
76603
6653
680
50585
58572
22907
93387
79683
47423
56148
87604
72109
13089
10239
17699
66218
66026
33316
41221
37831
53895
81658
65249
48704
49348
94873
53937
76694
16045
11508
54288
33944
33836
68384
61984
5081
86345
45386
25351
17151
55271
31303
6293
92660
55299
40332
82568
42608
30042
5446
6658
5936
80621
58519
99752
24134
38028
46295
39404
5117
84766
33684
50842
85192
7747
72638
23913
46046
86749
96374
5990
57847
44852
37840
47561
25757
6186
85942
62176
23
97969
77210
81770
55712
3479
83896
55561
87038
16936
57485
43513
38905
28660
19097
83939
88729
33590
67848
55183
6140
64776
21755
78862
92097
21138
81826
31390
8448
27625
20546
46730
76572
74174
3893
14258
47827
13145
22994
51836
31575
38308
94549
25551
16601
38371
10121
88995
48023
51707
25548
42585
69240
36530
99216
39188
27012
47982
84946
19580
28386
80902
17383
13127
39440
70381
58812
3181
92808
24009
46533
78788
24858
48817
36843
23944
81599
72846
44859
42144
80701
85427
59017
85035
82469
54637
39294
20518
36590
46982
90291
4917
89901
74017
63581
58515
92502
35292
41627
76538
1726
51248
64544
57986
28253
17839
27879
93527
31143
72661
62167
76754
35234
68669
20952
64623
61482
90337
13289
62973
5042
62461
79176
19932
56284
23104
87816
23400
90801
14676
66316
58775
53987
57683
58068
3561
26088
3903
21900
33261
6613
71253
28481
64937
62513
91309
65649
31044
55367
78516
50908
18808
45965
55017
97125
82797
33573
35839
94831
26691
86280
76433
44189
18748
12519
15245
77739
41744
79372
50189
41579
32373
92014
35031
9247
95790
48697
64072
83831
25174
91876
94656
44988
66350
18550
60846
23410
75760
48170
67880
42420
60034
37997
56602
7725
17827
90082
93918
83928
42803
29728
58351
43581
63642
786
1152
62520
4986
9706
86341
25656
90214
19732
45512
43062
11415
80877
77846
97975
42826
55719
2725
88766
15604
55991
14166
96173
99397
84436
63837
68316
58675
46711
68445
43908
42782
81703
55176
27508
94680
26877
41002
65135
67779
34753
74108
5072
45150
50994
68755
67796
67346
34083
18106
64268
57310
16700
61857
35402
75413
26218
91363
47594
64878
44440
52716
94062
28619
1858
79451
78889
18648
96107
74081
95554
138
62456
5534
476
85450
67548
75431
49237
43008
81365
50657
35898
41740
52404
36857
64491
97854
62834
15400
59783
19363
78083
49169
60368
31392
35307
76381
48840
62013
78043
39490
8193
81036
96135
16814
48035
55800
34521
87028
42878
9083
15371
61257
17142
76254
91457
51238
30976
70863
16166
70264
88346
40936
35157
47649
274
18067
19559
29818
41988
60776
15322
20008
52316
77798
9037
80905
49975
33657
51371
35692
6322
60156
89357
16846
44387
24644
30495
5593
94826
33944
41519
97570
42146
60943
90140
71485
22775
32728
90246
86716
66464
28098
4310
3287
47339
13509
57930
95821
30354
15176
56662
67314
66985
3393
75045
6591
67173
27178
37397
54152
83900
98747
94945
87527
84235
45474
53676
95689
51323
66990
1945
24964
94165
97171
92846
6541
74404
53897
63177
20084
50786
7073
11403
69725
89244
3175
34335
56815
12164
11380
42983
89003
32970
87218
92352
28178
53147
36864
62790
87028
2531
16672
82857
35876
91160
6723
249
28035
29203
59896
74481
54306
66243
33366
79389
55363
78639
30895
23546
50291
84150
2732
49685
65456
25274
69745
44484
93269
54987
82766
21186
25053
44490
52536
93505
671
27420
47011
6934
46308
78338
37477
42939
29899
62283
99555
46770
66153
52944
52263
75866
96073
78885
32537
18076
31057
3045
15495
20827
40780
35809
86364
65327
26885
57269
67463
19159
22537
3132
208
17830
83196
81543
80544
29683
64541
41733
4571
17377
90108
81569
1326
60359
95714
29091
47542
4507
63114
86987
11271
29406
55636
38847
76678
26954
7149
97628
76000
8916
62751
20784
64749
88277
45750
91946
83958
8638
37949
74407
54086
52179
93076
32949
80740
94574
61423
62184
35892
48575
3386
48030
60634
57234
47336
93512
77682
24715
37310
33088
86248
92735
76040
57961
80159
52394
87838
87329
48163
74920
34923
76646
76678
35629
53159
25006
23675
28431
32665
24491
60138
54376
20856
28225
17645
14095
26978
87039
69112
55903
68013
75763
44639
59371
69026
94738
12033
41119
72656
68067
8648
94121
53929
1993
81407
44979
85121
88283
81362
29074
90804
14712
31547
74746
47416
75365
37724
17349
35181
68508
52929
83676
86710
86308
84356
34255
35726
20522
9230
44425
55975
20406
99639
68197
10077
47437
17625
49053
27929
75762
14449
48427
93827
69572
4481
34275
39827
1308
55946
52667
48289
14566
83394
78508
23332
40972
85266
24913
81441
84146
3867
85819
40637
59110
783
88795
32775
78955
35401
70843
93467
64869
48276
47997
72712
90489
39280
2752
589
64124
87938
80369
41201
62731
50097
63853
6456
50057
47549
7399
11592
50420
34443
78820
11118
41233
88227
5888
12387
253
47139
82498
44054
51011
26778
72216
52057
3353
44630
53992
24285
77646
6738
60190
56193
23783
65539
61774
71402
46628
31099
31959
24590
44709
4338
2982
34384
98156
25539
98869
73426
16994
16517
23789
23951
14186
1108
32628
39614
69298
46500
62322
60076
75931
37121
23154
65952
60540
89053
90236
47841
94124
48273
38010
62253
86334
55288
86817
9335
76244
69347
34813
75392
85506
54665
66945
41225
29348
24585
22466
39940
9500
49054
97277
32625
90896
19175
93175
73291
4972
64996
66246
79381
59832
74321
9048
21748
86710
79140
67552
53949
19300
58169
32451
93104
54590
51252
30594
10121
50301
31891
70950
23251
86494
39038
41030
40582
71333
2022
85158
30627
8273
64955
30149
37223
4361
18399
13200
74054
86777
57575
18718
25807
4419
29776
56325
79764
3365
71416
36688
31471
72218
67957
90265
43938
39966
53376
72205
26280
80171
32455
78037
92134
15164
32011
47766
78201
39386
73248
86926
85220
55238
45972
43718
11917
9964
56399
23263
17020
16526
19070
52595
95620
28582
33543
37810
37398
81085
32182
64848
54752
16767
40584
4580
49058
10255
82878
51279
26154
89583
6327
36806
88599
50339
77313
97252
36375
44163
77735
90007
82336
78315
88603
79291
40288
57202
24442
96247
1154
58461
71880
91392
27054
40117
4969
80960
33037
42567
46959
96726
49548
77523
64111
96513
4255
84745
22016
81192
53217
51656
17224
62595
78315
28011
70687
12123
47059
49645
74294
32370
35556
22600
62110
48904
50671
21148
86770
22686
65335
99401
62772
76769
43559
1597
9542
56083
66871
89418
39033
78175
29462
23
49720
41182
92259
68176
72815
26740
87022
51611
60367
49090
64327
6896
40717
84407
55211
49353
42561
46463
11357
44875
17106
90842
18205
45807
7558
11078
36932
91009
85995
22954
95668
81269
64346
39795
71455
63638
50264
96198
15741
92715
42511
75956
58789
45774
84054
95488
55837
27836
62025
99259
52308
69377
20901
31197
20013
60545
30905
72246
26660
71423
60271
82566
58123
6417
79935
26392
76961
22301
82156
60706
46129
25734
83485
57140
49830
33240
85178
40613
87633
74398
33614
91169
9461
19704
39601
29153
46134
38689
46498
68649
67948
87521
84303
12163
33230
83159
68136
73849
20281
86857
2839
6297
67322
26381
90931
69413
471
81325
91977
98359
46391
25473
88716
90687
77058
20073
25578
76805
5392
57348
793
7197
35994
80033
33382
46162
59252
85480
7130
25719
54076
67539
76814
21116
42304
22903
47734
7892
45756
24135
48791
38725
1547
61907
88369
65527
97090
51547
66817
50528
89520
59324
52731
74569
38739
36299
44201
57919
97178
40363
68
83868
70533
29561
56733
58679
86329
35946
1373
34606
83266
29653
73753
50806
73058
24292
73953
23309
62784
69111
59254
82905
56566
51416
57021
1968
38910
24477
81212
11716
31307
58120
81925
75299
56811
68392
51779
55543
54436
75068
50585
92694
31238
61683
8029
96363
36368
60491
81963
35444
472
46254
1109
81909
13418
31734
54101
37449
42238
23486
66596
76709
39542
97545
5523
94592
40446
73331
40573
31559
52768
74434
43202
71749
13130
84486
61693
37737
56411
23478
23278
80913
54996
25769
75969
91268
75537
94615
7371
30854
5037
31891
18516
87496
46642
83484
48231
60636
933
16813
50448
89345
62132
76304
95489
90300
107
54929
48734
82306
38417
58920
20009
3414
35068
82647
53466
1559
63581
80877
94964
27502
17741
12182
62077
91987
72708
37872
3096
67315
42564
49884
63289
73975
39426
42976
77721
47807
88741
29133
31913
41323
13040
84406
2634
36542
69439
12859
34399
26945
85200
13055
13556
20031
4824
28981
13228
72958
37001
12170
3612
97575
19078
54648
93390
40846
78907
65807
12436
60400
82633
94844
48951
54068
46141
42208
16615
44601
73581
56287
74389
12194
79022
46874
24075
46733
74821
34327
20862
83946
30000
48542
80023
55732
88716
71545
59166
38611
16712
22517
79634
31368
36553
93995
26338
88797
17850
34199
38787
86123
50801
79740
2669
31906
55772
74070
58143
48178
20459
65218
8428
70442
81945
66805
83707
60839
92717
63320
39105
62966
91267
19360
44381
24071
74226
51380
81690
68419
92579
4024
19466
16895
1295
88981
13227
6477
26567
94815
13230
17184
14795
3455
93303
3654
85378
97501
97888
56920
92822
32142
87814
81624
20814
74500
50745
63634
861
86797
95981
68211
10171
80553
32618
12710
91227
36779
37116
64778
36754
62088
29781
57981
20955
45921
28292
43919
12916
1956
86132
1960
26571
21376
83898
68336
58464
52241
30158
25769
69107
4903
40693
39032
13695
63596
37188
71917
37725
23061
37212
89615
5864
93919
31512
33869
33721
8435
19415
6603
69304
20523
5630
86631
99000
67172
49744
98432
27938
89947
42719
95164
22612
42105
72041
54403
42190
78976
67443
6963
5459
82842
332
86954
6727
87953
90791
21968
52237
15440
50938
62355
44803
81701
31033
72808
59119
3215
93987
96236
82763
90060
35504
67378
63766
40757
39673
84160
98627
92259
83272
38018
40260
44080
93394
90190
60765
70515
38744
65034
4046
13018
87937
33658
55227
76971
46788
95234
65626
15215
9833
7424
54410
92787
61245
36183
55495
45937
13031
60023
42320
82972
91792
40536
62315
43835
39020
32515
32103
2579
66707
6589
20855
88924
97071
49495
20550
82400
50764
23372
11371
51883
99800
80048
60465
1345
37430
10774
9556
49330
79614
98530
68756
15063
41899
56324
81287
23151
48705
70813
58917
11165
89322
75831
68933
74282
43509
64951
33248
80965
27052
48833
94084
96564
90171
62249
56545
10148
50772
22348
69937
36197
86013
47389
83228
41378
18536
7149
57917
86593
61077
30788
41940
41359
22884
31278
78322
4363
66477
81177
87203
99291
77664
60026
66876
9980
19508
72754
74798
90472
99736
1734
33919
96010
43423
5512
8682
33225
45025
62869
28828
70724
99270
76170
67820
34844
29125
16450
82746
41942
97741
40245
17699
56503
91156
47582
2814
33545
49014
71242
52122
57583
51230
58351
63861
13598
430
49406
44558
63370
21831
22573
43743
57453
78598
95367
32616
24841
76974
86349
99267
71992
90674
38220
26784
33756
88653
10033
96940
22490
18442
41866
99222
86091
56093
85979
89524
90174
25503
71826
9460
39970
9987
38083
85178
13571
21291
33696
73567
94686
46910
45777
76997
30964
51471
17603
27021
22685
8185
43880
37141
95604
23533
36604
56121
91635
57841
20947
89732
69306
90068
70488
45542
24505
77514
79683
77017
41404
50453
90680
87095
81189
22621
60473
42980
43015
65867
84414
45590
88968
42018
20663
30037
93048
2292
17357
56828
50063
70036
34316
13812
84275
79404
3532
6495
48673
95925
42638
62344
33270
86656
5705
53003
47985
65388
65840
42185
77968
77758
51555
84973
35451
32400
42929
85623
88369
3515
57215
38849
48306
1777
76593
31107
11423
50750
78952
30528
62835
46733
86387
28241
57061
1432
99171
9336
69967
37126
53304
90953
46620
81647
75978
37003
96825
3174
30642
64049
24534
16975
50537
40867
76581
98880
80888
17197
59204
18740
43357
12393
94459
7754
33972
12928
81710
92284
50765
20419
83851
39932
21167
25388
32522
81129
53681
9937
37115
55600
43149
61776
65621
16792
66959
32594
73299
98243
34166
11197
83794
44279
34186
14683
58467
30347
76088
59477
94066
65555
62917
89021
32975
45614
33871
69464
65857
99984
8284
67589
86828
54362
31562
5365
66348
63847
72531
40469
73354
96988
52711
33919
7717
94284
52158
50060
80589
13335
6720
27543
65252
75333
51877
36198
60909
27863
83597
60682
94914
76332
81811
85187
39229
24507
58546
92314
58548
60003
77621
64107
6875
77919
92994
22446
15759
80408
1012
46125
99542
67321
80359
98155
36650
79594
28658
92533
11435
56018
40565
50635
27468
80185
76162
25368
71960
21795
32584
31899
3922
24374
20813
44769
93197
62599
90815
11419
46698
7888
53603
33268
90929
93401
32792
306
35195
93840
51685
20111
43256
59491
45423
84085
81059
12292
43511
32155
90570
20922
87912
86385
43023
65553
89066
33814
6292
68991
51325
38626
60061
50909
46463
50060
3529
72350
38535
60761
41133
97197
16052
72581
59451
69053
89574
28876
1315
7082
40924
34556
15396
63934
8652
29939
96257
80176
91528
88008
53780
35571
99696
86529
48277
34058
76860
88202
85127
1460
50206
66900
62759
75006
55374
41446
47111
21466
65503
3241
79378
90396
2045
78710
61175
13769
2144
57547
79609
87254
91778
89378
7432
50141
67720
16517
68616
2815
18157
2612
38521
85255
94446
53231
40623
41634
6157
65943
77210
40508
84949
59517
65321
95923
48673
75829
20629
90848
94344
11299
98641
81613
17422
23274
592
45242
15166
69784
83880
69945
42437
35816
51968
21575
50412
32206
4786
16638
33730
80299
45109
20628
99094
82797
46956
89343
96702
93004
5384
30465
70975
45975
8323
27352
69340
80526
20385
15521
73850
33518
47950
57367
58282
6276
49302
50221
47162
32904
89245
66237
57048
86092
81919
53183
96677
89560
99342
39617
94656
31478
71846
82466
59700
19647
59563
73010
36569
88133
2182
27507
66781
18942
3402
63971
13509
34608
9647
61829
38033
4638
8439
54005
35332
21343
73001
22381
57807
62536
38356
34299
3057
48695
67074
70684
57038
66502
63058
93409
25213
88288
13676
33717
30532
95934
49690
17098
79431
61980
98920
95485
65086
67748
13043
48176
97325
67693
50141
28526
59472
33529
38335
41108
13891
56847
19314
96877
34310
15819
56994
19512
84201
38844
64656
30027
41834
7345
5231
31927
83520
4285
67346
46512
31181
15825
20493
6818
15300
62147
96204
58387
27951
36774
5454
97635
60884
18878
83978
39209
35693
62090
7433
98426
7323
65929
70908
85998
10561
87193
9924
73295
57363
33065
18203
13965
68850
26426
44454
82979
62127
31476
44788
