84722
39065
11519
97274
45997
61859
12019
6848
20570
97439
36013
2806
26043
44266
91313
12839
14233
77611
87344
13196
71366
71
22981
824
78546
78851
65271
20989
80247
80204
94929
70135
57321
84328
52704
4541
24185
81512
61001
50368
23482
7225
40218
15682
67422
62980
47922
98712
47444
62683
86750
63571
51246
77003
46538
19237
69844
56581
76031
69132
41723
29796
96426
92499
80014
92176
52465
17661
75405
1224
85005
52333
8435
40397
63058
43802
5123
11919
25570
48401
71366
36662
24300
7193
99713
47607
18345
69355
29650
60097
80029
13215
58503
71952
60416
74238
55099
57129
78574
25661
17018
65077
47814
58019
40579
75460
88215
22681
81505
28582
28698
44075
90405
83230
74105
88215
14728
85117
58686
87754
86735
99741
47272
91442
38599
88828
48345
52638
43469
41980
85264
9196
656
33569
6577
60195
23843
453
54972
39054
61735
11393
28246
42781
15655
74530
28543
37426
79393
32007
83667
5590
62465
14779
76530
56826
56779
85006
80967
15027
9255
3802
75499
8961
40470
15560
15199
30466
71689
47458
63399
98426
69364
26592
73104
30531
74789
59089
97043
538
90829
83741
23516
78447
58569
72787
21413
67131
8192
69756
97281
92949
98586
14859
91411
67161
56693
30030
2836
54004
63188
30013
8772
19706
69275
48112
53967
75647
49558
18888
3018
82451
49591
15631
86933
32035
7810
57098
6002
73622
44175
92548
13690
23985
88908
34548
24053
18815
74630
1629
13010
98842
82849
32395
26233
37932
39537
97419
63944
87848
523
44963
91961
47644
94752
38143
30041
92711
17547
45413
57142
30468
82024
42127
69511
87429
19162
21648
79035
79250
63401
72168
92531
36205
27327
3963
18357
64650
58411
60988
21791
90601
97376
2071
33149
92983
96937
67445
68018
91009
71139
60369
44446
62670
99111
94091
60781
20861
72469
66521
69949
96735
33923
36843
61572
55422
39227
7565
53992
82244
31153
7155
41690
34791
32319
94444
74081
33089
61251
25092
57724
49412
59724
44434
85443
2628
77461
40318
68813
20961
33911
33416
37920
86612
65905
16261
65372
5300
41322
40834
51040
1886
80209
77439
50427
73510
78666
58103
22543
60070
81619
45407
13233
55800
90604
37562
63417
60537
19598
76553
31156
3945
16681
74717
35811
32518
16655
20139
78767
21347
66383
30130
96183
64387
71506
59290
71754
50160
27362
43207
17979
89592
51019
38136
49449
93799
13798
82994
45016
6460
68816
44862
8813
8538
81705
48148
31606
39391
2121
34553
31454
40675
46997
70351
86508
14451
97375
71578
84142
90043
4476
8375
73046
47003
20671
152
90587
18917
19643
45729
77498
91534
47222
68777
89156
40398
3953
18271
68164
78236
42229
59331
74777
22944
40043
55437
67355
80845
89812
19821
67893
25911
67358
28546
5780
72649
58430
41447
65881
36734
54790
66481
71926
94092
43825
95421
15253
37970
54306
6551
60340
49355
27441
71318
45176
19186
96047
56697
19152
58648
37853
98840
2765
57012
30188
30525
85746
94468
16657
27321
96957
29765
64902
43785
28558
75737
75679
25270
77259
70094
89524
82945
58740
63991
74709
95027
80373
90623
34449
25350
20928
20516
24843
74297
54871
50842
96314
49664
47083
37993
30774
15099
32530
31154
99781
77794
40910
63921
34629
60649
36974
91238
2555
11205
38266
784
14973
2232
67007
9797
49365
20872
21292
64151
14230
41522
45274
11423
91871
22341
18374
54489
17505
88788
82788
27261
72333
32052
38898
39410
45787
51275
96771
34147
36360
42971
31170
20203
6571
23034
45493
9737
423
20585
83058
7554
60658
81165
24141
42747
67539
82215
17501
45267
1615
85520
69453
95339
108
47354
31550
5234
73119
76577
39042
40153
50050
38443
24803
48413
92427
77402
41340
75489
36811
39533
56440
52114
90281
96691
87131
63452
4469
53483
68269
43182
59322
72254
58589
29792
7649
11025
96192
91156
78242
33655
32062
19578
42059
10979
67032
99147
24775
5426
86352
39968
68280
50535
32118
91220
15998
11576
69324
1880
58071
58433
8687
18532
86189
49106
61598
97875
78766
23309
95649
97425
223
71402
99929
52133
73954
88921
38224
13905
36032
5565
8213
76809
71882
7964
66216
72157
77615
65532
83380
73273
16250
34548
47989
49555
49746
27376
28873
3690
99248
27593
44791
7566
74060
1135
40770
61498
71414
60549
88615
24751
43385
50112
63907
97037
63989
88381
80664
49961
23318
87376
78487
83426
1948
21216
37509
10519
47304
39078
60323
72792
92706
10868
69227
81409
12696
14023
66754
34816
37825
16080
53019
43728
70477
73224
70385
42790
51022
26298
5630
64723
67801
49492
85141
20021
88957
67195
95045
96556
27592
63399
74184
59429
52347
91108
39736
9245
88589
37107
24171
29908
85359
58574
27076
59694
41200
62582
26664
21133
59155
92362
16685
77203
65443
97196
48625
17013
79600
66959
10338
34869
27248
69649
90709
11641
52312
70309
89566
12745
11577
2228
63781
43370
15371
71962
46237
84981
71143
29251
82150
54798
60210
46401
33750
54427
6590
314
63515
3089
61059
67219
56519
24790
99198
97966
75684
4325
84775
5828
59982
90491
79697
31597
36192
94226
79577
70736
58192
36240
1889
11289
15114
47470
58428
29245
56547
62352
73821
9907
65113
56586
70797
58722
48273
92582
64989
49929
90682
12994
74418
40894
39287
53642
10058
5799
18271
83039
44710
67945
14976
40085
72641
84833
92831
75304
27503
31836
40126
40191
58649
21464
15504
43757
95403
11815
22599
24940
82613
30706
69483
49762
61488
97873
69090
70488
77081
66245
53531
86774
17163
11904
38337
13958
77882
82232
81749
49738
68430
72336
59972
61531
34455
85530
91464
17438
30917
76263
86616
72527
92913
79699
97224
8172
69959
2029
38383
66634
95591
15260
49681
52673
98720
48653
4045
18492
99512
48813
69564
12510
22868
31504
39778
24338
12385
31696
64475
8442
17159
53778
19128
20541
26891
29972
56416
64180
49746
81166
65685
43634
38022
41125
94896
33726
61223
52177
25378
90798
81595
48608
29489
4543
38742
53035
49622
37791
2271
81021
26572
56519
87072
76647
35812
14972
44987
83428
98662
43269
93397
10805
56124
30962
246
25116
49743
58862
49008
96200
12436
68698
1708
31752
27722
36169
2561
82711
38742
6385
53060
40944
58192
45095
8517
4112
69311
78079
47924
9451
81925
80020
91782
1879
23647
80012
43856
90170
44646
42156
1595
19351
97483
24239
81088
7588
43820
94748
56536
79850
42566
71562
93030
73519
65170
55930
49485
27508
57471
91162
27890
21692
50729
87958
48765
2720
64063
25793
21069
93812
64989
95245
13339
2676
43384
50944
35421
21093
49624
22867
10901
42841
14180
7640
8324
47451
34502
36745
25640
16919
84009
74754
58080
89642
34015
48373
97878
45654
9388
13076
19219
49046
39389
60384
43011
55057
65070
34481
21076
37631
79913
19583
18975
649
84478
56389
95960
59912
32072
75690
52464
45224
77539
9059
1427
6081
91601
88403
67931
13403
97448
61989
20582
37661
18569
20136
43586
99776
46408
26715
47190
47001
68318
79302
70974
18921
36114
31685
2734
10279
86795
24673
48451
10471
40757
70046
67569
2091
91908
94071
85616
80410
12757
30519
78970
81700
13085
19276
53964
10393
60232
3958
80844
85349
63410
12235
8245
53024
79638
87084
63576
58510
9480
4946
5666
27979
4804
87264
45370
75097
25601
19236
67883
48998
18852
98205
25611
73757
8294
83706
25335
73113
61391
16032
66805
23073
241
59132
61906
23052
16111
43624
57797
76397
7095
57078
77200
31195
72603
84446
50171
56800
13796
85331
73825
96465
27124
49112
17685
85046
46155
81770
46030
42472
68710
55861
62521
24309
92192
53062
39713
42451
90769
88704
18515
20822
70444
98127
84243
74068
8805
79124
58331
97355
72813
49953
16763
90913
41588
98119
32162
96448
48411
58595
46774
70698
53254
19881
98331
64971
89197
28148
29619
87667
43446
98691
5813
18727
5002
30487
15264
88304
31188
4349
57440
17006
94061
73472
17582
50487
1752
71640
33246
13392
89341
62931
7055
71389
16754
73101
66079
61062
59322
14488
3149
37455
68941
66525
78161
95124
33213
53169
61119
41209
87686
34036
5615
39395
92824
19540
56195
62841
22865
40756
9424
33750
91096
60431
42035
56490
33020
42226
90231
93960
91657
29359
70501
83152
49284
23401
86001
49340
53007
15383
52292
50400
84006
6726
14820
94086
94251
40098
66865
88938
27731
63257
40827
1112
84343
254
1396
20677
13003
96754
19891
6054
26212
56132
36686
13760
36331
37003
96746
83042
14835
42184
85810
81377
43144
52244
32727
55688
13948
39501
13068
54270
91237
92870
38595
52273
38953
2433
48836
83150
27169
49408
60935
39046
27695
68389
6354
62089
68894
34066
81134
190
75884
45569
39470
56619
41343
97431
34403
47353
7948
60989
2311
53399
71457
77935
80943
68707
78442
93085
94040
17099
64652
73130
17997
72372
82442
87090
82267
5571
32061
70778
50024
24095
24821
45857
76265
94613
86584
32946
4508
37083
63350
93323
62018
25284
60013
40300
33452
72002
54322
58537
39357
61520
33906
40751
85880
83164
22098
46179
2187
67870
1039
40590
32044
69227
74101
27711
34354
94528
44000
7814
71841
36176
52355
76023
2580
93521
65379
64216
74908
95183
67096
42411
49897
99979
33902
17144
39380
54915
23048
95714
33393
52806
32940
59454
19414
1917
73043
55238
50450
61371
12953
85689
19067
90139
97015
8291
20776
7948
72487
84931
74991
94943
21658
44708
94342
74139
19337
43878
38898
85229
52049
42386
24339
89163
52669
21587
63670
90662
60592
54601
9437
67128
45739
71151
89736
81502
46554
31538
97545
85647
1704
95000
69611
86722
5330
63694
969
83598
97292
97047
1704
54013
61359
92824
51954
53520
76097
49757
60031
87515
29389
23180
5009
31173
59671
82469
29562
9983
17447
16240
85885
12060
58529
50664
85428
92388
58800
83780
13301
34200
46147
46374
14202
32282
59078
95402
79673
7454
93327
75863
22152
85447
18229
67661
918
53165
70279
72903
21050
94161
13148
1395
69592
44714
68236
93016
10898
32969
38809
86011
66726
21177
89122
48574
4992
65954
86202
29327
99304
45493
84673
30687
42817
38452
52861
18748
72611
505
91825
2099
86811
64888
23654
91331
56672
33989
91098
55017
8579
81747
77485
59257
26430
42153
82616
47629
8814
36626
33124
28329
25344
68355
69555
89156
1036
92881
48076
33951
95813
42145
28056
97613
2506
21414
67391
14080
52617
49541
67516
67863
44078
61854
72405
7757
65899
82671
6143
21714
63303
74434
81511
60703
7102
41962
75045
63128
89247
71906
82453
404
39790
91492
86278
61640
18671
17173
31716
40319
94486
82329
73404
96427
91981
87365
34203
12680
8627
45039
5552
27932
53520
37535
46242
54422
18677
56328
34983
18539
85334
21367
15254
75225
88302
83660
29652
94296
30628
66871
5533
91750
3735
71500
34215
10148
74962
92113
20933
38255
79599
33146
68423
43562
80206
19095
63206
92855
51680
6315
84662
37637
13599
2305
3523
93980
38879
75320
73355
19810
72260
5224
45341
1181
63368
25587
46929
72155
15605
54390
30586
44061
39323
11756
18709
60210
86825
86616
9358
28131
59561
83463
59160
39293
59339
84927
83402
60314
51102
63272
561
96266
53885
11185
14484
95744
82231
42567
22322
35881
87467
62126
23403
26197
75523
62541
38284
3333
97281
15436
9855
91345
73240
29308
94808
66083
88401
4135
69328
27277
22813
16376
62260
64188
15220
20397
9944
82650
52954
99036
84681
8677
629
31504
21601
69774
4101
44276
89380
41858
75892
15259
70666
5975
86391
1841
95025
70603
56534
88696
18195
50348
72333
80507
17384
90814
65873
81178
43634
4565
51965
82466
44667
28975
58924
68262
13692
85127
65595
5074
70398
79037
80618
50905
33608
39473
16809
51040
68929
4025
62335
44738
74173
59586
8401
11330
35668
4251
89415
7534
82683
88307
78832
33313
73352
60898
15467
71752
81249
75503
71693
40668
1931
75940
70128
445
62872
3160
97763
78227
74660
73650
92910
35255
17084
17413
42247
68520
15460
65612
93677
63784
17247
93867
55088
56251
29869
6617
4398
2236
88925
87095
95794
44450
38109
60286
85183
67493
23449
83354
1562
70792
14416
43900
19686
98248
47992
10042
39333
53686
69619
22609
92329
58818
84955
48539
81786
39455
46045
94147
72055
90396
92076
54464
74972
91635
16969
21401
69753
40949
27237
50435
90489
89618
14370
79009
65055
80266
58226
91930
18993
28320
6026
98265
19155
10173
19144
52936
61941
39865
23208
38817
16030
51667
81201
76444
42807
58254
34117
6143
74365
54272
89930
59395
10695
71194
57585
86331
33341
82067
31271
52652
78475
93223
61747
85049
95825
62972
63316
43123
9161
93716
26175
5747
41088
41160
4390
42583
2147
52343
56834
79751
47667
56641
8512
82398
79301
47264
14674
59219
11496
52817
46110
51384
15003
8258
35186
49794
33265
14514
15457
72233
49756
18339
89353
58202
92746
58614
23292
98515
5454
79674
59140
53341
33165
92031
90387
12560
35026
31571
55249
53825
88170
67414
90472
8237
13848
50257
94469
26651
10536
84545
27392
90086
27472
61234
5683
26957
88648
98502
13933
85104
43930
95344
11706
38982
45783
8506
90662
79145
51601
581
68185
18220
58482
89512
46664
40762
29537
52338
9891
84813
14264
69960
50639
36645
20827
71470
94524
41799
75360
47954
31026
41192
99916
10926
6769
42782
91510
26155
45502
50973
63481
78691
42562
32279
38542
43281
71394
63075
88765
36395
61856
33731
18838
91396
75787
82557
42029
10596
76646
69625
84152
48017
96342
70943
99764
12151
82779
74929
72675
71241
84658
98296
54310
28255
26988
74585
36029
79463
63037
91532
91321
15385
97511
32688
85892
36053
48739
16328
52392
89793
40143
93873
12396
18153
58854
6086
46953
6747
14368
33504
27503
67321
68622
19835
19209
27712
54326
21917
18456
4142
7950
45401
6913
20142
58371
70042
18574
53645
84202
34506
66423
2306
91468
30462
24082
66164
95642
20527
62046
90182
24391
39644
66535
22743
69920
84319
8259
5343
89340
30431
1830
19776
97423
53814
87316
57425
56283
19864
47535
78709
28700
55130
16027
94477
37698
3344
36761
86953
64132
3283
95056
45483
76478
49659
87609
93304
1239
51204
37149
297
66973
5487
31912
52532
55710
30618
50043
42840
70428
90326
95883
20023
62067
3227
214
54802
99698
29383
86294
4638
99556
62541
34896
96802
90448
62090
73934
22675
43450
50277
19128
85109
16345
42506
98367
94630
74926
90256
99659
47149
123
42076
76668
79549
15090
5405
29472
64426
37630
18540
740
69112
11951
67332
73572
23882
92586
47833
52638
38238
84218
84426
59654
94507
87944
68519
81278
61870
98252
10367
65956
89323
85687
19111
62216
59745
35022
44013
64893
54135
90929
50564
58590
65573
47374
38093
76176
12937
70666
88233
14632
6858
32310
41110
55814
12903
14873
96756
54283
47684
31219
12876
58552
13745
80441
88111
1351
43497
22095
20257
77058
51938
4417
47006
3259
53284
77075
12549
1863
74656
1125
48105
18167
32680
71055
85912
21436
64069
45761
16587
96752
40208
12781
73040
94968
87316
3167
23045
68093
85612
64454
41010
22938
68662
32526
33127
13221
68505
79634
13210
64291
56535
43146
45274
22929
56014
17302
40986
84448
14492
23677
39951
7322
23013
29205
63552
13557
19794
31190
3236
48373
6265
17280
20549
22096
70471
10979
90357
98966
91831
86672
16726
13137
81804
13982
8136
45006
85253
82639
19137
87536
56857
27544
96788
77840
81231
50340
59528
30737
48490
79511
83661
59009
95689
23017
8440
36571
84858
16477
2630
86941
48444
55567
31549
66938
36683
46269
53189
60577
39127
90847
60942
98057
96377
21259
3828
64055
66030
10948
93582
2762
68027
91056
64413
66960
34914
80115
29133
7994
52980
8834
33328
51952
62086
43937
57867
35545
46497
21664
23155
92659
65430
80914
37386
93619
96717
80729
42170
72735
12182
89135
46992
15249
17145
3639
56687
58152
93001
26326
73221
46850
77201
80796
25562
34441
20528
78525
34697
29333
74842
84750
73692
37879
79
7983
87519
37101
78375
63205
10576
76937
87191
72144
69299
79902
95212
36458
60768
47070
35659
9190
65797
98541
30955
56492
3359
39262
75323
80482
56348
99387
19713
46297
45847
48211
4847
31840
72278
39035
90475
81301
34187
98148
59731
67675
26756
59600
65557
96044
72017
66979
54102
98558
69202
45239
85968
61218
84110
49128
90794
25697
68094
85245
39723
94711
59541
32695
47120
5951
15211
60772
15541
77212
45956
92552
16070
88097
46068
76978
53243
86627
57000
38191
7370
35007
38013
43218
72689
54293
89528
91373
58843
98025
11052
19458
62927
14640
76650
29207
69084
2994
65183
35261
3559
96250
67954
25638
29098
83843
64127
11340
68016
10689
24719
63942
14970
58145
93877
52547
77656
62413
56862
68691
51968
75219
51954
78036
63484
19615
18986
47543
81634
32839
84964
45716
73154
42357
51108
17792
55911
76935
11272
40040
73894
96149
7713
98614
74521
99672
23660
6063
43818
22171
89134
55714
59746
32669
84264
98372
26962
6581
55131
32858
49410
91751
88219
73996
68149
43898
29582
25911
21568
73415
62539
18362
88421
41273
40515
30047
47233
19023
78238
57440
65186
37352
66537
81622
57906
93373
28776
29950
74053
52184
97132
12971
88559
86303
54316
57886
42318
4237
2461
53345
33053
3244
61203
88130
2714
98475
6516
23734
12561
983
92618
53552
39565
79090
39731
87163
57913
69390
88702
91932
75541
56912
45991
91481
67030
64902
80414
36037
62107
32532
81182
40733
50131
18716
48995
89371
94
60780
62220
55211
40307
17681
43509
44699
91703
94107
99465
39408
56196
37908
28308
55447
80168
84670
9117
70449
78604
68292
42920
2602
18325
99968
42347
85808
7439
67897
58329
55224
36044
33711
77223
41058
85991
8712
26680
23095
47588
31052
85639
15968
73148
62296
64089
49964
41346
78027
75414
68666
1623
48590
15793
86705
70101
94987
69896
11994
96112
72790
99529
85663
27389
27164
61122
53037
13583
2102
67007
96618
69609
27067
43967
19923
80736
91774
50442
16797
80618
29315
76227
46477
48768
35389
45403
12200
28276
56023
46583
73914
10815
85964
47239
13467
25111
71423
34083
48281
7973
96009
902
50640
54155
24703
22651
30917
84491
66817
80189
97367
26154
14751
35106
11055
71103
6501
11863
73921
34883
74139
92710
65649
96086
73865
46598
77254
80411
22371
91361
56535
77733
31040
71002
44856
76980
6339
83731
76676
42189
31709
90256
21037
50674
78772
33517
94924
10575
44426
42497
24240
92532
74347
14589
29467
87282
27622
90855
98916
93398
67991
65551
8239
35830
80090
90768
61035
97442
14882
53994
40114
12180
79900
90457
28901
23344
54867
73261
37207
79229
83403
98206
54898
26176
48967
6375
58204
95049
31805
10516
27225
25313
57594
47752
96024
90991
52333
49972
14330
29348
71970
97326
72174
57863
82753
5647
55402
62761
15551
38555
43221
31826
85245
83837
55526
94553
27520
97413
59892
72020
33126
88013
55461
824
39900
61820
45429
99031
11853
53756
66128
37739
17502
94429
63815
20535
73598
13113
51007
80052
80187
55099
61039
90203
9156
64882
42493
65300
39357
80341
72179
24195
85033
96849
27985
64104
76111
15251
98816
80442
345
66157
4382
99676
81064
20658
24100
4704
1681
97957
85639
96392
36597
81198
24885
12436
48201
2083
76973
16044
80595
54530
87132
6481
84326
38046
87909
18113
32820
46765
35569
95679
90293
27623
61632
76140
57945
14179
39513
26085
91593
33933
99201
89023
80946
36971
98523
60942
99935
6590
38064
64408
23097
89731
85584
1973
79846
11213
71272
15505
59314
21249
24414
56385
9530
95625
94258
93304
90457
39099
26966
35645
92216
12853
41927
41421
24802
2952
4189
5651
70754
54600
66802
35159
1724
23493
86115
23020
13574
98421
27082
16874
21394
33817
59327
77381
53214
2909
3864
27023
6415
83331
2802
27256
51369
7865
45250
74276
91127
80306
7281
29307
13154
60584
51525
17661
42372
82283
8267
38340
21083
2615
50588
22989
72934
85562
77111
6174
94486
26416
52266
92152
40064
78270
4449
97930
44433
85157
14257
41285
27269
81349
78444
16530
41757
80153
25842
87174
1709
50171
82888
60332
33229
72422
84634
58010
45430
95949
18006
61514
80114
7562
45688
27515
73335
13570
23197
16359
16657
7925
69614
8259
58776
17209
86833
66963
78166
80865
21630
29123
79424
34981
61483
55803
77108
25711
61688
93506
8388
35504
20037
38878
28174
67316
17244
61307
79546
71688
98852
28492
39012
12295
37835
50395
35075
39775
62673
23145
98164
23493
12294
42267
12619
75904
33281
27563
85336
98473
83546
87525
37617
74478
89748
43909
67427
25571
99487
3826
56158
81315
63936
66873
57282
29226
17436
75558
88345
49624
13876
96092
93500
58355
24684
50607
22620
57007
30830
55941
70259
49798
92543
67625
6804
30291
95346
17220
79949
65056
27324
34660
95909
1907
49268
33493
92276
73569
52887
61709
73393
8216
55111
71712
99984
97057
56981
71273
52242
13495
80813
78005
18976
27325
86958
98346
27375
7036
83623
75203
51143
9563
42665
97443
37262
16218
79565
31654
62266
8032
42553
37293
98032
50357
1521
20284
66899
76484
93782
3302
80075
56216
18583
93904
6959
42673
99762
52629
60563
22985
51138
62325
24988
44028
13452
60298
43506
35333
94177
91171
2450
72729
42436
77559
42832
91577
70864
59668
54109
68380
53448
12001
49663
57132
74968
62201
14086
83292
53556
33000
47835
81617
32219
98038
69421
58630
63425
73070
70741
22973
29488
14110
22018
51226
6507
13434
41597
33109
33677
385
48248
92145
79846
24737
51069
50520
36526
87272
55982
42107
39412
39681
66044
41220
70616
76684
78246
79521
63641
56002
1173
84339
32722
35338
31787
15357
36441
96925
85155
67173
47353
49407
46380
19292
29914
11215
62992
13865
42796
40402
44046
49897
92840
39908
19124
70598
85342
11154
99600
36035
17556
64698
2938
61538
85695
54503
59680
89584
67381
31408
66826
69103
93306
78484
76249
62171
65474
42563
10366
36543
70930
44456
64308
96550
42031
54741
74431
34670
45046
46300
91006
75320
48881
36593
67932
68813
42305
91339
39420
66083
11697
60651
35173
23588
12984
85194
82565
75966
19264
80794
13457
74217
14998
58299
42889
78814
365
12264
30938
58094
4199
237
65041
57245
21028
95945
74617
72838
88811
80305
39798
44287
9952
61875
52911
94784
38779
80145
60233
19521
90540
74476
74824
61336
34807
94889
66187
29613
24080
89974
10259
14031
44512
82085
94068
75385
92022
76341
77632
50515
99063
81778
53179
96657
89331
94573
1236
17374
27417
92052
91676
33837
43143
32747
36973
71324
31677
18319
38482
92055
41884
28089
38305
26284
85802
85690
53838
39735
24124
445
88065
32100
93002
93913
74015
55379
66021
30315
66878
69407
33677
79452
20290
13199
96099
27634
97989
60718
26402
85207
27437
14614
38015
24839
59192
73327
81910
96149
4930
36201
82354
50801
47808
40539
58210
26192
41253
11992
30166
83128
99363
39127
30622
73705
54345
57477
55901
71297
26168
14519
3550
85834
97703
98768
41608
62532
48416
44287
5168
72336
24363
13633
75531
17751
70096
93663
6113
71835
49828
56538
46039
9067
31725
40043
55891
40282
74609
97731
41090
86347
27251
48925
57929
10618
15328
20767
47719
45831
93893
52747
66242
83556
88126
61307
70500
19925
1764
73485
1432
77025
48099
5466
29225
6882
97431
42459
66942
25460
6876
78305
87107
65596
16679
51409
61662
52722
78938
36932
22433
28741
59690
38126
79066
4766
68573
87927
26207
28145
19754
75325
2240
21581
61174
56680
3495
44808
63310
66242
50039
50278
43593
64937
6817
40215
91434
94922
35510
91548
52709
76319
10049
12186
24689
76568
53689
23947
90614
12393
33206
65279
51912
93966
73283
58415
48906
29952
71089
80861
15337
41659
67675
63653
36154
26571
58555
21942
4525
80201
31477
23055
31622
45818
73179
9934
98668
52246
69078
64466
21201
53549
33065
21604
20400
63614
75528
49536
1613
86077
51067
93356
24765
7362
42007
36376
2641
67536
88612
46444
73256
55336
59752
42047
39845
97594
14090
22081
55740
14331
39004
84660
52414
27236
97202
16640
64393
4336
65939
34225
1584
56249
8923
31576
2815
76558
24277
70188
59809
27266
42852
79912
30369
73207
3392
51537
97287
19824
81310
49058
81219
81219
41242
94554
80418
23650
17778
74260
69077
72771
54269
64842
55078
62865
31621
56094
75986
74207
82200
69698
66572
60018
75758
96475
43688
50516
8374
73403
61942
36824
5124
1022
60125
73493
73715
79983
14627
31027
21684
97337
14740
54960
5140
47190
79468
57091
15248
42529
97597
24818
57232
33131
53068
12800
26104
59384
13995
11874
58808
77750
33155
31675
63978
67279
13658
39045
58292
53552
91389
583
27855
63726
83522
79843
6087
83697
92155
83014
69615
6070
99630
20523
25228
14025
8717
53461
61389
62670
96223
62539
25620
33198
93221
23560
45726
51955
95450
45460
99557
14031
90159
90592
71328
31035
69076
41273
48456
19685
69709
8187
72953
50028
6044
5797
8948
51533
99400
12100
14437
81871
73545
78389
27927
35159
71711
65911
84136
80178
92316
37558
41638
81046
39680
13431
68105
83895
39054
32503
23831
87499
13745
71418
6377
52294
82066
95735
97304
56190
6978
86649
14721
45685
58003
8088
2028
10820
11257
27186
98518
75590
94270
59568
46997
2386
35829
79186
5995
66971
51388
77520
99665
91385
22094
51553
56015
38498
66275
30176
70691
2732
66659
28026
40031
98873
20191
15141
69126
90846
66193
18361
27172
35336
38007
55836
35869
20420
44543
79222
41761
90377
88405
59514
80727
28592
89509
53494
52931
3058
26272
306
41687
55673
35663
60945
52147
46549
31448
25073
79392
78601
93152
16066
99825
53338
61656
55318
97474
19083
66175
39018
91595
71257
68966
23774
59072
98236
74053
36975
58234
4752
14548
70860
86386
67468
17158
73823
99931
34554
66953
78068
19221
53168
89043
22469
45036
47786
61355
28957
3449
89111
37563
88678
84759
68430
78469
43205
21022
56392
22366
32975
52374
75732
34791
3064
72735
89641
93694
60395
85964
52772
30938
36575
22542
67192
63279
60974
75227
15919
79919
97205
99129
63621
61273
35816
22845
17738
10823
85444
6916
56709
359
20503
46862
4943
25982
89500
26726
59924
81191
6209
19763
40995
75250
13935
82231
93582
91929
34047
94626
33081
83564
67826
93235
71790
89536
29140
76924
54036
72399
70905
66474
85238
8314
8711
36609
5057
81346
81119
87034
38964
19885
66781
47126
5249
16567
50074
11180
6408
61975
90683
17187
16764
28539
65264
13914
46617
52076
92436
32788
67371
6107
61921
5817
70559
73044
81822
14966
40282
34732
50814
90168
87073
2136
83050
29367
418
3157
34864
97288
56920
48179
31104
81027
14887
32832
23496
92135
59810
35808
75601
79334
94509
87623
47646
3834
13081
91809
17335
82416
80901
16987
98331
47982
85991
19892
35081
49174
43016
5431
46219
85851
46948
65908
39893
99844
98
93275
34324
66378
7326
74471
90550
3321
63199
89497
66436
66931
84899
15853
41811
86445
51061
23622
62963
45276
24936
33047
25652
16159
41857
71025
23601
47056
8869
22643
60973
2185
1590
61805
43892
52989
29481
70804
40314
80367
82441
84541
23008
73883
34467
99162
18501
788
18080
6745
72854
7944
8654
62861
66103
35765
31602
21639
48578
2685
76485
30336
91137
78718
59715
90819
8775
89899
40077
10077
38161
35255
17765
32589
53476
26669
90892
59885
82854
57054
25785
5100
99315
5188
12738
28015
70671
37447
29118
29879
89883
79502
4971
22855
87930
62276
66355
37064
26366
28458
61639
61987
7073
97436
61689
28119
30053
30874
5730
26372
72054
42915
54830
40719
86999
45180
72691
88815
3909
12118
73704
8650
87985
88779
19986
39659
90538
58998
16728
56604
73568
7787
9424
14924
64494
77939
34435
63908
53359
10931
27571
53711
38231
30226
64585
90493
26190
97721
91661
31127
90974
79308
8145
55259
83145
70929
49080
10837
50303
15578
41302
72399
90249
12063
72354
24518
46758
43505
99589
66755
84029
83624
1121
8200
18355
19876
63656
82681
1224
79342
3473
78991
69502
87928
12828
57314
69517
44876
34210
37715
76323
15139
31004
89286
18959
94644
4286
80977
13194
53356
26405
38014
77055
35044
95019
18299
96988
2724
86237
8511
9638
40739
12745
49158
12697
59498
20229
6821
5218
64517
72706
66868
26383
81846
9930
97179
5205
39992
91506
78937
90545
69964
86252
90398
18067
72542
85396
83316
71233
58103
89822
99750
349
58801
7610
75664
26592
55847
53936
96514
22698
1082
21159
74842
40332
61666
43429
90530
63210
89132
18907
21298
84125
83972
84128
6157
58358
25217
93206
3755
75253
14394
33530
73324
17478
37287
54498
94644
73960
59430
21689
99116
62333
39533
9158
77860
45958
33847
36954
33120
42305
26876
70971
81344
67660
25302
3289
56871
21993
11945
24896
67329
13934
5306
71547
34465
78112
43114
32002
85329
42334
21157
78544
850
73526
55733
21237
20589
39771
25213
23201
32286
51423
71956
68644
83869
55802
65356
22901
31083
3649
80226
74685
13084
58562
58720
54146
85537
34384
54415
63768
99631
1916
58326
86274
62360
13608
82403
28005
45244
76598
82665
54869
58091
41298
97267
45680
23611
66556
42554
79077
7677
82384
43094
88823
888
44386
60022
9877
10442
99221
83764
27135
66981
20775
27659
44706
95071
77820
44092
49967
14245
32126
58760
79083
86187
24889
80408
79308
29346
19506
76426
34782
95008
1673
72936
92251
40171
39298
84666
21082
76568
58968
55659
87045
71908
60034
43722
33205
76441
94583
88700
68249
16910
95340
66609
98333
61074
42034
78963
81305
82822
26104
43027
80573
40535
15493
4250
21211
7459
92785
84953
61656
59669
21865
65378
98768
3995
39268
50368
13048
31166
2800
55266
32105
60143
15672
96879
53320
84291
21267
88976
99653
43994
96888
78420
13082
75246
97953
88317
43221
22274
72881
47202
73813
98224
21313
14923
63777
46954
48518
52197
14003
92893
55141
66409
51676
39226
74649
69887
76516
434
37258
95396
82897
88252
50757
74031
5206
52936
78361
67523
12104
69781
95091
43847
23085
73900
39211
32394
12579
31446
32655
9913
15335
51410
64580
41865
30356
79570
25231
29049
28411
24602
58960
57161
26396
98603
51626
8886
44147
57407
79395
52708
617
81372
9472
22358
15124
94820
85022
65252
51489
88528
72958
71120
84839
78570
85088
75482
61192
47525
12376
79969
78818
11963
24315
48367
4365
42935
63547
84139
60550
36118
85456
26197
47530
98888
96323
45895
66034
92482
75282
64277
49779
51940
79834
64157
98676
89147
6269
18370
76129
33905
11759
50939
87349
29567
94840
9742
16000
40679
53683
99145
45162
11120
14380
2091
92685
69716
47462
12417
91612
1299
22324
5939
20411
47031
63624
60182
78003
60252
91861
64005
90396
77523
46671
70223
62534
47760
21423
7248
49624
57111
12706
22548
74914
99319
11309
3767
36851
17229
59257
59748
61425
78563
82928
52029
24001
22538
98550
30191
89624
83299
71571
78610
205
78953
56998
38755
87093
40860
95697
9794
4611
57401
8500
80114
31682
33504
41929
47611
69986
76042
1400
79339
52666
28450
14492
44997
13993
77181
90224
53234
69589
86401
77466
32348
37599
6529
22188
86525
62973
45562
61872
83671
31882
23983
20771
4064
76671
20958
51842
34910
89838
19051
16443
19935
31827
8539
59870
47095
1903
43714
2342
54253
33089
27125
59313
6235
97951
8818
96490
74873
27818
63310
68220
76270
86601
55564
6947
45177
69009
3681
7401
79882
15947
95662
16004
82373
4167
4149
78098
83796
22492
83535
73638
94130
49518
21250
93732
66906
87731
29461
40664
63973
35981
66068
94983
16020
29780
51950
84064
59296
16702
67096
5243
51121
39509
8940
21573
47132
31584
63067
17424
15494
84863
70225
20538
91517
47401
2744
98460
81262
13785
78537
85129
52088
55107
22607
30180
56659
1083
11930
5168
85295
55776
62929
53811
70441
50473
90704
12254
88371
11275
73301
56327
4887
73410
36615
42855
91225
23730
14421
85422
28660
44842
68388
78387
12778
53930
61060
95865
28374
6140
60715
63649
78441
94982
27254
72706
77132
8494
61102
40884
97025
67859
44436
59809
1514
73828
13277
94973
43879
88409
71141
43273
45523
91608
21514
28519
39058
28934
72515
71398
97695
92268
22066
16757
15364
75709
97194
91203
91764
5329
71224
68886
55276
4269
55223
20333
85599
6873
93900
68294
64382
73466
92426
20540
47328
20029
6906
69479
4090
36091
31015
28730
64733
70417
96851
2102
58211
46012
14212
45221
81994
10152
1715
68917
15112
73215
33691
90517
88626
98123
4935
42764
38640
42729
41386
90613
93591
41543
48583
1504
78691
893
45430
64844
27858
2211
67370
66365
63358
73874
88687
41476
22713
30814
70035
7773
50768
21135
99999
98928
50393
9711
20763
49805
53431
84592
10433
69662
46493
22874
40496
58082
22251
83109
68536
65954
78089
35865
39681
72758
29721
36932
11019
8158
39729
17833
98045
88808
40579
99493
1782
21877
94815
98284
68596
40727
97454
35353
75491
22184
63472
53379
81261
39414
61663
76620
17756
7419
89907
86208
67672
10485
80792
99043
31953
7191
45891
92686
75359
8477
70394
34035
34419
95041
14132
22787
37946
11882
57651
39097
63272
74308
63377
8197
9667
58262
27646
34335
20759
43215
50000
32507
11091
34302
7093
57610
14312
35723
6983
94801
25426
98762
36880
83312
36753
51688
25615
8727
17570
3894
38847
41544
37933
19556
28565
29149
29350
23519
83949
76755
44451
16737
57562
34566
41401
61400
35623
58015
62220
69000
54414
871
70146
3168
46990
3199
71071
36552
12034
30928
77511
22213
429
52335
46466
34818
71930
29846
84139
72670
20282
41578
61885
80842
9416
33635
29281
85893
30926
81827
27451
74353
51747
49358
6126
86065
97505
27992
69505
3987
17019
38975
67598
31489
51755
84622
57542
33654
63975
45970
59072
11683
20042
11011
52092
41828
31283
60876
34038
68545
71928
35569
67977
51335
54872
45380
6111
56004
31647
44928
57767
36302
55675
79585
4931
67162
96826
9610
92389
81929
16344
19055
93850
50384
69043
42122
96988
58667
81783
2547
88947
93615
94245
37966
88316
83018
89550
98110
15879
66461
32733
87054
20220
99990
95279
79003
17388
83548
82186
67110
34810
32
39211
46686
47946
23422
88134
38355
7840
95055
15056
83238
42400
68466
78114
11759
53870
44846
90426
32308
22845
37199
60440
25028
26621
81747
56636
53981
12462
82209
91579
73689
17633
48441
20552
30154
28938
27855
2631
92279
17479
40040
74786
18916
30547
92687
35603
24650
83651
6182
32075
44556
50138
32396
82947
51171
64001
59610
49364
64765
9276
66406
84427
74280
77109
72887
14894
74200
84019
85217
36327
57205
98450
16252
18976
6337
61296
9487
45702
20394
15669
75760
65469
13169
47633
54799
91150
58008
13109
71792
72113
23363
14185
7950
45480
1994
81509
62771
45245
94533
17398
39346
7445
66052
96789
48676
29982
633
39381
10207
26125
9047
64244
25013
55127
43136
63370
31606
2552
89174
72162
49167
13993
94553
64682
13196
23365
76424
10437
61566
58360
18862
39170
86755
38495
65038
36763
8648
17081
57213
22673
94201
61674
28056
46344
83312
71586
43246
90588
28966
57691
70438
35174
17999
56734
84273
94269
7973
86671
7414
53703
48111
58493
65075
70181
55597
67316
49570
28459
10373
99912
34028
98933
65779
513
38834
91443
10548
55942
65573
31180
95958
7878
79899
79686
81576
32099
21114
63958
86254
15587
93637
60307
55144
37262
11062
65030
24267
22803
30046
25765
87338
18937
86625
35445
1071
27782
72669
90040
90096
41053
13488
59248
68620
25765
78356
27401
99533
67588
83327
27993
88568
17410
15000
4236
76773
2118
24150
89698
43698
57997
71658
91453
85128
5880
9751
66459
75579
79829
78405
67984
94910
96742
41728
18236
3832
84344
60297
83542
36651
66650
26252
47955
24486
30687
21005
77316
94895
24309
67452
41587
15933
10887
54458
23291
97044
80744
66577
75143
32046
9165
92514
4656
42718
47471
56993
8843
92477
15926
37655
89858
25451
45306
48182
64067
4367
49981
88982
71159
38578
56603
27127
14495
907
46283
54230
48918
59907
82992
1976
19381
5846
9498
46385
93080
8625
31150
22504
49962
30284
9272
54300
49938
14330
18941
10904
65228
48788
32327
93523
22549
35919
90274
51994
80928
71900
55105
64554
68842
69120
29222
59918
90979
73190
96085
36776
98009
98823
45956
90028
61664
66256
64076
38884
89926
85848
35022
60149
74925
46272
9952
86598
82538
57755
2636
66334
96491
56153
12599
18651
25747
43228
84458
57934
81621
29836
48160
76431
27579
2818
21996
91915
87805
76665
68566
83386
56862
6805
45339
45995
33122
58408
81730
4052
94211
91300
98538
39790
48823
34235
13260
54999
84932
22689
13310
97132
13244
7747
92401
64543
91971
1009
90670
11452
49883
53308
69684
94436
72537
21797
9951
77308
49804
34806
26859
15060
27929
48829
83393
8425
38515
73026
25516
3161
80614
14974
93097
44824
48593
49498
12499
12386
74999
4479
11370
61852
97069
62102
61881
23400
30103
66338
3227
95471
4031
51545
69490
10899
71125
97693
37182
51828
30841
78406
34000
23431
67574
60667
62594
47296
56402
35640
68731
1309
79312
56458
49243
66843
22061
86661
63568
5232
11917
48043
60236
46884
81479
86657
88745
37353
67541
97958
35340
84442
41829
44411
19131
51008
78508
53358
55803
73739
96056
91751
86605
13532
93779
33799
32306
61390
82256
32503
75095
65865
88971
57929
79259
71193
79449
98424
11916
87050
64967
51645
65125
72240
42371
32887
84781
67077
71237
3140
61105
88041
58104
3852
71808
25837
89182
50331
70314
50353
92905
97515
89133
68417
34184
28006
12281
8599
19378
26895
70904
79759
21860
31222
60358
24706
69514
98561
59421
92433
25109
3275
11633
95445
75309
68419
32909
34467
22794
33394
35028
81465
81120
53142
33453
7890
22672
84288
23530
38955
84074
71859
75842
37333
82388
5117
48862
93696
85272
95857
78155
42541
27152
58923
39822
15115
71294
72073
10652
26878
67986
3085
16073
55975
10815
88450
15249
15941
55755
14239
70611
71986
18442
32838
22252
83857
61980
46961
80440
99568
26429
25534
80425
291
61077
49524
64259
3376
80773
71500
52705
32684
98483
97497
28200
84007
27156
9074
76293
19625
15960
1782
98485
60714
41292
3430
77182
97370
83864
90872
93188
8636
27459
92215
18409
67687
12081
2390
90527
64093
68208
75288
56954
93476
17059
18489
71484
63798
17234
46487
92774
89872
26193
29627
89417
19657
92068
16970
58504
36827
83330
13272
3056
98151
11907
61307
28396
67866
38502
10688
18065
18425
28261
9656
69221
75049
74904
28635
60244
30181
71049
82585
42426
30960
31691
869
75087
50156
40815
62289
72641
12685
99275
80510
43759
98720
61107
38671
95232
52034
44206
99549
45224
36705
68764
64231
98244
44386
25998
5255
63680
70018
88017
73705
83655
90085
4035
31094
35467
78338
33111
65862
20286
8506
6916
38203
85183
3766
62284
40487
63941
90375
76700
38678
84958
94015
56050
19327
54932
39788
6088
83427
13431
56389
59977
79010
23735
40596
2062
95184
48088
61781
98801
50834
40098
98036
38702
23681
80867
28602
29129
69822
74383
54385
75251
28643
4085
86586
67237
26024
53657
87517
86651
98190
8142
79882
8015
27289
96277
16958
98458
87177
1544
91439
59905
9750
11778
99450
58832
34021
56550
7295
69745
48052
69666
50772
31993
39117
13952
29304
95255
8053
45226
57061
3559
7516
73817
13528
25574
39762
73978
68862
31772
76963
76973
52285
43586
39959
24732
12653
42835
43664
38829
35572
55059
31626
70907
94580
416
93359
21681
18308
11180
44371
5339
96112
36537
82548
46834
20938
29883
74697
72617
13030
48307
9262
9184
71671
9747
24875
46026
35184
83360
65796
61255
49159
40675
72884
72543
95742
89438
22435
10950
3611
75239
2889
17861
82104
12354
63612
1990
76365
37759
89275
40140
36499
96298
24445
70529
22660
49837
29719
80614
77706
25686
43590
74997
73910
72653
98140
46019
23668
32657
66916
84017
8056
16924
35767
31068
13659
26520
34626
48068
57084
88416
78994
97186
60610
97883
4928
13674
1876
29375
26168
83923
46368
31722
80390
62081
16830
32091
56544
7686
4990
47300
73327
76842
46168
5324
80137
58924
74374
14621
49876
36834
55317
9841
23886
30432
44653
23464
9517
87590
15127
9162
55100
41846
65849
24361
6897
85930
22544
6464
85184
51913
57112
46241
64906
48433
65137
21723
61154
50534
11097
54040
12220
41600
22897
91662
84548
90991
47576
54325
73311
68886
37108
52343
68693
85930
96984
68637
81516
95395
60525
67448
47109
69041
65231
67920
17166
79673
54793
9055
15095
73204
71460
97017
58782
18411
31084
80909
45911
49194
53255
99061
23673
9167
1183
55938
61960
60652
76713
34950
9340
21952
49102
28239
98699
33867
5795
48940
43399
73707
85417
69930
73510
25056
9232
2281
86276
15652
23330
6737
54756
28945
94052
90323
90964
35932
47911
5798
36199
92128
31673
71312
80522
48878
1666
59590
18932
21800
17071
33670
14106
41501
54949
30063
96571
66775
59550
32092
72919
12435
42485
79732
19373
94630
60593
16336
35506
55142
41257
93698
35940
34454
21329
15897
28687
50483
54052
53780
38763
26083
47541
23283
11433
44591
77867
11145
90808
77250
79915
49048
74803
24123
24308
14895
2917
82283
88293
85835
40225
22176
72017
73753
1580
51142
86996
18068
40549
90069
57275
29208
90526
56272
19142
24722
21144
60681
74110
8584
91330
74994
23882
34161
46066
58094
17515
43947
51978
86418
56371
62748
68864
47392
33671
36774
84375
48401
42509
93039
82676
61926
87774
39995
11786
59710
27911
87813
9073
89158
75807
62551
7414
52910
58388
37626
35839
40583
93777
33784
67213
79756
51076
98815
53701
48533
25277
24258
69177
14085
73305
61671
8302
28970
93112
18521
75238
79910
33361
32961
47811
36791
71893
34572
13245
10203
67716
19242
89021
33337
53176
45735
55028
46268
91243
7291
80420
59608
78206
85481
35317
59952
52378
78201
1479
34981
48832
42281
70623
22981
79593
4452
37809
7515
35910
19102
71333
96724
82325
68726
16253
34912
21291
77458
54082
98713
25979
2896
20039
96548
37174
83473
55346
56552
56568
16181
76727
66411
29470
13518
51840
85429
29705
62850
28170
3207
11474
14252
42322
46015
99895
49877
92268
8847
24097
36027
60780
76869
25150
64076
65212
33955
83139
56701
91327
97772
70266
26329
45243
66337
44146
46954
35244
22845
58105
30053
73930
72776
7147
27377
96895
97783
92080
45026
16214
65923
71552
20613
61902
70965
27826
89142
53382
21905
93396
43149
62184
58214
88822
37403
86313
61859
7922
1374
5691
66599
64564
42482
54905
82880
54703
13213
95627
33878
59658
1833
25477
839
7130
58208
72519
29982
88661
21601
48468
78819
33402
82521
93019
7792
97643
82535
38854
61397
97164
46367
977
51517
38581
75344
10761
9758
32092
80979
89086
318
62958
67983
86176
89966
73463
43993
54365
96309
11729
61891
52745
23879
2931
60170
45774
60756
30742
41476
75116
53737
4470
12042
85840
25030
36174
70432
13892
2356
57571
52447
11444
87054
91356
93021
31884
97511
39647
69210
50326
47488
32389
62947
3697
22856
79474
25392
18655
33744
85645
10567
47593
34967
97402
90625
12840
16222
36038
60184
60578
34515
2205
61095
3994
28280
30823
29538
31428
80887
41857
41431
54537
80768
39356
79854
82747
14449
26917
40581
8966
82922
54367
12133
55705
47187
27324
5639
99807
6750
76504
19826
86301
25666
67166
22756
73223
36221
70769
56429
71250
69256
4738
39861
23003
7630
99504
75625
69547
73071
67841
70835
371
73113
82123
9270
41886
38943
77894
28317
22289
74406
14464
40137
76911
4308
66330
34156
31795
78108
38705
83520
19621
29971
12530
35818
63811
13035
21490
88580
58905
87629
11188
19447
96988
72104
74481
39324
39046
70448
81276
212
38827
56160
20099
76438
34658
51148
59210
73526
58409
43859
74612
74979
84090
94184
87581
94183
31637
9952
55304
86330
82837
51805
59217
96390
90273
76811
479
62903
81782
97995
26710
36809
50019
15526
30757
95470
42153
24826
50038
7783
82719
46362
53953
59949
10072
9774
78390
87635
12786
96557
21436
97394
31899
14583
16569
25420
5228
17607
42626
95700
1706
95611
91256
67350
18446
5999
77288
73293
10971
34452
34902
9682
71146
42905
79946
42194
87666
84646
32624
38225
64583
68387
56520
71108
39035
25778
7982
34561
9127
77645
72686
25335
12280
54929
25454
63724
77861
14943
33049
81794
99506
13976
53429
94113
31095
97721
84906
12107
71238
75892
52905
60075
14383
87530
66721
92727
24371
19760
75557
54030
79958
60921
45795
23816
6469
90886
63984
12953
39358
60295
79045
3987
27122
92422
90222
98874
30426
69777
35235
10879
48526
3402
51354
96729
47021
94536
36808
32472
44987
5277
56304
51246
85606
49801
73711
6980
7150
46964
43642
90140
24010
38903
69098
76540
48275
25634
17265
4691
56868
41230
94523
18026
62927
117
40369
60240
22831
94679
96384
94671
92821
23889
46143
5553
79899
83765
28940
65044
723
49518
94000
5845
36841
96545
3390
22137
60903
59262
44556
19878
69988
35619
96840
82265
84783
73150
83343
37344
31267
72783
46306
48716
28395
88335
45370
17665
24751
2050
80986
90707
76632
35019
17152
15452
56930
65080
63617
8517
28558
55269
90863
76192
35124
65556
36857
1442
22879
87027
86232
94600
47974
20782
10300
84943
66882
75950
7608
31441
68113
29104
63040
80844
31174
95240
25778
60306
68526
1635
9761
63688
22108
8506
13540
17355
14275
1233
55634
59256
65210
44467
44659
15452
86754
50307
8569
8770
37094
56799
14066
18505
5952
89617
1074
29728
50581
50055
50819
47165
71827
25222
95712
90414
45121
59350
64658
77927
56753
30065
38320
49796
35703
23430
15174
21937
1937
51829
25749
53048
6335
90400
39190
70005
13029
30088
29096
43098
60019
15392
22821
15189
12207
80334
25550
38126
26802
6040
6655
58342
98797
87564
79828
41319
84484
76576
71588
90895
42265
29704
17190
49155
28715
45657
14744
92566
1349
14761
76763
16499
71475
68112
36741
94105
49152
89772
76180
58065
2094
18638
23686
23534
8860
44351
18632
90784
11171
53143
52823
3929
37497
64197
91844
10197
77635
91296
60464
8096
40557
58430
33589
91902
37420
6479
95289
17316
10377
85976
25670
24974
92254
5696
46176
65404
76344
53378
87728
87612
72838
58657
76027
85201
52783
36
68373
4507
63226
96449
96714
45076
16381
45948
20336
92814
220
10143
63484
40946
5170
92194
20893
97223
56210
52925
30474
31630
2427
55308
27383
10309
2824
12400
73739
92149
8486
58775
31776
25062
35984
45345
53358
49422
15747
79097
21185
55875
89519
64706
91385
95936
96804
41263
83766
6725
74534
66653
26484
38895
35834
44902
31435
70503
71219
35149
65415
18101
73578
40307
59933
49855
71434
62928
41032
97436
40854
10018
45670
56874
40359
59172
67684
89475
44925
99917
23679
23461
13581
92992
49219
73568
42490
97210
68948
35514
60554
99959
11221
21115
20999
33334
24277
48385
45046
26199
33778
74008
73162
32606
34033
91548
84661
97673
46582
43855
50517
48896
52722
56939
78963
51920
68269
24011
45465
46774
59474
45389
23445
18589
9065
78677
82585
49785
71678
65654
30383
27530
96470
81002
46697
75743
52712
49655
62829
1303
27635
7336
64223
66761
45044
34569
76907
95484
42922
38723
66960
28055
91693
78672
37534
66494
34619
42399
36131
9561
94107
42462
8540
84173
61991
39360
95618
42138
80965
69674
51915
67274
30034
49714
39596
44637
41137
11466
68529
39761
61570
76950
62911
92921
32037
95827
23558
85283
85945
40053
35831
56675
10330
39582
5619
78323
49707
28254
7886
62472
39477
94342
49612
20330
65820
46749
71056
8505
4797
56091
68990
91250
38939
13464
42996
63812
78839
4252
43242
90042
65648
29379
46054
96181
37717
2675
22601
98100
87238
64885
88188
4626
60699
54719
52079
25542
15707
68655
57129
39202
17119
85772
38845
38672
40164
18576
40457
43976
39291
60367
43902
63778
654
14983
4503
75714
74413
22276
54519
4820
70834
62179
29781
28617
33264
19954
63706
20391
13695
1866
62714
82464
58832
5439
21483
68743
28284
50609
8137
22268
86348
89247
55124
85949
15273
75336
40074
82062
68687
25266
86544
37752
15580
6333
19444
44975
15822
36790
1484
10127
82604
770
57524
78797
9307
75317
59627
6756
12626
36809
47800
16806
22095
10045
47816
65771
5105
80331
14975
63894
69245
75541
40290
14908
64512
31101
93452
3258
23016
64086
50152
47337
25976
66617
32823
63689
36256
26489
20535
61931
14433
56149
35248
21247
79122
25383
40919
57906
5372
55985
65459
72010
12376
1429
49213
13250
75539
99132
851
49795
42390
3722
35444
42563
4485
39755
23690
42126
25196
69323
2617
62567
36494
7144
16187
18971
4586
62911
35329
36935
35243
38869
27908
92908
15885
17403
29864
11880
96001
80198
96441
72460
64587
9727
90842
56046
21111
65358
76246
98399
64725
13915
43974
16315
56984
8752
87849
4257
12974
88979
58621
83405
82040
62943
59255
74295
41019
64315
27039
24562
73745
33417
13745
3905
57799
48198
77645
54740
26326
40828
52249
61724
70191
37039
52153
52628
41165
34647
9617
62713
16592
74940
93957
7258
51542
1853
94094
72540
29503
18888
45434
78
97344
65654
98320
30665
51248
75074
38015
62133
2286
51233
19374
68215
90948
89058
73823
36571
43647
287
22179
34519
65345
58986
55537
18833
19215
64379
36906
17494
29760
44331
41153
73552
8460
32593
78392
16600
78765
66894
31435
32693
15683
94757
97792
19996
49983
23631
24088
33661
48007
48798
90702
27152
13711
65020
78251
1179
26320
53932
91298
20930
46119
98448
55094
29418
79080
43547
84094
30934
33936
2799
88822
91352
67244
40484
11018
67541
52
42459
70459
25379
88358
71208
29274
26881
42068
27077
36937
40011
63954
63209
86301
83388
43
79435
30122
16663
46149
70446
94412
38354
16209
12361
97693
53376
1371
96030
52626
57377
2525
82711
81633
24927
8721
12041
98222
99631
11379
90906
57866
62715
57119
29305
32857
28767
42937
58763
9640
33146
53374
8354
3577
20242
19084
42088
26017
69287
48115
63036
19833
4948
97842
29342
47511
41297
15880
480
77448
50116
70
88946
16472
51575
86158
39892
99475
96395
51445
86429
84942
62252
79243
76425
31054
14219
88475
13991
24233
91194
52964
51193
28317
73542
26381
91919
26810
47116
14774
69411
94292
19563
21228
71326
41386
68222
74815
40645
97391
73320
11682
31107
11199
9437
86070
38209
5166
15134
7032
16944
68994
1424
48508
31244
79769
30792
25486
85985
11734
39709
47226
90473
61770
84449
75415
47575
89184
18415
35149
26180
70823
60501
96648
83025
59066
27033
12909
74194
65924
8409
48054
55337
50336
48693
41420
18839
25218
29651
64369
33912
80189
98134
19870
9662
24070
13938
48860
38813
1153
85390
39876
16540
82613
82919
27904
10711
89790
49113
73556
52034
68275
37179
97065
65655
27442
95247
8945
79045
86278
48501
51567
99355
2167
37796
19441
68618
72696
3931
92215
41761
5827
74152
67480
75441
14272
63838
34937
65557
37589
36898
9769
89838
27924
37385
47896
35468
39164
27629
46511
93169
30500
46031
82515
4368
53599
79051
7716
33183
50983
77388
91053
21051
92531
78497
29818
6754
66983
84622
82504
45658
51000
88114
17120
83677
53893
8279
72682
42292
73663
61825
36681
79903
91647
10553
77618
10733
83425
92844
54155
75939
20537
55944
72231
20016
84410
74014
564
84784
70374
92720
79326
20391
86859
14189
46188
33961
97797
6141
22677
26036
31452
84088
87390
70492
139
67184
33261
11048
51710
27976
23267
12205
80447
64189
11747
39245
69040
15874
24683
56179
47649
50022
66111
83363
75407
31571
29774
2982
32874
82582
69663
16082
67827
40304
84089
10600
95565
45855
70418
87465
46491
78885
36082
38553
95626
51108
88919
64250
7375
71187
75270
9389
64505
99767
47408
26835
9770
51557
75207
94222
1588
17242
79217
25266
39429
83678
72240
9371
1360
12140
55827
79384
20413
59563
72194
19414
9133
61259
75433
20566
25081
35214
14978
7316
34987
40230
83489
55045
63887
81988
37859
72198
73902
85142
4212
1587
90154
17336
96038
59583
32297
33202
12608
26945
78045
50412
27784
82167
80548
94733
58121
74956
25469
7455
74962
84069
27005
41866
46600
89
77424
51006
85361
78186
46344
93105
41397
11204
12957
73022
8280
74021
44137
39529
50239
88657
68392
53432
26469
86119
15028
78457
87298
9698
5163
20583
13172
78131
2860
47933
14769
87590
51818
9135
9371
38457
14139
13039
91434
16437
53048
48576
96051
82565
60379
96227
74473
141
73872
15230
13031
37441
96302
17140
41022
56846
68239
25439
65645
71711
38947
75535
59804
18012
60870
48167
29089
9707
28369
23737
8259
8188
77158
73027
27031
41213
84300
58217
47708
11608
132
91475
51919
51491
32166
4052
91539
98402
97248
58585
13945
22928
37665
5503
6564
35270
32855
43675
47078
13118
1035
77727
21222
47999
26985
93254
63784
51108
27328
86455
73085
84628
6232
16303
39174
76217
32662
83633
15868
22310
25334
54654
40605
36992
15591
12317
74933
89233
24697
50269
77002
73221
22098
38188
5728
11966
35397
9209
55494
8588
42128
75011
7051
43824
16283
66778
73245
55892
78246
61202
10832
16511
76066
47997
22764
53479
26307
47881
69
55934
3328
71595
25470
4958
2397
57154
24703
86909
55623
11127
34702
33251
84178
42084
89700
54032
7923
24855
28164
16809
62995
62180
75408
20363
31182
69092
87167
56356
82310
90325
88074
29960
14170
84840
30595
23233
54066
60058
90216
38543
29530
79078
87818
48918
86832
36558
8022
53544
25590
54202
81174
45402
38007
42832
28761
40573
17381
51467
88425
26348
22739
21665
7307
59043
15700
20375
31687
89456
55818
38009
23536
66617
30977
46937
5114
76891
89624
76865
23739
81974
8925
85604
31425
56159
17673
79024
14253
97517
89893
77909
61056
59931
11549
66207
6295
57483
85871
38276
77894
26300
65569
68689
97076
53231
36174
12479
37990
13514
10282
21160
91744
57823
74230
50394
72386
50460
53854
33481
37409
8485
12860
45982
97571
43930
38846
81782
80971
82218
97597
16341
36983
94578
89865
43541
77163
3303
59641
11495
55036
33961
2044
66667
77032
12531
97024
74264
29550
28845
38969
92307
77749
87720
88527
27728
94826
74272
62936
85964
2145
19256
274
98444
90611
25114
85603
95507
44316
20286
26845
47407
98275
39860
96776
5773
37212
95578
57656
11230
94042
38377
5480
95211
70761
72438
54132
8131
936
61266
61888
8280
89621
17424
84480
60945
98203
24363
17547
70343
3720
56638
74411
50705
51503
26651
51995
182
849
12823
96326
27801
89762
70576
75475
16564
62099
98057
63344
25749
84388
66402
14390
7542
18771
84475
92749
33666
9783
27471
29866
27021
45711
49795
61300
48453
28239
84933
68142
54108
53111
12390
71201
98063
25980
48873
4857
5600
10002
84552
6967
77641
17898
26354
74830
78975
24760
56276
26859
58622
61360
92169
56986
78924
94854
34613
44239
44377
30092
77126
85739
12942
96105
22300
71590
65030
97980
7202
83784
94410
92354
21574
93563
77003
56252
25999
24269
30460
54922
92092
27568
14109
30615
52711
4196
61100
30521
5936
88450
51668
86272
74505
97920
1690
39828
50140
71795
48009
11839
75206
99501
54471
83553
94136
97239
4521
62645
41363
63267
81153
94332
19807
84220
41587
85288
21637
50796
87511
54162
10010
72778
16643
17261
70995
36097
86652
38922
3736
72473
16193
14961
45955
89949
42112
93815
84093
62146
90242
97252
16342
5331
41029
83647
67101
92100
37750
14290
83059
47715
93863
56393
62213
56101
96173
99828
23185
73420
37148
54709
197
73043
94098
60400
83839
34423
90393
35334
87490
61094
94791
59772
18478
76795
56827
71119
35198
47768
65025
7061
65611
27408
22741
24213
52729
29260
18216
58821
9856
54241
25125
53930
91497
10311
33764
99138
24764
40008
21827
12019
76402
37538
51849
42544
36242
81120
95870
67492
32026
36553
72240
73784
99577
46067
14913
45821
1287
50245
60132
88478
67172
87862
71505
74587
83792
66614
81190
73017
28435
81407
37648
16137
31461
62633
63090
59394
10907
46765
23899
42895
9902
67554
2694
25375
30850
84347
93490
56720
67548
44130
34342
9059
70633
28535
55019
55420
32086
4820
33183
58678
53983
85717
30532
42769
76977
90485
59285
26556
77461
27748
12698
65335
31834
44462
56608
50570
88583
15171
31845
47926
37615
98927
61608
47330
29131
12138
11317
31148
75723
36470
98245
48552
23191
75536
58557
66315
4907
37523
51391
91761
12338
31003
62056
43112
7773
67986
21413
19705
59801
60647
21789
77174
40617
76597
9154
63343
92030
81848
36480
96863
5439
86853
11485
35223
158
14504
9746
483
2609
91021
83318
98241
94971
87461
23546
14866
21362
98335
54167
31435
43403
17655
6251
30750
6966
66867
14151
77279
82137
56870
91199
71568
30721
90081
86833
18067
84684
38882
51495
93378
6607
75378
76787
21321
69947
25463
15295
19980
70990
30826
45702
3904
78755
24193
63314
68267
45142
30909
23479
68319
18266
57470
67100
21677
95954
90989
86594
54277
51122
52318
1132
27479
60678
92365
20852
52266
83382
25868
27794
15102
6045
65429
27903
18486
38678
13874
95630
25546
27116
15927
42422
54183
22678
52858
12165
32299
11562
68080
20160
38483
39608
73957
69933
92391
62350
83502
21563
21383
30954
24804
55895
41504
88869
52312
32086
3654
7655
98005
23098
97223
6335
91384
98711
96154
97424
60769
31710
12918
6617
5643
74599
89312
7997
70822
2775
93663
81081
65317
41828
92279
55126
21758
91909
64229
16405
27567
15779
71995
54027
32587
21974
8357
96989
10235
61031
94155
54545
19254
64174
36441
64787
63217
12756
18387
47784
33019
3354
32020
16820
55031
64951
47022
72068
62694
18136
42890
54749
82562
48554
62623
41696
53016
77597
34893
15843
50098
30742
88935
38165
3237
16276
67453
80595
91258
11898
87716
8675
96040
69457
72353
8968
87828
20954
17826
93357
44895
38712
26541
51942
43173
78841
63661
54098
35186
71038
20989
84370
97129
1850
49382
47134
15380
80334
39561
31230
98976
5035
17480
63021
40794
20647
42307
51238
68603
3927
88335
12241
84069
69497
21472
87596
3267
67121
41092
5257
14415
75638
14019
47818
57063
36684
43818
84672
56179
58867
34786
91464
42216
64295
27379
36534
2447
82798
54816
83091
75669
80496
34676
63425
65785
93143
87960
5038
17207
86946
21601
59111
47217
99603
56699
10814
46588
2215
61818
41406
53741
50328
59008
23165
55506
56538
37888
96900
93934
24291
41850
4553
67506
18776
8819
57407
3868
89271
69573
97821
86800
2666
70839
52228
13170
34036
80438
34202
11251
79029
27402
52871
89888
96963
98941
91876
60491
63649
12728
41788
58075
4562
57935
76540
20114
12522
46679
1352
75164
68212
45696
96961
70921
3947
6465
2396
20469
7989
84672
81091
83020
28841
56101
51176
74291
24599
90378
6788
90663
17391
74667
88709
16713
52521
74721
81708
55290
44623
90831
18398
96564
19445
17551
16620
72757
13091
67789
79372
3503
86191
63282
38305
92056
30628
59915
27176
90345
65217
17671
97586
81320
92294
44182
45714
80109
27922
51268
35112
62127
31184
52139
46538
25149
25630
48
41946
97404
701
71577
36512
13347
54508
36438
10296
13667
65691
94636
4689
523
41061
69454
13503
92897
63875
33195
53528
23468
26699
47515
50960
79299
67844
67507
57357
69438
61022
14176
92051
45995
18755
24762
14659
10918
76523
78307
17091
68845
73669
1108
12164
74717
34333
39631
5917
30163
82403
32388
20099
84754
90763
59057
61123
10267
23796
83400
32027
42019
81913
88609
92885
53226
16059
17032
97799
63398
29187
59530
83538
2337
61771
36341
52848
75790
55697
38863
78309
70551
98099
58711
91458
39022
86693
39117
7348
12475
4769
21788
8593
6844
90108
52974
97894
36174
6696
16158
89188
51714
2090
98228
83207
88147
415
98234
68105
27243
19717
36703
79228
27403
42382
10726
79109
19197
17196
91233
94383
22169
55100
15042
335
89922
13000
3196
29366
66675
31467
51641
24547
28236
44355
98253
56870
3678
58211
71196
59026
40403
61002
80710
29937
77718
27659
89897
21563
96404
21783
46839
87710
5510
42177
83441
52444
51935
39367
89022
19357
64386
57076
61952
78083
26133
44781
17441
25677
59872
56402
64176
66778
93813
36474
46413
29842
12107
59991
8334
67029
53207
26425
76948
47132
12011
73930
5001
79513
10170
33805
17363
50615
64987
69678
27786
24965
88676
99781
84555
71480
79243
92061
94341
76264
95080
16645
58245
45031
16918
5983
21811
19037
29172
13591
59470
95493
65499
26009
82164
36825
44926
78233
40501
36373
81138
69227
84234
10634
48353
92994
45669
46957
55339
49176
80046
26484
34908
36879
93483
42606
59510
40088
24606
13188
13583
53442
86150
65621
86952
85171
74390
48634
42803
63387
6001
79673
25666
18770
55371
88284
29629
36507
64502
76135
232
29548
74125
41804
96300
11822
46200
71362
77660
82128
46010
94016
95297
30196
10388
1050
85815
85415
95740
45112
18512
29533
42916
97959
8842
50782
11851
69780
27292
16202
55640
57186
94649
34480
47863
71232
7064
96769
93596
10316
27803
5460
1656
45199
43629
48627
87407
74625
559
22355
33513
50482
95582
47497
74646
32666
24332
25880
42781
57244
44462
72542
77222
26460
6214
30474
35230
44215
44664
22827
86937
16483
63921
85352
60083
99169
29610
39172
2672
34434
79158
43243
62114
92780
99170
56045
29541
63319
38000
62903
19927
6357
66480
36619
79393
45550
92130
93313
95525
43660
16964
8102
53640
26318
11123
15263
90440
96248
51915
68713
31466
55179
91793
39040
68748
57869
79828
32886
89075
84166
56182
93491
44022
5505
20250
99426
4537
9009
62931
97019
9054
79924
9619
91318
87362
70771
57997
32306
5307
42334
60375
66994
22811
9666
9685
31867
50443
64140
21394
91765
40435
80680
38575
90395
84586
96911
67198
10113
41353
21459
50794
50512
45040
29018
53237
13479
63507
92333
25390
42546
40682
60586
6041
96055
21243
75086
76091
74538
53488
55266
9484
17287
18183
30222
15418
34678
97501
15274
97874
52186
4925
15677
38964
24591
75564
17105
93768
36401
67519
23189
72951
50310
28777
51619
85123
3008
84916
70031
13092
30334
59017
70595
47984
19663
97033
2538
52959
43054
39307
19072
35109
76310
66457
44535
8730
23635
76081
93080
37213
61852
29314
18676
80550
55098
32008
91618
69790
86778
94765
19488
85819
99604
26576
57424
36599
47759
90095
62199
39287
98734
58821
82505
60169
1572
55517
67379
7658
64311
46503
68774
95607
17515
85808
93955
99908
53405
48911
79396
10383
36344
79770
98597
61914
98301
11862
14761
10331
8807
56558
49852
50748
70594
27718
56339
25307
45448
89273
7410
17303
4333
70595
41627
91201
45881
84550
65162
12529
83852
94825
14353
69085
40392
48730
71008
93842
89082
5422
33737
46152
12594
14735
8402
28847
72200
95766
45610
75279
2281
75664
61625
4101
6411
76409
77256
10588
1620
2483
8366
78994
30464
18492
54578
9148
11296
9440
20703
77881
79403
1506
18499
62797
99432
93570
72548
16235
40601
87979
23708
5100
59208
21097
99743
6511
25726
87165
18807
78292
89834
43575
64154
18303
95727
53280
20425
1381
46110
29067
71851
14727
33909
50338
70825
92744
60916
16094
22818
93710
28172
34993
8556
28225
92050
6451
97843
15886
53858
50163
59572
45374
83358
50040
40668
36213
92067
24651
78820
20747
25014
39571
82447
87916
99009
47098
37671
68427
82011
23368
11938
96472
56691
19233
15906
93073
34962
69598
33775
76903
67138
35404
62969
71517
7372
20525
44940
4644
45371
98298
93224
2798
82271
52789
6838
11719
26432
63433
90313
52758
38247
16690
50858
24700
56548
32574
93294
682
97784
92764
80040
14852
66395
69133
7444
65856
