60442
70507
9907
84717
28275
49092
55729
61959
1356
54340
90283
60364
76575
12249
64617
9912
84697
13545
53179
17230
97636
13470
50562
56915
65937
20666
1660
58915
81673
64904
10054
71177
29769
73281
98991
74197
25025
24991
1937
46622
66718
83775
67740
12606
63640
89312
6150
52523
12553
40534
52339
39757
93231
15284
31307
97374
44551
17565
7660
31875
64852
18762
2891
97561
16260
39220
29297
26268
64136
29654
70996
25152
53311
6404
73544
17645
68109
29633
39852
17661
56829
17227
78383
78796
74576
72422
13170
66161
30638
67687
3415
15103
57870
52423
62929
24081
81722
23747
22494
96559
31337
98387
90603
69381
95609
86090
40011
71085
74853
74234
37306
24214
2147
24060
39947
34861
76944
75686
71381
32830
15200
90563
73740
67400
97099
90886
24461
10200
64660
9109
47461
76556
61208
70675
8599
88433
78871
1144
82810
81162
60211
85678
83695
26209
41866
83380
10194
66158
11244
32522
31993
56196
95211
7731
1303
68229
5355
83518
10343
91584
32358
55043
5353
76305
99447
8619
83947
37875
35587
55616
30836
16112
17301
3078
73472
83611
42774
40328
80314
75729
56467
6403
44357
40102
46465
5829
61382
36197
22753
16626
71945
38013
20763
90184
33595
35626
7915
31122
47208
21539
95170
33044
6141
71215
62220
90473
51993
89629
47749
20073
71521
29390
5596
41007
80917
52332
21728
52428
1285
23554
69242
79193
70747
38176
33229
86268
4497
44014
62850
40478
49483
54082
29115
98013
80867
76026
80697
21231
38365
46350
5088
39874
33104
3666
48860
27654
74495
99150
29303
68691
96965
53464
14939
66614
76465
12649
11934
75243
32778
35840
90375
77569
55483
77165
48081
37853
44086
2016
13858
26556
14782
26678
93850
26443
77287
74153
45370
33281
80723
702
36997
49590
82275
29656
54429
43961
54138
68124
70422
30617
23538
67858
88944
49343
40427
10518
12743
16339
37611
6852
71612
10204
89666
33902
54170
45934
14999
48960
86036
12012
92971
98390
31572
1414
3474
56089
83452
2763
46138
71520
68055
21163
16795
56077
18264
16215
4654
97594
54885
76589
34820
52426
74641
90994
77356
11387
91143
93120
79212
60664
15614
12123
61570
87645
60864
94293
18066
40588
29931
8391
46674
7468
13562
90555
49393
80873
59330
12802
91963
88066
48846
84265
72607
88646
30882
87785
27221
40590
78589
89864
12592
51458
35541
18014
58048
335
19992
96376
71647
15677
70172
87697
59571
58475
9
38567
66345
44346
9757
12673
33955
46174
70479
81094
18920
61603
13662
12803
60320
46646
32032
97584
31347
40479
7062
48717
24618
57656
17670
61008
35712
46130
96397
31297
9298
27161
53233
16102
95785
60648
87124
56949
90667
60456
73624
32497
92730
38400
47371
72736
82913
52667
93566
21097
97578
77730
35645
64818
4756
20305
72123
73983
92971
15599
94189
45069
64362
66556
86122
15411
89127
29006
77499
32415
9296
16049
41793
79222
51545
84878
39000
4257
79038
48610
64320
96526
98994
24711
85728
17220
90674
27864
47366
91103
17022
94440
46165
91268
89704
43172
49702
5676
87660
73505
88161
57526
31966
48508
31666
57771
6590
46874
34455
25669
31720
88288
18640
81266
58093
19876
47470
77435
51325
77195
99515
54637
20507
63863
61714
61866
67261
55819
93003
10140
94073
13022
9285
89013
94791
1241
77588
20496
31858
33808
13915
5965
90206
3914
95675
90071
47519
98421
23923
96711
6919
45399
77472
27346
83020
54912
7660
89446
88169
94617
87744
73571
78711
90067
50023
18189
2640
29305
83239
9414
18896
84593
42580
12352
65477
81668
25038
43965
60286
36131
73059
74145
93314
36414
58950
24363
72768
4678
60363
36526
61189
99913
66569
66835
58531
68329
72036
24134
68923
74183
54251
45034
99103
19397
81874
62246
36135
29468
69358
98916
47776
14837
57073
81598
7446
45368
90626
13201
21814
56287
60878
50285
62645
57378
1177
18055
33076
30024
17259
42185
81227
73087
12641
70669
97768
12255
91425
83090
37052
87600
88217
62739
92725
23163
68173
83774
38624
8204
81225
6174
22
16041
69783
43621
16661
69516
32402
23175
41600
27586
93665
83134
21889
33782
39059
8019
60579
49958
25782
85447
80514
82235
21343
38992
99251
85667
82734
81493
77813
49575
79512
49555
76738
79222
8843
30711
58716
32236
434
64722
39758
90939
45213
35018
84013
17291
7484
65887
31391
3581
84200
18976
67528
23910
10494
86205
57138
40106
89917
11889
61707
51018
3607
39494
18365
19493
21829
79326
80971
4718
63504
36107
76773
66485
32429
94056
96168
55208
63777
70392
55725
98994
3689
55154
33559
11303
76260
62754
20163
43201
82450
1411
91131
79348
51917
84606
97208
92099
67560
63817
59672
15081
45588
5109
90213
20793
52107
93121
27135
84363
62075
70192
42373
11169
28811
32359
93293
88922
62913
96643
45650
82409
24823
14526
95247
18504
8804
71542
94388
47759
47943
88175
34577
7513
10077
15701
29743
10750
10883
80787
72786
39854
19381
53634
83741
61422
83182
89446
57728
89558
32892
15772
70687
65136
9440
91704
58536
63806
92096
58042
387
84604
26121
72708
8111
38335
69289
37549
37682
64374
45968
10811
6592
54314
98734
63841
48082
65060
46839
85682
68673
28675
46938
48273
54481
89384
59095
97856
88305
63762
26429
71462
97801
94244
51588
21727
74574
57482
79104
86143
65033
76062
57523
69425
50048
52129
77415
51455
27496
51391
77734
58047
18022
84454
25332
71166
41028
31712
64822
5481
60520
59365
92647
33241
80411
91865
5665
99307
75067
76149
27375
34117
30518
41072
17450
76919
30074
17860
61986
4604
37443
71476
12311
75060
64181
93295
79286
83368
63300
40538
60390
53649
54107
57999
74401
66209
45844
35826
59284
16649
29412
7929
86035
24418
29608
8265
82377
93237
81412
58566
5689
59694
77048
48273
83213
97338
60819
63421
55217
20510
6839
89343
8404
70027
94197
34277
88910
89997
96536
53261
86067
18310
23805
14468
11678
57035
96441
51730
873
40756
76814
55513
21323
25317
43316
75433
10866
57278
32227
91094
58553
63602
74493
9502
22252
19844
29056
17382
923
57296
46632
42113
57027
7650
74906
64687
43505
52692
54151
12249
95598
77523
28258
82045
44352
49196
29650
31307
96909
35069
63911
86289
84436
18294
42693
51227
22861
31103
85912
47356
45590
98486
55568
26988
38600
1020
8191
65747
73968
18249
12231
36376
7477
5412
99100
61150
81340
7120
22208
81624
40946
48810
30909
33692
48885
36649
48581
70189
95147
99646
52371
54745
6405
71118
31338
48269
88105
64971
3216
34786
12395
94051
69387
52121
34176
15229
11050
40763
96450
58867
97117
48014
52659
62290
35594
58452
11566
78910
97653
69368
95946
32213
47785
61870
27076
77452
1883
56339
70102
17395
42038
3239
86185
20211
57559
26916
94062
87445
12665
3323
53859
3242
46625
89716
80718
15259
68711
60139
64088
31304
98981
20676
2664
81296
2336
42517
52168
13335
34219
99086
58360
51070
53889
74538
8127
92890
11051
50356
48388
60635
64940
54049
46899
27828
81817
67098
87102
33966
68043
75584
80833
31765
14507
50399
77368
49389
3162
20107
73735
87268
15052
6993
37555
90619
48332
67261
27001
67889
25993
73671
84307
58563
34737
79620
98316
43775
1036
55629
48134
92075
87081
45108
9312
58719
10667
9342
91768
92955
3967
56610
55109
12839
25554
90373
30974
45981
22178
17450
48755
13759
15700
80528
24170
7361
27983
61305
50828
20204
71920
81110
62980
80835
69133
27814
76064
34088
60996
50343
27535
16906
12862
16830
75371
57000
21434
92349
92231
37700
28601
45324
6918
59253
60063
41400
58276
19009
43491
10812
89075
7560
33812
26749
59049
1905
76038
49799
65572
46472
90767
58851
48327
9415
10045
26491
78145
49415
38663
60719
44483
15022
70741
10187
10572
46877
34161
56063
97512
69556
75424
34107
80415
27943
8804
87946
66622
2906
96877
38857
54077
46631
19502
1514
33576
8891
44044
90465
73534
44534
64470
72487
59445
43731
75267
18795
6493
12178
51924
81702
41613
25895
70471
58176
35399
80891
73496
34522
83792
69566
94245
64983
31529
72593
58918
93595
31500
9980
35511
15426
25810
20944
37236
95489
89563
68813
10087
49336
31098
45411
25108
18275
89347
79726
62859
23880
32318
43960
37905
51579
92636
83920
27806
49289
56111
19078
66261
86677
45185
83316
25393
51284
25172
92342
26047
77486
31910
77711
61002
20533
25031
55335
64345
93776
82861
92994
59677
85080
74536
54037
1914
62787
30181
55897
81558
49066
3829
84928
41829
83505
879
34022
92654
73909
75511
11011
96224
86662
63817
54369
95400
82048
15139
28204
51420
6494
69819
51501
309
91132
56220
82203
11521
89772
96823
59325
11532
66621
77317
29178
44243
80356
53166
84303
95012
42251
24374
30843
82022
55000
62750
90565
97660
16131
51417
19886
68620
47444
61541
89867
35308
24130
70916
94776
26651
12638
35395
99301
91342
67102
33994
96034
15013
75091
70214
94702
18903
44109
52652
98891
87460
30086
58123
24695
23032
98696
97097
81873
1692
876
53760
28024
56600
61694
99158
68181
25590
50389
40033
67896
18916
19492
87676
27066
46409
61549
32279
82550
88303
70145
79883
51805
68556
65800
6209
14165
16593
26911
90963
17978
30489
19646
28105
6633
33479
41729
43049
40094
28557
61252
97706
49804
74078
25375
29210
37759
67838
6018
97403
68387
4934
64536
70857
7087
83574
62756
421
14734
44599
73836
32411
8069
21141
67299
34983
54888
60505
44824
49163
7281
98495
45144
8824
79199
35558
69859
34752
16504
99937
14468
68453
57775
2393
91118
58204
36349
45840
70532
88924
87713
7534
98539
88862
73970
29870
58134
62305
98193
77731
77581
49250
15758
67473
49639
81866
35029
17344
55489
94213
49146
74007
22002
86045
68091
35115
90738
35795
40706
79728
52029
92796
41904
73217
86528
2240
46554
8197
23224
73557
10646
96676
74726
41490
2113
50072
14460
13146
99307
21697
22684
57345
69396
58590
98003
99203
55401
88937
67106
53964
13675
78295
533
50868
60614
46362
57128
15159
22045
76828
13742
62423
25
15999
25744
79407
19373
30533
89733
63713
19777
41939
37536
36860
83345
65843
76370
64769
17821
44675
33209
98682
63147
34747
28464
18028
22180
67815
87081
93574
88235
63585
38065
81872
11225
21550
87257
30984
7157
22130
78745
91789
27886
33094
10927
16285
9344
35692
55605
74966
81194
56727
91418
72377
97530
66768
94764
9517
34546
40307
25788
870
60666
58452
7574
82733
76370
48576
43522
34416
39224
7380
33771
27415
24123
6052
33204
55562
60767
67066
44263
7974
28261
45790
2949
7320
10209
606
74199
15953
42579
57795
45586
73789
78644
85857
28540
45277
86498
14001
62241
51096
37000
39259
44921
47133
96268
17729
74248
57768
72300
2512
70674
65623
59064
46728
41792
60026
3104
84482
55803
53186
2755
38791
26957
68101
43682
4293
87607
89519
91297
57667
33932
46293
77477
79576
19204
69935
29452
40400
23912
23150
2304
73493
67131
81742
91778
83109
41028
61602
18977
10115
76512
33382
45704
68131
75300
28800
96711
11625
99732
72499
22318
89443
82235
10161
56768
41047
80256
86863
11222
2254
98063
41662
25010
67793
70762
45109
56508
12961
8236
33577
74740
88702
21270
38582
63697
61568
21412
4175
58478
97648
89316
74945
11147
79840
88491
80830
53107
74680
54646
2997
7995
70165
70906
4901
33493
75600
18800
60884
84187
13585
33137
51650
46440
75459
81012
89659
91343
15552
5565
74888
48441
87250
10565
63109
12375
51860
48538
40883
61057
89623
75117
24138
2157
62891
18978
47899
74061
81274
24901
57493
51246
64618
9570
85821
62263
52700
58812
61989
25651
19112
93179
82799
13263
71114
83606
56030
57465
27221
90446
2750
33058
93139
56638
36421
70474
54616
15276
81157
82723
26561
10481
56247
99393
63510
29315
25662
27504
23745
42558
19089
98479
611
65751
58724
92884
28681
92628
7357
93955
68225
89129
50217
26092
1911
26461
98478
76690
95157
6946
22283
89737
2363
95387
33776
88280
13682
84442
94795
26208
53379
54139
68879
38888
28041
82632
77608
10566
2280
81899
78989
47898
64190
95615
66809
7631
1920
92471
89119
5278
36066
25227
4135
55492
26961
46797
34302
27058
87296
51487
1530
56131
96379
39605
73333
42120
28168
9823
73992
20200
56821
55824
38446
79735
1282
17742
86853
43748
98250
37124
78500
80453
87583
85753
95332
38041
75472
31885
77731
50765
90675
76315
2702
43459
93500
16793
89039
46973
35042
10686
83321
6710
80903
46886
49557
80020
29686
28237
54564
37482
98116
63758
37642
86500
84520
59906
57604
2386
17102
64344
17847
13196
38371
10978
93233
33160
58634
85352
36657
20818
35262
57268
81046
11394
49047
85113
55066
87259
67938
25491
51300
19533
5654
72382
1235
73734
99861
73634
85339
12756
26779
74668
29264
33176
30679
43936
39770
18826
42473
20642
22240
18818
48540
13024
97099
78880
88718
7650
76715
79433
1279
23732
3552
39890
31822
66421
18461
95095
12135
11182
7036
36970
99679
63591
52898
42103
92002
15296
42185
38351
58256
87670
80555
58521
28691
50949
16104
64281
47152
99959
35963
81360
97861
92029
20698
1262
12630
5443
59915
25287
70846
74968
73365
25580
37314
68309
59267
38020
15193
34233
57235
28464
59628
27727
58916
59702
69573
93858
84056
88989
76911
76936
47942
22601
47758
7400
64516
46478
49168
1707
99635
64846
64279
20054
61591
10137
43741
13817
69771
68836
92620
50548
5505
58865
57133
39287
87265
96732
44407
23588
78133
85705
57563
15901
27979
35131
51416
6272
37633
17624
2879
19208
26761
82593
68692
39706
45607
24249
83254
70916
703
53451
69043
44667
39459
51786
89530
72524
3313
17169
41430
93168
99057
9462
21084
60763
27111
4545
95805
58031
20662
61785
72973
4665
3674
70945
84311
64080
10946
82549
22837
83103
19149
65679
5413
89695
23688
58269
10796
27463
38587
52737
65035
25273
54360
92788
20892
1135
50791
21530
74671
74031
75311
96414
83762
90123
1325
87888
9665
23253
48017
10415
90419
59895
25232
77939
66235
76416
69539
38845
96949
67729
38937
89456
38784
11337
97284
11377
38850
918
98680
35917
29127
74126
39364
76997
24019
94676
1082
150
9500
40343
77212
7934
70099
42856
34950
38977
11737
323
36006
57655
19933
72271
32711
21388
11594
59515
52340
24305
83871
45641
24761
34670
43895
82084
4902
59964
47610
48099
20845
67064
38501
21260
34865
83831
76998
6765
2299
60986
3851
17112
84611
62362
75806
96000
43805
9256
61923
13103
29737
17029
83884
92461
2830
98894
90430
24656
14106
52412
12791
78282
71397
81
8073
7007
78899
28583
38216
81572
43493
33409
84560
66629
45369
49632
45271
99086
59802
45744
14929
45359
14750
62536
45424
96932
59683
90568
58317
95982
18632
29192
36177
24052
38150
49906
92273
92712
43253
97015
11809
32562
45097
69317
56341
3488
28360
52528
78958
69749
98334
55247
20316
34306
85485
18184
57805
89875
17244
5276
8305
49649
21793
48267
55586
43657
64119
38188
63381
36477
99059
69300
7925
69723
78853
44829
18685
85727
6626
48061
34804
64389
54402
6617
51703
5838
7613
59166
31468
30613
95979
17012
32532
75348
42903
86910
20540
29949
81505
44301
24489
62672
70555
35306
53712
596
45138
46459
98196
57638
84431
77508
43750
57090
63265
41115
3254
67729
91258
45705
46075
62780
12300
86379
58948
70957
93480
70097
97800
79078
73862
28205
6398
19363
84532
35034
2348
19734
88312
90287
41629
25639
27663
59435
93236
11786
36401
16764
5833
919
95791
69040
23770
33469
30158
48835
41231
21537
59564
22689
45958
12928
50822
811
91965
26282
52729
2686
34410
82102
78970
80461
40569
45391
32387
39536
28370
21733
18904
57250
96857
14932
80997
43705
16993
26640
70159
54814
43246
53283
27942
58372
24536
85024
5596
21891
29886
9455
16817
71788
79064
55990
15654
30417
37899
13179
56833
72532
31105
86964
36396
48502
56041
59925
8649
27689
65768
81915
44922
21046
85449
44704
95348
14873
29585
78882
99325
33532
21209
77912
42492
83331
1317
97574
49821
33500
50955
59974
85197
74888
62090
7123
28614
74849
55861
96817
61762
45381
39272
278
34279
71672
98064
71558
37707
92893
53567
91023
97547
9744
24822
35774
96904
43152
53749
91096
23328
9281
25016
96092
63373
59050
70031
52479
46723
53414
90309
1298
17107
54853
63894
20755
41174
56072
7552
5421
5527
43423
36261
75780
16055
44919
23737
22667
79951
34015
40384
97843
42213
32829
10438
60102
93617
20339
65570
54783
51887
5381
72006
13384
41257
39035
89372
14138
95425
58064
68423
96618
66657
16198
40536
72897
93648
696
55979
73151
65282
18799
75633
17834
751
92386
63979
44332
66961
16688
57505
96486
14679
2662
87078
41976
22578
2710
24461
56729
64488
90857
2902
30767
56009
40669
13276
44782
92423
49139
1834
22103
63499
10834
93446
77736
36976
81417
18315
1673
35130
35944
31925
19240
56743
48121
95092
46078
8852
49551
249
96953
71296
49659
29955
79734
31902
3052
96122
33920
43608
66605
54924
74903
35282
10494
4039
8302
24074
565
37365
32224
95184
37851
65128
7805
10722
71945
41865
41097
76306
64034
68184
98693
69311
69307
57703
54555
56518
70847
53430
83468
44893
78043
61085
48738
58334
95281
24875
4825
43849
97152
46513
23062
79289
69031
32580
64730
6050
43681
12767
17672
89574
6613
53296
98621
82144
80793
50331
81096
88193
32792
30305
29734
92816
5020
56
92282
65517
41628
66953
65919
18608
25562
32266
22594
82219
75067
69339
80191
14875
93890
94641
68271
68782
54052
46931
9990
47143
88221
88698
76190
87784
47749
26170
55271
25319
24822
23259
36717
84981
11413
3767
65904
74564
49729
29698
79222
72713
17618
35835
22249
74380
31042
24377
82368
4004
89097
11255
92557
80048
61620
1103
33408
53256
31648
32980
61783
96106
40170
75871
33989
3205
9784
98376
49932
78907
85281
912
938
14483
46671
1826
18304
60727
57571
5641
29580
36024
38299
90605
93316
34238
73772
96946
86808
57343
42796
51658
79660
95053
25506
28689
68804
1930
51663
16175
35220
47292
46873
84995
11872
15299
80742
72465
76977
79083
16416
44354
13708
72504
4713
99494
94377
70466
59407
50494
42737
36292
65332
54974
85657
53372
17797
47433
75529
54309
95869
40759
81380
93638
80207
48242
68277
39737
70112
56143
4612
78759
83155
52044
38120
64335
51402
40627
13174
51975
67381
75163
22358
30193
38623
22073
23483
64560
7754
2060
5764
82807
55451
2569
58413
81467
94365
49059
37381
35041
21307
64812
48663
31409
48217
2332
55633
27515
4407
85036
69148
41645
65938
38827
61073
69649
42173
95720
27885
22189
31141
80556
9915
1649
5801
60476
71158
89313
9983
40385
7517
93464
5775
67226
84095
35005
37502
4117
38552
78785
45580
43440
37558
91798
45722
80378
37652
72585
1577
49497
64534
56918
44392
21877
13853
13718
9550
85055
70443
38678
69719
26432
83555
26053
52522
28712
63557
14114
33167
32948
31679
25368
46239
86158
67018
51683
75769
64983
95746
95961
96508
33534
15366
3565
50624
7167
2394
77406
43451
56181
55027
54501
61425
98067
26612
38479
72981
51004
98999
26222
17075
9914
248
27038
53412
4758
18604
44719
33944
81269
88379
82387
52323
40888
57097
85471
57680
82804
38418
72534
76377
20422
30835
90439
24626
31598
99459
60567
40039
39530
43291
1642
37402
73690
18876
20188
2253
68370
97267
39900
63551
39517
22675
33661
49354
80312
72049
87847
11873
53976
83471
54776
28349
13278
23381
20857
68855
97111
20168
97757
8610
43201
87618
96244
24497
81410
42211
8357
58806
79004
55926
84633
22405
34665
10190
63430
538
73421
21130
95066
70825
60380
96341
9051
81876
18302
43849
73910
23198
3911
88612
6377
4570
4711
14000
24781
28519
97959
6881
41958
70074
70303
75263
47351
98011
20540
92960
16178
6790
4067
30128
66565
62869
51419
43825
31192
89950
94827
76547
44236
27236
70016
59365
24357
43159
66836
76942
51193
25866
16767
73874
77291
65579
78278
53369
84640
99997
25661
15116
34
85984
14293
64559
9122
99078
20789
64330
91769
22369
44697
51665
28027
59484
72190
46221
57492
12698
71153
61155
80239
88481
47102
92153
48661
7458
46026
92955
74648
39763
15427
37017
73318
95683
53287
26504
33638
49993
78695
15919
65413
78504
63527
58614
15462
42220
33393
6565
87725
83680
42891
90465
2833
20418
81529
47663
72350
69818
78651
97225
89734
68182
11240
32341
37164
74705
21741
61819
48514
89296
51014
53526
79014
35409
34451
1235
66160
40052
2816
24707
58992
41634
5702
16300
60417
47215
1700
7329
14124
89269
84819
8338
79418
11648
22149
71078
66217
51179
6453
17238
22045
96483
34410
85212
92538
43850
96520
19462
16806
65299
44484
85731
50948
45023
20794
5315
90630
25660
72803
99755
73292
63508
88319
93069
23757
798
52753
64726
98818
25383
22747
87083
86931
32167
99730
22158
44129
9273
33602
15451
78722
83619
20824
27417
36305
99522
37267
15085
71063
97113
36056
45343
9137
91889
43989
52397
24751
95148
14116
67652
99065
11577
78744
36080
66286
99979
2595
29025
13902
73957
91761
40256
72053
27812
11015
48871
21469
70720
93724
1156
94062
4314
69103
98995
9692
70423
20987
68913
52160
63301
29069
49359
63776
5508
76037
32364
26864
98683
9186
37363
53911
48904
12097
13183
721
84296
6014
23074
14513
88826
31030
51967
29262
37854
81959
50572
5601
12170
38030
52564
37665
70605
6024
37795
69014
4246
90064
3325
45940
33738
64786
5091
10893
74701
54901
38397
76489
94322
26516
60090
93067
83098
33815
47877
49818
40588
91065
40709
66622
60678
21348
33616
85908
83512
39329
30006
66938
17748
97298
57008
14204
56644
68787
19684
82134
32527
84269
62699
21160
85522
39900
80067
38230
75015
83351
30630
56978
11395
36870
83474
8394
45913
85443
43271
29547
52335
66982
49691
15812
38560
7848
80440
99834
25840
72127
62377
44435
79431
46583
4990
94582
65337
47995
1588
95169
58112
88448
24985
18398
41037
67070
59279
71886
14668
32382
659
32102
25290
11677
83788
14878
89960
53933
69016
19806
30177
38433
3351
28143
46248
60457
84033
33797
55390
49792
56483
9174
83156
33674
22826
13778
74076
45698
50591
34102
39350
92234
61828
44222
34980
3872
40601
28211
44724
95231
1816
20122
971
16338
55175
6334
21044
86512
6447
94125
7558
9263
88978
21927
80239
31477
38668
8402
6700
17621
6391
26684
12620
23664
92278
7890
55304
16039
56832
43299
65387
87321
1927
49845
38220
26996
60249
22904
63594
28989
77476
47197
8422
820
94803
1709
98610
80612
81554
33614
34028
4540
42319
16601
86471
90798
50645
87070
47837
90115
1954
51306
1502
25087
62052
70915
1150
91919
5913
79409
83433
98683
45161
77968
90630
61024
45826
85945
49235
7017
29692
37090
85728
19727
21658
66605
65072
85185
41396
74322
25091
5590
50689
84820
27988
70390
64215
15019
13312
6032
14906
58248
93334
1756
83756
82280
67407
23303
21702
5220
8850
18572
25734
95418
10219
53325
4197
16917
53738
84362
99479
82198
29700
85799
58243
18541
55217
29466
5173
10941
1119
36646
44677
22790
55474
82250
28420
41496
5321
7478
42794
25521
27306
98081
23476
62831
17764
72515
81684
29359
46359
20214
31116
305
50001
92714
69423
62612
36261
81809
6628
19250
88187
78348
4020
69122
60263
26941
36560
72872
47138
69579
44241
25868
25373
52331
69123
73622
55904
65774
45364
10394
55796
66983
96453
52804
32548
60144
38841
93181
18082
79592
90361
66191
79519
71395
44130
72092
1198
9464
98408
58085
83097
26704
88259
56544
43270
88275
21457
60906
46077
23780
30139
6695
40545
81203
24292
357
96698
25958
61281
49577
54337
8866
60151
56079
79133
2582
69392
26101
51740
61861
4909
29654
57604
74188
10044
44032
21076
58290
95410
40322
40341
99824
8059
94634
42679
63480
14359
21674
99721
28076
75044
23042
53445
33252
13630
13205
843
39543
12502
82891
16479
63162
38802
32216
12088
3043
41287
44147
82336
53429
100000
12273
64550
53319
42168
86324
77807
47124
48483
13232
42416
85077
9451
85990
59515
49614
54378
11256
95411
63429
48949
97054
73888
54864
95209
74532
487
5145
45101
46889
21243
55890
87875
24086
56636
16022
54625
32774
73633
82067
82137
60572
7402
64250
25574
70557
27729
73105
21010
53594
90380
26570
93541
12625
86028
75041
46431
46873
73214
66840
2592
3764
78807
74466
80731
68758
76703
96357
17953
64655
94531
56362
95531
20621
53480
30044
46498
30374
89897
17094
16651
61838
89474
4619
64623
51760
40401
12423
43555
24006
33587
24688
40930
91235
45772
90182
90178
60861
6294
55486
55917
29299
28133
10160
274
88209
91380
30281
11457
81100
31579
27301
325
69117
58237
35893
65731
51579
51602
40872
39206
51695
94282
58148
86046
4167
86958
55018
71211
36404
63220
84928
44956
60700
17925
87063
86328
83915
20777
84128
93162
87152
7707
31879
33162
53147
13634
70944
56266
74452
83369
18236
46514
43991
15736
30834
4798
53555
84079
61596
22870
9133
62056
82529
3934
23905
74793
9810
65746
89188
60165
20010
4300
96551
97353
78754
2525
33637
52681
52434
47106
99722
45197
87979
18675
37112
59412
97729
58247
934
95660
42525
69783
710
15771
23401
64896
17006
42649
84484
64859
61886
74488
74634
26335
98230
42930
80968
71347
6174
15879
29706
68925
70600
70174
9955
14415
93741
36414
78576
17407
86549
1413
70831
3624
2604
40552
74367
5317
53675
76935
78081
73977
95323
21176
15790
75000
27031
23229
32423
85468
31977
77402
85635
29375
71805
95417
83692
45031
54851
67064
42145
41993
13061
97686
43990
99066
29261
37269
87055
23366
35708
82539
23755
25398
55531
31524
67512
74627
73374
87630
8464
83089
49099
60132
59066
18493
74688
14465
79305
23089
84285
86199
30263
35880
36090
19861
58373
53486
14637
24348
89873
34253
97810
52769
95830
91097
48209
85246
48742
93564
22015
27127
9246
56054
22202
40247
5183
53548
77975
96404
61085
68838
42351
5755
96188
37170
25612
49201
92153
30694
3375
93169
23470
2902
36791
49574
72316
1790
69842
55468
89810
47797
76462
30940
62746
26266
73109
52365
51539
59121
6935
65593
95064
30580
74010
20297
53185
16163
4135
27481
89540
73978
19184
15931
90587
20849
69150
59654
28760
4894
75317
71544
99983
44210
47862
70536
57072
57667
81164
16662
57507
88502
19649
2949
20267
61739
18739
94426
55238
3499
93091
81550
54499
82236
25301
68499
2275
43757
3587
19956
82515
74495
49733
82152
26964
17488
11722
32694
45910
46119
45917
15296
71685
49792
71432
19863
81705
54157
14357
3465
91511
46798
86473
68123
74782
96020
34898
97061
66063
79939
68719
39315
35130
9602
45731
34379
5868
72282
77256
52824
57459
45730
24559
50761
3878
59479
9753
85461
56238
51668
30252
70914
12470
8075
35571
37284
82055
65449
81065
98600
45873
74407
93881
60302
94445
38323
50378
37143
91299
35724
98394
29216
9305
66926
13183
51216
1382
24386
82775
26159
58447
1524
6825
85082
88261
53275
3155
92341
45125
9298
10477
98620
98001
78361
67363
16862
86925
44728
17661
41971
28426
16089
51067
62606
59307
70042
7060
97575
31264
69178
37574
38144
76499
48614
53117
70311
80014
46549
97584
20509
7288
16058
70353
94529
65542
5700
49629
29282
60015
9527
40516
21161
15796
64890
24927
75227
81454
90616
39376
59482
59991
30861
73338
49516
91766
32110
83445
30657
63522
76636
5835
49163
18139
43241
30876
52255
87801
96658
79411
24353
50148
97736
88137
62205
2009
88759
18812
46508
83310
94693
19449
50277
42684
66001
77754
18683
26978
50591
83637
82544
13611
81368
27282
18969
99874
43752
75367
88007
75052
1581
98668
52559
72293
94914
92545
16520
78071
4541
14641
71995
57025
93015
75346
24473
74852
9043
11360
90532
5421
4106
45505
4982
17889
43988
81844
29762
17400
95840
85537
66236
76116
33318
93341
97053
88344
83511
46935
38647
4669
50371
73654
40621
93912
91922
4643
11258
84129
30479
50574
39453
36376
3071
98754
59593
34260
54759
47461
8716
87449
38340
11063
40545
69853
94963
89339
37961
52889
57582
85939
29754
61389
66651
55262
66159
36152
94948
75246
60368
93588
54039
48568
57097
55589
95264
27289
61058
25614
21159
9083
55299
18386
49186
14134
5873
46957
8865
80919
45330
13440
29562
65748
38335
70078
58293
7079
42744
6288
93607
29345
40913
48196
76740
22114
77996
50466
62833
54100
96600
16262
35932
96856
32774
86998
5519
81125
67839
97089
22748
49635
95159
96965
20775
50875
46374
20009
30147
3790
21838
37302
51743
70075
69453
26691
72568
90129
87772
87913
35833
94793
14824
14983
66963
87635
35223
22621
1538
89134
47238
55069
67857
57631
47425
14813
48474
14891
83986
45417
66485
39863
69758
3048
26578
31616
66931
54798
2205
90332
87226
51895
47263
95174
84296
52262
92829
20223
64894
60221
15217
16207
57264
31643
83532
88454
93305
3054
55181
29617
9208
54064
84118
89066
59477
23477
36668
57777
75105
80542
38143
81768
67210
14607
68693
3388
54025
28086
96611
92600
18969
46666
8227
87838
31034
76178
60273
96560
94735
44593
51385
53812
58769
41934
38968
11133
71095
5235
78143
5638
61295
23086
11009
82752
74374
67320
70659
49446
94629
84768
28845
57621
76432
84244
62066
85627
34386
91473
81494
4562
16457
37451
98164
384
14453
57478
3842
26576
22027
24290
2498
38154
12352
73121
58233
20730
5828
86591
83502
37163
87589
43563
14018
62550
80964
74997
77490
37003
66408
53615
10925
77084
18892
25281
37625
28664
90573
87207
94919
97126
42240
11786
43101
44180
20307
17705
62059
14118
22505
87737
63027
13735
56598
58607
72459
15564
99567
38107
70869
83808
35842
57124
97152
9420
74973
16953
78219
98085
90883
51134
3429
6566
1437
31151
55606
73487
34641
54682
98013
20005
53501
75113
53049
92308
73893
67457
20001
95674
22987
21804
62919
74310
30332
15720
69746
66878
99097
76781
52144
67129
62485
78273
65511
38666
64599
10534
41494
90826
53953
7681
9568
74480
35953
77252
61657
20780
16744
40398
71720
41274
66207
67681
20694
92657
70936
99546
35666
24257
73885
70502
38372
37122
784
27108
39030
38590
23038
50552
71547
49702
26737
25604
28353
23877
69920
66001
5375
71778
8110
33831
30194
15948
48786
74645
3993
76709
26243
11830
79098
49258
84958
87413
2053
52279
16429
43038
194
27012
31162
95516
99307
85802
71822
35019
64260
44004
99641
54902
25478
86515
86565
10841
16988
73755
11928
5560
40061
19888
50034
62286
2304
92288
40628
5529
41071
95727
92520
94382
36610
86773
55853
75074
61399
14277
71347
55537
76264
95731
63837
59976
27529
26000
17205
45678
57041
62357
61692
48826
50832
29833
14157
59737
10482
12084
83137
25514
73288
18761
82605
1942
73124
20624
68213
65453
52099
19825
60092
73881
98769
52398
9379
15546
57681
13041
71147
72178
29833
51041
41905
31241
79011
89990
60158
60332
36425
14155
7113
6371
83857
27857
54215
15304
82532
89530
5891
38732
5816
25993
71730
12214
89182
80562
52047
54078
40044
53551
95897
8974
42508
10474
82075
87221
17188
19078
50710
88153
6647
64316
78512
23409
6436
20254
53480
41496
11249
60074
52521
36703
31479
82367
70702
47069
44557
6638
77664
79429
12988
67133
84467
68415
75673
11539
93073
73584
1605
12180
21163
49728
61612
4873
81791
21566
40280
51496
6445
50922
12594
41739
82307
23514
96019
69667
2215
11029
45574
6627
20127
43012
37141
94014
84244
7931
42225
13901
8930
75526
89979
31460
69874
72798
25405
79548
68016
30367
7783
52426
82670
774
77045
76505
12443
94007
19282
26006
19995
23980
80516
74932
35128
43972
99232
49119
9757
69279
25164
24426
54188
87996
26391
58974
79457
604
91507
25880
74977
53381
89454
63578
12365
29070
29083
11934
1812
47252
80931
94672
75194
3418
31062
65887
54723
1558
29711
95715
33614
77619
87609
72784
23616
73451
92312
20604
57342
81375
46589
93310
40816
8501
57109
67342
19177
44685
68423
85294
90438
3239
79695
37393
8649
20558
84576
99132
92983
18188
28576
8139
21593
12839
13396
211
6241
9622
47132
48050
92654
70073
49589
74169
9513
22814
88303
90636
61689
50906
75176
5018
5816
33582
82677
92972
84548
67982
57766
65693
85874
7155
94507
29221
80399
59856
28330
13413
25510
41010
77880
9697
87916
77436
86944
51801
26384
74760
42101
57900
56638
61180
6722
33388
3074
76840
33545
74982
47411
70010
47805
90356
25696
86851
58108
49044
75321
15262
18173
39898
67713
3505
2117
64076
8512
79396
1121
4733
18239
63717
20825
16902
75837
12193
66408
22089
85139
50146
14186
37826
63050
79720
6024
65744
51828
16005
6985
86139
84428
62332
98156
73766
60729
80351
83924
90043
10111
14361
17449
15596
64966
13876
1854
47180
43163
51265
39658
73548
61020
59396
18177
18954
14934
63822
57111
69236
20864
39803
35731
78621
84639
24198
77556
95513
25285
1139
6674
67313
38597
27317
47419
4805
44831
26602
3873
34915
48302
48725
30129
86563
93818
48253
68382
11356
25108
75226
5591
5869
50992
53626
65952
6877
5181
8514
410
35637
37641
48533
33634
43603
3086
80130
22930
56903
34421
80887
70280
32478
75149
73453
17563
3878
26449
36775
22977
95287
88255
73173
19884
92525
2648
74271
22373
80510
44828
34706
97728
71696
53016
53384
17323
11005
85058
78322
76590
37665
33447
68725
24935
20363
52938
72243
73786
37455
2849
59009
46081
34661
77061
10330
4850
11371
76334
43973
9383
31932
52969
27750
24144
28418
10483
84373
44701
51351
75210
41836
61
63992
76003
86088
67545
1943
91386
65711
60321
13947
46047
93314
30764
226
97729
88662
73577
4509
95861
24376
93809
94552
63384
30194
10234
70652
68095
49210
55820
45869
31729
76349
65110
21151
10029
49165
53109
30395
71190
84378
77118
94087
82751
80320
39397
30273
41897
91130
33403
79450
29195
34555
49089
73386
77713
77428
73883
72583
14606
28543
4372
50846
26191
75508
53194
40223
10734
68943
33209
35433
9461
60165
38480
79141
25947
80708
180
84186
88735
26498
1882
40702
18703
63139
52221
13987
64673
9357
18841
70911
78531
22407
76583
66747
58036
70573
12682
88709
51702
4775
35121
47616
57231
24911
78166
94414
58740
50478
34329
42181
31621
21614
5655
7479
17354
99224
41363
32319
53674
50482
68828
5304
52189
26257
91100
97836
13153
84916
16663
35615
99083
85202
7116
48699
23878
2974
24376
48237
94274
93310
42270
56152
33560
83110
18220
77616
97307
74673
994
67368
69398
83424
83366
71724
16
43855
36068
30995
40903
31362
26675
40143
35026
81337
93254
48001
15238
79452
30465
45036
56481
1772
49765
11722
10847
45147
55813
79548
49881
25715
38246
69397
44069
95892
74032
74742
9664
2988
72469
49338
76489
84417
45871
94885
93683
37595
51944
24726
51847
37489
35828
42661
18042
2258
95350
27964
64748
39042
98544
13446
79697
62116
44088
26563
88816
55201
54844
12566
25346
65856
72978
12169
71554
29734
87622
46492
76768
3290
4796
97321
38983
75719
11006
12461
49194
94734
87418
72849
91500
71664
13393
86073
90330
40605
40336
2629
50825
64451
80517
96546
2948
61485
22156
13037
47391
22968
26549
14353
93285
34313
29886
41039
21144
11166
57575
10212
90949
81500
35522
2779
3212
37653
55388
19277
60026
85295
39977
36918
70548
69221
35511
7674
26384
54552
6284
34843
18723
14348
94815
58064
75659
54595
66436
60601
85319
37063
41676
99937
51550
16965
55838
96866
44787
65371
69454
50694
14623
18158
62669
29987
3704
92340
91558
49997
85186
31627
59606
13974
49432
33179
45296
44412
67858
78908
22471
95768
92964
3719
537
64921
89871
22281
99247
70105
2698
17815
88897
50157
45378
56202
43992
64546
77363
25187
20502
84463
42610
79400
43867
16841
85835
56331
97924
43240
47916
84439
20832
29431
77304
97643
44049
4710
35669
92997
39492
45509
47731
93627
82641
99340
12650
30624
35999
32170
30715
34528
38271
17327
80119
22046
64043
56118
34056
21000
56689
12448
54275
99646
79162
53576
55617
18742
99899
78065
9579
93786
33548
14244
42927
85044
47296
26633
8383
81778
68252
74504
46474
13915
68774
10416
12528
18949
80940
88851
43142
64154
61034
92620
56024
16001
25615
18426
50925
94348
88090
85812
25845
87064
72122
33808
37647
38743
6678
74220
48668
6763
89798
84479
72034
95252
42182
44474
92023
90506
94883
49380
51293
18656
88290
80399
5638
27988
16798
20219
30335
18057
39919
50030
27711
9564
11832
40262
20664
64106
34959
32415
60252
78410
37078
54161
9093
27299
45731
86713
84202
90991
63778
20586
38816
98847
84333
93162
52725
45008
56240
67829
37403
19895
76777
86493
82744
51163
53767
17446
90176
53848
38594
14549
76730
53021
22648
56714
3323
49285
64287
29240
87116
27094
84610
94093
15213
86000
12357
72617
79072
97212
21583
76889
33412
10235
99966
57092
38433
78592
92636
86525
12822
18925
23135
22130
19825
75509
95085
80038
49871
34959
11650
69853
96008
61049
61674
35708
82019
90566
8411
49993
46548
83217
45534
14111
89409
58923
77653
3882
84189
78250
52595
29396
1687
27370
3688
59073
44741
75530
51968
92196
56050
43196
76962
89268
15295
19439
30034
40027
15307
67735
31526
68054
68704
31274
45371
83101
46992
92961
2217
95978
94462
66145
42764
8567
80082
10608
73559
51907
75211
27002
30320
86572
63076
15173
39802
55604
19131
27158
89724
81093
64658
81397
13021
79108
37898
23102
49461
7070
77588
4883
99159
52153
24038
90966
75974
98147
47647
61536
46353
83145
64936
16174
67939
40395
35098
67205
13840
45101
84574
78421
19332
91031
27130
51081
555
4891
39523
92215
60465
24147
56658
71130
15732
48930
95860
28699
42867
1590
24516
47345
12167
35886
32226
60687
68667
1548
10770
6847
18759
78875
41878
60189
43894
65923
26401
24882
8919
58258
12176
71400
81986
8603
73114
42572
65473
14836
79384
2058
40184
25011
54230
93620
98793
58927
10063
84913
12061
39961
41168
24935
52077
63024
68390
38412
75147
65795
55748
37338
22204
4368
55442
68700
26269
6144
54061
77835
46008
9062
13009
698
35221
94352
93929
46690
75568
6602
63980
93647
43266
32811
29438
72250
82789
98139
10709
2685
83338
29627
63722
51090
1618
89958
56346
21890
30865
59968
27755
36737
70257
83249
52189
78916
34116
256
67939
16009
52786
30599
14122
60883
67341
70565
63081
71987
17089
93302
33838
10737
30786
168
39041
6456
55900
90192
26955
36168
37885
40384
85116
43568
22326
19207
42569
74428
81125
82687
74437
55614
61653
35778
23640
75071
61782
63817
4683
83079
83698
18081
40651
40792
11058
19974
87954
2366
89760
43310
29573
33932
14761
78926
28883
93670
45931
6580
40427
6153
54413
94877
51391
11441
99218
89404
69479
76797
50966
71983
4357
65959
34340
60350
55237
6829
46228
2021
91806
60576
7523
50270
62723
35613
23159
34383
33375
1173
21879
62886
17137
90227
79742
34047
59929
18678
78757
93319
32352
43168
83165
16014
23869
81240
14259
44810
18542
12497
40596
25784
76263
36707
49331
42865
85645
78672
10611
19033
81072
88110
48639
36617
25953
37982
1678
55459
55362
80696
12341
41327
66778
87207
28920
70601
4415
83136
41006
88348
3419
2364
27998
46761
70028
10724
95848
53027
17618
68158
71919
36252
840
54328
78918
72464
42662
29135
46340
75742
94154
64217
80111
21846
92541
17558
31089
60966
69391
61696
91927
59610
46307
31206
58019
26432
32332
26993
71842
43672
48466
4364
15985
9045
71264
22828
18863
95246
87554
50375
25418
15872
85164
99003
28028
21332
47278
40234
4447
98847
83095
36616
33998
63047
71366
6292
54303
1140
31824
52759
52991
43664
69862
81311
87534
91972
80131
86283
3695
83472
22043
70002
8968
22874
73969
36717
18343
3665
70799
91225
96642
41557
21722
27559
95960
73398
2330
59189
40184
73207
24067
29700
70902
28386
42435
44860
35644
10324
19028
23632
23716
92112
74061
92352
63989
22745
30514
10708
33895
14330
36700
35085
46330
20585
19927
80802
96118
70880
30037
59122
11385
97898
54701
70008
24679
50201
83709
34399
24174
35856
93300
28397
54231
87018
95523
79706
89027
18264
12871
81151
99669
39564
44722
56493
28161
23442
85687
39484
26109
33550
57067
58163
82520
459
60088
14272
68636
80239
25614
13343
34396
74724
26033
41008
82644
90613
60478
55590
11331
50660
3654
78294
83512
40163
33825
27640
12854
47423
85076
24617
57300
13225
15016
52824
57021
25508
77459
98016
70580
29154
15360
46099
84437
34086
94674
88841
85461
63945
19097
8383
63212
41007
91726
18571
41367
68668
29593
24510
58529
1917
82480
60681
47640
55160
75764
44899
81589
79979
92372
22758
24107
15924
31681
99019
27771
44119
43186
95494
78117
21371
46217
44613
95660
49925
63344
44057
95418
77957
33900
62495
8415
45056
8162
61690
80932
35886
87714
66895
2675
65261
12351
86994
11108
6515
50208
3532
58661
5033
5056
32712
52344
95595
73417
71947
5924
35446
47883
58875
95766
68325
55472
20052
3094
79040
4307
66244
55800
47318
62196
33683
30580
87811
53407
36807
39783
33352
48911
24956
56758
55195
11329
4177
55544
20892
65747
63979
27734
77854
8192
15823
7975
73134
57408
51549
53388
79870
87230
29594
80676
69282
85953
60962
87250
21801
80567
61054
66205
12101
48525
22165
41512
7634
78154
9739
8462
38951
27260
63231
56612
8039
95961
21393
1711
23641
21200
88319
60800
54314
8748
76061
40340
99081
56166
89014
20461
28571
16699
65086
6072
80723
53908
29548
30877
92280
39034
22768
42817
9257
73305
51327
36381
44228
31575
71117
52939
3486
33230
27736
94954
3833
25106
72704
99740
69624
63130
23686
5130
64180
31379
50554
12777
60848
45598
2198
18975
85009
32936
47352
37817
36020
1803
12244
40701
81898
73352
41435
97597
77934
6988
96364
93500
84201
72228
47768
3849
4226
72451
5874
11620
77625
75561
52901
60514
4624
33723
22724
92954
61771
81869
35526
70080
51825
43269
96520
30737
64712
13771
90977
14870
81284
621
46194
37774
24595
65377
38943
33150
93147
20427
78941
77358
27165
81407
47850
49431
4128
82718
26403
32300
95548
47547
40905
75101
15955
49028
87040
45796
34025
86318
60605
41827
93321
97486
51208
50802
45877
4508
14791
61051
83066
97113
92349
14410
888
95135
16977
95073
23166
40598
56863
27294
80215
76192
49446
74214
73854
62185
85297
36774
55481
91591
6411
19317
98966
1329
35740
93233
63147
76580
70497
383
42902
10995
2196
86852
86584
59676
69121
18546
72413
62784
33137
76144
41716
63717
76312
20337
82973
5293
48218
24553
9912
84314
27804
63328
40439
39086
21713
7642
51370
59239
28145
38719
66148
85456
43159
38644
70704
2356
18249
11311
33467
82207
97956
86251
1191
64094
92220
53613
78443
36229
48751
91888
84639
89374
19390
28689
79736
71850
92346
15199
59217
26399
74690
46931
44454
89770
49790
33341
73641
85114
91572
67301
82407
17635
10421
98329
70011
58916
36706
95081
59791
99281
80970
45165
87764
5137
10703
75644
33367
79042
32567
72017
88036
13994
90000
36279
90686
25379
96929
32213
24936
84490
75734
88963
86620
17099
95588
83873
18099
62700
64128
67428
70565
67168
68876
49555
559
38909
71047
82376
47470
78616
78133
76383
23563
4219
39636
48122
63227
17191
17212
65694
17375
10417
74694
85318
80059
70442
95049
26915
81121
17648
32773
85901
6436
72521
39536
70914
27761
46816
28935
5213
28332
32208
89770
73811
37606
54534
71367
76322
55588
93251
87913
12628
1929
79919
35519
96763
60481
93678
43304
15796
24899
41044
1008
17074
86646
15300
21103
22329
56439
62524
89888
79755
47621
59646
29755
13930
99094
31529
37114
4151
68545
67596
25932
61881
95683
27346
76461
11526
67832
16379
8560
22832
25121
89893
54081
39253
99458
2244
66126
35778
13475
93666
52460
34340
37290
92212
13903
37745
20563
9021
55636
95638
50158
51037
74566
38959
36112
32716
69321
89649
38405
35047
85924
96873
25050
58151
92401
80634
36960
35141
23731
38012
37399
33906
83967
31722
12500
51610
41617
42370
63156
85881
34993
94897
83664
50259
66155
69501
1400
64267
11284
56832
90969
92764
53257
5442
42761
72184
71042
38644
43331
73207
40780
6786
41023
55043
62254
78149
91885
30973
41126
23132
81481
52215
83099
29797
94488
67029
13774
23812
20331
87650
65521
53885
53467
39671
22704
9633
51545
38213
91730
36665
42203
22352
91861
33747
43835
71454
84799
61956
62679
47990
49066
82728
55341
63898
63609
37227
64354
25855
6448
9717
64544
60857
87082
92047
46213
44293
14811
90377
77334
51863
73335
76223
48362
65791
60351
79226
72412
9280
33191
74930
45018
81581
70917
83722
16601
75071
77155
75947
73493
90060
6406
56305
38676
9837
46921
8236
76952
36532
12868
89588
31137
99548
86945
70524
62897
38
28999
7846
23548
17476
7915
57693
22532
62728
34856
68844
76678
84221
81482
30842
8707
29170
72190
31177
53241
35563
9587
96845
24609
31720
54062
15197
86104
16815
91612
15396
9187
71593
77643
75435
10283
1336
63525
20923
7497
60080
49732
75515
18866
27339
92456
81823
46519
67302
87723
85828
25214
20321
65081
8119
18623
71495
79214
28534
71610
46243
36518
69168
13454
63759
73606
39547
10471
25161
31520
387
71316
34534
37654
61003
21002
88443
27163
33599
28391
38513
20173
99162
25662
54032
63687
1089
8859
82562
82773
17174
55759
49644
8379
51019
9292
95234
65726
62397
43413
56007
45657
59702
85586
2644
58903
42878
27292
97248
27567
53859
9235
16197
49088
84781
99006
59748
83752
38177
35392
30975
71514
81281
48979
61935
2398
74486
53135
85621
8905
26571
61429
19566
1115
77324
39690
66178
17662
32931
22114
8213
97092
88128
119
48631
83427
90221
61126
98773
43696
42622
59023
49592
46733
4374
56360
53734
1711
388
23271
95119
55640
58308
43781
97216
29776
80579
65069
35380
79291
35158
21762
70788
19981
57885
51058
1624
37811
23344
87324
22884
36135
14649
45596
12839
42720
85009
4572
61423
22439
86523
90011
54804
6404
83119
49465
25760
80749
34150
38721
19947
97016
92284
52792
33042
29363
52037
96336
17730
23130
35711
7235
29740
95838
19336
46017
55485
24022
26929
26307
59787
3375
27282
65518
20395
87614
7957
77368
12135
73665
833
63086
89157
52393
22895
12056
33910
68466
14434
23418
1727
24290
51838
18435
12128
95218
85773
2606
6205
3356
6166
15172
74726
8224
16177
82883
67273
55465
53659
3667
69588
71847
1986
91545
67643
79822
28277
64081
5086
24205
95173
3062
7802
52927
78994
88445
16659
48538
94956
87177
82653
20553
50511
48281
43238
9964
289
55534
73370
14423
74465
18879
44038
25763
56111
37843
95367
64853
53068
12518
71326
10459
74608
36635
38130
36848
70658
32014
17051
23508
49625
44058
51404
83266
10863
49273
96224
95957
67036
4030
24238
26660
73041
51190
17611
10680
17289
55083
53164
58056
69809
90936
33994
43772
63960
92536
80908
96726
87018
78064
38545
53103
70499
2130
65390
68379
98385
42357
52105
643
26605
57958
99369
85101
52306
31747
34137
98143
49624
34389
2564
56334
6846
45458
12950
97189
2815
20360
7208
8280
73935
34019
76341
53585
33830
60526
46915
36936
50418
65669
2522
69340
30343
89352
9037
90165
32855
76403
27727
78620
10251
10585
97066
40136
67223
8965
8880
7506
61087
64882
41130
12864
40681
85406
39736
77116
54613
87982
83050
32065
39702
70495
40527
87909
20409
88188
31947
53004
61877
90204
81046
45803
97594
18544
35451
77155
33002
65030
71577
49266
20430
6828
90789
69366
84231
33183
69833
5959
91216
2326
71589
45888
34922
26548
78556
41637
35182
2691
80236
35907
68746
10583
75318
33232
19338
82818
48148
32266
70051
86953
97599
73840
73051
48942
20749
71850
93927
83659
20006
11345
6423
50075
22065
3470
70507
30957
23646
88601
67707
3771
7519
18432
79449
22646
98503
42777
53102
46502
85530
21717
8687
40056
37925
49862
43149
83905
74475
8407
63967
75341
66463
45730
18557
44088
37959
60767
39828
14571
18619
7172
75480
31842
77707
8200
81698
13524
77338
51650
89281
35596
77325
29819
10312
17694
78414
28463
98360
55177
10551
73453
23693
70953
70392
77017
41927
55348
40675
4091
8871
75052
35555
71704
75313
73384
36546
12037
32293
62223
29167
33728
97027
97916
41657
43643
30533
49768
67229
67769
32173
83625
5813
59058
89613
692
80938
52693
42662
24949
22367
96774
33123
29907
94717
61333
51954
66388
76249
49208
56295
21629
9546
97669
27304
1459
14339
97855
70060
79870
28537
40572
30893
78501
86643
33270
97280
74831
76356
32514
57544
44027
96417
23088
84678
99806
62695
86722
73863
4050
12300
33389
51801
5159
72688
97593
7684
8965
99099
90227
81652
37006
91691
57711
55865
22952
73730
71447
11948
2775
22704
51070
26214
80903
17179
10167
45111
46108
67894
44860
36544
99595
77619
85355
2760
29688
37215
21190
20591
74321
59672
55142
17334
35068
37611
92003
10207
65178
41001
66854
61350
63611
73015
1831
96988
67713
15082
44903
59003
81778
66392
25976
19745
29668
6211
30389
47427
48745
43774
27707
20347
35562
55563
33762
71501
72546
60992
56619
78226
80978
75996
86344
42799
38386
26592
11954
98657
58066
22454
58383
27911
62146
14572
85333
84240
59296
11481
16677
40966
82866
55637
55427
86293
17709
58595
72465
3464
51269
54125
89786
40128
82702
60090
30507
26057
1246
52035
66004
65600
33101
80266
81676
84492
32108
63465
23838
29165
19322
14592
42115
95963
18013
67436
61449
92640
98098
37063
29549
97701
4421
2622
6077
8164
21493
87317
34234
82594
6850
54993
27888
75997
53939
44583
62394
54669
3529
14843
94593
24316
93737
2514
42402
87626
94006
82871
19307
5606
80184
83424
22590
86572
25468
94913
86638
90962
83654
26132
72613
386
27639
49146
69227
92651
49657
91331
77596
80992
61264
64637
15679
83631
43515
66972
96737
53411
80696
8668
26075
6639
29896
47746
11642
9432
1510
29658
76907
63250
90310
84432
58376
16965
17188
66828
41794
65234
13555
17353
46825
8407
92569
38799
594
87311
59879
21136
36029
59593
48410
65806
51054
25234
81939
54760
99275
416
78529
36609
26920
12502
82899
11969
28428
32362
72766
62707
65228
90364
33698
53697
90672
45284
52479
71644
43043
93196
82022
2511
2237
455
20149
73461
51111
12400
70059
61572
99753
42724
91546
23250
85536
42732
35989
26234
73261
19147
58452
22410
35600
58270
64627
14222
50708
56495
91848
1057
73798
80602
14104
18127
10385
30568
95965
30574
44131
62981
25976
23870
38284
5968
85489
91237
15997
8834
50816
67967
36413
15004
86437
43718
96179
84938
9745
43234
11736
53789
72397
91213
30401
15265
64039
55251
8846
51169
29606
8136
29578
14372
60416
78296
61453
84181
52112
99751
69306
84915
36844
13565
93539
18727
66117
41136
45991
94976
25119
85480
1782
65414
26043
59113
80613
17502
29449
32293
60770
31707
81470
68340
93258
72633
68273
38967
50273
92225
92267
15854
567
39898
86566
28143
73751
63948
67871
55130
63093
20259
7340
47283
20079
72039
49552
64923
59601
98266
6919
74581
12937
80435
59384
82894
49809
68945
28100
85038
47983
85890
20318
38654
89312
95509
12995
30754
59348
41743
43766
86769
67983
15628
5896
34717
60339
24660
1811
1679
66942
22142
63628
57959
4509
19192
29423
43982
93853
91957
86932
16898
59132
36758
69249
43475
20585
66793
4165
80399
55696
51983
63726
83788
50021
23749
96783
17363
55515
85546
10213
59247
83570
61564
77782
39297
66897
73608
25202
33412
68665
22873
22401
64062
29385
82978
17069
63263
82763
33710
79843
45955
61287
1040
36514
92649
29537
51834
92139
65785
78615
81193
32181
35457
88493
95054
81636
65276
15633
75827
92984
93534
9593
26174
35080
51821
15184
60484
82151
15747
35662
39459
76651
49742
31775
11550
79407
9473
6114
56785
82735
93661
89701
86779
70274
94172
24563
96434
38745
18228
18379
37077
59918
6800
40060
56521
11147
1545
20115
60989
87667
13104
92925
44592
9694
97012
50550
61596
35929
17795
87221
38312
60612
71552
64215
89817
14065
88344
87953
56683
53217
87488
6328
68756
60005
57523
42991
91872
41013
90606
43289
56678
57148
18851
24365
3197
17326
11160
89194
69046
91673
23486
88128
19742
9500
88567
63318
42368
61490
83207
59806
77314
52952
41929
20521
36191
65639
26348
73843
98328
70180
43538
41076
18844
34867
54066
40843
24347
71088
49910
59966
20596
63304
16533
95116
39103
88213
7370
54468
27943
82350
62085
91125
923
93181
79260
5752
81256
68395
88001
62246
87507
63418
81834
74000
53742
8776
52183
76231
72330
12337
66586
54808
6366
51802
16462
91106
28665
40008
37753
15222
55951
91140
90842
38412
99717
143
3940
67164
72633
18618
72161
16445
40429
51978
18803
27179
77849
67581
19341
43383
55390
18294
27942
81808
20455
40117
4176
74555
27943
19898
77862
69742
4141
25486
90371
58595
29017
80095
81379
46208
52586
20859
17188
34879
2790
9994
65254
93486
65585
96983
4545
60415
18223
94525
97110
61240
838
8291
20072
52632
96481
22382
61194
3146
88024
8471
60345
92939
88113
50946
6064
40176
36197
17355
15865
54681
24251
76376
94323
10873
13745
18818
69368
20100
24216
66693
90122
17899
24027
79383
27003
92037
57880
82633
10641
54655
75453
68486
64392
86148
95204
44991
52254
7217
6488
67150
81233
72083
5492
20521
43857
79689
94834
19454
65550
88422
25006
67173
592
77813
13679
62180
6899
8644
33352
46329
56355
14777
57038
36403
68958
17937
85258
85143
9338
97208
38503
16101
36055
53114
96698
52937
87603
21490
566
76616
34774
4011
72726
78492
37725
59010
45440
62047
41885
25512
14530
91228
98715
26172
13594
71102
29837
10340
33973
88835
15788
18851
16169
45272
59796
74104
94056
66735
23220
80794
26989
67848
90530
27401
75351
92776
10833
43677
7142
9618
84122
49358
86894
22226
24994
94836
11240
94465
79215
56336
61978
11447
38006
2108
42247
38821
31645
31090
51883
14020
82359
92611
74651
65594
81786
93287
75824
90883
52598
4114
75578
24262
64236
5812
96889
11262
63120
23593
95138
94570
82858
23260
73356
99014
29616
38753
45935
72222
28545
46573
66220
25058
50100
84835
18643
59814
105
54188
31612
55316
37138
79721
86529
17398
95549
4582
54694
15595
89524
39947
67333
29359
22308
22416
91449
13042
29970
73491
27939
31675
80329
70909
78529
14817
60838
1810
60412
40274
56340
56093
42157
16425
84398
20193
78417
53927
47204
86114
74757
66629
75096
16404
2570
98128
70251
41328
13955
36314
57028
90991
16320
5057
78839
99516
95822
2864
96702
68883
5630
26278
78728
32143
79939
52727
93667
56246
65649
18641
527
78242
71625
73137
93872
29924
91631
36811
9493
9491
73380
78143
34851
56318
65620
15107
67868
82436
16467
79066
65052
78128
91964
92572
9496
9997
91284
75710
56963
83833
42314
70888
83772
73850
65812
31933
24251
34691
23895
63784
92218
27950
85673
74942
69609
30864
6727
43008
61273
37491
30718
3850
35912
12389
22314
94781
50469
41874
47194
53455
9080
61691
22564
75865
2462
49491
69792
2337
95523
77940
65084
95988
13108
42830
34885
18122
6436
40789
40795
57899
37390
18681
40867
28311
96332
1673
86321
84068
98368
82668
96242
63554
33190
32343
72564
34013
69681
91030
71254
6107
75428
51181
55088
17518
82553
20626
30764
5491
79958
16905
30571
219
71910
47298
11351
72235
96709
73539
56242
76360
99969
60013
85230
22788
91703
64379
4691
44596
40505
56101
72482
594
93592
80913
62229
20482
90661
64417
44274
42096
31053
29210
41780
87670
23784
93818
82146
23311
84028
91053
203
93622
23331
85129
34230
11388
52577
73605
60122
23603
161
43072
40633
8558
81210
10509
66213
59234
63132
62837
99617
14536
33459
42404
44792
23339
42071
95023
51270
52484
58237
86730
26900
37706
86130
77242
53340
65059
12006
75381
7660
65655
90625
22646
4597
43368
6285
59707
81163
13987
84267
1558
71992
7391
82104
61473
60339
25818
19896
69502
31283
97514
53214
24569
5806
82723
50011
12889
82666
60793
80739
84700
98617
44373
48566
5656
47016
36481
55901
22207
41053
62717
52396
33351
80826
90837
58619
85471
75516
61342
50299
49006
14871
5412
3357
51082
58331
54225
18667
22654
40574
71859
99698
9451
5263
43605
85930
62371
42673
29226
54824
62687
50584
10038
70629
33707
61931
92619
31379
71086
61274
857
30213
5751
6747
49164
24653
37089
37063
66081
94016
92156
17250
98119
8101
6633
49995
96226
70197
50146
54808
37423
52576
76504
77890
78862
94436
26533
55140
31625
87272
61839
83337
7324
89777
22858
25362
58788
71879
78603
63217
27203
20543
48216
38350
69532
64480
71477
63263
60992
97867
47991
90745
85940
50026
58755
98683
34151
1251
11282
56471
54678
81925
46082
21685
87141
76519
42175
9402
49430
92160
53245
91200
59971
32735
15064
84187
78856
99306
73549
40054
91464
32134
42037
3965
70434
37783
71541
41035
63099
95619
29614
95533
75985
56424
56191
48025
93593
52561
1414
30315
15548
55806
26868
70388
2056
48188
87162
11690
20206
76527
17632
81872
23271
22047
65919
33161
7803
8835
5197
87728
8184
53521
42046
30922
85117
98925
30460
42688
98043
25544
77337
54189
41767
74060
6372
59601
68779
8771
48586
18929
50226
47873
15208
7268
13742
10316
47897
19610
6014
56796
58648
23637
48770
79435
41835
21524
39958
8481
68598
3316
16902
77019
63183
52881
83345
8628
98639
61453
85462
91364
59881
1975
44040
46344
58430
42836
52727
30859
84565
19650
12338
92821
72037
14589
39297
92689
24349
52398
16175
61934
57005
80010
14164
77763
71923
78516
11475
30115
3452
3105
43569
88393
22266
36849
76463
27661
32384
19709
2545
94767
51547
80224
27369
68183
61305
90096
26734
70714
56525
9634
20086
71556
75067
51824
21085
58981
23222
64796
2670
85629
21806
3398
20432
68496
35891
55000
99678
94193
99572
94565
31280
85192
44073
28597
75202
5366
23379
82280
45878
70794
31256
28395
96007
36750
94254
23432
24204
39709
273
24035
33308
33470
87629
61498
27966
19959
873
33491
49155
95405
44362
71607
42596
34512
81312
37478
5692
66235
20748
56938
23934
44107
5162
83380
15549
64070
38268
26074
60016
94587
99067
84969
24358
39701
36085
30211
46259
49577
57585
51569
12461
14849
70046
2162
47894
98601
82919
88928
70863
90814
36376
6437
51778
35408
43175
29583
18497
51865
46653
11955
43062
72535
23676
78882
95317
68107
59966
92933
29735
50862
98616
61099
37507
46783
87866
1137
54626
90759
67896
45143
87903
82136
83874
55566
34719
8669
774
26669
67245
12361
26575
61835
37726
70551
62951
97729
58802
96187
83426
24964
82903
76965
41418
47478
37598
46400
76607
63025
12344
55351
12250
45006
45805
60942
73027
1202
39079
93426
89903
28188
6129
66699
5300
29269
27921
90029
6922
29719
8719
7368
37232
39031
68403
75106
18628
52691
23433
27946
253
65682
32855
84336
15896
67743
71128
94402
65765
79673
88775
26350
55600
81916
55353
72803
24380
84997
82009
85968
87135
80588
29273
14697
10129
17846
78121
31785
62504
6177
11083
96604
97049
33826
37697
90210
18106
16067
76377
48368
84737
12585
33204
31365
42383
14476
92890
33293
54275
98381
89438
49446
32146
7134
13140
606
73426
5613
45906
72146
39247
83887
56095
99865
16234
37069
88613
11946
61128
14182
45217
42463
87170
82681
70721
34088
48254
93195
31210
69611
65995
3751
58028
80568
73419
96578
99403
25238
18711
83408
94840
52501
30862
83152
89061
46975
39590
64997
46984
614
69949
60145
72592
15317
90785
53033
40123
62334
32064
62273
6716
10750
31950
31066
55440
82635
92068
81732
14675
87733
6552
37450
58183
7417
47022
41132
37320
15829
57484
31888
25369
30032
9337
34914
26904
93323
16992
86840
8496
43949
73125
49438
36179
37248
11811
63677
47409
86528
12663
62070
14126
19061
86505
80089
15581
28156
33524
48832
53777
34425
26831
5678
13928
62521
66405
53030
71018
18309
19745
81310
55114
10161
32155
64112
63888
54454
82709
79563
29379
89355
60829
30210
74223
98790
4086
94473
21297
49976
89388
86309
99425
87708
94441
46361
33754
7343
83825
76694
16585
75127
47437
6287
49443
8445
55091
64746
33255
30003
39918
61386
40496
64846
24660
66730
51532
67535
79542
82172
23520
25727
12836
99359
20924
11208
42774
17858
82295
63410
86916
20521
40852
84039
72711
45011
187
80713
40651
73904
18416
48597
83121
74665
37481
51909
4722
35207
74218
54597
36680
80514
27748
43637
67278
72589
43428
5888
95664
95641
2438
31632
80930
6171
60928
82679
75007
80004
11395
91235
99341
96962
13324
9143
8310
62547
52935
68137
24091
37829
86584
19154
42864
51969
16637
29046
72835
88010
7895
26661
11857
4116
77603
51456
34671
6381
6636
94513
84414
70250
50735
43662
11413
62595
39769
52882
93861
29348
42175
67760
41654
56865
3491
21138
50901
56449
3166
36369
72208
78244
97891
50148
34465
19650
4745
26215
98897
80473
62402
35844
68509
4261
28779
84122
74300
49068
27587
11344
29574
10220
71773
1133
87999
97549
91169
31598
33883
88723
32710
34813
12013
5221
17931
94081
5251
65684
21805
47044
66622
75440
72117
87515
89577
71674
24538
81052
89576
27500
66444
36729
16543
65307
95644
57425
87495
62686
11529
59554
21328
44640
22053
46906
63736
92385
80561
37440
47173
27609
3672
26352
49853
28306
64634
72951
52140
38520
53489
34767
19761
62204
3522
66355
35677
17414
21624
56061
20265
1567
90769
73393
81437
40334
96056
29330
97853
35313
56545
95441
60028
67117
20939
75896
35726
43276
50122
77433
15957
61908
1819
81328
21034
31884
85878
20884
6482
1891
58789
91675
67065
98711
14115
19969
63793
57863
55264
52970
34971
33216
84591
75243
45448
3116
85231
1568
68580
92280
25714
82731
36993
84726
78859
59005
1784
52079
88375
8888
13450
10753
25154
92987
17434
99864
88262
25768
54786
52135
24160
12993
14105
92355
40008
89321
81283
41362
68822
386
14798
2812
82518
98032
39073
33866
80142
33582
9081
84949
54067
89151
74027
80468
19793
44361
98359
2144
29271
73543
57387
91529
94606
96848
87033
42053
46080
24259
3539
65293
55249
46909
71083
46040
36446
10031
36076
93713
75952
35005
15883
97505
51255
8191
86327
86038
78574
12786
53766
40670
99953
76795
83986
90128
26984
62790
37905
6030
31754
10436
5543
73322
92065
26729
68180
69456
15565
20844
98925
17756
87830
35792
36556
61566
64008
31246
7617
56957
91887
91630
66983
36200
15676
22513
57143
36413
23016
46368
3597
9328
6249
10114
44425
80294
80751
76644
84427
41158
23478
22697
21673
79608
15258
89209
2541
64213
52758
43733
34891
37515
25938
17840
71482
76571
7165
94904
57819
39781
73423
19099
3810
82212
1761
63688
98671
68418
34917
3761
64117
46504
1571
47511
62627
99848
40346
34332
37615
26685
60659
1231
98350
18686
76134
10593
92622
67186
55897
93173
61549
4144
15345
91930
28909
9609
98913
58693
24488
15787
74483
73834
22437
83718
11507
8280
93640
18657
99962
38923
48473
39182
45189
98446
92592
89953
42110
98649
11215
80761
97008
98178
94412
96833
60335
29585
56743
21682
40812
45324
87514
97168
47989
91326
54304
24105
6076
39519
24219
97829
44425
33554
77259
1642
20202
80861
53881
23457
48800
58109
14103
81011
48584
30987
38025
21836
49123
42090
2163
18800
80577
82645
36054
15768
26176
86919
41524
47769
6456
6099
22597
99521
6317
23693
6418
37095
67371
58659
97512
83585
85966
13687
32393
17545
