14629
92708
53923
29162
87381
31607
12282
56221
25435
2970
93723
56218
36416
46120
48234
29777
78060
81340
96550
74790
5383
11503
79587
10667
9843
64669
20270
26398
90460
69653
88195
21757
46733
95329
68117
52857
92043
18320
91940
3524
27812
31466
35923
78034
80229
96969
23661
3065
75647
47996
13994
6074
33004
70103
30272
70478
25558
80377
95698
79992
78941
19171
34754
79173
30275
82482
7078
55813
35969
70290
21923
84500
61906
2229
37723
68097
58277
23452
94248
60734
61000
84119
19796
19779
85782
66344
13366
50751
55971
16552
24733
64863
75908
36172
78290
45034
87178
98300
45618
60510
42383
57905
45648
45135
65625
9373
4675
16263
40072
65617
21270
5571
48708
84619
68407
32858
50602
78269
45114
60115
65445
61514
14006
21065
26770
50029
49647
76538
44459
2889
12576
62541
2988
72983
3395
9274
90521
54972
58235
66244
19207
80218
30558
31290
13555
2865
4923
54351
91781
71857
93183
79101
81660
64334
98528
44891
6659
26660
87846
62099
66416
72902
66443
52172
80870
27596
46616
26589
90244
99422
70681
64665
16544
23862
72280
19778
56537
87320
75774
7019
62550
4307
43200
35334
84875
57236
85702
92890
75355
37585
58979
86031
12531
14143
62958
4393
20805
92533
11568
11120
96001
80331
44179
33127
8828
85911
15880
98252
45868
92360
42678
73578
47021
9015
65635
10485
19873
29868
90744
57089
51232
44516
62755
98179
14778
45159
48766
49213
92910
4918
28611
80623
79445
88817
55718
5159
33670
75521
69261
75993
82345
69479
54840
45856
37690
24288
15901
62371
30316
58011
92632
74920
98905
58633
52229
79965
91476
29449
70629
19641
47779
7819
12402
69072
18968
8538
88225
79086
44682
87374
70164
96764
53799
57804
79816
74064
97154
48884
85765
51228
41
19300
39247
81760
78530
81090
40802
6826
925
62554
14970
58170
25936
77911
46623
33475
88652
23002
49494
94707
34263
68224
17779
58914
48915
63991
79692
606
67412
33751
46887
26470
13124
61957
9962
16163
79999
24357
18259
78346
81866
2039
1145
75592
26601
67327
79674
31571
96882
69261
15640
97465
80834
57664
21499
97682
27400
21756
26735
97963
18789
72049
52992
21129
50589
5459
53998
53962
64295
98161
19822
77018
32663
85426
68270
20190
79053
83778
27846
94400
74194
24177
77593
33270
81746
44267
91972
639
56652
23232
31767
6076
66373
94389
58432
1168
8982
61814
42481
59119
53181
90632
83244
66595
64979
75352
69033
12554
18406
5097
85361
2797
83233
55049
13439
85985
57213
41371
84915
42877
5333
75780
72240
85973
38403
24516
13973
91112
29625
33038
40455
3725
72753
83064
24951
34598
20713
93632
98103
4591
26386
30980
12082
28784
17800
49433
16466
74723
86572
90507
26295
8841
96802
41733
20442
98379
70920
97831
6481
93668
62693
77732
37531
15853
3194
95127
6122
47294
77663
67344
7896
78966
37929
16713
55284
18132
81385
6408
72279
58477
59515
71407
35711
33335
56436
80363
67009
77503
95184
81430
23812
88699
21172
60531
66839
77472
64874
32199
62200
55278
14683
88794
2942
7091
13193
91693
94347
36710
69401
56492
67957
93650
4002
65035
69900
78223
49918
13025
56477
87425
28733
3514
21963
52775
93730
51727
26222
59628
93921
39547
66565
75880
46695
31128
15876
55903
69817
41227
92563
23886
68840
55512
24013
22137
26186
56168
31990
62950
48613
51571
49457
32068
5484
97123
8457
83819
40647
47149
10513
54266
82093
19429
56965
47958
36174
57412
30597
8737
20332
92093
52864
29675
50318
77674
82258
35383
43761
85694
31139
99865
44371
71725
31758
15910
41348
16101
42150
37325
7871
30259
48225
52515
82085
42274
38930
29728
58180
37380
92011
56428
70161
51019
18135
34586
85008
88568
6614
94659
73446
77785
11205
17138
49177
11978
26244
63199
93002
93880
24859
17720
66762
5641
45785
2004
84381
273
56795
60520
12483
90982
49093
55254
24142
94793
80611
44284
42971
1787
54469
89987
70993
27214
24681
78534
23181
84258
66213
6715
52839
12392
71409
42927
40559
26285
6317
48354
70172
88949
99285
22403
87962
46186
43685
23681
941
87062
37866
42076
30000
70899
53863
76493
94801
3865
29474
92644
92212
59808
91014
28324
76527
337
44483
45942
5422
8726
21038
6550
26928
54529
79444
97081
83207
69504
16365
69459
336
71881
63124
60425
21605
99312
46246
33264
21485
91818
72618
8760
79123
58142
56030
93226
68165
69441
49264
21136
91965
96985
62475
32104
42839
1106
39491
95182
48263
10793
81927
42492
43942
84981
65231
71108
26779
62652
70781
44623
19251
28471
94332
44577
71458
1201
5784
31125
40242
85102
89697
67581
81652
13639
22755
11695
25618
42301
68933
20695
5229
21664
11918
80914
744
80641
89279
93612
7544
49493
48794
94953
20280
4183
24847
85239
64442
71805
392
95768
27067
68853
20770
53904
98400
36127
82622
98109
42622
24368
26505
38024
75631
1729
77530
98280
88874
96166
57627
12067
65964
75719
99298
22750
54312
54542
82830
68118
64375
80153
63921
56449
77602
38453
6448
68943
25599
47058
77279
30367
91559
68348
75965
94341
43603
79602
3054
49803
55144
45573
97713
23451
3205
28139
69533
42613
43387
52091
28175
73473
42499
84977
20667
88545
93554
47613
76573
41243
64190
74072
24777
82845
98748
32182
22033
34171
38864
90756
69116
1817
60348
41501
46
18703
84071
42157
34596
37578
85053
19097
38825
1428
76819
60736
73904
94819
47161
87670
99114
327
73939
33634
76049
54147
80415
44949
67863
80021
7174
99595
57112
4847
4321
84244
33339
56250
83945
66395
69805
61394
6043
87389
64761
34742
93388
59724
67471
87963
96099
86001
99781
20743
11631
47100
92181
37018
4832
30253
14308
84562
99899
57711
21726
77221
60932
98297
65936
85872
20389
75485
85923
32490
7226
85843
15174
58059
54677
64701
30236
57555
66109
43027
11635
75436
36415
72250
89887
94905
88187
82256
8741
61255
78060
77573
44137
11146
87818
63386
80952
21176
71307
97553
94499
26094
29708
17483
4756
45428
56999
78033
84709
36160
59391
16826
7436
40335
37074
40082
79483
48856
96896
62483
45552
75009
48386
36438
24557
79855
48993
70103
94674
44952
40695
38505
23341
45348
58185
67573
69898
27546
20210
24925
31766
75093
89571
22520
54864
99180
85449
99370
84318
21694
649
24208
34729
19414
96335
89924
92042
23985
58658
23459
39424
31518
44482
44773
65722
3130
91557
77219
89149
43599
63973
32782
24137
81658
75569
56443
80301
73920
6641
24434
78848
61056
55213
13882
90557
28817
1130
49920
36530
41028
21920
22225
88095
15789
38850
8879
5353
90034
91301
95989
65336
85931
24974
27069
39763
62922
87837
18192
26188
36360
72672
97632
72936
9647
79668
87963
36700
29555
74316
30717
54273
59283
46151
96345
40605
2174
76701
86436
41095
93803
42454
11144
5272
41854
81980
41297
40573
26964
65844
55793
91734
70819
30824
50459
72370
39057
65052
49521
59658
32622
59655
61543
16692
5330
30394
85217
49787
71230
38015
71474
62343
99390
79405
84793
70740
42726
51451
91504
84849
66523
23339
65720
35626
29396
88037
69614
30555
87315
9847
10738
89234
95946
36842
19081
84640
47732
54009
60396
19919
37545
67295
80865
76119
68285
32312
95643
21690
16122
85104
84428
31350
28290
4972
40215
27998
43438
61714
57529
68635
72311
10207
1146
80536
97337
36402
88852
82228
37721
15952
51835
58988
65711
36773
93605
83355
18332
76159
62905
57202
14723
84114
2920
76489
8446
40415
30280
20023
70863
86588
35302
15881
9542
35918
1854
82396
58473
25288
94275
14782
7459
41386
69046
44358
12277
80839
54912
21497
53801
85336
7465
18655
36617
31564
78493
52636
87659
31921
98059
20062
16368
41290
34569
72221
26115
64177
28308
20895
99027
75721
93534
74186
26469
68181
67281
28095
3161
98202
67641
13725
18775
51825
36347
38420
23592
7455
11512
45211
9296
34233
26406
98343
89445
26279
75867
92641
7624
73312
89905
77802
85548
50034
64907
69266
66393
5495
52540
32081
34706
32432
79249
58166
96936
3127
39275
88091
35857
33469
73822
40849
69447
72230
33746
45134
2547
49743
49982
28646
71542
2003
69373
61046
62890
99216
27986
33841
76649
56098
66928
34396
62362
11619
46126
85744
11628
13758
98326
95932
73537
52958
87514
93292
27373
88806
74796
60887
40089
50744
16753
84482
85523
51328
4274
88154
5289
98080
91188
79758
1649
66280
74835
24069
93375
15909
86760
52927
52909
67950
69277
68234
20574
75875
18564
65850
80851
75989
4713
40108
84706
13880
94681
58881
45696
39590
59889
3173
41426
15365
81772
10128
69798
29676
22226
71968
77224
44757
99405
7473
74430
61575
62391
47382
93477
75943
51335
19287
4920
10479
35191
52442
39311
16884
3421
68136
62200
42431
89282
48690
66062
6693
68599
6367
12919
76976
2189
17811
635
46362
77367
5725
93218
45625
15078
37983
18373
72438
70074
81960
55501
49237
17467
58694
82229
24134
87644
92514
55455
14376
6907
50129
13634
50836
51875
39751
46298
99146
44647
69009
12297
1811
3189
14550
4139
84310
281
38331
56512
59166
63803
94776
70369
70510
90924
97085
91649
81022
32466
88163
57591
83771
87514
81548
86844
12733
24953
93780
43155
57229
786
13907
7073
47249
82700
18199
69523
43434
31005
21897
85606
67497
60332
32697
18402
46926
23372
88203
52243
89645
23610
36900
25382
23657
45926
84293
22057
40549
93886
77884
64152
91234
27136
22099
41834
91754
65092
87265
57853
85637
19413
70896
79879
51635
89166
40076
90763
68343
39052
94784
1589
41219
8947
79824
19134
41698
33719
87211
82666
601
65116
92285
62610
71999
7252
70428
44261
73892
38493
20772
64048
36607
26718
94036
8971
34905
75227
98819
33536
99730
96786
63928
61050
62854
94912
47131
86725
3362
53930
76588
59658
52801
36997
73824
6295
61350
27575
69730
53502
42240
29442
95553
70679
49868
24627
2720
71504
67797
82901
38465
90135
73053
43056
59886
15474
21783
557
53014
44300
22455
21893
5908
27805
29275
31631
24719
31964
14336
56864
81274
73476
62813
2166
94570
80806
55816
17685
91197
50373
10903
21429
4252
22058
23235
53516
16057
69654
90778
34713
9335
27102
20935
64105
92080
10031
99924
15350
98655
19561
91750
53240
2838
50050
61332
80392
61664
76437
80982
37183
22535
46318
25451
80391
42618
51304
85748
36785
78169
24484
61831
32388
36070
27364
31975
24843
87140
91615
40455
45152
91438
25752
47808
81107
46079
96949
24908
96046
54555
57700
85902
6553
40057
13998
90761
70869
4599
48201
93469
10829
87020
68938
25396
69488
11941
69389
55385
12665
52781
33415
78449
64046
80486
70012
99657
17282
81567
59712
92055
54309
83419
87191
19034
80952
30525
37355
25184
60342
37629
71422
64001
84803
30221
29354
4043
10043
37453
34975
15957
37288
91788
65156
55589
24052
69547
12176
37075
89638
22118
70793
98817
96815
25494
79665
16541
51048
22724
67246
30867
56183
14841
56190
15295
96112
74766
31809
74481
88304
6035
58028
54756
21893
15033
944
94268
67057
32808
10860
51936
49443
57138
12966
29868
61444
58754
44498
39910
98951
93993
89427
62018
45955
65486
91937
52600
67913
19082
86096
50599
50623
68738
5274
78603
87064
35453
48953
53463
88073
23799
96558
55573
40075
72406
72704
20516
92045
29219
9072
54226
69638
79588
90636
25126
19864
46432
92933
52726
94828
92432
8403
61219
55893
60481
54235
18477
93588
46690
76074
88748
74584
47964
42200
11519
58528
36635
68340
46668
26553
15568
71412
78241
38382
30851
82165
207
39606
49335
45044
53557
26152
48961
44882
93690
50941
38816
19052
34344
46861
67359
13676
73251
9707
75475
95746
19807
3777
13138
20750
97412
66676
29148
70756
92865
34843
7766
36450
66417
7568
88421
27444
64875
17964
33908
62043
59709
64127
87468
9681
79632
40261
10127
67052
22302
37423
57974
68230
13734
39076
33680
43582
79574
73192
32078
76155
55382
38865
57947
9017
9352
88191
54021
58163
89727
81358
13343
45763
33298
15918
11189
3556
64410
62325
39336
91607
48373
73786
81081
11046
14444
14771
61895
95193
53649
75543
32011
79236
32641
58006
72907
93493
40475
59105
58973
55376
386
28361
61866
74579
45544
84419
65329
95028
34089
52418
49260
12282
10739
53543
34947
61371
15132
77555
35252
36946
29402
30998
5978
92230
92388
11732
43013
16569
94907
51754
79754
20385
79419
90916
12950
85643
36992
50989
21636
26460
63263
88888
91105
78571
53609
62243
93304
7584
29793
9699
66634
47970
89009
48997
61688
40804
34453
9639
64107
7860
97640
12385
10284
95484
9914
22541
95382
44984
91443
49444
60217
83786
84314
42477
88778
8881
75846
12482
73197
58590
38573
90415
5667
95270
91273
79843
59829
94402
12361
68064
43571
6467
31757
88092
88800
43267
8538
72568
67473
35600
76583
58596
4969
89507
82804
34912
52992
32969
50889
37012
60036
19770
39778
3748
25585
32964
24607
52185
4775
49258
36128
75787
35341
41965
65918
56242
12107
77508
55435
80059
34664
18314
2815
15505
14316
48550
28486
59021
94100
65685
79786
52886
73630
7236
6658
66312
48908
4622
4663
59641
81297
39983
43223
97758
7753
21074
59376
19606
29050
33354
45090
53328
3337
97597
344
93844
8973
72163
17222
69922
15061
67848
85201
98602
47977
45630
67781
38648
67591
80234
11076
47740
80820
49850
9523
98072
87264
1107
78177
62868
4867
73669
98638
11952
20493
27199
9444
42940
35210
68935
40412
59514
57684
81959
17335
74052
20349
92946
23977
67822
81044
83969
55850
58612
5811
54891
71127
88827
74087
4149
97270
30162
97919
87341
41795
25360
45618
22244
4119
1662
73987
80617
68352
49701
32635
20944
98876
56010
24544
88858
39997
35676
18309
26085
35305
62102
63236
50035
32972
55208
91108
73536
50005
10688
98351
6355
30664
52239
84975
59765
44225
10241
9720
23640
47280
22677
54482
18180
14520
90807
25627
86657
37464
49337
70611
82450
94193
66186
19147
17417
71449
1118
91401
7962
87372
56585
82234
60747
59088
57433
54651
12992
80193
30961
18407
34182
52826
95211
79448
1174
99419
33426
43499
86181
24874
4759
56632
55861
75771
20953
24970
75537
2445
53747
88775
78992
49046
79524
68152
59882
12208
6869
24318
8755
63492
30584
54065
87915
58720
66926
54259
607
40
96775
54117
33200
32127
83970
42052
76981
72766
7415
18953
6873
98798
35115
70761
86294
65368
42053
70036
85142
20089
73022
77067
25699
20272
29456
62112
55048
45634
43415
3136
16395
36743
98288
74112
73039
21568
66055
31704
94039
71732
10946
3379
4250
21559
54634
92719
60932
7937
60031
85704
39315
70275
87291
70317
80814
16653
79037
8543
9967
48524
16314
75873
36640
58576
4296
81936
58381
15428
24652
72870
76401
22649
14071
89508
80940
96751
47333
57268
75214
58903
72037
69707
74560
80890
7398
97617
65632
18670
10219
1086
74694
3820
47649
95516
29496
27602
31598
98118
77171
91853
74738
94960
49841
90378
79847
877
29589
98852
58287
6131
43581
84961
54109
36997
9620
49322
15441
58489
39359
11820
40083
74657
87487
86156
81649
59837
8644
19955
23894
11018
94382
68416
72320
84440
76151
65542
59086
98656
4677
5534
95555
50338
99176
92950
24028
65943
40762
39648
24657
83118
8535
78906
75276
48329
49365
79838
35196
25306
79836
95099
43536
19538
73440
66294
5714
29959
27551
87187
8673
57347
72844
74307
56737
36672
7870
678
70166
41440
13400
15878
16484
10308
37027
38106
62422
62375
40136
6656
13683
93387
58207
82562
69684
60083
23642
44222
90087
6279
93636
68515
97788
82901
73255
57138
56098
63123
88273
34104
64234
1165
24840
52554
83379
86978
74233
68279
54476
26112
2878
92422
7493
31323
25059
25501
47013
59095
52147
21400
29125
96632
51009
74269
27876
42074
17666
29204
5279
28181
63456
72291
85430
58236
74976
54469
21124
92540
54696
12787
61642
68032
21811
33894
25633
40867
82557
52261
43112
39410
20894
88516
33161
13442
91332
11335
43133
40139
79647
3533
18460
51144
57134
60503
20181
3760
72160
19128
74716
78932
97978
79520
56694
21402
78499
67651
91663
98463
30941
68778
84706
82873
66575
65049
90985
64200
8330
60620
24244
31913
44171
21741
66700
62831
6289
19649
7295
4687
55492
81792
73943
39986
18797
39104
22248
98551
98375
18388
46514
64295
46246
87433
17989
22718
6177
73560
29116
5813
25522
30802
63162
50542
35231
64871
9123
55302
22567
58979
95134
50089
38918
24586
53566
41259
47126
75467
22943
27341
52318
22465
74850
79973
8493
73570
58995
28178
28341
85531
1720
97413
44031
46626
83477
80792
76584
59762
61579
91089
83604
5559
47839
98656
38092
94811
10132
66795
17822
55363
22846
95603
80261
68748
20632
65317
20619
79957
87225
18813
30564
39986
944
93351
30907
51087
74321
23101
63718
77145
76453
69165
49606
8858
85839
80919
73679
72227
80094
70872
4434
99954
32349
80181
79820
72269
198
1124
18570
38839
3300
27742
91452
21001
75157
60410
56729
29185
57610
22268
89204
71300
44656
72960
78841
82155
77305
33351
86638
75535
10933
13536
58286
56640
86005
13800
28850
32714
95402
3428
28924
90933
804
44442
13632
25193
16871
78341
51603
59646
58271
89528
73860
89937
67200
47023
51794
14113
66244
61683
82176
39327
13568
27789
64781
42872
56192
91857
12284
40879
62715
88802
39336
95371
83971
73782
59157
59508
77368
54818
1739
96157
99094
97192
48935
76667
79799
73665
2742
45201
7832
97196
79098
78392
15982
51550
99913
54895
30542
77399
12001
60186
20521
35121
74264
81300
81502
10098
17044
88155
48464
45815
93969
35106
20461
39027
94981
22578
56978
61807
42166
98049
49718
17541
85878
46252
84235
39660
26185
47170
85622
35769
51519
65439
75297
30669
88973
73522
78348
1794
19710
380
96705
11325
3891
9350
33199
87219
87068
1814
47872
87599
4036
40918
32856
69508
27377
12536
41966
35160
77149
70063
1930
5093
44308
77541
66549
98175
6398
32472
81731
68749
81070
53983
48318
46237
1529
94234
94499
61050
62087
54800
18047
34301
72048
76484
28823
7135
29132
55262
1175
60644
80155
6760
81011
61544
50973
91019
44264
14375
23691
94368
69480
66015
6891
88648
67107
43282
77800
26329
26812
49999
98213
18507
80655
42260
19345
41713
21693
87293
33805
5996
65866
47451
54948
19172
56610
14660
95504
70198
78425
67339
57148
31423
58620
19390
71730
13639
42499
43144
591
92927
4211
77223
43656
43970
45514
14504
86415
59867
37323
34567
24209
35092
50705
17904
27733
11984
6770
24079
3164
16255
37739
91857
67510
3940
71775
90750
20369
79197
95
97944
31043
476
97130
78118
86946
36851
29289
40619
91313
72005
48325
67472
39291
89262
67152
4731
75880
89834
64568
18456
73535
78787
91164
65692
49740
49786
79381
90248
21357
40732
92328
57437
14524
32256
65383
38249
29295
46056
32765
26986
17093
21361
43531
18159
35816
35748
8018
5660
10347
92361
15429
40231
58942
16453
34590
8331
74581
75659
20008
88892
66187
42328
43558
45156
39070
93676
46928
81162
55558
83093
74598
59415
6378
63027
37690
22657
12442
11989
29663
98660
90034
26769
30305
81070
92617
91052
55546
15309
77610
25816
31657
58235
94718
95939
20526
5031
95034
72647
82821
88153
98825
91672
5526
15633
96333
65872
25145
67367
26488
42338
48584
87352
93968
87872
73847
30916
98363
52998
20252
21523
1588
21094
44477
92180
25782
19851
20218
69884
91012
20986
85099
82339
3794
6032
42765
91740
71090
17520
50499
5983
98554
42414
12129
85164
80615
76131
24406
21961
14410
21523
59432
35151
42461
40751
44372
38212
70973
5208
12502
86336
66137
37535
48
18671
38233
88570
36551
14089
60469
61110
48004
1183
98423
793
63509
42386
65140
95494
63130
60213
97417
74007
30034
41728
15641
23578
80914
30798
43506
28413
63415
76078
65351
45326
74536
89137
11529
60286
70171
39165
72321
54140
74341
53056
60452
61008
74502
21234
82449
2223
53668
43159
55992
53204
89711
51510
85092
60543
59119
39220
78046
15278
93211
35827
59391
50994
72319
55996
63380
87842
4559
89341
82634
79365
47926
1340
9929
66865
11289
39976
17483
75234
1426
84592
41180
90961
94229
97425
31135
96590
6728
69120
43407
40261
8693
99997
44219
46958
15856
19536
29299
77726
58331
50040
55102
63928
99240
10596
44825
75468
39743
45124
94097
66893
38580
92640
26881
9197
30964
59712
55473
68582
98239
23464
9009
66844
32773
85152
74663
68379
85640
47618
99774
56227
23749
44425
2264
39910
73747
47401
82463
79
31573
89863
79183
84945
26030
52539
44468
34247
40911
69066
44064
73459
8376
94408
13347
93068
65755
18539
28898
50208
38880
12992
55454
26464
54984
89531
94323
92738
38546
7847
72779
84728
77245
57016
10925
30307
95705
65952
9894
27240
7181
57797
81569
66809
75558
84104
25954
84751
2704
72797
80566
47968
30295
81961
48557
39957
37784
97543
25643
20743
2834
880
96316
62108
10427
80070
13098
14219
11109
55375
2059
52669
36612
42498
32279
37410
25867
20847
91771
99656
70242
21943
59918
75813
45280
28318
96991
11824
7733
46265
3311
1314
16876
53889
52678
68936
50758
26822
68981
70419
34338
84483
61069
45333
49842
52331
91939
80013
66840
68092
16752
10752
76137
41450
55169
99344
57339
12866
38552
40107
41384
90275
91774
47259
14838
39940
25611
28756
79725
56511
3261
27850
84291
51620
37542
96375
4002
80819
38273
94990
58117
67315
78445
26554
83154
81452
99373
27508
15695
58103
85003
94313
73999
74124
44121
73109
30972
21926
21726
85527
75911
38279
22833
97046
67200
534
328
20474
86235
35318
59693
93254
20221
1853
64584
33842
58487
37586
63688
92046
59356
88950
35852
42027
47268
63321
40956
1985
76000
45010
51704
76202
15784
93039
67560
34124
60125
54627
37010
19913
56239
54526
53907
99322
13530
75220
94114
13134
6165
99701
49879
43054
54926
61275
45589
43411
91157
86299
61878
56641
77590
48301
69637
60141
300
76663
32013
90061
17178
3266
86359
8203
56162
19939
99084
6454
42536
2081
91503
91105
808
6987
25242
44143
95377
56142
73508
85263
26064
73842
66350
75963
76345
78927
54860
76980
70362
4022
47226
3248
84585
7007
26876
8365
25716
39216
59967
53613
56411
10302
76797
29839
79147
3959
40289
99334
82316
37317
68083
73072
45642
96322
24829
70734
88672
34588
99961
37606
17195
8031
98148
57823
61138
21753
21656
6899
30336
91802
19871
97161
37596
15679
73400
38881
82219
89099
69830
88259
95375
33492
78823
76976
43439
68634
76899
31390
71692
93355
7775
58041
76513
67948
92771
30760
95459
89945
62210
31298
86201
27515
2885
33301
41025
96389
50243
90143
71461
32217
11691
29163
81694
99065
96700
85260
67781
12122
20279
79415
82849
56503
61420
28945
3698
45771
33411
91128
5387
36329
46425
35793
98608
80633
73782
24603
72273
42646
34735
4557
4674
10736
98135
89546
23087
20348
21543
52588
8127
63513
49081
11178
83845
63125
54789
73958
50755
87542
70387
11817
38171
48375
76173
54441
87419
46340
36908
61855
57824
25117
18487
54029
59801
21299
8644
32404
86018
81285
55719
87587
98293
46427
23752
1822
6513
4197
61594
46283
14844
67591
78255
73096
24363
61670
67039
87704
92918
70309
11679
74689
81693
86030
63611
91401
17702
18156
15258
40040
22563
96708
26894
3862
17258
24177
87584
54153
697
75743
41311
93041
11148
7214
48221
69024
95000
26593
23521
42950
90172
34382
98456
6462
97859
99198
28171
41308
59858
88787
93621
84900
21081
58036
11286
96935
91696
56228
83930
50319
81616
79077
29353
72037
93882
51248
13409
7176
36397
35632
31903
49859
22746
25881
29161
73082
11220
69697
22329
70770
34858
5058
9488
84835
4606
88985
51155
30551
9349
8051
63116
50823
51120
64095
40187
90777
31824
26070
24738
52040
51522
63290
8354
66429
25493
17627
9199
89155
17940
66804
95106
6596
21556
67417
52613
999
11309
24498
5104
32063
90838
63995
37233
14996
63472
73146
73046
64837
24346
63996
29081
46959
33895
76429
97873
52993
66282
57080
52159
19152
44444
98064
22932
40058
43407
58045
17976
21646
831
6669
43452
95132
20631
29819
41217
77645
75596
43581
41464
4158
25668
72691
81979
88589
19617
28085
59403
72765
27711
55010
15717
52769
74740
14251
58636
23651
29338
22218
47941
57085
43142
86874
1576
33324
51513
13311
27287
89179
93891
33647
17124
16134
8509
81947
21000
34308
12959
89346
26627
21606
11878
25913
31265
51689
38204
87964
9734
69988
32641
30770
64487
53368
79271
76271
2786
3311
83342
74946
80408
77454
49579
64852
69825
74432
76941
91694
56015
97766
85124
81852
95137
39123
13182
516
14632
18757
54365
57019
76627
47142
30156
18845
10682
25343
78421
4482
22318
27264
75908
29764
3423
12134
78290
41359
78773
66934
3365
44548
58032
35463
63516
39850
29844
2564
61039
19410
25248
1726
57148
39591
38466
83597
84923
25128
5538
94487
23369
24280
62883
17663
79405
68156
54445
88713
64974
5424
90018
94241
5681
39627
18231
48528
36045
56789
62977
69323
35523
57150
28897
73056
79559
64285
21786
74052
69465
69451
64053
70947
59489
12493
99848
22506
14110
83490
15959
43517
4480
12168
88648
72014
57069
13461
47707
1403
52363
16805
84400
53715
99
60431
99858
64355
81243
57942
15797
49443
71517
8861
31727
30023
84881
4358
27745
28755
43314
93521
66413
30516
49327
2605
4976
67875
31064
43927
89006
81374
84619
82532
57086
5233
13015
4493
53696
93276
71725
20697
85615
41089
85363
23595
2416
16995
12715
31303
94779
79264
41594
70342
23220
70310
85760
99609
87865
9867
19006
99754
22172
69759
76758
22665
84552
18465
78340
59168
86563
62834
91143
55948
85135
90967
53468
20793
35800
83527
27772
23108
19732
22459
95221
37309
18917
3695
30834
4477
83938
35428
3498
1674
20413
78936
36082
49419
72985
60334
38697
58016
98662
63834
31824
91823
61629
34207
72021
12848
72404
69070
89570
69796
65504
45558
42524
880
20599
16498
25457
76641
68610
14746
15375
79370
70378
80977
66654
84715
34676
21251
5382
574
61298
17427
87761
96929
40058
91166
18637
6578
13137
93068
40278
5829
24673
19156
35159
94660
60810
4313
56986
49505
59174
36128
26649
18490
66125
24128
59557
295
58641
44475
42542
84735
15753
39611
44459
36712
3154
18933
35130
51530
25379
64627
5315
39377
94207
64243
11989
53387
41405
65880
77147
46996
89078
89479
48
43763
22852
95260
24843
30
84705
84766
57528
41335
95822
23964
49295
52484
68587
60675
56855
89097
33659
42418
44765
12903
46169
19181
26744
43105
58557
73734
80437
19351
8543
43970
78761
96275
9389
28373
14175
60872
87698
24530
54131
52729
45356
75467
36676
72715
16281
79622
4462
21594
90520
50255
1961
46101
91011
44247
46166
8983
6743
73602
36503
90995
78256
65776
61276
25784
26696
77040
59185
58995
35779
2611
55187
49758
69649
43005
14079
26819
86892
22283
79612
93334
8605
30814
40799
17335
90664
6231
28904
94356
8520
69669
34848
46374
37156
27482
67010
82288
80366
33918
48999
15196
11953
38031
63034
67496
72148
57565
8057
16633
45912
58360
2706
2077
17588
3402
94126
49082
64003
56795
86707
87752
74972
76498
79873
8308
66835
57606
45146
28007
41484
14930
35137
67096
32856
12180
60255
52751
34153
90950
42204
53303
67663
92733
9174
48284
27476
64702
28352
69474
90159
52317
6001
98143
23541
7814
88568
7331
7614
58828
75447
2915
17730
76966
9211
93608
95495
69424
1540
60394
21049
6476
79291
3285
29906
77215
6326
692
59778
76405
31432
58430
56588
43267
71300
93452
57615
8181
1176
28845
90073
87826
51399
73003
35973
20898
5705
28346
53811
70188
10535
90957
64564
20438
84007
34768
93394
55169
6366
55628
94371
81601
78317
50674
58768
39216
43636
79441
45781
99143
27378
89983
34974
10943
58575
68552
3325
28755
59092
37782
70906
58341
61141
81485
95597
64881
34326
42177
80637
95973
73057
75823
1118
78687
61831
63506
44814
27518
7330
90290
4712
31037
55249
29267
53631
33009
68560
42962
99580
1114
42935
28998
19927
49191
89542
40106
34799
12036
64405
80475
38942
53347
75991
98886
61232
59403
89321
14870
11377
59658
99284
44336
60735
19623
98898
97088
66472
71099
72660
73147
38606
99121
9069
58060
92975
77757
9378
97207
27754
31432
78919
42261
54040
90976
30484
91036
51007
92266
24519
38871
822
98444
42635
50822
42382
97551
34382
76950
98207
60406
93034
99709
10314
51073
71882
77252
16770
1282
89109
36761
3129
70153
68553
41264
26139
67287
16205
78215
33550
29421
23145
24439
16381
64401
90510
92072
81639
63840
72296
65074
43514
73529
15395
37267
21861
76439
37333
39849
3184
8238
76123
95222
43113
37747
69269
92831
19602
12924
80057
74761
66535
97439
94240
75622
7411
42065
43414
85618
55076
10922
76571
30160
38054
4357
84233
41874
71486
84401
34538
90122
54224
91266
86953
70187
84823
53024
93269
88962
99427
16522
88314
65086
16286
87119
46913
85043
30878
2895
18548
82318
34441
73438
53931
39477
15984
61295
40805
85460
45800
19682
58273
75749
34097
4073
13626
34175
37578
66384
20653
70330
44770
91224
5489
39626
72234
98318
56430
10405
73769
6640
87703
19923
38092
57074
21174
31630
18107
32634
28346
20934
81788
74668
76769
1459
81447
49268
36849
47686
85987
1474
87876
33874
69400
72955
41907
39127
45931
21505
87484
76126
12904
7642
55803
2763
96600
43056
48175
98660
91129
37679
97454
20295
58923
65269
29026
11496
14611
24216
57702
29193
24301
42213
17234
49972
81374
82133
52522
82769
73254
91848
16766
1456
24778
92695
31147
89279
55473
38989
9093
32809
76984
19648
5320
33810
31442
17000
38511
46386
88752
14673
84878
28802
12281
53410
91224
95312
34868
15222
13047
36221
90372
61350
97518
11164
82974
89598
35212
32664
88012
61007
5215
77505
87515
21024
56826
49905
92567
3187
77173
287
62349
13216
899
99077
54818
82033
12204
17547
86605
87249
19931
61898
55995
99351
7287
88263
278
30132
37778
20593
25019
32383
71661
50369
10557
8210
54488
71312
4160
99355
46099
56606
19578
92270
84101
9941
51201
20619
18194
84558
83138
56856
21411
20346
61941
60043
56256
27268
91348
32401
71976
5075
79260
91094
39996
23438
16136
64222
46554
47226
43413
12680
63850
51374
8811
24128
40482
47886
37788
68888
42661
14365
33996
21226
27816
41706
31556
28954
53810
92312
22040
7713
51558
39727
25619
23186
76926
60944
45192
36922
74364
24990
33246
19241
98124
1657
33248
66297
47291
18133
27368
82648
53637
40887
99265
79343
79363
24098
11645
2745
66996
63897
35943
84928
27427
10703
28839
34415
6521
42536
80376
58955
97333
76541
40995
42215
75102
44410
80716
84089
68707
22138
60559
14386
32973
7598
11652
32008
78774
59943
19278
20988
17768
43253
28335
83664
24363
16762
74688
53734
38410
25145
90618
74879
97781
41584
40379
92136
13163
83230
41969
16907
61890
62612
26513
51213
23230
56885
67846
32988
15491
5324
8107
56698
25483
2970
10672
51148
37968
9545
49449
56308
45017
17031
78295
1193
2831
27142
49132
32858
40040
4377
15682
79450
589
78658
19030
81070
95590
97806
56870
22988
6294
79287
12486
93402
96890
72340
58471
80273
67783
32303
43578
10116
35209
98214
64397
21202
32665
70488
13198
44091
96305
69900
88378
45698
34985
59496
13216
73929
59559
77432
14960
60020
47430
82765
47649
51682
18781
4401
51143
62433
24295
77316
77575
58400
75238
20669
16162
75970
70106
95872
42688
41381
76344
20666
14446
98277
39866
50974
68135
99433
14489
72937
35033
65052
14357
84983
80046
49621
15194
16430
72660
30103
39545
76313
90289
31965
95769
96313
60966
86110
42608
12478
50395
18618
16795
44955
10016
36719
56789
23775
61711
40744
90723
47639
66551
5789
20443
55034
75555
20091
22981
83472
5001
36697
18061
96922
2519
87402
99504
89568
26944
74050
84167
78677
37563
94588
31678
77062
90092
6683
75744
81417
61053
4705
94854
67188
82322
12369
90496
99304
63852
35722
82661
81888
69091
36610
91991
49360
31112
78991
31802
55645
59496
25174
72580
17826
69788
58013
54804
96274
66245
29777
86134
29650
49913
54097
48894
13907
88725
30080
40127
16410
83967
59303
74324
46648
10725
22666
7331
51007
72437
44794
48725
99855
68013
73936
79484
40336
9388
64991
40428
72302
23727
73167
61439
54867
2980
95906
67126
91457
35275
26056
37356
12704
62890
25418
29914
2584
94294
11027
30977
73773
55421
39132
99051
29357
22296
91532
30455
44138
64152
11277
29272
99003
36661
93618
87831
57526
11628
49242
44286
41585
4148
96444
10205
60193
54268
70427
5405
63569
16809
4713
35327
66624
2549
27498
24885
80732
36966
15662
9220
66482
95952
94718
71926
25893
7597
21546
70857
47652
86558
77097
41745
10739
25668
90290
95266
13038
55099
93462
77420
19393
49522
45624
62680
45195
9599
33205
44965
84447
25283
17231
51288
90729
80908
3498
5433
54581
37939
99791
66495
76134
36996
52707
88989
7155
86088
21928
45374
115
50197
16985
53116
35182
52565
80223
28081
6118
31161
25559
30753
19762
12765
81733
48163
91123
31731
671
36435
43802
31049
92152
92682
409
98858
81663
33863
52718
32170
57736
71396
97130
27867
74155
58064
13842
95104
32196
73812
78670
92119
5396
46683
96895
34778
71434
18712
36928
52550
30078
83963
78095
25356
50365
4478
76645
69215
35964
79278
36747
13107
75796
20042
8107
5747
16177
14674
90680
13110
22761
51661
3414
69299
27196
51822
38273
49271
89003
96235
38506
89377
76375
67478
97926
50643
64473
24928
11385
44672
51013
10616
50485
72921
39244
96460
89407
72899
85519
11101
431
44483
31510
69793
66762
20435
50143
95736
38915
28944
97617
9220
41884
151
68782
73382
71615
27123
74194
47489
22956
45836
47664
9769
84032
98611
95613
46117
38653
18860
77355
70675
72058
45599
75801
91517
79759
49517
78106
52368
33299
46959
29711
1004
40703
60894
41666
37398
81125
62778
16243
21413
12470
84808
79064
49861
13568
92938
39935
23314
77434
60851
89895
67888
98301
76737
38850
95030
74008
45438
99804
33902
68156
83783
8083
72248
71354
44154
86668
34192
63184
84324
44957
28327
72300
59541
1569
34500
87004
2130
99497
48370
90995
72935
48976
44394
22358
60951
4248
40811
34603
96633
75818
18454
26469
66918
15771
85308
84347
17773
28946
68201
98020
44985
143
4776
23677
3093
54130
83215
80206
90230
22824
73471
20120
73495
52772
77989
8475
21757
42040
94125
32169
86337
20784
18678
12729
12370
16800
30762
88646
89716
84906
33253
48972
65400
4803
10742
19414
15730
45423
33346
16614
87312
38084
49864
99145
20505
67951
86031
30876
11604
20281
81450
45977
23128
34154
67948
45842
91152
53664
31762
27506
47572
49617
48290
8898
7523
71224
88513
77956
90186
11206
37468
1320
75983
58050
35724
33717
59574
26798
54004
5106
57235
70203
44733
35863
10643
51021
35938
5938
35457
62684
57360
85566
63002
81892
40819
8800
34390
54313
50284
58215
35439
51926
27573
77424
3817
36015
93888
64369
61032
25055
47374
67627
79115
33109
26077
46217
93776
53564
34349
75017
40556
32282
50387
78398
93211
74972
20620
15692
85638
67963
89589
16811
16314
23412
418
25108
12224
46630
46042
16901
66240
40500
39922
1419
75538
2037
74130
31385
33064
32712
86918
23495
92215
41166
77234
58892
26985
30125
14878
16187
37092
15024
4146
23642
76311
30371
38554
59960
95372
48327
62466
77922
75588
72007
31790
98766
89302
72644
88515
70678
69177
27953
85938
68610
3219
27625
31268
4021
13632
42894
83250
82874
62407
35695
55608
78716
99964
97572
33660
45205
55582
26971
97455
48924
15678
81471
41184
34222
22792
26060
25110
68474
11685
28924
68815
35636
86161
99769
21308
42256
15457
91708
48660
31606
8758
70479
26472
11636
3269
13043
61401
67920
76748
55191
38028
7126
15226
44943
39352
74351
60082
16681
84599
91253
76775
60535
81496
54765
31389
50416
16258
24029
53353
27482
59920
96387
97813
66812
86723
71819
93990
58162
72017
67733
67281
35363
27165
29147
11103
49052
61427
47314
61152
15255
56580
72606
58125
2258
90016
84227
80511
9207
5993
35399
51892
25006
46493
33441
3131
73628
80802
31761
75208
87498
11114
74921
7394
95670
85289
17157
42908
41179
67026
50509
35018
47451
10773
1332
57439
3349
60038
91359
65465
67681
16365
62216
4190
4716
86658
9066
80751
77309
2716
61769
61663
53713
69780
15582
96979
86101
60679
62716
24680
59569
50660
89491
51837
9580
34940
85071
13367
51846
98534
95246
10665
79060
74970
95487
47601
56767
90360
83236
41506
48859
84861
32820
5729
51101
69978
83185
56106
83531
70811
18913
36594
63719
59301
56395
13192
53840
62955
21634
25596
36764
5951
37809
43151
76782
32447
14604
66665
30963
23403
61142
87228
35363
44469
84492
92434
30732
92887
4167
53404
71101
55196
56438
25420
65435
28389
80275
48673
17605
75633
68870
39990
18620
99021
68615
94064
41209
88286
8527
1452
92618
38520
31395
89126
33962
44001
18809
20038
95384
15042
48628
21113
52881
34708
88118
85120
12353
24407
79428
11404
72574
31958
74784
30208
81534
59856
63422
68686
61183
99439
52903
47949
38895
53061
58150
36842
4804
29642
96546
36109
69283
72442
64392
64900
23523
62934
29797
85721
17610
50473
18684
50647
50956
3485
69394
1756
8353
75019
7879
65137
67502
54562
54583
92983
29677
40495
14363
25661
19342
31314
1484
24843
55801
4944
63557
28251
96217
15119
37459
91787
85727
89558
19056
62038
23446
6318
6922
15693
74078
66260
6977
33454
50144
23707
33233
93174
70048
1879
86570
30244
78568
53041
25967
18978
59288
33904
16995
76317
85423
4615
55126
79700
16543
67295
11384
73105
50942
4242
52898
39154
86240
97663
59076
35268
23527
20849
34775
5577
90373
34397
37581
89942
19482
95197
28596
40239
30911
52784
2861
26903
81082
85156
18877
11561
42795
60443
21029
37414
4000
5369
29957
61801
23844
86509
81873
94032
92455
19057
24258
79623
2619
39927
83093
47083
36084
67357
2907
25175
17013
35674
52682
26142
20942
53216
46223
89787
3239
89208
68242
1013
23
13842
46813
15660
97371
4156
35623
14469
13620
55979
6329
59357
50831
94223
42564
88084
58538
8313
54241
70977
14316
52308
22464
43306
25575
53703
25607
53843
98562
43060
45783
20962
89872
7617
73561
43694
46012
79515
73270
18782
8832
62272
53751
62099
12463
23158
32133
1671
75373
67010
12950
26418
35033
41417
27557
84582
32296
71876
31210
43863
85003
74613
70076
447
58253
46867
73895
38703
12787
91048
99936
69749
36547
5057
74108
88357
20667
82879
1964
19064
64705
61402
90418
67048
77954
67989
78715
42143
47415
57791
61283
33254
74662
19792
15301
39437
95785
91190
97760
64914
50312
58005
17163
5813
47551
50610
37833
38783
44404
66455
19390
90544
34102
860
79709
23810
65261
8468
38660
85682
99161
85015
90976
24301
81387
27239
19826
97483
27212
89560
43772
45052
32824
62770
62351
47697
96640
10832
12939
70223
38142
74120
54656
68105
51359
92195
51374
38252
19820
17869
8971
84834
949
22063
14225
61111
55912
52549
82730
67363
83472
60121
21340
79531
51415
32093
36227
16791
64214
83344
90052
74047
33318
11422
17321
5376
4986
57056
4318
74356
23776
55832
20523
78776
57578
58547
93291
99642
73945
28650
88839
71120
52006
7734
6865
6213
96868
10051
25529
35877
10908
79547
35866
49093
15171
10549
29151
54964
51005
25663
92036
13910
27991
25841
13178
51020
85732
86818
50361
62323
3504
53666
12167
43789
88543
47338
25441
15514
41734
56808
22187
95704
95283
8157
17882
28951
93035
7448
11408
21355
74286
2710
17248
74369
62383
64115
48382
84368
19400
26747
17436
20896
88520
80523
49008
10499
94862
43801
3427
49296
88505
31343
30911
57664
82678
71828
90832
22397
489
11360
76411
16683
37788
92651
47167
33475
6896
67699
85021
79820
41029
65712
99145
18040
56869
24381
51930
22847
50390
16934
89536
11685
51463
77239
40661
19811
87479
16332
74139
59576
67702
86560
52998
40830
73516
48827
14971
13506
73628
79694
68214
44739
9419
2630
68532
1329
48510
39829
72188
63910
65828
25419
62685
58474
69760
42401
69700
73230
52090
82967
97210
28257
51591
64258
57453
63298
6394
55255
33525
70315
29263
65352
32038
38776
99552
24313
77991
96288
5087
51965
71366
65551
20949
81303
3167
95085
62077
63005
10283
38484
32446
75164
54817
94769
98417
94277
76061
64768
62513
15282
83604
44975
15530
12821
95452
59265
9406
48547
53922
7343
85508
67570
26562
90908
25601
35901
47886
51258
88082
22256
8356
53187
48359
79061
87873
16509
84916
54833
51326
17890
37948
75019
40091
47237
49274
93388
92550
40817
85694
83789
64184
66482
3727
85696
52399
9904
82093
79608
16970
19341
92587
16718
37692
86663
81742
96716
10507
47984
97457
49736
58958
18635
14012
99360
96745
18191
67556
81491
36925
47192
22461
84529
13362
6746
46380
73795
82904
7141
2259
59936
16628
40070
914
83775
34733
65637
75584
3283
46220
10608
99166
10510
35884
56070
14101
58173
38508
99987
55612
16716
85776
4969
38193
57063
78831
64054
34324
13816
28042
94357
59283
31289
4320
72745
18237
62177
48651
27368
15957
60195
10475
25633
98927
56166
97343
71487
16439
74515
93689
6683
68138
61507
29199
34207
73407
75209
77800
52955
86173
53690
87480
92795
33243
44111
13381
88092
89644
78387
49582
25441
90752
21174
19069
91840
32470
60032
44068
73053
8130
44055
72663
92700
97204
15464
27930
49175
45231
27357
25090
37551
44383
50021
54466
76824
6277
90374
96182
7960
53615
4879
97336
19325
99355
76481
86133
261
10214
68802
49025
28696
76487
71499
5592
36794
81552
98484
18339
93475
51174
51049
62031
46208
68603
68828
89354
93490
9025
96822
61757
18399
82727
80547
70639
43046
48822
88911
70288
45000
43309
55699
68832
27999
87456
9237
67416
32230
5541
22827
50996
83236
82035
99244
75656
41606
94591
56490
93349
24970
93719
48193
78774
10340
85693
26367
22356
72279
13662
96757
53296
300
93004
97641
32759
17880
59589
67368
34433
87769
90472
92056
83454
66763
81009
42280
93849
11553
53164
38587
51904
12290
44929
8425
20811
33973
449
68936
1699
61895
72021
77746
32105
96718
16289
84327
89520
14265
41084
30800
14057
61976
46941
9039
93151
54488
41741
49395
33060
56446
40853
59478
90241
91609
73429
84958
12744
51012
50310
70922
6706
49690
14757
27241
15816
42707
41823
18547
44454
10815
8252
74530
92051
19165
89563
77529
39477
16247
58691
17431
71423
74614
32199
39421
46222
57484
53486
59933
17664
99020
51229
73698
52009
45068
46304
85921
63274
62184
18051
81585
70803
68151
89096
35119
1054
84956
80623
96975
87987
26328
75089
27941
235
42980
25825
40678
94864
26414
64306
37153
88751
63362
30620
95585
24881
5063
29625
80937
96990
54454
88906
44285
39058
23319
43837
16195
60439
47830
72368
48139
92519
30807
41552
5050
89187
64059
66513
72639
35808
69481
21221
41880
76738
63611
36068
69256
5288
58074
80036
99593
28070
4439
21557
6331
81715
13407
53544
45540
67665
45593
48999
80214
33554
11377
1845
91241
16460
84928
21426
29225
42986
44847
23274
17856
90024
2453
55008
43286
59909
68566
468
93290
76109
65191
78390
78167
49011
4008
41985
28955
18908
95608
33035
18845
38606
90922
1205
39436
12992
84366
18026
50090
70415
69579
23957
83561
16367
2788
13124
28210
97838
34029
56795
14408
37402
26176
73567
12713
82829
57109
40570
98268
70097
97000
99158
34631
86172
48492
8115
73203
56793
86022
21784
51000
12681
67325
90018
77753
75858
80130
45769
41609
99121
53291
74065
47829
33059
8571
65656
85834
70823
81255
79822
82810
1174
23964
74960
80856
97544
3351
60020
80526
44190
67085
33113
54034
70297
40369
29537
29629
50344
41077
59623
92152
96324
14949
87674
22816
97197
96583
6917
76055
7372
51095
94056
65417
23708
30072
44702
24018
81826
94973
54298
19212
4069
11816
52362
66420
79038
59768
54758
70347
49358
40789
80329
93705
58012
4974
57116
83706
42020
71931
53630
57884
32934
15175
53562
28265
62684
43723
32154
40578
45324
40803
85826
64049
52458
79922
64582
5271
2976
69667
49179
14174
63201
17777
27162
94125
27375
63262
89149
45002
37366
71168
28854
47539
6469
68132
83671
14002
80938
12893
11614
97369
71044
86338
50622
79897
1559
57674
16400
32682
70129
31383
13120
19698
97285
76237
63593
71656
91948
58697
72351
81668
40113
82951
79141
14944
86983
29319
6182
19069
4467
54519
74916
69590
21550
29878
46636
99691
32950
45075
63769
49630
67713
3713
46239
63204
82588
13868
9443
17142
88848
18835
99387
18191
18175
18562
27149
30211
43248
389
77015
39400
52090
24726
26378
39980
6248
17001
20735
6158
50176
23433
26123
3049
97348
99507
85957
26628
6859
11534
93003
21221
13659
6541
84408
58226
8808
23381
34916
40706
15357
21523
54814
25980
95818
22940
35629
6121
77394
70717
41119
22947
59572
13708
98023
33686
33227
51284
10026
44453
26910
55740
65512
17303
9398
66231
23403
87951
7474
37724
3113
57687
48561
50189
73298
43921
74049
31927
4175
17127
72377
61366
83545
37075
35444
95702
45550
16350
31756
87432
68951
90100
82595
61038
98949
83317
88677
94080
90474
44694
40200
25585
2978
36926
78338
60237
24809
40489
3155
20579
20932
20496
53247
71422
80813
6659
91783
71827
94181
55386
33011
85036
47171
73980
17962
55907
95083
99585
58440
68872
96489
73727
90898
94964
3900
3035
50880
18098
2988
94684
34928
25190
37980
46754
59350
2208
81395
87643
35608
14491
12991
79545
76134
46611
22348
82875
30583
68353
55206
5235
10832
76940
76023
12459
8061
55824
56857
23487
64504
22671
99290
98933
53809
79900
33130
24037
55537
7815
77002
97825
84735
59283
25742
65787
89824
60195
97040
77362
12935
92246
29970
78940
5886
40175
17093
1249
55294
72497
50826
11899
83745
36328
54797
74123
10538
26155
263
33927
32640
69333
15671
21530
20870
28521
33548
91561
98629
57456
23935
20725
30836
7363
90866
43101
79770
488
95503
27723
8243
74300
83850
2097
27079
34212
24154
33722
72974
1683
15654
18599
67614
52302
12096
2354
3475
57761
9050
31682
33978
93063
36453
35637
44995
64468
45084
85161
22106
95437
62535
51168
30748
22501
31926
51003
77997
27207
16601
41603
8567
10657
49941
4523
44634
27732
45274
32381
11831
75846
49756
12590
77308
90058
89382
72172
5964
86967
82350
62973
85749
38788
9250
89214
76332
11945
91505
81745
19232
80233
27275
76097
14215
4507
64748
21506
53091
732
31460
95370
42710
479
91281
35117
17928
81237
72527
69277
38202
29642
29343
35601
7524
88145
48429
38939
35755
84621
54753
7790
38046
38955
28118
23604
60874
45740
9035
66683
17718
13130
85356
57506
85946
76631
74884
393
48180
82679
64667
72508
35901
79988
3736
86117
19125
67486
69007
16724
43908
30472
82196
73904
11892
29525
4134
13591
68354
71322
55517
83969
10522
68603
24851
66443
41976
13994
97448
97952
5966
84952
31582
30822
32939
37536
47555
32621
93471
42658
33131
15048
92499
32943
68042
55826
13653
4804
52120
89471
25396
67048
30825
68177
40407
21898
9873
70400
4312
68925
46962
20730
65730
5477
7969
57185
64687
56326
74949
72823
58283
87280
24885
27543
98825
57370
22157
2057
32001
88278
98919
29606
150
59121
92691
67365
13905
29009
38258
50422
75101
76022
97930
80963
53778
55856
39072
52598
17852
38297
48683
87525
58237
2757
16839
97735
83097
71758
20649
80230
36025
92301
66573
54624
11758
57782
36981
77954
29975
35092
77079
96565
63161
81611
87061
5049
91457
69791
34621
56384
25929
93730
47036
46290
72280
19833
21266
69378
91735
63864
27777
34476
83962
66046
67134
63631
31574
93476
95051
74778
47117
87242
63000
86237
5917
82126
93777
63196
71910
56848
68940
2123
74413
35395
25472
8552
82328
8432
97554
60975
32620
88521
49331
35748
99332
77661
36547
23364
30751
83770
14053
71072
20507
54635
11081
81100
79713
79527
32772
17810
92759
64786
10404
19082
27502
25897
68494
1817
7575
87076
96911
77579
16910
43366
25263
90415
84409
40604
83476
51011
32081
74267
35324
497
38117
33283
49000
31719
13375
67500
68581
44438
31508
60703
84934
22897
44423
31448
34607
26617
72065
78102
65560
65144
66609
46475
19324
72214
87061
90208
33638
65401
14232
96036
72565
19457
25604
11767
48848
57974
31048
77546
40472
15559
99653
12215
81021
5923
52029
7721
54067
90069
92713
289
79378
75917
84175
48450
33110
81179
66499
78800
92227
18459
20267
1742
63239
10629
25403
34866
65429
62228
20874
728
91199
98155
20316
73926
18746
5176
36648
12797
51299
82199
17542
77615
46782
41172
81361
40692
2740
579
51263
67395
39511
56490
18567
35158
5451
56244
10962
20045
97805
1897
98345
27925
41793
10747
81265
4500
52198
63223
73689
35890
2082
14805
46172
62414
69027
1422
97428
54822
99642
15613
39017
700
8502
84908
7987
76216
4806
38076
29502
22805
28697
18824
43516
59130
58131
72195
96677
75067
97616
44837
59733
77180
85079
12305
49657
95001
36270
21656
34769
60430
27715
52525
63254
19502
44488
70515
34235
74574
31762
34466
3151
54972
71772
33199
59100
22384
91761
72683
32573
82830
25564
19857
79310
31573
52004
85544
60455
68847
86697
94145
64482
55605
21424
55990
44184
71067
65032
86563
96405
27507
79541
10056
12800
96015
59146
30066
44231
59008
95985
52260
2370
27183
26611
49235
32530
59526
4688
35913
74057
44568
72595
49505
29483
95272
41998
42867
80786
17076
23529
22068
97460
99267
83622
61717
79936
88637
45916
11657
12078
22168
92395
91956
43637
96606
26050
11607
89813
5288
59786
56287
7773
46573
39085
75208
6631
86619
92440
54122
18684
76647
7040
73319
97018
15064
65424
72773
30525
87383
68648
31453
60702
14264
52696
21645
44466
15384
99153
2174
80471
7594
57552
30470
71137
65334
33690
98893
65220
92412
77516
48547
3434
79793
63855
86837
41253
45966
28970
10703
78444
13110
70376
72203
43078
417
6048
98278
68771
45040
37886
28023
26939
15570
35248
78293
67138
33890
82902
15505
98687
546
47925
33532
29027
57172
1812
4152
98807
58128
83449
79432
88133
77601
89976
63177
5392
23996
47579
5164
53611
49893
71455
7748
82860
74335
12052
54624
9460
72265
44090
95023
87798
87806
91125
51978
16737
55185
87611
34452
91005
71084
10916
36705
46345
4555
18691
15758
81895
78641
41394
48771
27709
54244
74970
61857
75253
59837
54640
28709
21720
93885
89727
59075
82908
42145
75246
6732
50074
60947
1575
89518
13780
4382
5754
13598
19352
70718
79806
39600
43547
37223
87560
5411
88342
1084
23387
30163
21058
99880
5070
27915
64616
98024
67996
72891
44931
20217
68975
66315
68757
6685
81291
96310
36474
24068
12938
50111
25361
26001
4909
29987
65791
87520
26053
88972
98269
33769
62657
74926
7376
85959
54325
81271
91640
78967
6200
14490
13227
46210
18288
8585
57575
63247
20502
44096
33193
1333
85576
89692
61822
36341
7395
3283
5994
6339
35327
87193
67917
57423
19591
34753
36085
63396
82882
69757
40748
62134
69621
59051
43907
54192
74743
39244
6261
72147
13268
52190
53932
30804
80460
82697
69582
68037
5708
74604
46142
92395
47419
96932
44517
44944
5714
73740
77605
84821
69265
84240
23957
3314
72612
60443
41070
92203
85122
37563
33593
96120
21390
386
11156
30673
10205
33283
17819
28765
96633
22815
96228
1648
58472
55740
50266
22744
49335
34677
59922
52726
43641
26907
85054
63989
50758
25584
20694
97156
78224
59078
98612
42489
56477
40300
45359
98786
1588
30103
65407
14119
90218
39353
5633
65654
70092
48825
35841
77134
81546
82411
87647
88393
97680
4246
9424
27328
19713
24104
58906
70094
79975
92699
76869
2999
56278
44541
81181
42427
80822
5208
67128
7972
63189
47189
12804
35471
65919
85119
95689
5250
88220
34795
74284
79516
62191
14197
80363
90872
62699
5467
44920
67511
68549
47218
20731
11892
46419
21909
49555
3712
27792
93092
48200
11662
5105
76674
81791
81440
93477
42278
5503
60196
45839
90229
63388
30362
92564
61740
76910
59823
85973
92988
10609
91873
99864
28581
30347
29343
34629
28749
95611
19704
21215
29276
89729
14128
61892
75653
98563
39790
71597
89543
78044
79213
92935
13861
50393
77076
48537
28281
77065
56860
2906
73780
21407
74684
3932
46624
87349
54475
24289
35517
23397
38321
73851
45370
34094
90850
92120
79294
72850
20243
28537
22934
92829
29364
6461
41903
15014
629
91877
72766
14633
92714
96820
23812
72354
43936
46291
49201
94125
84631
21542
2145
42413
4890
60805
62407
47675
26849
56094
90265
62330
7981
59762
9751
11149
92468
66668
80042
5868
36089
56914
29530
17218
95639
73212
87970
34177
31980
66324
84816
2910
23285
21767
61923
23416
58427
40679
57370
75442
89373
24678
79457
39889
99725
1993
54844
50973
17735
54852
39528
88705
84398
75289
92497
84438
10567
4944
34838
32197
83250
37824
27360
54777
68699
98425
94169
50733
62012
48885
56486
70625
34138
57082
16577
84760
60549
87043
41769
37053
73770
20225
54017
65244
49474
34433
18492
70471
10070
70881
98964
22385
58592
41429
41230
81807
91492
31047
10853
9881
68887
9384
34464
41680
91490
10017
89737
46082
31084
73992
95684
57024
60438
88941
49821
60046
14875
20961
74923
14311
79357
6995
73392
53359
28492
96316
1518
7714
9375
93607
65824
87473
60444
66336
97075
75816
28888
6870
21692
4755
66471
95513
22956
26702
28776
80929
63995
47125
11737
43002
98787
39267
8248
16161
92766
18183
69649
66688
14809
49249
21053
92089
37364
81856
8496
27011
59437
97048
51323
49450
15535
54252
66756
87200
75909
31808
5785
57817
43974
14089
87579
22734
24207
10058
34026
2322
16320
3648
34230
18789
99500
56470
1550
24851
608
20902
55767
38742
88940
91497
49888
45670
23488
21472
15806
26347
13341
79966
67845
21863
48657
13888
65034
31879
21011
73074
69292
57353
94385
37375
32664
93091
44578
10420
69464
67235
27556
1972
11253
95834
92026
30051
2679
76490
64850
93829
26542
61820
97758
67682
90701
6603
15035
96053
9371
47929
72128
51165
46182
32375
47728
44055
68032
60931
62637
93598
57986
12323
96568
70091
84558
29149
78847
12820
87165
11259
50453
64741
76769
77065
22838
39309
50273
24984
24086
67592
91572
30411
9896
45604
94055
36446
55985
13827
66461
22445
79727
9698
58136
7667
53871
13716
2014
95235
1404
72422
55555
25204
92065
73478
20757
65256
4859
94767
26450
13825
38414
59544
95
8129
6124
66754
90128
38530
74759
70980
52200
3685
66949
593
25571
40145
89955
11157
98943
36641
73387
1390
66515
30231
9750
69980
88079
70660
12429
78830
92447
11622
21047
4234
83826
3077
80950
93257
26148
87901
43172
24098
21688
86748
25533
63599
19213
53012
41292
23978
51793
17098
12298
89907
16913
7562
38670
90887
39584
56032
85726
3195
9567
47308
65881
16829
39428
73901
40601
82931
62336
65322
53450
31532
40120
72723
80792
74530
62389
62659
45938
2671
98096
74891
51161
11656
6998
82562
42860
96335
1248
25347
56580
61601
40275
48045
16740
77223
47776
83561
78113
42248
69671
41988
92603
99820
94321
14193
81152
68182
71865
69220
25878
96660
39939
34326
38827
42717
99081
66411
23212
50915
58670
30566
67410
83430
87806
1524
93604
44970
7954
67763
57619
82853
15210
63252
11449
73754
88493
82124
95749
12690
81910
3225
92227
16907
96560
40653
37220
48699
31744
2062
32113
47247
51907
32839
30498
91204
60174
20579
59271
23801
81436
38554
1947
79586
1597
40502
16660
64289
63801
2643
51092
55797
91720
39661
41046
67280
66272
81580
71570
37493
17767
24942
4195
18540
75204
88118
72025
42570
35409
34547
84898
93661
21343
18320
71473
20871
593
6361
54314
28419
32380
93626
13273
19323
22747
17051
7550
74991
4197
81421
59998
64759
97994
22705
53557
53886
63820
62496
66268
48178
54794
7747
82178
26244
97655
82837
64915
58478
35891
63088
54526
51724
74935
46059
15822
94172
92394
59107
18628
14858
46533
13926
40169
76810
92465
25838
76349
83931
60988
1890
65804
74241
17280
10982
62043
23822
37049
3654
82570
10662
77143
50828
27563
28707
45684
42169
93480
60382
67142
23029
28035
50160
84640
187
74627
67970
69554
89709
61804
39384
59583
44581
54810
53584
22469
82861
56540
3094
46912
43221
54765
23020
48901
85294
23528
59827
55841
45882
24207
86919
98777
93738
35817
45912
93276
19737
20582
48419
13826
1884
79911
57774
10484
99544
20408
16392
36937
53696
39147
94386
24531
9238
24148
18195
877
26983
54477
77388
88998
87829
36781
10566
48414
86929
45251
66976
24288
81762
90484
61805
63125
55198
67609
88353
45934
22071
41899
70797
68585
60273
21162
41002
37734
22058
68470
10758
69504
94042
43941
79998
16479
6961
6482
89027
81510
62532
95877
42441
16508
16622
33046
17926
73299
91493
84209
28821
76296
67545
45421
6163
23557
40545
68630
85521
64048
23837
92189
92086
75708
25368
91976
16988
52362
58286
35714
38434
78338
59235
15642
31672
55628
82031
91296
62768
78338
29790
18215
54754
60978
88759
34239
49302
61202
70992
98317
83995
96390
33520
45416
61599
87197
66646
96598
79138
4352
37953
6050
16258
26515
88192
25041
60981
47957
52074
81503
42711
51015
25321
12631
67592
35686
58346
70621
84024
99442
44677
39803
4011
57394
72085
37079
89663
3993
36539
75446
45482
67559
78650
40557
42033
1075
4118
99201
69485
32704
56611
13766
8969
16125
18938
42349
72830
42195
34305
96580
51943
90236
39571
60953
32667
47488
48995
43406
14633
4526
29051
3613
56690
43261
78581
53028
80532
77967
31776
97870
70984
70213
47585
34334
37104
24805
35875
95654
49181
73353
84405
74606
75428
54261
48454
25488
9393
77890
89880
59573
37155
13277
50945
12306
37813
82938
38079
99543
87835
31901
31978
10394
83669
36406
4379
31973
6211
95823
47437
7215
215
71708
18453
34399
95155
9450
88628
39812
72620
22217
64482
75484
9886
34482
63328
75819
85498
99807
56878
5098
32935
20737
18656
39413
9790
13444
26834
93769
67420
29628
71794
59328
86156
37787
10894
88464
34452
27779
19654
30683
60590
52861
66096
7436
37951
21800
90070
19646
8028
11868
14274
9236
28253
24204
77928
54371
29886
2152
21502
78208
73645
98917
16774
11781
60946
67478
40076
94394
72960
98629
88247
43850
35408
93161
76278
43297
30435
35723
64130
36499
52091
44691
81820
55269
64382
71441
13399
54551
90099
10774
76351
64264
29482
61906
34325
39141
45506
14849
94231
65767
11872
39078
53129
80183
52098
35403
55816
16160
87279
43611
56650
25815
14000
62551
25410
11761
42070
92930
88385
46088
95258
56932
75927
12835
77379
36338
71733
72058
23090
13478
69499
54148
18676
67083
78200
95272
10679
40684
51114
61478
74885
74860
97200
53125
57674
75145
62212
53502
22921
69235
86077
19696
66202
46598
46908
1681
67701
36208
71196
36433
27268
79895
26858
6620
90190
84746
17373
36315
93784
27977
42913
13129
45767
18296
23948
97290
40420
82901
42083
26292
4096
63137
12829
20183
61827
13790
40211
44519
79486
11340
26445
11109
27802
89826
86633
12261
34584
97637
6779
64535
52231
40664
67768
99156
76238
54083
6814
75504
80025
2174
89803
80469
60095
72188
18457
1335
6262
62643
85841
87233
37335
59443
20807
17940
49696
63683
94216
35226
13028
20358
30881
6307
47289
38942
73849
7707
89089
72598
56537
62006
10423
9070
78879
88029
24352
71764
89093
17814
10176
76117
41449
55986
78951
67388
21929
74125
11274
75391
44411
3273
33438
19945
24303
97185
60345
62446
97501
54705
16706
65150
79102
19146
60223
23365
92485
27727
83409
89137
99758
94021
4951
4328
58515
89005
61451
41350
20352
522
18441
11585
74186
71663
67781
53222
814
7080
41571
40652
649
20756
77790
80853
96857
88735
79015
62804
43028
21610
8726
66813
73353
66581
42297
54955
73483
83990
73025
9913
6870
47881
37858
24432
55382
84860
94901
27891
72989
49103
60186
97674
49792
1060
79423
94088
66046
87805
70046
11749
41168
50114
93185
87657
4291
36170
29866
46615
56528
44182
16774
7277
30276
91147
75725
20104
21943
5518
8593
93079
78423
91355
11731
41988
22850
88760
93145
77044
68238
52955
209
20730
8764
89048
5239
19953
77503
15157
78214
1735
2420
55854
48394
34103
33373
5655
61003
91555
63489
27606
58933
12893
77592
30702
12753
72340
57528
38683
26693
91610
31628
96859
39575
48841
55836
17189
16058
88460
45710
47928
8874
89710
38789
84969
8508
34721
69052
63452
1112
29160
98635
11220
68332
72111
86084
83503
11148
95743
48871
39769
92339
55212
45133
98275
35053
97208
29734
17260
81872
39239
50799
36030
36572
54188
61153
27460
57903
98577
25252
31590
93475
52004
33446
25904
57513
89593
20766
81331
48170
39347
5359
69119
83795
60530
89355
61828
40063
57343
74139
47036
38633
68639
85799
55963
67199
79209
22718
11699
78374
45745
9229
29638
36339
30007
70741
42632
93944
40722
290
30280
66182
26699
9330
91230
48486
28379
82835
15375
8660
39809
57700
41193
11901
33682
30003
55487
29787
19219
15767
3042
16786
10277
74960
4232
87704
41463
32092
65557
26206
11056
48588
90084
32586
49533
14007
93034
51754
40511
52152
97761
31524
78263
50534
73594
45657
59197
23801
39733
81258
57563
78150
92287
12123
73939
54076
98194
88974
2097
52057
82554
37767
20032
19415
59847
19152
46221
83283
37510
84820
53322
55813
1342
90669
1205
42195
12594
28206
73389
45611
85119
67901
27144
86047
55384
40180
23930
52418
21650
92271
43513
91765
28455
48447
8486
50503
2000
47332
94293
94589
29561
75822
62772
29651
74980
12606
66415
52912
24464
90045
71515
61045
57781
45787
92258
12560
69703
97023
82266
24486
72071
15787
57130
76378
59590
3962
13238
92525
22347
50016
39143
97353
53692
96942
27787
86719
57720
26496
98731
28009
55620
2139
29895
60565
58413
27178
13911
54561
39301
93002
48794
13274
19095
70863
7025
58207
27412
67713
44270
34750
1921
7424
27125
56303
36264
39895
58681
94170
17711
18498
82077
74323
40737
66558
99277
13829
4933
4790
62695
91759
87311
93431
55680
49265
61066
51895
72354
66361
22011
61797
17324
35811
58687
23425
93397
89839
6527
20841
83157
26889
74482
68333
77316
53204
15488
96497
85184
99861
20564
24184
6820
54362
92295
97372
37411
69853
56223
63565
36278
43170
14469
165
8942
71044
80108
91850
75384
80377
55641
51804
49252
835
31897
94812
72723
25384
99774
91299
98686
47714
45534
5088
21957
74929
73684
95130
22880
11155
73911
59393
3159
24071
28820
27239
78636
62937
29160
86902
1096
9592
97364
42006
55658
27227
81441
76814
54998
1691
75001
59683
55893
28802
9748
67047
22689
97460
40885
69050
95887
10941
32048
43855
71547
37693
25587
86121
27501
93834
11499
87105
816
98536
55262
93998
28089
75047
67717
4901
83381
10168
22360
31020
73213
21374
88160
93922
78228
78653
62736
41989
63930
30478
18523
89419
67816
11815
59379
59919
63294
435
74587
13231
38593
97064
22859
4827
80049
42426
98553
14642
97463
62600
4507
47983
1972
13811
15580
62945
82523
34018
18570
92339
47857
92874
51114
72929
90883
84549
68112
87538
20777
70541
46736
15155
16848
55506
87720
22306
21033
79693
64059
94594
93345
50670
78149
44157
95379
27067
66865
67630
34455
76381
89155
31350
66980
79363
28988
60903
99809
41793
10805
51745
48897
80475
56956
63823
99552
