62163
30361
22612
22297
70417
99578
73642
69213
29499
86267
33077
76361
69363
74247
63261
73652
22582
80411
63155
51043
19928
79674
12940
29599
83859
94742
18282
80692
11562
18397
79116
9640
73459
2689
80624
24215
27581
39766
85068
60756
61375
4041
15118
37034
49262
48130
41912
54120
64537
17416
61126
46700
18672
58622
25676
70030
85525
28265
51918
61679
61838
81209
49641
59496
35790
39705
52921
51665
3791
72441
6014
73659
48536
24328
66605
51737
67214
14693
30583
73067
94791
78582
159
84204
28638
69831
10281
79747
69091
40287
95842
7724
18435
1227
65076
79756
46929
92213
3473
87675
90686
20358
7296
48862
37516
77060
89639
55579
78722
41153
15000
29198
66490
61707
3235
15501
660
49063
39710
53955
48377
49589
21000
12018
15522
66828
40944
26287
22447
35250
78261
22496
36054
7158
91305
53783
28907
49294
48056
86347
14803
37482
84456
20164
60320
91433
88052
41591
63926
14135
72212
25041
73202
40756
23383
78149
27319
68863
65102
99798
46687
50832
66433
15832
36474
6615
73365
34106
21594
49554
61373
24113
95983
70814
77894
18365
50336
90815
79466
5589
75096
47716
62386
21302
21733
98740
28582
31375
16088
7592
65689
64207
14107
88211
26208
64092
38187
71045
97610
16912
84649
89159
69598
27503
11857
51924
86107
46955
23838
44210
51936
70296
57782
28833
16153
35804
50521
71440
25846
43017
75629
40127
86053
27948
75171
8123
46025
70844
34668
35249
85884
86951
1858
43042
65781
31562
9749
53328
21532
25546
6978
85104
73722
98260
11583
80828
19163
81429
61463
80871
70689
47705
88356
72407
24745
79083
86896
59896
59106
68361
46045
4642
37387
78727
15136
7085
62527
52623
41137
12932
85766
64491
53358
33123
14374
31564
83567
68559
57511
15797
82142
34214
65832
1628
55780
16174
29331
82514
45369
38398
62044
85392
26229
49140
48799
34787
20655
38559
29319
97338
36293
35149
6413
95851
36098
93325
562
89193
55446
95514
7480
14783
36932
72935
83683
64979
34936
38321
35624
89439
96991
34737
66127
29014
59336
54169
25431
18855
37786
36230
96087
72562
46872
14303
91557
19301
91264
7884
18999
39457
34619
84385
64633
50342
54177
27480
81191
98847
52092
63811
61357
73895
51127
82881
40375
12445
33672
73750
19659
58511
4683
47598
81702
28112
45363
86103
81998
73163
24968
70618
83685
91100
32290
65912
79115
5628
85879
12990
69134
85725
51822
11244
46894
14259
71367
44072
99212
7503
49983
15782
18117
62347
20360
11081
5194
35460
30676
65834
27576
57564
72109
13767
9564
83938
35111
15960
44316
86816
84955
28539
30925
50928
47916
29909
74275
19738
75097
45299
28069
4875
34990
98631
72382
57560
69360
5719
15380
7459
9676
21062
57433
19097
73455
44533
61297
67917
31044
77793
78622
44444
91993
57925
60743
89846
18965
32056
58777
27836
98272
70207
79336
67448
22094
61586
20434
12058
74592
24337
18765
37904
36725
45936
12912
82431
80717
79405
9212
53107
91206
8018
73895
92901
26436
70518
70431
43063
409
89244
87331
18323
91516
27089
60461
96177
5605
10173
94374
79639
5207
95981
72823
72936
61713
5932
33103
66995
89308
10476
6067
84837
42668
86880
56038
22322
53907
96825
26339
45894
1217
46
47193
73937
75392
90070
73732
41001
11582
82603
26171
51977
37172
25919
20357
23708
16202
71874
83954
3859
56490
76790
22669
54039
9693
13966
85650
65969
98194
86789
77023
57337
34465
98810
31721
49546
25943
2065
18961
30532
77341
13130
53570
70776
4783
69525
29041
70514
11526
70914
23691
66294
43775
91943
33669
63508
24415
7665
8566
3955
23326
25247
36786
17152
78574
29000
89938
83701
55841
37106
87058
34461
86470
21
78437
56863
59009
36863
92013
85653
2319
73098
43779
36609
14931
26290
27155
21174
41233
67296
6207
76978
72882
3583
59067
90199
89425
2083
38675
30356
24783
70520
80226
95429
82796
83979
636
74173
41026
79719
113
20736
95277
67116
84026
19645
78081
93632
81708
21074
92289
89866
7680
50680
76044
95803
77863
50075
54232
31852
31603
65108
26970
81236
31227
481
13617
51658
67568
29591
12625
88564
33900
49614
70706
96443
93027
60386
51222
80041
74653
61131
48987
24092
64281
52430
71992
58063
42959
49131
35855
79679
42554
23656
71329
71459
21169
55264
19736
54844
36434
21732
2055
89309
55642
16735
22972
99289
6618
1067
9006
6650
68067
80852
39068
88253
68604
98257
38264
25540
19598
86169
61204
81740
44047
10808
28513
53096
77203
1752
94559
98190
41528
52445
74067
51165
68456
30922
16375
54708
18376
5677
86920
33406
6779
83243
70229
9722
43373
41277
75146
47446
14877
3502
72981
56923
35377
46756
65495
3162
83460
68528
90071
957
4888
60025
37573
50437
46532
71274
68630
76476
18907
53928
58202
25129
25706
94291
59059
39134
40865
46917
12543
54541
57028
4935
22265
31522
3224
65158
80798
19001
33564
86166
78269
2509
2785
52533
27690
99826
41893
44377
61378
38704
32682
2980
61727
1344
38799
33772
98769
65349
44292
55564
43924
51540
36855
22965
8003
88741
20533
44611
91573
32104
3018
91718
94157
88113
34404
42154
42567
37921
65800
61158
17472
68068
90947
82159
93406
43717
92790
20149
64287
12604
60666
49251
85293
59875
85435
1598
84150
38272
96912
84678
50081
81871
84543
25462
1533
67988
84409
42801
36813
52763
37080
43524
55208
12981
40065
63924
90567
24339
66188
57836
38984
6527
915
69778
67819
107
30738
19733
93366
65209
80522
27204
28212
81492
36106
84320
75754
83534
11000
77169
3916
93912
67860
12530
98905
90970
8484
4724
15510
65193
15268
53853
5403
76431
42889
23133
16020
13316
18056
434
27856
81823
78714
47293
8381
48335
50992
88982
59542
4747
7623
70238
2974
70859
86301
99178
85007
20393
9017
64925
58705
39999
28249
63442
1758
91396
54919
77543
85231
21137
92060
18745
68937
30943
39747
13751
84285
54453
61341
10394
42469
85252
26433
72036
37106
19888
32263
441
15598
51755
88479
23988
71713
33737
75496
60373
81006
47090
26839
68733
52798
79137
78727
5704
52027
37937
31634
878
10013
14145
94698
37078
4994
40337
4074
13150
46275
81207
78598
32452
9133
24110
99982
24508
96338
93711
10435
88919
89492
73109
67941
63722
32624
37031
13235
96846
34840
91807
91322
24015
40960
46993
34332
81131
92502
65242
1739
92598
25846
3088
97629
70928
91509
85107
72334
94501
99711
72623
65353
76134
33662
98730
26885
78232
53868
47292
6901
87186
25795
35819
14344
55291
33008
64449
21593
3948
38089
92347
62162
48098
78532
76967
64603
97063
69649
61495
93169
64073
37444
13658
69839
82449
39947
84909
6657
25473
40053
14987
50199
26723
93161
81606
3402
61122
58855
61644
62601
26776
30029
21758
24998
3750
20448
62626
32426
84252
51006
1953
54315
39521
7437
45627
48556
34716
57930
22929
44961
74222
2924
94901
10148
52878
90968
81776
38260
97282
72133
3404
99471
97184
7724
90630
47916
64228
65264
6236
73129
70005
56405
77539
32326
73686
30208
47968
48125
18641
98743
27352
54520
57189
62612
67514
55500
78808
21776
26446
59179
46215
55065
65302
49552
87520
48331
38358
44983
64424
57010
65679
61764
79073
87682
83796
75161
15028
38881
90327
71127
86613
15500
62007
82583
27285
72253
26619
26511
14672
42617
37321
12479
25918
26652
67496
72092
66318
64619
33490
10480
58357
13187
20935
28266
22141
26685
92423
22328
1156
52612
29763
92120
70195
72038
78122
55731
75901
17957
60326
25005
40161
14745
27366
98038
83840
88128
25128
50321
60598
4612
23075
46423
24435
55096
77441
1841
90628
86416
67760
85265
21256
22599
96043
27551
71240
38665
22457
28059
76518
75205
81300
18946
45875
6075
80239
2669
17750
33011
37147
54871
31058
16733
31706
1175
90084
5505
47121
43369
63731
7520
55098
56236
72342
34655
2857
91668
85160
69125
22459
65540
38425
16925
83810
76478
94898
35653
39221
59518
32542
6449
47465
19553
70738
36030
36052
12946
2627
94044
32511
74733
80802
37020
37545
68484
48871
83278
36483
48659
51610
88640
25904
73214
14529
25685
7822
92552
34509
26487
20684
72855
48880
11683
73682
31699
42345
43017
6471
37579
77753
32170
88334
58873
8407
41480
40743
24224
64735
35416
3397
86862
89073
25383
70318
95808
65958
71193
19705
2183
99854
82132
91860
60896
83130
83443
13148
31648
52170
61875
5566
87760
21636
10307
60686
31834
21220
53148
85281
86117
68703
88036
75120
14833
56052
11119
88552
69946
97408
79858
50249
28566
11805
45753
46382
16979
78668
38163
81184
25029
23914
42280
93904
46834
35890
80277
61265
14219
29418
61537
8027
29764
73513
36205
69275
14863
45837
56133
65630
59033
32599
33725
95786
36943
32115
42907
35883
59112
28429
52057
34451
92978
32590
63743
86816
2943
30586
67594
99968
95804
32902
39126
84931
40469
72339
43749
92915
37660
56064
87218
65873
46692
43151
75814
57148
41221
23315
94639
70721
31592
19570
35686
99599
67253
1565
93169
59323
41280
64512
47566
30164
78078
68035
20674
33443
32717
54094
8800
34416
71328
46109
74386
8918
57008
82074
95552
41383
59117
85058
97956
39767
55993
6012
93725
54182
65396
30393
63020
22191
41465
43346
37285
39656
29277
89728
12226
40737
13431
32603
27171
3765
45476
75375
27438
53228
52584
31419
8632
60986
22356
13442
76073
67721
60461
25253
97702
48006
52205
14424
90426
98358
43309
97264
30741
88704
73042
55383
22702
8975
48297
75485
73628
98092
12560
61640
54564
67081
33119
13872
85410
80847
54257
2243
58679
12357
20845
8204
80280
25555
98860
21668
47917
40047
94341
57927
36880
71064
27909
33627
88911
95638
13951
55710
30360
24874
66314
55726
34707
42946
73693
73213
86899
92138
80440
6696
2653
38845
44733
40400
38021
22248
48754
64532
42967
36289
58141
26536
17486
14260
50930
42573
4089
24637
16503
46905
29550
71035
8837
55063
56748
79233
9456
89045
33386
47057
85792
63922
68030
5848
48055
71561
49657
72452
3570
92916
26573
50566
51299
43172
2383
21328
18676
24823
42448
65246
53179
40953
9757
55852
341
24336
10356
42999
98697
45506
8978
62847
63368
64023
12186
78198
32056
64251
70545
80004
91571
17074
92433
18963
20483
10085
71472
39649
43748
4482
78917
2425
67329
16388
21873
26440
35355
93188
6358
87892
13087
23998
80440
70078
32505
64036
32741
93588
78088
52562
31704
21959
1779
64584
77340
10551
89778
7567
90322
77886
26096
69116
30611
48848
76678
10409
64537
72953
72259
78150
58528
51293
43287
13917
33316
40394
35377
76165
67079
9329
3
43909
12323
42983
65746
87035
5547
94859
77881
44864
23024
40635
32102
87781
44735
35309
89447
59806
70955
24850
81988
46757
93572
35012
94885
32045
85988
60019
31804
3309
98853
32697
41615
57585
20748
86912
39781
94081
11958
53473
9051
25575
23275
29655
80492
87332
3031
81619
54579
42915
87318
5319
22262
82803
59908
53269
88737
13176
74084
65287
81536
12958
69539
26149
95423
62989
46096
60601
90798
24834
37180
7479
26858
5845
33536
95741
82104
56449
15711
73135
96812
9750
67368
88264
36106
65309
76523
82225
76524
61222
33188
42560
8674
25989
78830
69707
47289
7195
48026
72869
71311
14230
91188
42273
24110
95770
33233
57277
97094
72731
19425
48646
85491
82957
3324
16998
20586
65748
64949
67440
26563
15970
44299
54731
22541
34323
88867
35589
94511
48261
28254
48893
7270
73398
99405
87855
67529
51697
5956
65972
66035
89401
95193
27165
45448
20813
47060
9874
54474
29318
74738
57279
17593
55680
22869
70714
72962
74330
56748
64388
65943
38087
44057
34564
40355
30375
57184
97960
20869
59199
10889
90261
54906
91755
58775
83274
30583
16493
75897
51655
69991
32548
79401
64938
43637
96348
12468
39282
963
77930
47687
98145
20089
42771
61176
37297
69397
98709
83748
89561
5073
9103
80240
88002
84399
95896
16205
56353
43738
52394
322
46366
98689
14995
91343
56742
88770
8979
84576
78587
92291
19597
77953
30664
62061
43402
6090
4287
12845
23208
21886
43166
18082
77645
6929
65280
28857
2464
93377
49260
86149
8221
21276
40603
42189
45084
85127
36961
56321
75110
89505
82533
49190
97107
16755
96149
71371
18426
70125
50926
29100
85914
40358
96176
19139
90664
64967
64784
8981
32990
69950
91046
29958
86798
70029
99402
13360
97908
92384
92673
81912
88464
56560
50283
58173
80836
26826
92390
43188
36992
86110
2010
67000
87246
81324
84837
38629
56843
99373
37367
71182
36573
90225
96059
52636
13882
82559
15837
9920
35797
32014
46382
34579
55587
19426
37864
93993
54351
89565
2713
3519
29385
68190
34183
85414
81473
77706
50220
22690
80926
63553
28682
7331
2893
28486
15766
73606
29697
42560
31134
80262
91344
65418
40019
10310
37470
45069
25821
36613
86000
6966
45505
19507
28465
47220
94604
66443
10442
16320
75493
14668
20964
7581
40135
42275
31605
85132
51441
19104
38367
95621
26073
26288
4882
61382
14178
21769
6429
57361
32982
46385
83161
5702
45193
51450
11176
95400
72979
82552
92958
26247
56702
61090
59273
27385
9656
23004
45992
65104
25188
73349
53672
61788
8936
46925
73653
38929
51420
49671
61963
30378
30379
43743
65413
70967
46958
50784
91306
80746
51455
8458
48705
29279
24162
77962
1945
80487
86875
45623
97141
72208
98584
2723
46704
99037
52294
69735
11225
58669
36440
1427
90525
48209
89632
38209
18247
27745
72373
36074
80675
75416
90080
41070
97974
34317
36614
48387
38928
91677
72570
92360
65655
98967
59362
93386
5858
72
94045
94689
76609
29202
74378
83232
23055
19275
13025
45043
4791
73121
3094
23657
6159
35939
44184
90818
75374
47673
40662
20637
77531
3884
59385
82795
53220
42827
89570
55635
64812
66433
34520
99665
7866
52312
56344
27756
69861
46666
30503
47065
97376
97871
15736
17733
71660
20855
14247
33955
39305
23408
89310
36036
2816
75820
79237
18620
61994
39910
12022
83653
16832
63835
55744
8574
22578
40959
80431
54585
94585
44707
80680
35312
69892
56249
19831
98824
47652
13541
56881
75014
87573
47154
30339
1820
48050
14903
51741
70113
92209
1061
59812
30903
15112
91086
24969
80369
19131
45359
87264
43015
68498
58919
23114
8671
923
17193
4642
25390
50656
20986
2031
64016
89439
34951
3403
45806
98272
78327
11061
9905
22074
80456
1132
5381
84598
27456
7674
94048
21746
20196
92543
10651
70098
20786
95740
77222
98849
55046
34143
56140
64910
42703
39845
15883
25966
12726
91573
74319
32550
72808
43689
41826
72928
4122
87222
38866
87077
61837
45080
69669
47570
60295
96877
92314
59643
68907
42600
95527
59055
847
3825
20313
42232
73289
12290
83998
84094
60240
86813
65731
9713
21253
25025
40794
89200
93085
85342
44336
95322
21442
42329
82464
85786
30722
11984
9671
19665
58334
11027
33434
88175
41446
82120
2316
68282
65019
59975
40666
89430
96305
80938
62281
74249
3303
76413
84903
29989
72500
75133
45910
32353
61339
6027
40908
83973
5322
72769
11112
74589
87000
38949
23557
80849
53537
61362
44680
27228
68951
41185
62955
1480
37404
44472
22955
64106
28781
59005
18245
86369
57266
73128
57384
87989
11923
3727
13723
64441
94712
88689
14950
18089
40222
37173
86730
38483
68425
4898
65623
92581
73918
220
60908
33261
21478
12815
93722
20117
13422
22568
9210
12419
44743
521
51092
74278
92411
9879
22526
36919
7810
85806
74878
41609
957
20196
71898
85992
32617
42546
49076
4560
56272
92390
22790
35356
48662
6915
32728
94470
58574
35452
8843
12607
61544
48808
55251
66527
14166
85724
3741
86914
96794
65671
57584
79986
42806
51924
58770
37596
27862
62790
43294
45462
93940
59457
84317
3028
79507
75548
22368
35483
49386
64716
77215
12628
70693
84151
27895
51237
14715
49450
55879
19503
15235
62728
32933
60527
43329
68991
41074
37492
86405
79136
84645
11597
40292
57774
74679
28177
67858
56519
58087
65956
73418
94458
16799
55199
39255
66637
4274
62978
50067
89460
77138
7514
88426
82371
3713
71770
47358
25409
34922
89409
57613
65977
52698
17982
28684
65461
21646
77005
17695
56524
31720
7738
80573
94605
26328
58502
15529
56721
79676
41993
30118
75683
54588
86973
3600
83363
60875
43011
43213
3458
59157
54303
44145
7113
2688
18827
13649
54080
91028
13343
34310
77592
51099
89646
18185
84823
19703
33631
46052
23353
67499
82291
57728
19381
7837
40831
70645
26941
560
52722
30189
46409
88608
4522
77001
98078
58982
24064
80709
90023
94153
73343
21076
35625
81980
39508
97461
24640
48521
80948
48811
60539
54336
74714
99766
72261
68575
93662
39446
84542
23700
79241
55522
31554
78371
51083
8353
81757
48949
23324
4436
79838
33214
82619
16606
49126
38038
25742
1538
79155
66166
37353
9003
43046
37850
31411
96515
41181
60869
4465
19436
93438
52842
49894
79337
61085
43069
12673
34554
22185
55980
8808
9129
83958
97844
72667
9818
18162
71965
84130
85409
76213
19764
87616
76174
40490
58188
86448
96545
50116
40103
36538
20679
23198
78668
77332
37339
52180
80687
47972
55817
18457
44737
21038
33601
4953
70754
52419
60189
72368
397
34941
76492
91462
35708
9346
83394
77954
41610
78424
78093
75739
97119
94841
16374
54946
10202
68751
5866
67460
56663
73763
32401
74874
42172
41306
41075
3458
93413
33751
13729
24921
53145
47721
3093
17282
88342
22134
19586
67573
90986
24318
39205
95748
12590
18903
23566
6792
98926
26522
3811
45658
65633
3007
10049
73062
64013
67030
11457
41180
75011
81948
91901
61887
24187
8371
28086
89807
15529
15799
80670
60947
32175
94033
86131
47225
10393
72398
39548
62836
53721
71955
72774
84488
51845
42773
3477
92787
63815
13211
3187
51909
87096
86072
21802
63328
62196
8439
78036
11903
89027
11153
64268
41798
53630
44709
13248
87475
38481
37947
44242
66691
25516
73939
7573
86013
17461
72041
78490
36506
48397
85751
60357
33068
2132
87997
56799
11902
39355
70401
28058
97573
93140
34003
98989
34216
62567
25272
2187
82925
96783
2490
17312
86824
37513
24608
36194
44217
36161
12290
63646
28480
55605
33535
55321
18390
63798
66342
81184
4630
33221
15611
65308
73539
7393
80570
4144
61518
84900
49319
81266
13014
45417
3509
89916
96853
9339
57359
99758
80885
22794
3229
41919
60098
87710
49097
67856
48325
64543
80902
21444
58168
66954
49830
83976
39462
20580
81620
29629
36177
56841
79363
48886
30562
74368
56631
9165
64992
12102
25817
277
37704
70392
76392
2836
78837
29644
28178
20144
30546
43333
15495
69033
23339
76554
92948
69488
66452
46435
26831
37904
81233
88311
47751
30514
42058
40950
12672
71445
11245
70129
17400
56076
64293
54452
88674
62330
93763
41641
68777
41373
94285
60417
37860
17669
3316
90031
97622
12991
9386
19609
11233
34416
30282
21447
24015
91981
30097
94329
71129
61351
20730
9879
18736
58368
90127
9575
90243
43191
58347
80738
76456
34125
39356
6378
69607
59263
49014
53428
79861
94974
71007
36917
96086
27851
29671
18605
20013
47398
1376
3335
98109
42624
46881
33512
97669
83370
95052
35487
5673
15400
23633
28925
37555
7021
88715
75364
38400
81023
58100
37510
64901
46879
6308
59203
61153
20283
35179
26894
66459
93882
85890
49927
3281
27159
19075
91222
62637
26151
10630
71845
43082
50058
1572
18986
9295
79720
63612
12773
48419
90756
41174
65192
63535
99989
25159
47872
5923
27045
39552
58355
15602
21810
52371
96780
40738
28433
52973
15750
34150
41252
3015
68971
3127
18635
57008
9516
1608
62688
73961
56079
79574
75139
45436
54811
1185
62642
29399
87725
60513
45087
14151
17917
70344
88099
57248
84465
61439
65486
3122
54976
92322
87433
73740
20937
29436
34536
40721
311
4964
27706
2941
47510
54591
44101
97688
94396
65193
10903
4425
80900
40755
61249
13916
87088
4588
48805
37376
86748
93731
92899
34356
8135
64477
32395
4155
78798
42235
68010
19971
16129
56448
66548
29412
28805
73466
56567
43974
22383
51102
9697
94110
38383
73440
77646
24170
80035
88738
42957
41541
18263
56549
64228
38237
89698
91754
7732
83518
90642
85597
6525
83643
92886
44469
8491
2317
71885
20751
64203
54810
30230
29188
68693
94933
7716
14374
85001
68296
13648
80013
77476
75633
10478
62462
40206
49885
1289
64272
40482
52801
53643
24800
89966
24136
4522
55573
75094
2772
2984
17948
77956
80330
66985
22888
36562
36072
4138
87635
7622
44408
80133
17320
94592
93965
6978
67530
92982
71893
7113
81593
33158
23251
40510
31800
35976
28463
54093
58214
47070
48011
52927
5860
45863
59336
50827
93256
49416
39807
16904
2638
93272
75225
11153
75446
4065
378
54702
91430
13134
73248
85574
85634
33037
90219
77960
4287
77073
19940
31567
93225
35362
93524
56909
51411
28434
85689
54812
24028
50440
57493
43255
19268
94125
48590
95374
32558
4329
23371
12432
79323
41490
51534
37359
55913
13831
24938
148
15836
89007
49663
20225
59721
33995
63793
68711
19923
89510
99530
37883
9736
27593
14458
7817
9248
71454
78921
86400
22848
43638
66837
18923
13953
23601
73690
59591
66840
77806
12203
75129
52752
81019
24814
46800
22473
9459
5495
13318
80205
16253
77101
34782
87563
96933
34780
5411
10202
27115
66380
47156
78128
39090
43383
78462
84933
83824
30740
88410
19940
47590
85688
85245
2617
26027
37354
84553
6320
32213
69681
91531
37244
8491
51747
49534
21222
20935
60778
83000
47898
4760
29642
17554
8623
73365
68120
38660
8771
64664
59453
11197
31578
37516
206
82499
55483
33240
23077
83581
63582
2597
97523
16801
21815
42666
14244
67649
36979
39640
3680
67378
55467
78679
55418
43287
96402
31497
26356
15330
71779
59797
92781
43057
74253
14965
25723
13899
45764
18328
51847
77619
95854
16236
5598
62983
69741
46638
16026
40396
24262
59383
75731
76298
64779
57113
20914
49006
33268
82390
58336
88238
22797
54404
42595
50647
15173
24558
26980
87302
92256
12536
37085
94861
93898
97669
87724
19067
50881
17604
34624
43370
70365
38639
1159
62813
10894
93285
18461
43485
46555
70173
12790
6882
56266
83578
41049
72399
13981
69531
40080
77594
81618
44846
96691
25138
70583
64027
22933
26968
24727
74049
94928
54963
92080
75194
47221
69505
51363
11791
32727
95461
80671
36385
6210
22130
95771
31968
66745
47283
85485
83889
38365
53590
25272
48636
26602
61226
62814
60840
48828
91066
17268
66208
53185
97105
63461
29018
7993
18564
50687
61669
62222
59943
28657
36011
23566
50999
77435
68021
12637
64161
32053
83684
67283
8252
32155
22189
62176
70454
67838
82452
499
1148
79744
56754
19376
81858
45903
69007
59455
18854
48349
25512
38820
26402
31573
64044
78827
57906
2031
53659
46151
19025
87044
92247
18529
91782
81471
88024
17508
66731
47237
14756
50073
74383
86687
79014
90320
25170
28709
52959
32592
7000
65608
95539
59639
6032
84724
69149
75491
63811
41406
11377
83752
23383
96223
15614
93501
11991
91937
31183
37233
5143
22943
83713
44898
23064
61617
30781
12916
4616
95459
88288
17942
90814
57371
35395
45600
79099
55679
26625
20292
7890
88117
2420
2596
93454
986
45927
6166
51598
79587
59104
90188
47044
8459
99573
81693
94106
91807
649
71286
24046
91435
64530
55660
95970
98895
18583
84979
58251
62708
13021
86585
90052
44418
15804
95065
78010
2199
61320
92286
23818
99563
21257
52822
78032
87240
34684
55402
46763
46709
69637
68690
86126
26915
13554
22968
67620
41008
49612
60113
59358
85971
48362
73891
38173
17958
14142
57274
86353
8702
62766
64928
8063
94897
76616
93047
3743
13134
43535
62820
33483
99222
80267
97717
81323
39406
33700
8909
96594
51736
11395
72636
47560
99322
15551
93531
66128
31443
63073
84847
85050
57205
41483
80594
67471
13928
97526
54395
70986
26121
31394
72275
23212
93013
52966
95029
51166
61060
2521
5680
33312
80748
6630
33199
79470
74006
22774
87834
3171
11885
44981
83229
2299
64910
76088
11612
21093
73199
90127
98767
29826
93061
4400
12532
27760
37678
46506
52599
99485
78850
88637
40106
40482
65231
48787
98475
9273
87969
94102
92569
77048
86382
85339
80433
58690
75754
92132
75624
67925
43996
2555
61350
90163
7415
13840
42004
61593
3288
69830
10453
95194
65501
35094
63217
45139
23405
28154
15063
41649
10693
32431
26642
87670
3196
66222
98845
79363
62116
14693
64348
32196
49240
23963
6884
9193
43876
95295
97086
21350
64531
73962
74782
47419
98955
19684
49774
7180
1202
76790
24481
34106
58101
27742
61801
39312
61805
46230
48337
76869
79748
85251
27891
43361
39289
66100
24575
94672
43012
25431
11728
91120
40843
14172
67470
87166
12395
17053
92623
83983
38477
74330
46012
59063
45372
78641
18154
60271
84948
21661
12442
98195
3868
10513
14456
83694
80734
99668
7199
76230
20023
32077
52852
62779
10723
90601
9801
77914
8909
37385
14477
41490
84363
80090
33848
49669
10689
39635
62258
6859
91659
32668
18471
60225
78660
81552
36410
75766
3004
98246
60609
63787
35486
43733
21618
26387
31005
31003
16791
23767
49300
26347
53393
91632
68136
15150
15021
38514
73
42600
56500
26279
47497
33506
56959
1020
27823
80820
18168
46379
69951
85486
67433
82573
99371
41865
37612
89695
38158
14937
16634
70387
20814
62554
89207
79890
7997
55378
89831
64969
98124
39308
73419
69816
53102
60942
79282
78778
42110
2163
20777
9331
34569
83349
9129
41020
9269
35373
920
11341
48887
93684
14993
68469
91254
15230
13526
59083
25845
12545
81029
94359
77082
70034
39587
36028
51170
711
39792
24346
3858
78043
62660
67620
85228
89790
89210
41179
46458
78209
86685
52563
34563
23533
67555
80723
6159
13852
57119
76985
10479
28878
27085
41031
46626
72669
1193
27697
28232
5294
1420
10513
31641
41657
75581
27901
89006
85837
15395
96938
71237
70093
29180
23920
65545
50277
37109
70561
84084
65392
68997
98956
67938
67763
75448
11775
66265
86680
46355
30730
39958
36853
50335
54500
82708
63196
9871
65126
5091
71014
66074
22638
29175
86268
49666
76389
29559
98230
35024
15006
16243
990
24263
12417
62241
50538
16589
16427
89681
18259
78432
61098
61123
75471
14405
24301
15513
29825
48291
2733
17002
80723
20714
55720
44033
63514
81895
96693
63998
63399
99347
95601
53502
9080
75121
4745
81508
65386
35985
25127
85722
42145
26137
42876
38306
72977
94054
31651
16434
58687
76388
11922
9490
95006
59515
17673
70850
5028
72259
66213
80867
94926
60567
81277
37213
92063
8986
9484
52435
57875
9798
11281
19585
17211
59316
17160
63310
37574
36974
99169
29209
14970
70686
71696
3250
68639
67119
57944
25587
91765
92380
82187
18035
68968
39736
45125
4759
75012
29816
71960
99285
20935
26816
80642
54519
6324
8936
56710
4500
6816
67487
30721
48309
24247
54065
65657
64169
20123
52793
53574
56393
25491
86670
14393
56235
14151
2919
23511
43423
49563
19109
60198
65400
41635
15995
73302
16029
40484
79121
11197
13051
4044
75056
99505
56514
9377
31784
94476
36129
11735
25610
34521
28436
38665
95148
899
62178
33926
5067
36559
16842
33370
35494
32214
40291
1851
19265
49587
30112
38807
76102
73971
57867
55679
94076
22924
35707
62084
65877
83065
99288
59890
40568
5650
55839
47531
57478
22303
70475
70790
29993
45212
87058
8994
97102
49220
5371
93588
37424
50630
94983
15608
50100
87998
31047
49055
63891
42926
896
87168
44597
59494
9842
27275
18287
5756
62965
88190
47513
31869
51055
664
23839
18207
91141
48843
18694
53616
29566
19632
41327
56485
73202
94796
44184
89935
59012
84706
60064
6288
39145
57530
79361
10262
49458
58408
68477
93362
18592
7676
52033
37907
56689
81255
46402
75048
26177
75733
95946
38712
9578
42936
32251
72970
36322
37296
19208
95023
15325
22735
34663
78180
82305
6900
3854
97043
35890
81301
32374
19572
14531
42714
85072
35895
52053
31632
82427
44787
20250
86622
65547
18815
67262
75575
96255
51365
77390
91133
63992
62225
92718
38050
44076
42101
92453
89816
82364
35383
99609
22597
2665
2933
50542
67521
7288
92032
15016
38718
71274
51932
40087
17423
65598
5398
9703
67281
86017
39542
53584
12631
11054
59412
37361
7559
19071
68479
90091
60085
95819
21292
98956
72704
21077
88210
19491
46238
80509
69745
70751
24633
80410
73571
89133
59015
80778
23985
81052
74073
7662
97584
30085
8343
73431
55713
66882
55488
56748
60553
31237
39900
27718
33902
17777
46778
7405
61502
12135
42417
85619
66256
9979
94401
46566
36479
91065
52442
77102
15141
62460
74670
10696
49611
62848
67700
4522
13786
29918
45898
31738
62960
91654
18164
69820
8463
91631
85332
30072
64178
38028
51183
50996
63186
24956
29181
97182
70036
98704
8436
58109
27582
2341
69630
21644
81457
2164
16710
6006
6876
10988
24296
75975
95170
97192
10122
72867
85279
23310
66402
15854
51895
2986
33598
77845
32058
53122
97654
56396
38610
12713
61433
70571
17927
80389
11802
78359
15633
79836
94297
76793
16804
49821
6209
21709
75485
82460
38869
90331
77470
20548
91101
6507
81292
90100
49106
88148
48797
77802
47873
10708
66689
79765
83591
55358
217
330
87010
8813
77566
61647
2612
24261
62058
12433
69322
27809
2209
63608
56536
12610
89025
8996
42094
27994
79385
60793
57503
122
76947
60703
25920
52951
68868
83869
98947
97973
73809
55563
76280
87608
94279
64712
71034
60072
53409
57335
80433
11510
11239
93095
31171
14719
7052
70451
87743
82540
93309
16750
90432
83522
99842
22075
25248
20211
66171
39602
77311
83508
3745
64552
16650
56335
48116
12746
79926
80839
98649
94024
3819
92266
5411
41132
91179
46154
20127
98284
41636
26482
97794
60923
86949
73569
35222
50035
54175
91456
57082
31264
57302
4318
63383
30769
71074
74434
49859
16749
45345
19299
1194
36259
48331
40217
94809
80842
62136
61747
44827
6438
99967
51115
74469
51249
64771
10500
36854
522
97432
67695
44542
16208
63128
97253
89396
88924
47024
33819
22411
10033
62526
48271
78663
64239
59535
24605
60403
5546
79501
43070
78309
5166
76980
31129
46858
21668
99449
60075
98096
45781
43707
43873
18294
25970
65799
69274
22916
9936
19924
28789
63658
14218
96194
87385
21462
88733
48848
30500
33949
4019
26751
98802
48446
19626
87161
16263
45646
10753
20713
73583
84035
89456
79543
66131
87934
45101
79388
41144
18504
18960
15998
8945
36916
58177
26770
19016
56639
96417
79629
79445
89827
80445
4952
26326
22620
8480
69230
90553
66338
28066
94632
94091
3127
45980
48008
23421
13906
87730
75133
6857
39808
34565
44939
93528
59009
61907
57712
43276
79841
90672
54657
69277
60025
3197
83176
56562
49334
23473
61150
51129
9189
39456
84828
19438
99026
91657
96738
82745
66394
32005
28405
57052
50210
42556
88545
4113
18587
75004
42995
99025
17523
17539
39114
93042
75223
29593
50308
80399
35047
81903
2713
31562
67203
23866
82868
95529
87434
48629
21340
94050
44662
61599
99020
46556
70714
54772
70131
77495
50532
17271
88736
29772
71064
86507
15872
3023
56810
45224
9676
59783
16823
90095
16405
21229
46486
42792
82179
44571
26922
8073
21075
43609
20315
77802
74523
7706
44601
50101
37546
6915
47640
89775
59680
93037
99824
29942
89356
28188
30938
19295
15815
64973
50426
38035
31394
40523
78816
81303
1324
2080
2713
59442
98866
39332
42659
95647
11708
47546
25216
78138
47977
27859
15155
58569
55485
92768
19411
55505
98590
76578
82791
22137
42606
8803
5303
45149
53681
52540
63447
33882
73944
48673
70825
32619
20149
19061
49438
10769
71790
5849
75546
90801
51979
35456
10169
5147
8794
2260
45682
25644
13528
66667
33877
64418
51930
17059
40499
71567
21968
39266
93694
59389
19223
71826
33558
24544
81309
2539
87665
4625
50975
79387
92616
74190
622
29960
53732
55530
43540
71373
26139
3553
25369
13330
4885
27884
67241
42368
1792
6023
6624
69755
16424
85729
2497
6749
54256
48847
51658
30445
48771
18343
88244
51500
79422
95218
69390
28477
33433
33619
55748
64543
59459
43532
50542
80683
13994
66413
85456
92058
88665
81784
33288
34254
50178
28095
18221
41287
27724
19751
33483
5219
71954
11549
7410
78633
44670
66995
40984
68721
72936
8482
38667
29322
20643
93935
21417
88031
61379
41767
18806
999
88721
33129
88976
60780
51405
10791
82273
98278
17227
70022
88034
46585
98641
62803
95932
15513
66133
13704
39042
68591
40667
47596
4210
88386
52195
66628
59562
85594
52185
53143
67728
11414
78514
93734
82063
72145
19875
57166
84849
92547
86772
2042
32264
61240
96276
86970
85987
24373
32200
5475
56114
16980
89664
95916
25791
11050
29149
60605
98218
47968
35131
70301
98450
43290
81498
21966
15562
67850
37423
20749
23931
81336
22018
87492
16661
25774
28022
23812
73771
44195
78469
43569
28544
47374
80660
61088
94686
15167
12460
49472
76480
22807
74738
29126
31056
49776
74205
26129
25171
97660
14317
84769
49331
16060
70286
28507
61513
71997
72125
39734
33026
89397
23475
905
97526
55291
66426
96688
24109
44176
97788
51044
25946
36747
17116
95641
91444
79508
7500
40091
31906
98668
97931
64946
82274
90448
1613
65999
97618
954
18885
58439
50792
22318
85263
6825
98393
17193
38481
16253
74933
36882
28098
11496
44129
82013
25945
59087
10016
9780
82169
75152
74669
39002
73869
8723
49718
65345
76685
53745
15634
46509
95886
93699
29220
8091
91365
19795
49278
81126
74174
42361
19954
44274
58342
49647
95755
30002
34622
26509
62444
1559
54325
6563
46947
38648
46792
60206
2699
69472
98610
46589
16667
57078
50611
33118
48338
73345
79200
70220
70743
91011
12079
80017
4701
78962
24616
88592
43930
34291
251
3541
81949
82145
23631
70117
28443
73183
96499
10725
58467
56336
56641
27631
73172
54487
60243
11033
62430
85704
46588
97353
34106
80977
91470
68204
31724
50180
17663
28416
32547
41863
70275
53458
38424
65848
89829
41871
6161
13203
74267
50285
19515
98621
37096
83136
73897
79346
31387
7825
26715
3919
39232
78693
33161
15314
76872
35415
15272
4058
9969
70819
61032
30983
82118
84079
94604
16837
80914
69118
88562
87137
15446
9722
82970
49379
93412
93044
6400
2249
86266
2704
56698
43916
29048
9819
2519
65452
12726
60559
55630
83832
5191
73039
3103
11681
13896
1607
74893
31847
12581
38763
12162
46568
81725
26446
13467
84376
92872
84205
53694
85788
71127
16592
27750
87559
84181
92091
13212
26526
95034
96203
67198
68016
81793
1721
81635
15159
70647
94004
34224
37808
57420
83156
50940
83244
96953
34192
96763
20154
31571
91916
11865
32462
43152
62109
69826
56430
9861
62327
91386
48004
22429
90524
63446
25503
3627
50202
40956
94571
70483
85992
55400
60057
60633
28115
58748
19168
36630
92699
1869
80677
45344
10403
96605
26084
16393
38518
64580
17907
44200
13266
14324
97553
67098
11557
61175
37262
51779
87587
68068
54987
18566
86889
51922
47285
76153
38480
88431
78796
29094
96283
18899
82317
97826
84605
4909
10409
30360
39524
29941
66076
57893
88815
32571
58161
63940
86984
37306
92648
87270
11627
96114
54053
4038
712
89579
76265
71157
94962
7964
76856
99629
60386
39566
32466
87028
33601
18463
56013
91620
79735
39302
41711
58286
73067
86259
55467
45377
82824
41631
65724
47657
68644
29166
95208
6523
14292
67443
45754
61242
5635
36968
64126
56872
22019
93761
90563
96560
10114
85206
89126
80588
4963
51387
70600
14994
28853
89885
17055
94839
82727
97445
88812
22209
23545
8410
71087
76561
69690
31695
8202
9348
53018
19434
62089
83631
16829
91783
12362
86220
20171
66018
36024
72002
72369
13674
50182
37350
63344
16688
99836
1551
59190
81212
955
9155
82120
40561
23051
1020
22125
92658
83517
57659
91656
30847
92665
90835
2349
95492
43716
54041
15492
36341
54796
73229
55665
59868
6175
31381
59962
19968
44374
3460
97773
87415
35931
38267
45946
42159
81700
31219
54670
29953
76544
15921
64667
85510
15055
36611
15519
9083
11314
55391
51032
17168
25286
46409
59649
73342
22879
97536
73537
56082
99737
91392
64462
84316
13302
74568
60667
43140
22271
99200
94098
79429
48769
6626
55623
82518
10572
31213
46150
92462
60954
28622
38532
28253
74385
15174
65932
35533
87738
77376
62689
81938
35888
22367
4218
50454
99589
56987
88084
82392
4700
27953
57299
62288
47737
13453
92334
1824
26686
84937
56444
44146
27966
59429
98114
26393
32125
80487
30678
45117
9509
11459
30215
65635
30109
66498
54701
99639
61597
77577
39023
23322
4530
12762
46708
31033
67937
36153
24785
48921
28575
81557
80154
99116
90661
75361
34164
50725
38153
14518
3233
80031
59738
26688
6790
14019
34351
6593
67877
24433
99020
15277
67938
13284
9013
54992
26829
80258
63264
92553
11618
93672
30688
15621
32011
2264
82964
19651
68908
50105
26759
41037
43869
86385
53442
92386
60084
20332
55465
8441
44268
40632
91338
26475
95846
83239
31219
38293
23448
61391
36068
63674
30717
30949
49704
82480
37811
37489
63897
44604
40372
24401
91605
33093
51993
36071
79343
11765
9040
27270
34427
25206
54512
24933
14454
95479
7422
85015
86186
68179
32239
25646
61830
40607
82156
28298
40886
85221
71328
23805
29400
28844
53317
49293
71703
95407
76237
16169
37260
55994
3487
93291
22674
84073
72584
5757
51514
27121
77881
73215
99294
67992
54269
77974
54245
53782
56718
52649
76265
6037
67082
63324
96473
47835
80433
84691
2723
33799
94083
7232
32287
82614
59904
37503
67117
86786
86722
70789
46322
763
56060
92045
50367
43718
38899
59509
74331
62060
79538
30290
96070
55574
40067
97564
54334
67875
43578
41419
35822
75304
73910
74245
12631
87361
19689
90230
98235
68476
68186
23006
69302
14718
38134
26571
30049
12965
69171
86815
96670
81460
79984
8352
58943
90678
1909
29294
25460
89010
37978
84265
38522
23110
18970
25750
860
80964
68350
53743
66612
95400
29158
90942
55932
45032
4257
98414
43753
66476
90352
19722
9446
79670
77564
33172
4215
93241
33394
82239
32012
27874
2563
80615
10642
39247
99242
5437
82221
21245
82856
87150
99443
41433
96381
33751
81433
63452
76823
24756
2177
11254
83276
97915
43606
96749
70157
54777
81751
29911
24890
38908
44903
32981
57332
46966
17442
65063
17082
18185
40356
56977
64887
70958
1974
63335
9452
37435
26132
30202
28367
7967
64847
58112
92248
40633
50469
16729
70507
70431
85596
52248
86691
49837
30634
8484
40335
65395
42552
18869
95255
43613
10418
66614
36875
3330
82708
23177
92167
93568
79815
89537
44211
38047
83568
62536
63098
88189
71609
74677
87818
70459
72947
63161
18289
69787
62737
71848
59243
38374
13625
30985
44457
98698
78049
2473
67517
19057
20291
73164
87873
51419
93316
15776
46435
3996
79487
32846
90332
96956
66374
58819
8083
68309
95762
90676
20191
47339
52823
33871
44564
13923
92927
89024
70058
81646
90339
92882
12401
88813
64027
67791
34166
65211
76667
94698
12494
39831
62282
89192
63987
76768
35696
49306
55889
81246
12982
6035
90377
28821
36213
85288
68405
88498
65577
703
64286
26514
43664
93481
23979
72625
80779
9594
5595
89983
29927
28255
43174
33844
435
9693
1437
26314
49135
15627
77512
45784
2753
46939
37299
77489
96407
23544
8167
70289
21671
60892
16645
95682
56081
99936
82720
19178
1036
15743
50232
63826
11005
30526
30028
3078
65945
36919
18890
26774
50623
8726
1059
40433
41477
93685
28041
80620
21762
50721
79604
88619
77321
19830
87705
67703
73614
20926
93429
22506
1576
7687
39178
72778
47139
8481
12831
27856
14113
11899
50706
9890
44898
89750
38254
98042
51298
29441
37236
2019
52144
21501
31872
90981
72293
38141
31473
18562
76662
70414
72324
93311
66472
74898
21708
14589
16515
91272
68105
83842
93998
25329
60260
47072
40952
29902
22081
54263
78261
86552
1419
34092
56106
42035
97994
50149
47056
46298
34613
53249
65716
86644
62467
88581
97225
50747
1062
55112
55843
72426
50201
68473
40973
7903
10994
6602
32314
40150
6243
47336
27741
46767
66292
26020
65605
32191
843
556
71368
71129
90053
61615
64496
48105
44338
33960
81394
85211
26323
4312
92756
49168
7374
81678
17185
87319
78283
75731
16608
26782
52925
46936
76726
14513
57654
39929
52732
76068
22424
24939
46408
69316
78397
48804
73372
3865
29002
6857
86260
70174
46086
41732
66640
44073
41890
21448
69324
60025
17979
86121
46538
85178
63238
31806
73119
43476
8422
6803
96160
50032
87352
18137
61310
49724
56102
23755
49858
99724
77061
23345
33128
96251
62088
83988
27709
94893
43701
43870
68237
43375
88557
74267
65036
11952
90765
17825
1389
21425
31025
45192
38781
51798
36682
89790
15878
14832
67286
7127
56980
93190
92520
65211
73048
76904
71610
78857
73120
77580
61004
30875
61747
41615
59735
85577
2304
69642
26198
5265
91819
47680
81430
64233
68576
76576
2175
32634
11637
22396
64921
42120
54246
72361
13501
32216
57795
3010
36067
37607
99152
91613
44936
38212
59052
54337
5225
40328
93291
56581
87073
73806
11107
77398
83879
61728
22681
73751
28933
35182
50105
26322
31072
36427
66898
53770
44024
38733
28628
88209
64746
19748
93535
61899
78524
8659
98042
69482
49802
31940
46811
44317
84205
11388
64414
31640
78547
22256
15362
26648
25458
99087
41050
80307
17789
70906
60621
44678
87814
78045
55198
15605
41938
48296
38617
3048
78798
40334
54097
60556
2905
67315
75582
1699
70008
43838
92440
84451
53786
68616
24987
29272
63136
9647
41886
94067
90768
147
94920
27092
61296
10604
38791
83546
22976
48061
22186
97478
88642
93167
40127
46917
75247
65723
10217
75204
84396
61246
1871
40521
71654
69056
59173
97110
71530
6425
3843
23239
9209
17760
24911
94235
59737
68813
30561
36720
76203
58836
84049
73064
6261
55142
97205
41740
62273
58839
36763
74173
19845
95776
21639
73799
59216
62601
20340
11910
29165
15793
13720
27361
53135
90248
13518
57502
42823
6855
67227
73003
28269
20958
86097
96291
86669
24132
40932
84510
13830
6044
33268
46047
29603
341
82086
75373
70165
62189
4815
87194
51239
85135
46648
53196
52318
36078
59078
96784
71398
38838
44108
42996
10147
38136
54807
28616
90561
3317
22218
61921
76349
10086
45595
32244
75579
77386
23795
27906
99116
14270
36318
2774
47784
98636
82654
61431
19080
65964
52326
97797
50370
52894
44479
50920
57559
25284
78168
29626
93426
31882
84754
58601
84028
95227
7200
37883
46869
64405
71797
78607
54309
59239
83266
31352
59535
51347
53798
82508
64584
64736
39853
69394
95938
21169
93018
67062
50190
23477
11662
38233
99426
70871
20924
15502
85972
35972
35289
63452
99057
33234
59786
56893
12497
61329
92081
79652
75838
83801
3972
44778
54326
55410
55901
38732
32696
44633
17600
24306
9838
12568
12847
27966
46163
99219
54655
52547
96774
68171
43890
49657
92196
52477
36687
62889
82281
58489
64020
17200
53437
43124
34010
47366
64650
11389
56824
47847
46243
84519
37069
14552
77014
60708
84634
2064
37544
94101
8980
79125
35614
87926
15828
40642
52957
78674
36120
71108
40253
94682
76882
46442
38786
89852
34358
96986
38964
31703
4922
63827
3111
67677
1189
19957
94743
58844
24008
60026
75999
12757
48451
68330
68874
26604
62244
10740
49210
13728
50300
13881
45470
94270
43348
39690
93635
28998
28861
3216
65496
13047
99712
73431
57312
64221
15483
44585
6521
89919
40182
71698
34176
97281
85159
48777
61329
80104
25997
37474
94913
45514
48289
40364
46294
90792
91073
15336
3380
96649
67153
15848
89517
41218
7005
58467
54084
66784
53211
18947
91464
92847
52575
94521
92695
28226
19126
98340
74114
40088
89600
97860
53291
69871
44055
45350
24449
86816
63890
27564
20705
68203
20489
68759
97642
11444
38270
56096
22970
80900
48058
34565
6560
28308
75895
45717
14397
97011
32594
21946
30739
76470
95533
7694
94250
15474
45527
581
24679
53726
49392
24012
91126
79057
91802
19797
68307
91335
24974
84182
44311
42139
13509
13005
1302
7628
17274
35898
3809
63475
86053
59067
1635
41003
68955
69399
32465
25004
29911
66814
97110
2793
38705
79435
32434
81662
54175
80497
38926
28343
44547
84790
48789
4668
35539
71713
16207
63075
80525
5539
10741
16730
95627
56471
17019
51788
10715
9396
52892
8470
84190
65518
3867
83171
50659
55827
98265
62228
79545
83327
44207
55590
52312
33310
30853
2495
91342
23581
80990
27562
12122
36962
47502
84678
71263
79498
22996
87368
47725
26821
37702
4820
43314
21875
8481
31363
90563
89520
49847
97886
46327
35318
59481
18676
46671
265
25622
38076
23641
65791
85939
14179
39452
20092
76050
42681
79655
85521
25823
46750
59631
71563
16507
82831
34188
87968
93296
37470
76285
20629
15543
17353
90875
95171
90515
77512
84293
43707
158
90593
24009
31355
97347
56038
38583
71787
28803
82400
35822
98103
88965
10140
15034
50166
69112
1363
95901
61610
21020
41744
82023
39116
78794
9268
54484
22231
65415
2860
65110
53821
30952
80650
15357
9314
40965
56370
88987
79205
11948
35328
45404
34085
13549
5842
78422
4789
8792
14661
66628
43846
16016
92323
43105
84336
1671
65441
16047
35230
9724
98423
48420
92611
13318
83683
65763
71662
52114
18191
32413
47674
28797
2601
7559
57736
91304
23210
54955
87562
44003
43650
56069
60456
12532
809
73938
94700
96051
71381
46358
70743
52063
9576
29874
7447
78487
34378
9857
40917
51431
35724
21831
86900
61713
54395
75003
29128
64131
43893
17370
43895
64029
62428
36100
6989
66218
89980
50463
90888
13762
95112
83225
62251
87691
78481
8334
25104
41652
50972
25446
89862
77138
61429
62188
15342
32921
2447
57398
42243
29691
17370
53535
25541
14262
99921
7769
79874
20555
37020
32196
94742
54402
28086
27863
16942
44726
22253
60494
69972
11732
97937
35003
39493
98277
7061
54490
40508
94034
67062
60643
1116
34736
52939
34209
15482
62131
6321
93886
91167
90665
9989
98319
47507
61728
98597
17325
34830
64848
62553
43171
15675
72991
92090
36047
3428
52883
25013
67911
66742
11280
43442
234
5212
66475
87823
43055
12182
89295
14330
60493
58184
52076
67139
48064
11857
40925
72903
42169
86725
43466
14537
72131
49222
2914
47575
20476
51172
54929
26930
30850
4337
10557
16098
27587
45587
770
84669
43199
85509
18817
74415
77433
29776
56512
82141
72812
67261
64686
1660
62786
71849
36788
65146
17508
37368
58277
4530
69421
74549
24996
56879
95821
53272
28247
99381
15085
2535
70363
41819
51574
37254
7018
86873
98092
91094
76632
55257
71693
38739
29387
77152
7374
51924
37162
94464
56924
39529
51110
84094
90052
51708
90690
45653
96352
67354
47881
60049
7492
51972
94785
37688
3099
68704
12048
23726
59048
47097
35298
52959
44859
90274
45159
48410
26875
75355
25898
74003
54220
17272
89551
55981
36772
91180
2466
41885
67675
47454
73346
71247
38438
83339
23685
22925
38897
95020
72169
85809
16342
60555
93894
90635
86271
74563
1648
59176
31765
41491
15440
79818
12535
13339
10631
16621
85781
85262
51471
26694
56157
5431
56657
91454
99620
36647
4390
75172
97770
46441
22696
45228
57263
48693
783
19296
10706
11544
89069
90982
8819
7790
70598
11293
20292
53330
32967
79497
8450
18105
43248
31923
37197
2874
46988
31047
82266
90142
14778
4411
78731
33474
25003
79959
73606
95494
640
85618
39504
83986
23651
85890
57514
79646
29013
84609
74385
72251
18439
1781
89010
66398
79572
93298
98899
98820
78579
907
56255
32436
27639
89525
9205
69162
929
24877
80688
38227
47400
64847
72573
44222
89044
19042
91351
8874
35638
3503
42930
74444
71237
98908
3488
91342
71875
78485
63784
60075
2007
36844
90341
20516
68177
4051
35466
72835
15129
84430
83632
1838
47830
23707
54297
89756
69053
58907
86449
51327
86220
14814
69208
32894
90325
93632
81875
4466
92044
20383
84114
31066
75163
92993
70678
2
26069
31078
92062
4932
90954
78481
60604
85633
53375
10020
77296
46683
30760
93619
7260
4764
50266
33068
98232
97433
67323
76335
60666
25744
20919
24790
82902
21034
37896
77908
84279
95159
93252
98132
88611
90765
77602
59500
122
36533
11923
99751
84531
87324
40677
69100
61056
85920
78678
65255
2594
46083
35179
23305
78516
36370
80873
74618
89077
98199
46954
35316
45242
28117
57435
27934
66535
1666
35169
79987
63502
30148
59294
96394
3249
92301
81021
69634
87957
39537
85100
29726
90403
91600
17361
3160
63911
86281
50495
26180
85258
90088
92931
10409
8369
87690
17974
61567
16321
59005
64283
78110
49505
41393
8295
29979
77952
69117
48067
49838
6942
23061
55703
47786
70000
60913
65995
4958
38562
91308
64578
43962
39456
33117
2986
13474
52964
4836
68241
95424
52265
90058
3372
20195
64266
54036
64091
46742
67185
57050
29449
55648
73048
67359
32045
18489
49239
54799
20300
34952
18015
49990
39464
25258
86054
4871
33284
19588
62285
55733
93649
76663
33210
96827
41899
37473
99311
90897
26185
85389
89002
38940
46701
8524
53257
26153
16503
27624
42459
80201
6801
69874
98695
57102
14006
30916
13954
89551
54382
98915
25278
98676
30344
76012
12585
73025
20925
4492
93112
43024
82783
32963
33480
75299
50922
6810
63043
37789
89558
57636
85791
69379
4132
22366
6402
95128
32046
52180
81937
36210
25013
79877
54789
96921
91283
60
8138
16302
81983
98467
66016
44145
87067
67067
24001
97622
59641
49593
82164
8880
59707
6914
14315
37823
81196
66484
11590
73570
71598
53588
4188
88217
63200
71431
16728
46662
14203
96422
64775
3794
36353
82990
87645
70613
58039
80074
62836
24697
23870
68668
52251
54064
34939
38411
47339
55288
71890
57773
37272
1372
24592
24855
64281
47690
11953
64526
50597
77781
81509
51842
77259
46633
2930
27704
72634
40555
71735
16783
8420
34956
52735
68461
61638
69316
33668
89760
3892
7959
77404
35679
8212
34075
20971
60761
64105
1003
42042
24196
11920
33859
17987
71244
5971
93378
68495
53331
23609
2236
41703
52702
43799
52315
51212
43688
55548
77265
21237
74911
59071
41426
57943
74132
83431
72407
51453
70458
21963
40816
94171
3586
32251
89493
86835
98127
91907
63182
68981
37534
38354
26270
52450
44962
10027
5410
18472
3863
68045
5103
79375
68174
46564
42813
52854
41142
26696
33839
68031
92789
99861
34543
40532
83852
23346
26708
26614
44152
72738
16157
97550
41883
22237
16484
26667
63566
33030
24041
19748
33383
92627
91719
65993
79646
76355
94592
40714
23202
63729
77170
46717
76734
73020
17327
76035
5629
40641
32372
45193
76845
42001
99690
89087
61082
84611
83882
10995
652
46708
26809
8935
41826
38285
11970
33251
4909
58914
13646
75149
8890
67341
58843
50483
6166
74299
60874
49113
15177
62731
66762
54839
15718
5509
54008
35139
42160
72505
30677
93422
37657
79647
36240
55705
87340
45252
92148
9901
20784
16095
32068
27464
93495
18116
75052
52030
86433
31700
74766
31214
61652
65359
5094
37615
31405
68732
15663
34750
30295
80322
19724
17256
76129
98641
68742
67262
48809
94016
5821
14427
51359
88277
50592
9336
46782
23227
61334
62225
99414
47531
73238
1175
33182
40489
80265
62928
91693
79498
85936
63769
75549
43590
82782
63521
122
99783
7835
16791
27662
38916
24328
56328
37671
91788
22066
31413
55561
10986
446
22458
64087
6577
5111
76189
37450
37700
60697
27273
19138
7743
63783
79925
26360
33198
35078
18853
25184
26519
32895
45999
75845
44304
88023
61098
22373
38037
26235
87458
93425
43213
48496
96501
69488
48890
99865
61212
52703
93557
84200
75170
22720
44691
77412
41733
82885
62344
26568
69624
29265
35407
75064
67959
95824
62530
69509
87448
4337
76183
51165
2731
60000
63649
56299
37191
6044
76519
66468
95490
99032
32561
3888
51710
97051
35359
19063
81390
18658
79
72487
8587
15802
40594
10133
13513
19350
68282
34649
82226
79671
98420
16712
34381
36816
84454
23875
86917
63627
76069
64603
45279
48813
72525
95600
28061
52758
16743
34378
20249
25924
62389
12959
89948
7024
35511
18426
13217
94836
20346
73143
1888
24523
16522
70512
74045
16514
50960
15858
757
94628
78482
62290
34358
13267
79715
70215
66154
44275
75416
8052
17603
89908
63382
10036
97231
40512
91964
10085
13105
60046
7307
93632
13513
21104
91354
95147
38076
57243
27157
4804
64145
64338
3066
7494
43922
32430
55850
12615
35681
52082
49715
3722
19809
12838
14502
42965
41898
19939
62355
70232
93283
73171
23210
61976
61231
50704
75082
9531
81179
17215
61692
63178
79965
34681
48842
42308
25919
83212
32114
91653
67587
14114
16539
29135
37288
7588
52010
23342
61136
14303
74733
89333
59904
81345
1799
56008
32447
28620
63275
48497
36689
8578
17508
93801
26596
14322
95119
15249
38652
92746
38767
27044
58534
25096
74243
54463
21443
98627
65878
22588
43324
97820
8917
61343
1770
90301
95298
22313
53224
6725
10300
81852
98347
97060
79584
81066
58225
66840
75205
2157
31098
57149
94793
22516
49277
52307
35005
73196
30805
45477
37063
15730
84492
48416
8328
17519
8168
17727
83659
49502
93389
98213
21002
84626
46327
95886
66952
483
53861
20159
44352
79504
63320
98345
60193
48105
47745
86743
72437
36217
76980
34144
86821
22699
38486
52081
76968
75465
46299
56219
80253
57830
24302
63331
84768
43627
45662
18206
88385
18731
10516
30561
1934
93011
27828
94183
16034
96909
59086
70273
17047
14870
58010
23904
35176
86980
2450
11651
36124
3560
41853
29818
69924
11006
34463
99489
62787
53199
20038
69292
27207
40624
32848
37290
698
13979
98140
91558
14413
33057
63053
51002
5797
95181
87838
32452
86815
51762
49908
79078
58414
79473
60757
1913
28355
12349
71519
8916
33341
23682
60531
87930
7464
37488
2100
87386
67439
86062
55714
29866
32214
93393
48403
70104
37987
89436
89213
48227
44015
41184
66481
80511
51132
30475
83673
40139
1247
68275
78126
22831
61114
53341
40141
62407
62554
41253
18374
26635
93693
4970
19099
40697
33932
81291
46716
66499
61196
97721
44491
66911
87511
30766
69694
87296
56763
44909
5627
56436
49010
69252
54767
29876
54170
84609
81209
41164
4384
29316
98571
54003
35921
92188
38719
32691
77964
41017
81457
22737
3915
64748
34256
97881
3255
564
8418
51794
30953
17407
32712
62597
71016
50334
55193
10643
17292
17913
85540
92220
1230
91152
1447
51077
38545
57732
64563
43197
44394
90029
21735
75168
62656
28705
55394
67719
60419
57721
85492
7198
99821
75819
73553
5739
1576
40849
53976
95661
8508
52320
78879
6852
33806
72940
91315
28758
65962
19235
29252
93484
35285
671
68469
10615
26315
96744
67238
34830
31645
88803
99453
31273
96021
37742
93523
86230
46635
85124
45369
76903
15589
76717
42939
47716
30172
95966
75480
84826
69599
98313
90435
31380
60907
85422
15227
55321
79628
6449
24071
22056
95131
71786
54435
98962
71996
28199
87770
93463
13488
45381
18823
98664
59536
77733
28540
82628
37038
55327
57274
85837
17147
33314
7709
96605
24834
76879
36399
70635
71342
63131
37698
62452
80299
23573
87496
50542
58354
75732
59168
15172
29267
980
52606
43243
13358
50942
92090
33202
85722
98764
438
99207
15481
25285
49053
39218
60106
29538
86529
49857
67659
75992
36081
67639
68166
90618
55023
19883
41680
44667
39483
72931
63790
13017
14579
51702
22251
10423
75292
51330
79267
15244
13042
49934
48183
73679
87792
59278
99957
94329
3391
91416
20209
68169
75599
63585
2060
94346
71557
99054
82337
34581
35865
70921
43722
87220
70182
86995
3828
15574
35281
14565
31223
64489
41507
86317
84708
48018
64605
75356
65092
13430
77373
21930
79620
53856
26684
93140
12128
92207
19116
96693
98578
9969
25559
95804
14719
67259
73454
71983
84647
80958
56667
20490
2165
67484
46670
22998
71244
74948
90330
21127
40469
80195
59348
74492
81616
67952
11310
97980
26092
67083
6657
94938
56383
12872
52731
56184
22583
89857
99038
39757
85437
9821
50704
39639
35895
41563
60426
33896
68452
18162
1495
85485
40040
77096
36914
30909
57551
67036
68036
54004
74285
54009
16020
35266
4411
43007
58926
70580
79125
19187
2654
9278
29607
96927
99665
77500
69135
11520
12095
23593
34052
22656
23838
13400
91323
1852
70098
68401
59588
44474
96751
19413
36094
65372
43693
67216
16082
27954
86015
28075
92052
30414
47079
11411
58063
76993
12095
72687
43202
74822
50177
77653
24563
38643
30210
10692
50855
59862
80290
17221
72143
12634
22491
3273
759
34259
6855
44412
85820
58099
6492
42122
97908
95272
17564
64984
73827
22452
62532
71733
88083
51999
11401
29940
89942
20702
2898
16114
84681
36771
81574
24778
5716
32788
80873
6501
39279
24167
92727
5308
35666
91121
48292
5715
27727
66355
24058
73364
64760
17955
11432
37726
321
36585
31431
79862
61363
71638
69899
99571
50337
50340
38904
18293
60338
53688
61926
47134
40094
17232
73230
55309
74272
16732
67144
79884
99140
76391
26587
16449
39465
55624
6177
2654
57574
17636
32516
40122
75503
67558
27833
12738
52113
98610
35256
15893
91944
188
42760
97869
42124
78223
52648
18781
3250
30998
34583
90009
4014
51165
96603
94436
8835
35428
33737
89584
85065
59898
65653
29361
62768
99034
79261
45793
39602
31708
39162
18080
63857
2481
94484
23090
86596
62727
89816
42179
29399
23347
71473
57506
78110
24160
90239
97954
23443
92275
55173
62262
60603
48438
77215
49178
62013
99238
16856
22758
36997
76129
26290
65847
4670
99645
554
38789
7176
75163
73867
69302
32057
52661
69970
17287
294
62690
31209
86409
92194
13074
55923
64258
519
29595
93878
67757
34969
39405
31188
69229
25275
60839
76374
13623
63462
91765
9870
9896
36448
39878
38008
31637
97207
34719
68137
65534
53705
41254
74678
3092
482
81962
81220
17913
33844
75412
88986
51550
96614
54755
1449
83255
71693
41150
89312
97933
53267
94041
81495
37121
45335
34963
87613
94338
20772
80398
97241
15948
73650
48223
75790
62287
33677
93950
87747
40576
34975
75192
73930
92546
69782
89544
73555
84929
7638
20719
83632
25812
56675
50951
93017
93896
51653
1036
85192
74601
95017
46065
34851
94694
58644
2377
1584
29610
3173
90542
58291
4135
52589
36754
63134
8010
45689
81121
13759
81578
32697
66467
74858
17296
91836
34411
78698
23387
83608
45413
65697
60965
53608
63126
89042
91473
14309
36790
72187
86453
78568
34314
17366
15734
49574
31542
9750
23435
26552
21848
48924
46337
50722
62466
17036
97241
14888
38775
76220
41043
30438
31975
40942
90362
87719
28266
74139
97566
53933
31952
62099
61149
40637
42054
21607
73461
42151
85574
12318
83895
15370
44071
62898
19102
544
92938
54151
18144
32305
30967
56107
22998
43351
4693
76192
2893
82485
1198
23585
24336
35137
22098
18256
15481
41872
29205
83836
31481
44237
93615
89742
31834
7145
68147
18012
35095
71622
40384
41833
67882
45229
49567
95869
43076
1591
64908
65941
26165
57101
16114
97685
96503
74515
51329
80090
83602
92991
67577
9074
4855
90157
14976
47388
13900
36669
16050
84777
86772
10205
44384
80334
25613
40500
4554
6283
94813
97850
72320
40604
79071
1414
90902
71583
71736
61749
5959
80338
72823
80663
69341
90411
83659
14593
56220
71285
97049
11848
51886
91870
8169
86635
88412
42258
77419
44058
3198
50224
61448
49869
53709
40902
36615
8861
30084
86607
46703
79937
43415
59650
55362
5290
27222
50444
27687
40526
51078
60078
29518
7753
59858
40340
78883
41508
29824
23169
73403
83524
92841
32651
23573
89036
68364
24984
49984
32453
28281
93913
17070
49350
84182
60017
85612
57967
27962
38518
37465
10177
92205
73388
99624
98792
97662
91320
16356
83437
22103
31808
60024
15757
87756
98250
35299
76405
58247
38775
13199
78284
39013
17804
32486
74000
77893
86680
6795
55722
85184
65742
77576
27213
44573
31515
13552
84331
82352
45987
314
88917
55290
3431
20336
78254
10335
59348
84216
44733
41568
83921
90293
43649
85645
77995
43906
14100
51664
927
39730
83039
28519
61782
39494
78639
29803
91885
85936
1777
36633
11290
38943
73259
69574
63859
56426
59405
66658
64815
83677
39480
73961
8438
97963
85866
57433
62619
89327
63219
43984
38435
47935
487
17335
51031
16139
82971
62111
58009
10431
86083
8679
75038
32805
62552
72938
49114
88524
67141
38739
57909
89911
17238
73063
72488
6542
64712
61716
9753
26808
51207
15685
80829
14532
73305
60598
92521
15933
44145
782
99577
15473
82786
32720
71706
28479
86009
42389
98672
92389
95792
62916
31651
17540
86114
43313
68645
67641
58780
43187
97384
66381
18972
58800
44591
48211
64172
5769
67376
25081
27484
80779
17418
57314
50754
89233
93185
23599
37683
16403
51377
5374
28647
87050
64469
82969
89662
25251
31283
25575
77994
78076
29716
99201
96204
80162
73390
64707
32771
68371
70123
63743
10245
55967
56443
36479
34191
6671
52179
67596
56752
9493
52856
66444
72123
72249
81912
26583
75242
28454
92600
94979
32554
40210
11883
20052
19280
40708
28856
95056
18424
10714
37926
89018
21747
73956
51908
37885
80704
10585
51021
10619
15776
19137
88278
46413
65322
8045
84220
24199
70837
71216
62398
17591
9236
31456
74954
69480
45950
28839
35465
8503
61713
85458
76458
70101
95015
67849
40473
52886
46308
26735
67991
25013
91602
57538
26720
79014
93342
3235
77669
26010
3921
28567
11354
35549
51195
80719
33031
45149
48360
96281
56359
3327
45586
78142
81661
56190
70255
36971
41517
87218
79469
22589
14228
23097
84213
75235
14534
84368
40874
85171
28690
42656
76873
40639
35697
76416
88860
80529
51038
57240
87464
12981
78816
16035
16895
48554
88832
19442
81311
32844
73009
83518
56476
18001
62506
28923
65482
91161
43378
50391
37841
35627
99839
76325
88597
21141
81232
32802
37539
19662
67401
40117
60356
65904
40397
90466
93170
26741
96721
91579
40097
10628
81999
35638
39021
76561
2763
86029
45276
97107
8703
26974
6910
13982
74346
34282
26284
34386
34289
57795
55826
59932
98833
38300
31815
78680
44064
44063
87307
47325
43384
41015
57993
75632
68609
11694
17087
1002
63728
48714
31002
86347
53089
55569
40620
53691
96735
1594
22864
14257
37807
72088
96350
43238
19178
72321
60351
97135
67141
26401
97463
19623
80500
64634
35344
77256
26034
20244
12223
44035
33413
70319
69349
10682
2089
56395
8141
86154
49780
82431
93203
88837
82197
85777
43835
52491
35833
50091
14286
88660
37635
95962
3421
85985
30497
4720
15631
51497
5872
14942
25637
94182
27794
89824
29931
92673
56792
31639
46252
68273
94591
87956
59206
28450
6043
24291
83318
23239
21711
45425
42652
3733
50188
27801
34506
52500
1934
89143
90375
74393
1927
85915
87810
76164
93163
57425
82121
47589
70851
14176
40155
7948
92989
81108
65535
26146
8918
96181
15886
61051
29012
14698
42822
96371
49721
70694
8351
62757
38223
54177
17151
97131
15396
47829
45381
1691
81318
44863
3032
7920
84900
67036
32266
67236
84764
96303
66054
2482
91440
37108
12274
18624
5608
86539
81395
91692
82381
79003
73951
99459
24160
69432
3437
29286
23806
70235
51827
28121
13200
56985
77921
98498
165
35729
52656
75128
80754
21161
25115
19681
29592
57134
15748
25739
75714
73056
18821
57740
96285
13775
22251
7565
98872
5874
68720
55156
24180
42559
3914
8961
83604
53631
60437
53218
82190
78515
21340
79426
75139
94930
77816
39017
98009
22141
15242
87947
75373
32400
85692
3423
67530
65222
42525
61906
37312
87233
71030
48619
29112
