17975
9729
53273
27092
69470
4733
1374
93804
55419
48817
38062
85119
18709
20466
79202
23548
88766
54150
43933
14923
5107
78185
23492
76701
43983
20186
99317
78703
36086
21356
29872
57238
96529
62256
40498
21549
5279
9942
97552
67198
64105
92382
83633
59959
30629
79875
27735
43786
90132
28150
13832
8724
28659
15600
4151
55273
5262
64424
40469
88833
5776
78876
92562
15791
66893
3857
57920
99696
96386
8160
6354
93869
14097
33568
21310
30586
18982
21999
54657
97943
90420
63724
30558
7198
18647
7532
3998
39503
1365
75041
68021
94605
38903
16940
54264
84039
89705
30498
68168
1087
16404
29112
34442
23292
64867
14631
35791
15238
42368
50280
95311
74784
74577
91831
535
62182
97118
70774
26608
62481
34128
40335
20033
9347
37099
34059
37309
40195
2389
79983
75110
19735
12143
11276
876
74325
97726
64423
66611
38300
43364
37182
80492
26254
2174
89531
27607
68089
20266
42304
97016
41722
70381
71984
5781
81108
69095
85597
30246
3133
88157
26313
28359
16141
59060
64379
67542
22237
37744
259
34724
85655
28898
19205
9966
43324
61405
12858
65690
69323
90768
71326
35369
74941
92733
72306
49394
89482
88148
98690
20381
33626
46537
73363
14526
42648
6315
52930
15999
10072
75222
31166
11787
24789
21281
23901
13910
18282
35755
40218
28390
72697
12935
40683
62520
22217
97379
93631
38501
73570
80370
72891
72321
28111
82624
67016
45041
68549
77528
86826
5988
52636
2726
30517
26068
20987
69203
22079
28177
96684
26736
83028
63949
8838
16426
62357
27793
75295
19077
79474
75400
11674
54006
18947
23802
76114
25302
79591
40445
43655
50725
11237
68307
67543
41765
69477
8035
91702
35860
98728
12022
45020
52538
12385
69049
73234
8225
21881
77026
70818
84230
99772
84502
82011
25299
4764
17280
17434
28989
62571
20908
24533
4400
72493
22133
94112
75454
31015
87149
34436
57391
29772
15778
54385
54798
79229
95776
98610
14290
38261
34916
17027
1636
60740
16474
93593
15011
51327
38172
33800
4880
47518
53041
9601
54240
25762
71586
11764
31516
27424
1591
98078
67036
84976
106
56359
98133
68273
20132
63688
46826
90164
91148
76317
92143
99174
36513
69711
94784
5218
79731
69437
17667
71672
82146
49481
9226
61078
71886
57593
99202
15330
9822
41924
92922
95429
21560
91315
67915
32240
70132
27372
40166
66356
74524
68723
76028
81218
96264
85071
5602
31819
58199
55877
50987
45969
65998
53076
5797
41932
28616
71875
53972
4970
38648
34091
64402
72744
15712
48848
38015
42638
18813
93570
31866
44449
84123
74964
45263
3262
94650
17986
44328
92746
61381
37431
90685
23021
3550
93826
59229
28247
8677
11583
2418
21496
64587
77633
55825
16330
29586
93372
94766
16600
12226
73029
29397
88343
63993
27589
1920
85823
39379
27180
79868
73970
7724
7455
34153
25422
53522
10541
48315
60162
68387
75247
49838
38959
83375
58279
8942
5733
23213
55709
20754
2966
30883
85221
68656
13923
15426
54438
21018
60369
8835
52753
84734
73924
43536
60023
99578
77685
5727
61294
46198
22463
28508
57334
19308
45372
4525
39363
70367
62431
20862
49206
40355
37667
23190
17262
76957
9544
10855
50456
61083
93732
18235
85366
55422
15872
26737
30679
84981
51869
63347
48467
26604
41444
77495
7073
72854
94817
31277
93460
72635
28417
83813
5994
84546
43269
77391
66783
33326
28045
32804
72650
23255
69748
70184
50227
2299
84002
9748
95073
17496
37471
51175
99037
62262
4768
75376
70530
75304
7028
87418
55867
69358
45647
86973
79879
67326
17980
16735
12887
8598
80609
71743
50303
73185
81198
15280
49934
70137
17887
76309
84203
52553
41893
77389
71943
13214
59142
12512
73681
80129
58919
98655
10241
57224
761
23911
70693
57174
54494
78376
97901
56680
89175
98061
77326
17747
30269
31616
631
18396
22566
80589
46151
25816
44112
20091
33781
99285
72370
74467
96520
45082
21369
11060
57715
19695
8411
69443
14709
78881
81754
40898
40010
23634
76229
99531
1445
53622
55733
61481
83130
24588
44206
63882
69013
3951
32470
10676
4158
45557
86264
51038
23022
98161
26451
44306
62204
80873
96908
7184
62748
95456
85238
35824
13241
61650
66841
13749
4963
72991
50656
7862
9001
61708
41859
11725
31298
97438
42229
41419
66944
46716
92617
12792
20462
27800
83840
47038
23792
27729
33063
60291
62547
75591
98036
66395
75070
98478
672
73643
33786
98376
32490
27135
48960
75722
1264
46927
79913
9344
70189
32902
91806
98402
25983
22845
75111
6962
60225
53599
34021
28166
2783
9518
67036
82085
30231
29642
8325
3700
1129
56730
89144
14928
81486
74306
2438
64177
676
84324
61503
34875
96279
36595
43921
87184
865
4006
99799
26493
47409
84939
44959
79933
77547
81490
72182
66401
59813
38658
86361
10580
73702
17306
29870
73295
61288
61674
32712
6478
8144
25965
33545
9137
6085
42038
50178
60673
47154
8378
1164
60719
11709
95408
10718
17831
66035
87998
53660
85441
60876
5167
4157
88452
39081
94688
80811
33586
58535
4986
8447
61044
13554
65762
59620
13696
71325
34881
34048
98484
39568
60591
86081
23297
87236
92489
83805
10139
86593
98176
73348
6446
43665
61493
70198
40412
31701
99293
94193
78487
14379
29081
43077
52410
5112
15953
40711
43918
3053
89438
90963
43650
89993
90937
7734
40126
2427
51173
13614
75922
775
21218
10957
58006
14921
35097
90715
90119
49831
13584
28083
80916
87894
26654
40087
800
81449
30017
94273
2270
29726
56988
14790
59254
44251
75401
88695
9344
84519
56997
2721
77299
82605
41285
11807
91641
62965
93457
18686
88296
6266
50237
68626
19165
87692
12563
92923
27008
70591
82559
50033
22847
80309
59916
26428
16696
55365
80834
30368
62649
87179
42535
29604
91914
68331
55611
97707
80653
28545
14699
10912
10758
96730
43125
11544
22110
98
5106
56855
70001
80028
34953
43767
22873
23717
29072
14526
35388
74978
17329
17228
49274
50571
33294
18261
37001
27056
16565
5987
29323
15753
79838
26334
44267
88507
94704
89823
74391
85947
63861
66701
43518
54508
67159
11442
96404
94567
38969
43062
25050
13797
74972
35381
46715
60901
18469
64010
56456
81044
40116
51676
27822
61086
71136
85248
84048
72611
98214
46032
224
98526
97221
77888
1689
4857
88017
30551
8573
56515
35033
65774
87087
69611
42205
30233
87828
68304
81886
51374
76451
47388
83231
25101
48043
99713
90079
90271
45580
16788
16577
43663
69055
76801
34679
95877
55144
37295
74348
37201
69937
67609
17836
57631
38531
28072
89170
6418
34039
41857
66652
72513
47163
53906
87174
36435
16788
63914
85559
51566
36499
22962
25663
53169
99936
24653
95
4018
94201
22537
83829
41427
56105
89219
85872
8518
84619
92678
59792
37971
42423
16164
23973
72655
91191
21534
77890
51357
16608
34874
59196
65520
95077
89615
47914
76527
63689
41086
93704
27986
87102
49693
83613
68647
44126
55684
54049
73698
70526
95525
51482
27145
16822
41084
74045
61824
9735
94587
77520
3975
7162
14320
62975
48403
58043
8946
41293
48004
9887
9594
81498
45387
84269
16718
49087
9184
88909
87840
51138
32435
85997
64887
77919
874
96042
65142
42011
59587
99004
70543
5635
17361
46119
34190
99913
78943
29570
71275
20623
33937
23909
99629
8017
24532
42046
45718
51844
40191
87490
39759
25898
75103
93012
69094
22670
24509
36484
97960
53632
16748
96504
15390
57095
80081
6699
46491
40738
5077
84861
54313
8882
25231
96221
13931
23465
96978
94053
76581
24419
6770
51583
90946
4829
60557
92960
10652
18933
62586
6210
8442
76932
81216
22898
98899
56132
12143
34855
54086
65243
25396
22686
81583
11875
12511
51292
65514
68465
20471
17709
67478
11243
30197
38377
63596
96411
46781
68298
27035
56119
91950
84229
81180
25187
74922
18731
42861
26600
52480
19427
77619
32123
90652
93738
66472
89811
63347
74817
11004
90029
65933
82209
11511
13464
12272
78479
51811
13025
1798
47627
47924
87157
24757
91745
32119
72060
37503
32193
76263
32110
66415
18486
85772
58331
69436
17814
53262
9489
75136
93635
18188
38664
30737
32994
76200
80744
23201
46831
97938
97906
21819
42056
68971
5659
95817
56961
62191
17166
56368
57387
16506
17944
33346
74401
1102
48878
95181
22508
85231
1877
39004
28759
49085
32012
44857
49484
30689
86479
16538
37139
54152
77444
53489
19596
5827
94861
96225
47592
78116
27495
40583
82698
40266
61356
9377
80783
49789
27729
42881
59135
78772
35570
41105
27422
77640
21620
91846
85475
76906
92459
31145
82831
88477
62308
18423
33992
78975
1873
39934
30725
73527
80847
54709
69019
12129
166
58386
17999
5004
28313
52581
19970
91777
92482
83299
88927
96640
76125
61758
16507
39946
55262
43902
93020
16270
41617
25747
21699
58006
67304
8111
64313
19089
37423
48198
72168
73083
98781
78567
14747
8022
35151
98011
10729
18339
38342
52505
91153
73373
36822
56087
3413
21214
8523
11482
93698
11671
45051
45261
88048
74921
30527
45102
32381
74671
8169
52743
41274
96145
98034
7491
96648
24195
72288
39417
67984
66265
40584
24106
1115
24654
79050
6940
86294
32098
64411
31377
5069
65740
58901
62008
85478
1235
82282
90536
26546
41917
98668
90817
76652
1536
33402
71023
65069
87804
59953
46732
5067
17629
75407
54850
39641
45785
83188
94161
12915
56977
39997
67337
94511
82966
36920
86574
89386
81987
32976
39395
21210
25311
87379
52665
99374
10301
87143
54609
55235
96688
63654
87987
15140
81911
1055
21445
82730
49355
79502
84435
81918
64406
61275
48106
44941
46143
13397
18636
42403
27897
91740
67718
92197
14214
15297
68945
42491
18746
40780
48735
50189
65217
95507
57397
41467
3567
49101
74042
73327
55935
84856
48918
27078
6870
76241
28990
54291
92352
63248
11397
17022
22005
75263
15140
5077
82113
83533
14724
4531
7906
87893
31638
81878
21709
58492
41626
77161
6712
74874
223
16552
9624
80242
33426
92715
25185
94471
40211
24351
51922
54455
3486
87568
96080
72391
13822
82214
85742
58820
30558
1547
1326
91292
38061
63091
72917
23387
99218
26368
30088
54087
81181
70397
33466
94886
70232
15693
74735
29490
40079
93356
78338
66445
81939
67825
69923
44492
88752
78273
98689
80188
29385
75773
94684
47507
14050
53142
73475
3902
70230
73125
39554
92689
27908
98297
68811
22457
95632
50452
66646
35725
22298
68653
44807
27569
93612
47301
17878
40381
98576
31303
40117
5403
43205
73539
34153
27018
31576
78171
59023
12015
78511
69434
59192
6867
59594
41894
89707
68568
74448
32543
53808
12417
65734
81150
26591
7226
68968
80375
88373
98103
8117
55937
36729
8659
93857
67562
43008
24418
67644
67156
21601
50320
22715
44315
52495
15427
15706
75826
7302
61864
70133
98858
25750
17150
4731
17304
98613
36427
16205
65671
80365
84907
82292
3362
58633
51784
77512
51292
87448
35693
67930
44085
96958
99817
35630
7484
77175
87837
35304
28693
42664
60858
11686
7070
39733
97291
38066
34845
33782
54948
73869
89567
39546
87147
8665
22368
15623
2773
33537
44959
43016
90559
31879
28211
10773
96620
27303
36197
53683
84274
38450
52844
74800
200
11191
8276
85005
80826
88248
96697
86568
7018
91711
97952
28485
41603
90818
3607
92415
90057
63131
59693
56441
15311
13040
60371
59063
1218
75116
58429
30415
50931
16672
62815
97549
61579
48164
48862
16403
24484
86448
47738
12127
24096
64431
81158
14343
10759
33482
97002
8773
78585
68899
34309
13576
18964
12204
91839
38185
90054
29143
96517
92540
91230
86476
72723
23353
23498
29359
61139
78848
63130
23899
62672
63173
82439
70087
22664
81325
3716
27679
72960
25387
19792
93300
43154
42282
68777
82135
32415
43655
30831
24115
21827
41061
49829
50853
72401
72578
38775
99656
20169
38893
34143
75074
75042
65607
45993
49305
95620
40959
6430
81543
4462
14186
63776
5751
85324
49235
81146
4496
95019
34237
33240
87105
44590
22338
73976
67828
63370
47300
55066
45921
98915
45247
49105
94212
92650
32659
35155
88346
13500
81512
95646
81097
87618
55927
50650
40945
47510
27434
80473
58565
66286
95852
76440
39955
21993
49485
44632
69014
25630
95262
9005
23221
25837
871
37668
73976
75320
70190
21171
92232
65810
19785
95167
15787
69171
33017
97808
37189
62246
72383
27298
18982
94428
95203
22426
4828
93399
34904
67403
12778
70555
64327
2999
68567
26611
32390
73578
50181
2511
68794
24934
97881
15750
34567
32407
59044
94540
66186
23586
75528
97539
81109
15971
65682
50709
91634
31587
46804
35587
20062
95322
71574
9192
2291
77642
68534
64683
84042
54243
11617
52276
60551
5232
49619
4633
82533
91862
65594
74627
86451
76499
29479
20002
64236
76017
62531
2725
60075
85395
39013
76007
47392
34441
65399
45461
85427
35607
96660
86178
15560
62264
91044
14594
39130
9554
10229
86842
37860
66951
98371
34626
15246
24755
12894
32506
25892
31357
98287
94960
88069
60173
73672
60972
71490
85161
30153
50237
49669
96340
23467
84835
85749
10946
37202
88354
19198
32617
78580
91005
77859
68408
47139
88931
8074
91202
70229
95537
1457
12317
3288
8030
64183
53912
36433
80541
52303
74287
26895
3521
31682
15301
80919
10506
59669
34598
14212
38494
460
50160
99764
8684
7699
13033
59488
47609
97763
89368
81963
94165
52384
39908
30336
79247
47214
50636
55072
15282
3412
53769
23283
85036
53516
61507
63058
50884
19658
21565
43333
1397
30536
95189
60911
56471
41830
52620
58904
93905
50976
48612
64309
66277
24314
66763
14734
43862
74536
9655
24767
89173
27434
1891
52956
58538
13848
25891
69911
74424
3320
24313
80726
23915
38994
95993
16224
2224
16706
62831
69689
60569
53038
11468
66604
44292
81176
48935
38029
43037
18224
98750
99641
2528
80976
80967
39990
34317
43327
55703
57080
53429
96202
88222
44063
93035
48793
66293
93533
28647
55159
35711
7740
67258
28993
17411
41378
80394
18551
45246
53910
24838
76678
94481
26702
99606
17214
67309
63665
89710
44843
87414
9538
8229
21850
52859
28720
44423
78368
34946
27769
72937
62490
62000
99664
83411
90819
58483
54489
33024
49827
59510
93510
33058
12865
13142
22913
5934
23578
11652
77472
37755
46372
29069
17990
77873
37532
65700
51857
12949
31634
54232
31278
62403
98492
72315
41663
17983
59037
60785
92655
84524
35536
80207
28205
38953
34746
45926
29319
58643
74689
98347
66273
42271
1141
5312
14039
29578
7043
32287
28764
14540
91232
53615
27506
8215
66794
19063
15585
90229
95514
35432
83279
69000
89120
29883
64019
83619
45961
96028
19558
21254
45881
17967
48494
40447
91175
11941
41005
5098
74701
37740
35973
65205
29449
60040
5184
40648
80969
93716
98357
60420
85114
58506
62396
66371
81627
17999
79864
27764
49529
89049
75716
69885
89435
63789
48922
10395
33882
93756
41013
1816
5506
73868
18130
43946
65315
69650
74609
7852
33095
93820
14969
57033
68910
1096
16433
79853
8770
55465
78132
5204
58854
51008
80833
61388
76179
40602
27892
3446
45568
30619
57846
33514
75277
45531
90062
32022
34015
8951
47414
56206
89610
95565
77062
10286
43649
44820
95377
55080
81478
19189
92299
27937
58443
47947
42916
45636
36657
85206
830
93667
49011
32884
89194
43074
95205
93380
30776
77195
6203
27777
2806
88529
51692
94010
617
1764
99907
68731
23426
14492
44493
4385
48578
53117
44194
70736
67320
18921
9811
82165
93907
94801
8159
95399
86618
84155
18546
20176
44139
56360
56252
79586
28247
85155
85813
20042
75910
4605
72203
53464
32668
12056
38495
1167
88285
79430
94677
13041
37062
83122
92479
88207
85981
88846
92133
64003
38888
56428
75079
95917
73214
50783
98208
22059
7190
49112
23558
37065
65352
9579
15493
65817
61837
93259
74210
70204
14253
22906
34178
14079
55636
66689
77256
24000
13778
92622
8227
26564
41106
74808
27334
58179
3899
74890
31890
85006
92940
25691
78681
78634
47114
42441
77200
32118
45340
60800
63662
40301
61570
36782
1880
54749
54249
74594
28048
44569
10131
75135
86699
68257
28900
83445
98382
24962
50996
70133
49439
83357
26158
85964
1782
63886
41720
1235
57482
84069
9830
75564
63971
64364
28711
25447
43344
96360
47361
52720
8522
86843
89743
81785
16961
78425
19978
38408
95931
60626
68250
48785
48147
44530
85841
50002
54877
93477
89598
73262
95308
55563
1401
96550
66847
80307
95485
3287
22098
17654
44708
94374
6952
27288
59628
85134
99852
23266
39762
31329
29559
61941
19772
97792
29382
58309
85213
42256
12438
90657
65159
44412
66063
47668
37517
97111
37719
35552
65057
33890
5198
82815
65972
41310
88820
50457
43861
15203
40513
70919
3170
52593
79912
89928
56030
38105
8937
22155
62163
91752
66018
391
93580
46686
15983
37081
78078
95366
2091
30650
7544
84692
72774
5149
24834
84357
23204
6835
10202
29545
3515
67861
2486
37046
32660
26973
4481
74263
80691
93524
35488
8845
8127
35584
5808
15193
28344
67491
42984
21665
32347
82171
68464
1507
6004
22431
88342
73772
38143
43543
11706
68240
70195
24366
45792
70095
39546
47937
84861
2637
39427
88810
45231
37577
64251
32867
30268
26088
53927
85778
65944
23632
87498
74526
69321
39551
76917
65175
25833
43152
60314
18324
45
2831
59038
61805
36472
58694
3063
19738
5045
31475
53171
988
76430
23185
33629
79876
36182
22881
75867
61892
2235
39308
78364
33520
68939
44067
80160
39773
48573
58686
87350
83594
8560
19149
48057
82700
48926
66766
41012
78028
64851
38627
55062
15501
76711
80191
79984
2996
52695
35209
57432
17028
88723
52567
12794
68101
66994
214
86902
32894
85029
60494
18386
70081
43571
10156
88052
93401
35228
26689
27457
49275
27712
38621
58267
7468
23874
26153
38177
88177
32984
94734
82833
51595
5924
74773
52595
21815
52180
41874
27485
52009
24113
2182
12697
39843
56672
76197
82471
37586
52704
32728
78411
15120
11430
56159
85509
13651
90546
28858
33183
10620
60939
61532
8170
42656
66006
599
69313
35575
5489
11946
38009
12505
33102
89558
96157
53948
14592
54699
82253
5434
37597
32769
6211
42357
35302
92970
85495
56440
9038
64363
30857
21334
98524
94073
70000
85745
85338
75429
46828
96318
57605
18869
42546
25751
7893
55321
19273
20029
56491
99771
88102
17986
54099
50888
68535
45762
31376
74861
10185
98573
30139
44752
97725
74315
78964
54752
46151
84433
27468
73583
99719
12433
76117
75335
94601
13722
5234
29061
91681
99423
28967
13704
38488
91720
97896
5822
69874
1932
36486
81754
32269
23782
59472
64735
41404
61113
45574
47534
16393
62612
6970
23044
82746
85501
15983
41768
95465
96143
60320
53533
29729
61810
31863
19550
80107
12805
68952
26301
66735
47076
31820
16740
50060
43882
97623
9584
23643
69756
11973
41817
23559
76427
74005
5117
22199
52793
8271
41317
97033
79324
41329
34282
68610
15278
39818
645
47228
43981
88613
75120
75499
2678
59362
68316
44807
58762
88839
6493
62709
26110
96043
57761
58991
98256
90520
99186
53641
15300
79543
72851
9011
6565
6515
41423
49613
35256
81902
49928
79057
16542
8164
29356
4109
30807
20720
12629
65240
81663
3175
40059
70998
30695
77920
34775
56218
85160
29215
52724
1151
5818
4301
37111
98268
36182
29062
61299
46584
75698
4182
89761
90762
60859
83111
92125
78800
89832
58704
36739
96690
71412
26709
84230
47685
47214
70752
89597
67098
2662
80995
59451
49954
18044
21207
30147
31575
6775
37138
9666
84562
51002
3888
21457
83502
91114
23984
46930
96334
43761
70110
12111
68989
21782
34648
74426
19815
89687
98263
93865
22966
91574
25622
82949
39158
46715
78994
64145
4100
33087
93448
84262
90726
40286
46741
4522
42405
97493
4828
48861
64296
66418
69067
13629
61431
63068
7848
18838
51730
48741
88267
77278
76229
94204
99438
57701
77043
9024
66475
40833
83125
97436
64881
54376
80025
1733
84922
25575
86937
15795
400
61125
43600
44383
32870
80275
84425
31530
47403
15554
69496
6415
7449
78205
40933
23739
64446
58981
82893
19688
19470
74562
4160
1771
78529
64544
58336
15925
64996
98001
92218
49856
75164
587
94400
58994
31754
67495
94011
95908
71967
71240
70498
65463
95145
48143
22171
31468
10008
26143
92485
72249
21301
93336
56463
51992
8454
35189
45930
14907
57585
71255
38905
11819
65051
95323
32168
59948
98809
48613
76438
85192
6717
46123
46090
75567
43829
78845
76900
72921
39818
35304
32021
90589
33130
92439
54417
95200
14150
55016
6290
16593
64856
89617
2682
66265
23932
69980
4605
66507
81344
79860
38818
10185
87996
70692
94254
19364
36677
66589
70310
65453
17582
19684
49858
34680
95677
51870
42112
80368
85714
72456
11045
32082
22010
11182
18387
64573
39523
54849
36324
70880
93459
65512
67415
67315
88874
87447
42883
13471
98031
36384
76860
32608
91026
21232
40978
51532
90067
71129
46069
23536
41053
7666
45657
96166
87846
70166
23628
47595
72973
27580
8394
94038
81714
12503
86558
42101
48002
83642
29973
69874
64868
94982
88398
51185
29415
45672
82805
41953
76969
605
3656
51142
83883
80097
89010
54606
98350
10799
19849
80760
18472
5995
7568
76853
37392
43261
1553
14461
83763
28275
6670
58942
52954
46814
56411
76901
47674
45231
21282
50581
23806
24377
87403
33866
7989
45506
22281
45913
57005
79311
82207
34260
41703
52260
34987
39977
74162
70619
1869
69459
25561
59804
79608
64218
67030
30573
41271
70910
39144
75144
58977
30622
36915
72205
19210
87418
87034
55499
15121
26622
5118
26859
28182
44495
35623
24503
11203
53581
12539
46302
78024
82329
15617
33872
26362
90729
20401
4643
75032
42769
37159
60309
83978
92338
85086
6563
14494
80857
9546
16624
91663
44886
55787
26601
81737
7739
18532
93568
27860
11947
96623
23771
81903
27966
74597
64023
82804
67971
5081
2952
52295
69047
46744
71923
8724
2080
9328
5107
72287
39479
6601
16310
7252
54486
69815
85957
23785
23075
76558
88184
46132
23610
1937
77962
49365
8200
87818
37618
69407
21366
31274
69259
46409
96515
58338
80863
86239
7883
93625
48703
64197
75136
93925
98718
35860
11496
19561
95270
18905
2825
31696
81767
56413
66071
3858
72928
22581
50914
34577
21385
42296
47743
45933
94500
71832
30026
42506
40778
54532
64317
95634
77774
74368
37546
19538
76912
18660
21931
16194
32415
54855
8292
9830
13781
70210
83790
80720
30522
24633
79594
6073
23821
20965
3716
22778
25480
82974
41914
44606
31982
76403
71890
96899
20489
2285
79967
76960
78260
79268
22674
64208
53762
63135
52314
10870
30550
9352
70415
70367
43898
18556
2486
15324
57918
91126
13901
35011
27407
44842
90220
79798
76333
61872
55100
48344
2409
55081
78006
51449
86805
10141
76158
44188
19537
44706
44096
5881
80489
92941
89762
33296
1629
37765
50823
11849
81320
57679
91843
84686
99753
58175
26614
86035
17474
23838
24968
44071
27937
11762
59532
60664
61296
9832
13195
71232
57436
35184
67212
76697
65168
84596
15445
30074
16073
46465
68085
43246
64321
69717
15860
22490
45606
18359
46657
3162
91684
45530
39770
42754
37859
99613
37936
90456
41742
60201
59703
64556
4463
61233
4334
39879
17653
40950
48379
98528
1766
32791
71319
23257
84499
61925
16354
39233
98190
62979
54787
81900
26238
52595
82083
9874
4786
27408
19953
25698
36352
25744
61186
69299
42957
91296
34525
96337
68947
8078
55203
31953
30211
27933
15918
93509
74114
66853
4531
52442
79987
55567
87442
91678
70187
14724
36463
3586
76741
26149
8228
67285
39981
78706
98288
95433
32802
9778
38251
67499
96705
45731
62127
92289
30097
21052
99045
89887
6078
24343
33642
83021
21023
28350
39603
66763
58439
45848
43075
39727
94365
63053
97137
3257
51014
43713
78100
85590
16067
59014
80518
12206
63724
87878
99233
78020
77208
4417
56159
22849
46280
44583
26990
82048
70701
60786
92528
93265
59896
34163
12540
52769
12643
34016
36973
85878
54912
77965
27409
65543
5034
71999
85744
25871
96867
18592
98557
80757
36339
42123
99188
98398
7886
80167
44579
71972
32084
67278
65711
94145
98785
20920
17005
91910
7343
56526
70844
5502
36495
50487
51041
71363
22384
79758
15099
81073
97290
59662
45721
61061
13334
69614
16880
74332
83536
2959
14638
50572
35175
56158
51445
35648
29402
46995
3797
69055
7710
56057
45341
20219
58543
47300
93531
13739
6533
16997
230
14242
15250
5446
916
55461
875
79876
68156
45692
25791
99899
70510
57319
94573
59044
65593
82549
76895
58030
22942
48025
10534
72405
61333
85141
63832
51444
76166
84434
95206
36227
42778
88286
87434
58986
12734
75726
35861
72185
9158
80094
55399
66463
87790
13785
84178
88758
99248
78180
14399
59746
63898
32716
78787
47562
86962
73124
22819
47174
9445
71155
7181
65327
33780
25830
83645
13275
86808
30873
37696
76048
43066
31963
24341
78147
93375
59766
6320
29483
6947
48008
69107
98272
89664
72481
42117
62056
21554
17358
76897
8800
47176
4521
11787
82344
14469
78696
87703
67316
89661
56613
67423
52360
19195
14406
16401
34877
74576
3227
11260
14665
6229
16771
17478
79002
30111
85043
71860
54294
52476
80505
59688
39
92656
19026
46010
96787
84507
98817
55491
33076
21325
61912
40209
45834
44102
91329
19605
41315
48467
99061
68097
75307
9908
91973
91455
99265
61357
16888
42164
91034
28314
97549
87509
26475
35567
53662
9017
36296
52443
80769
1324
99025
75195
50137
98706
22633
7721
43623
87329
8507
29093
82201
57539
62448
55202
33962
10096
80058
82860
98093
69831
40337
28931
59244
58450
95071
47711
32537
24325
85684
23591
42886
53475
3647
69816
80809
59794
96551
28953
41316
42261
40301
10818
29045
66032
6806
66003
41991
34437
13525
77615
77607
75746
58325
20569
71777
51686
38504
91138
1575
91805
26008
95634
91757
42345
97268
32727
74505
39499
22017
78728
25352
51060
77502
1334
30544
68214
93575
6855
77192
28434
50738
26049
10622
75295
80104
4743
85489
3586
39846
24204
83437
72382
24618
53002
47257
13866
20104
12499
56155
64743
17694
63628
43609
89918
97723
24873
60297
18078
40586
9703
10241
35489
82406
92716
17226
43236
74849
98157
99788
53519
22836
36723
44038
7658
36596
89925
40872
67434
33748
68642
76652
96192
50130
83950
65542
20170
69265
44246
20976
32819
8891
33546
36840
77653
94620
97662
46999
71801
80335
13913
80469
48244
62630
92502
61105
33615
98483
7767
85315
4215
34751
17968
87970
81576
48669
27144
98531
71907
7128
15010
59374
60498
38858
44821
44628
9313
38289
5751
45521
68667
20748
97242
46843
57844
81991
9703
31961
98462
38789
79003
32105
11097
28890
86188
4906
86334
19403
27737
198
13015
68682
69902
19864
89742
16726
17896
23802
19229
55744
15874
24595
53228
51902
597
43871
68662
9078
23546
92981
16498
37900
29127
46426
67668
63897
27975
965
16172
95702
66215
79776
10470
38944
21796
8363
50867
53551
51530
52585
45868
93178
88122
1010
34004
7867
58977
13550
43327
48302
36884
5018
81205
3049
3207
85862
90554
5726
1094
35697
18526
24607
75359
29507
78565
46730
62205
52870
92546
94588
86027
85235
83470
14390
56905
45244
86007
88059
41960
31817
76730
32710
21556
26249
53048
37152
23015
49230
39146
34370
31290
73184
87956
79038
86229
59535
42143
7079
88861
84809
12106
47840
70553
74802
35534
21540
73481
8213
99748
21067
23164
50960
34031
70978
12817
12603
11024
22127
51683
64802
38675
7639
46044
98758
75224
50950
58353
25043
93779
91602
78397
26982
14969
68222
74194
90204
64305
84623
64007
33441
55642
87296
1695
59593
83625
65016
93679
42112
65633
42094
97513
73996
69559
36838
83788
42478
20787
9852
90746
20895
24556
65882
64055
8181
62931
12645
13251
32399
56247
24340
34012
70390
22508
89313
55293
68645
67417
24138
79966
23002
84899
62560
21679
28193
74777
5661
34538
85120
47301
21034
81052
3770
3667
21150
64059
91990
82038
95387
91735
15536
7700
33351
27192
60839
38365
5816
90795
87556
77617
84023
68108
47799
96364
64971
41846
15680
11012
84538
93524
22593
33893
98330
6781
63220
6374
61106
56864
25199
73497
23865
19955
98935
37273
76087
5566
86835
21617
19836
14508
92078
83855
78145
52395
10238
14680
27881
76376
44014
1815
1179
1232
85886
31273
30518
23229
80045
80535
26833
53374
48192
30093
99233
702
72548
18886
79331
78772
54648
62533
30381
19844
78589
44646
65132
40167
92245
90782
790
40266
62035
77577
727
35344
72911
5137
68189
42486
71053
52426
30562
37404
89590
98287
73627
97684
98143
61980
27166
19207
40601
71202
22641
34689
54143
86376
1714
42335
28265
63863
64253
62782
88580
96508
25679
97701
20546
91944
49318
22004
68365
35671
34801
81074
16693
92547
92815
15443
13298
61547
75896
19836
58882
38534
92800
20583
77566
92004
23267
78136
98573
78676
70332
71793
26608
37941
43402
56624
83664
20492
17973
58397
74492
16463
20478
16906
68457
51295
74228
95383
54683
73423
59546
41759
38789
89680
45162
50927
74102
84439
65558
97239
83307
53231
36721
34254
55545
17230
42564
97464
41657
64640
90427
94440
57438
87996
61474
42392
56736
3234
60459
90348
76444
74545
35603
5228
37912
3916
72001
10581
43719
31310
39271
97194
23012
64160
65239
82575
71543
70337
22851
87846
78250
62379
78069
23120
39253
69371
56988
33379
22072
56067
52775
78222
77130
45921
98672
35102
31967
33631
33509
94960
81458
45864
94414
51183
77912
57344
14861
56331
38397
50696
43866
93065
1247
90239
8558
8473
12152
72083
21062
56169
48823
37096
25619
59326
76332
93352
49093
52660
71064
75591
20847
25460
10608
49954
82080
43605
41156
13109
54781
55394
49578
694
82857
26625
7869
56476
36282
81723
44904
41241
92830
9511
11365
42392
5936
23760
60800
78507
48811
69016
37567
97272
27677
18653
21632
27343
10895
61291
19861
6624
18772
97942
83045
17944
62080
25761
96691
8481
42262
20359
38941
33996
99856
44720
94265
81540
79846
28736
49520
59083
28318
18677
43680
17815
39324
41621
75287
1141
23441
35304
87376
89550
66235
66119
56490
91479
72357
11331
17030
41938
96069
58355
81208
99767
9466
85571
44031
18517
16096
50976
3026
48914
89257
70613
16662
40362
11738
24827
23819
78926
38402
79106
995
3775
853
11375
79613
28581
48414
2818
59394
84556
67379
47624
7986
65290
43708
80709
14924
13449
62301
35103
18026
38896
25606
36427
73469
18896
60221
96951
22884
73749
29522
60039
78338
58253
26820
1028
9393
21299
43739
6063
18594
77946
72911
57414
53865
55895
57563
75926
5609
56323
84562
92454
54261
29358
40910
73297
4965
71794
39472
62388
23258
7274
40990
66808
95744
70862
54199
81061
49077
16031
423
87982
54033
26290
85352
6234
53942
17917
16327
45741
95387
14535
35807
98402
33117
48021
51293
92040
79964
71597
48914
95958
19090
80459
96777
15536
28499
67845
86167
22494
60876
76819
46330
97224
60891
34033
58629
40792
28259
44706
85535
60134
62594
45582
89390
34466
85163
12665
2007
25506
18851
53869
62589
95047
46016
77307
15838
32145
48880
6279
70776
40709
95621
34661
55502
33950
36588
64989
91437
14356
48409
352
4713
48401
24336
75681
49089
39326
2484
91012
65860
2257
66679
67592
12283
85279
21080
29409
74156
54583
45457
31306
19861
57947
5661
96950
9849
48228
66656
69700
16367
73438
77102
99195
71886
7565
91046
76287
11985
83772
1008
77058
35355
64033
61038
89454
93461
53373
70955
9711
48353
48087
93368
35798
74656
23518
62504
61665
25390
88303
29895
37746
2281
21272
88655
97616
21624
4218
4280
89269
18789
79877
54907
44259
14684
18804
22892
58712
63073
78313
74418
8073
16382
90777
80134
41740
39893
26894
81517
10038
75321
94242
42623
69364
6936
88395
28343
47150
58325
99573
46979
10942
83711
70424
42895
91150
53989
7212
56126
9715
67516
12079
14532
19742
80704
14489
61705
72600
6448
43259
22360
31051
90202
96692
61028
16331
67880
21817
82262
42881
13577
39555
40990
88720
70974
69001
34994
78272
72409
65367
17937
326
56095
74258
77696
45938
12609
15391
4912
67037
57330
50833
31178
87653
53167
28954
17319
67144
56082
40284
39198
85485
7584
73354
60361
71153
27137
16651
8298
70166
36788
39714
13626
98116
47676
37399
4361
80056
69600
7527
90917
41380
187
60974
98102
93721
94068
20162
84453
10029
27173
74656
35338
50542
81045
39384
99562
1588
33303
16110
88824
63290
33379
73177
73
19746
69970
3241
8577
17227
82681
93691
71679
8335
44721
61241
28794
41160
25523
19153
3861
12444
60081
30196
61468
86387
66478
91743
16121
70197
19673
75574
51772
14638
56719
71710
63939
71887
30959
2849
58852
46735
91536
63367
30745
47641
41967
39262
20996
23751
57530
22577
48346
31864
78696
11636
19919
54346
25076
93551
11731
56558
18587
24571
46684
1364
72927
16172
62203
34624
38016
23257
99316
87979
14991
41354
56906
15421
84289
82478
29281
5389
14291
21882
4059
10308
31671
68980
53571
37318
19195
53534
2429
41660
5342
52537
97814
61789
70775
92600
79391
47267
85884
59887
8209
771
53861
88035
15297
56409
11148
25569
42755
32703
94040
39928
2070
14231
49336
61199
83676
10034
18648
86818
53955
79294
54290
69456
14464
74014
85605
4466
98689
21658
49839
9191
89029
46130
25100
47353
52136
4265
32486
92550
63163
63866
71951
4435
63709
51911
22410
56409
23929
19071
80418
87224
6590
1439
12645
98358
63136
72119
18428
54070
53810
96192
66989
42648
16846
57536
19613
77295
40775
17981
36090
4556
69781
13515
8585
82445
20963
48385
7493
66935
7882
83060
89418
56602
69995
50690
81921
59683
58647
16400
269
55408
81218
92564
48179
29137
65218
75779
5168
9106
76894
16276
52602
51752
11907
39451
34327
15199
69250
3944
9901
75096
18529
14537
36977
7542
44370
67797
20567
374
61231
83264
98009
35074
54281
11139
63498
42562
521
89239
77869
3217
89312
72010
59425
16263
2019
99108
25374
41929
94744
63543
53185
96871
61202
14052
87171
29064
24343
45284
11998
59323
65603
86156
64064
62155
32690
12614
14914
2966
55409
72208
43375
36933
58754
32594
96513
99883
11586
1048
81556
83338
55007
78785
80761
24099
17550
75778
66790
87947
29783
78216
62314
1132
81408
11688
1168
49808
92543
38314
13143
18717
67046
29899
50852
42451
47463
71599
83707
58366
56983
11706
97863
94606
47648
63228
58615
54079
63282
6740
93366
56867
72838
84001
1990
1493
66813
3946
71941
34647
21165
41116
12358
81225
40084
97326
79854
96957
92398
7030
20322
73383
11330
4477
15082
87257
50102
47006
83001
67003
8972
74809
10973
95561
86277
24589
66008
90618
65687
14188
50233
68607
86295
48806
25531
81437
30717
22438
97060
41867
47075
40092
77986
44870
72512
22485
24633
18210
44483
88999
48546
49495
13128
49789
68124
74592
97925
6609
75120
96488
59607
30024
95946
86450
77785
10055
84772
50635
35479
72112
47704
37851
17471
22569
94019
10230
69649
6126
49431
23617
6033
72322
49889
62258
21588
26890
28745
89070
15588
61611
71594
66651
67950
82491
1659
85875
36784
2160
82890
55775
49942
96539
20721
28135
75191
13791
76171
36017
79194
56614
76527
53697
55770
92155
19422
45822
49693
15187
9673
50301
24503
49924
55978
13416
30985
30220
21568
91168
96428
20549
45783
79107
20797
98901
9689
82232
61422
49532
4039
957
10534
8315
22287
63363
90648
76354
20722
77115
72990
18274
84293
58467
71389
89915
31506
17941
46827
30058
61614
68171
38270
21546
31405
45559
97173
53037
28470
71348
71711
29247
63473
46420
63800
50973
71660
13050
47563
40288
88175
13424
95187
16057
96801
37794
41363
29948
30708
62679
80010
3431
80469
54754
6544
38095
51446
45195
65226
4399
67112
13930
17257
96956
46685
5261
36913
90347
66789
84412
33905
68770
51296
48552
47934
8443
72172
72957
82588
11593
37075
3377
87220
89455
68756
88392
26682
15654
28914
34957
29167
63736
42819
97545
25758
95086
2715
2737
9555
47995
78156
46814
33730
6982
11350
88696
19248
81569
14056
32156
1882
31543
36672
84090
98165
50294
75306
74680
47354
25445
21298
73701
6986
47356
98708
6855
90581
91600
49355
906
42820
91562
99962
78779
63821
33392
73166
30906
91415
32302
10444
29591
50584
58434
52683
89181
42713
91737
66935
83296
2746
93423
41343
56356
94996
19614
86219
6980
17254
75736
17601
81772
97388
80076
23042
69179
55767
7662
21490
47616
39598
76501
26693
13578
78840
51888
1417
8217
80777
84014
16899
8260
35443
51974
76046
30911
52724
68703
19065
7676
58885
98028
9125
19136
79487
96258
82157
34691
44685
30922
348
44451
4803
10767
86695
67747
26377
73846
74759
49715
22006
78013
27700
95140
9700
21345
45161
617
74900
28361
75103
31879
81943
59962
34603
29191
78504
68081
730
21589
65083
15150
29715
25892
5626
19585
1993
43850
34959
12555
63850
83027
82939
13748
5109
89385
93152
6461
84052
92515
94635
68705
77559
46156
70022
41564
21783
7345
93888
74397
16691
92716
72804
15430
11910
3676
58086
47418
59789
17415
82700
28080
1259
50862
31919
37422
41462
44381
19350
56167
67452
92947
11765
29312
95397
10934
56515
71049
61534
45164
25983
76471
68530
51897
93510
91698
40382
59612
31864
11553
69411
21251
17779
49320
65042
38727
37778
42366
6919
48401
38334
25471
54491
4792
35817
32443
35487
49466
6457
6795
74923
13590
62478
71279
87373
8817
89263
1682
5103
85000
18862
33910
24908
20133
84395
32492
80713
25240
5611
28598
6012
30105
53454
36639
27853
78913
85562
18673
24939
53743
380
4176
44998
65361
32987
36401
65684
37850
32821
19351
14074
23699
72604
44549
76390
30361
67639
72480
53492
96894
84197
74917
20943
42457
6581
47884
73184
68430
45620
98871
71897
564
40553
21080
80260
99598
94875
39986
88190
77892
84703
93058
90287
20077
49426
38697
20467
66197
27017
90453
77912
38816
60972
83278
53598
3007
72140
42062
27118
62737
98994
92744
70647
26840
11590
2011
53107
41774
1399
97684
62415
54755
31025
98329
98667
63489
40280
15823
33331
45087
78173
76615
27033
11562
37391
49275
11749
70517
98128
24893
32630
27362
43737
90230
33788
79555
41768
12441
5186
53868
78925
60007
76994
54354
59676
56205
6119
42913
84759
73621
50465
38067
64024
2370
62155
7127
13527
28367
89397
54195
63019
70155
48463
39344
58606
40309
51832
60131
99299
41996
69488
68754
9581
79878
69470
62846
77001
80502
9724
45847
9734
40642
41064
81289
8520
34313
71445
43011
64872
35152
99251
40693
40267
77560
416
60187
44777
24909
87769
77374
29543
27979
39821
87524
37120
30165
18042
23706
28237
93017
27983
46810
44322
56337
51097
58186
43307
75657
63802
81021
25532
77365
91818
71065
32077
59250
1100
39486
79735
59479
69686
88211
80982
37438
38671
79512
17425
17270
10921
37223
10003
66046
69887
29634
96780
27030
89665
21712
72554
68255
50951
41930
2734
32649
87313
82726
24104
77475
47175
564
97524
86758
65470
10911
23052
13392
94171
10114
91358
1359
80183
51623
31468
38295
58396
64944
81308
50876
19362
67831
45841
17054
45573
31523
80043
84786
71892
92977
86384
49267
24128
86190
47274
44997
52526
17792
35861
32635
56656
11880
45582
72407
70424
11651
24662
25688
29187
76392
48536
23624
69439
55750
99333
50259
60930
90104
78943
14635
55995
85556
62044
25488
13866
85939
91977
33802
63753
54445
72728
78814
6085
53840
69964
50739
66067
70190
19659
78775
72918
10877
78525
10405
1151
97115
8468
37016
32151
62161
33309
84483
49254
28675
53541
11472
44258
92920
32646
35574
16794
71443
18763
79560
63123
9578
21790
34364
28559
21615
94222
21659
97111
38915
35578
41544
87255
68860
40916
15460
67754
28926
46186
8115
69837
37727
5994
57401
7139
92450
10392
31983
16182
57772
52079
47954
49250
90652
91503
68338
49886
70651
29715
78643
27866
28324
70131
940
84031
46981
96575
62146
76260
34233
87975
38979
86223
94629
3427
60784
5183
68574
18705
23755
52096
30541
70881
58249
50610
57581
86712
70120
12257
65931
97108
26344
66506
51561
9889
30948
80427
79730
76875
29548
33899
6331
28946
39393
40839
5236
28573
9603
98856
76660
6792
48972
10577
57263
11515
99867
67996
79471
74119
59019
45727
32548
42649
7540
35779
43059
25450
93396
71543
16665
3088
38536
97666
87957
9831
74356
34978
68619
87263
7128
80312
84167
35170
46994
73320
68637
81185
800
84795
50401
22828
52735
56767
1148
28934
77367
44083
8127
50738
66180
42999
57628
19619
59083
47535
38518
92958
94296
56419
90670
39737
70310
49720
95943
78321
67742
30713
75122
98328
83288
49241
79192
67447
8855
62708
39276
21799
35560
74889
45303
89987
2562
39807
49561
95666
37566
83918
49649
74456
69168
6264
75545
75543
97549
40071
60840
37991
55839
65760
60181
59376
69128
92825
26586
43071
72963
74667
76683
7613
85316
44009
30591
5476
28096
98201
23510
40788
16506
13989
47743
2538
97449
83864
92304
17877
34495
65997
50098
11656
55551
91824
53734
44549
8628
91821
57973
26295
5301
72175
43694
36145
14844
65470
78234
78277
54975
19658
91727
52863
58867
73086
5791
95037
32799
51405
9520
58001
92076
79574
85492
1278
30622
5535
31609
4668
85525
77068
82342
4248
47128
3871
1135
87968
96275
10021
6717
7612
74152
35690
8779
86778
28021
32961
53636
16885
55670
66925
39592
50869
96152
65535
90522
1235
65831
50827
59075
7012
53332
89967
26721
67366
13648
83002
21952
31000
46516
41218
83740
78943
95611
74735
31209
85611
51170
18718
41450
23144
34823
36658
12339
96733
52428
34002
88359
81408
35561
56621
41679
97283
92354
53269
40180
1189
43181
29370
35037
96564
97266
55589
57575
4171
35991
57729
9602
50504
96156
75263
90840
24318
88964
63353
99580
91104
58267
58052
53615
51367
93686
16321
50681
29810
36975
43030
81064
1542
12478
2705
19949
51596
94545
99538
93419
37003
64045
6711
76708
36184
87070
2080
83191
8436
46433
83087
62686
59956
25631
1256
53830
8445
374
99964
40631
76741
39414
89834
66603
62593
51516
89339
23876
67713
42083
59420
54901
55045
59314
75572
95185
48804
85552
90074
31123
97684
37396
53465
72960
39057
68805
68384
57360
53355
8900
82053
18047
73937
76568
88961
28922
25439
79519
74458
32432
37918
2708
51843
49829
59373
6779
58725
65810
80016
42111
72013
91752
682
78078
20854
42173
16797
19673
40777
34486
28767
46022
98210
36125
44929
62808
92821
47895
85754
80146
61407
71901
3935
24827
32680
92236
75494
80123
11818
68578
70658
92922
42482
37127
346
43746
70622
69496
7072
40919
92472
17868
15846
9531
17541
52095
93342
63342
75055
24400
12071
30726
62435
51779
3930
4114
99536
30082
48350
28886
2111
97435
48001
27906
64431
3517
49004
87748
45245
71085
43571
43386
35040
92215
30226
33342
79095
26125
6743
87117
60458
2251
78316
53366
82933
74212
92896
17332
27305
51719
54417
31564
37250
90900
43124
92800
40676
72802
66385
16866
57671
65193
92579
8048
17948
82495
11754
20663
20444
12680
87752
26334
93185
11099
51752
96004
56412
86872
41951
64142
41724
1863
55975
68374
24956
18056
7906
65397
74783
51719
93933
91678
66499
60561
11561
8271
81883
77272
37433
70567
96509
50262
72729
82577
59820
58744
52561
43354
74266
56012
46143
68709
90541
68576
38638
20158
96108
9374
57994
62733
28538
37254
47641
93132
49289
10471
44864
13696
55507
17560
53690
28530
71623
20702
18173
7518
9351
37076
50032
61898
11223
68670
51789
84886
34120
88401
41753
75922
45530
87362
27731
75255
7779
62132
75805
47365
87763
76535
36789
79564
56170
1567
91003
90648
63836
82089
84169
28696
69803
60388
32829
39041
39412
48916
79798
37544
30226
49850
5558
38034
61759
74449
69156
38922
53490
79881
12297
33285
59953
98213
22152
63688
58961
49548
79054
93590
68505
94575
2203
9775
2991
3995
83320
80392
98047
56088
32359
83121
64065
79632
25739
93781
68974
38298
84514
12290
24789
82443
28161
73594
51636
66798
10060
54965
91103
10789
21780
44216
82412
58997
89072
9178
305
6231
15823
66025
15546
66052
28659
47166
23806
28447
52479
6265
6377
6321
56643
88616
60977
68004
46206
50157
69782
15486
80855
36575
22243
23098
12548
40436
74187
93110
14019
36347
77533
76087
83931
92069
85031
24212
40082
9654
64341
36528
11708
2540
66470
6675
20076
33047
47305
85678
43870
31506
87671
34302
66932
22705
35788
15220
68959
85997
59033
53732
21962
7103
97909
32457
48360
47308
49766
2044
85982
17401
18645
25929
65795
73918
11173
13487
36829
345
52131
80628
15998
26351
5764
67272
11821
56572
62517
74355
51141
74576
37735
19748
7942
75964
31549
83439
70211
54315
16851
20134
72654
93454
1217
11588
34373
24512
11437
48401
33005
16731
2951
59603
83973
28308
17243
59749
6766
1933
92968
96791
46971
57392
87105
41128
95040
48094
62632
40313
80744
2170
36794
82753
508
73262
75127
96550
70573
98416
60975
38117
67947
92543
65502
75281
14758
21011
78647
77061
25358
71445
27809
32596
64843
20902
15469
81204
82084
7683
42747
77722
42939
40973
32606
42523
38735
61411
18029
47982
25769
64296
79474
10861
75968
2297
20961
63778
36202
46447
83355
54033
6219
50861
10010
33965
85299
31444
44213
57979
63441
90045
69773
9407
89801
97951
95391
82814
74977
85823
76783
66441
21074
38640
49831
3913
20060
1656
36285
83764
78717
35976
83835
34243
78461
66730
46800
30205
34697
16052
58303
77374
61456
71977
41560
55868
41063
69484
19405
41973
25380
83472
46388
34167
41426
86184
83191
74171
67883
27436
44955
22713
15177
72506
65294
63319
1964
83242
91782
62123
2312
32444
66967
64859
72863
13037
45038
57029
86350
80147
63143
47663
77629
68800
75303
352
75799
50309
11080
12802
6957
16646
22278
12725
51045
75445
69129
98923
48027
99599
62832
19556
33656
84321
9623
25043
50340
98871
29199
44984
38411
72969
21045
49748
56544
29661
37572
63413
98183
36188
54514
71572
7906
35669
63193
17240
83458
55783
57366
10053
59709
44891
25241
48550
71024
49162
50642
21262
60218
69266
97456
421
25308
13078
1303
29217
67718
44099
71553
27755
74493
80524
10981
59490
58663
98182
38910
35132
51784
67045
32870
34818
32588
55409
90343
3647
19747
42935
13606
17758
99810
32663
74067
57191
34395
86805
29365
54590
85947
99166
96768
55000
32422
6244
50711
52925
59870
77014
94879
18441
30260
26605
26487
33982
18019
71014
21259
89733
67600
42884
7731
78213
50887
31972
63602
56
45887
54582
16754
38036
58150
72615
4043
22746
26037
3701
56317
5959
8078
91280
34122
72633
33365
93271
95303
84688
72852
50359
43117
72919
74215
68186
80815
10203
78587
72294
90308
26783
93819
39656
28609
12146
4786
72265
70489
91456
15989
73563
82550
478
96896
52089
95154
14270
91614
91233
27670
34229
10888
23379
92524
9319
45827
84123
91225
90851
66988
26981
81459
61229
87173
81905
51699
99847
90016
62346
80150
31764
90240
3155
53249
41454
33410
3069
64860
78878
34037
38003
3670
3555
66926
32391
19666
98252
21862
59542
53946
61809
50275
56330
37560
85873
51987
77635
2308
1641
15244
90954
5613
43530
75151
22988
11357
51675
51212
39845
48163
40867
10364
65499
16923
40865
80307
93915
63627
85681
59733
48433
6478
83221
18750
87462
95385
25420
5297
33603
96619
11292
32134
11952
32095
38
37510
70938
20976
72050
91487
60344
83845
1722
19064
74532
8243
51591
14723
65820
3263
97793
44960
75912
10045
95399
34370
75373
85863
75663
26160
81358
72115
15743
48392
85680
65027
60503
35334
29068
80109
88751
52106
51188
52062
50580
13963
19862
74943
91770
88962
12592
46976
35793
22989
53451
41530
86210
97403
57523
56753
78505
37001
74496
45405
92117
34681
95676
74323
52139
87260
8604
5154
87444
59541
19429
25821
91303
82271
60159
44475
56156
9232
15533
42911
63917
94183
53081
10041
20465
82574
73448
35804
19521
32099
3508
67109
25400
15724
69643
38479
85665
16019
50125
34715
48608
10448
57794
10910
91563
10319
52758
88079
74769
51464
10551
1594
32777
12033
16373
32088
42906
97801
79766
63971
36617
5976
4883
11030
95970
5263
67981
4051
33091
47110
18458
62053
9044
25429
87289
5533
20104
71898
6502
85369
95776
36111
57495
1185
71761
96044
66860
25003
83691
18104
47867
71940
83357
34966
29266
49456
23647
20750
7288
93899
99983
54772
9256
24942
62094
99329
4302
45975
14345
73382
29009
2488
84599
28653
14579
5043
37722
91748
87251
87141
73029
8075
44105
65848
84029
44718
52539
80557
76458
93272
83477
824
20941
97331
52208
41318
38903
47952
55779
1461
61247
78883
96971
20377
16181
13262
73826
1902
9086
52008
76527
88594
74951
7804
48120
42029
96376
80927
84545
73204
26930
72315
41683
84254
98927
89226
79510
83229
3236
8844
27527
16138
16525
15610
81993
66169
66405
60758
86042
19998
44150
7915
88944
22309
439
6405
65936
87276
66778
47940
4459
55329
15541
56912
35356
72291
58772
79687
38651
26
21565
57693
87380
90972
32523
69523
7191
8172
63663
50644
12507
32818
37182
67832
24832
83044
17879
19073
32467
41796
49421
3918
88753
99689
73838
24523
32322
50783
60003
43461
85276
40222
54808
72607
38790
73149
12272
13197
15801
90868
12013
79517
56699
27111
55141
89853
2511
34042
9180
97981
68852
95235
75459
85346
30854
45061
46063
46505
9520
61821
27918
65709
76775
13046
7876
36358
79873
23199
28979
67721
66593
52404
85603
59903
49305
20401
71440
19846
69770
28207
92731
67763
3567
5269
63797
28235
8346
54465
46262
92838
70259
60510
9202
59574
16841
35913
77291
47588
38109
95498
89940
61001
61113
89818
28500
20520
95197
42678
39233
92895
97010
40688
86100
44192
6432
68711
16624
21483
17272
9456
40475
50161
14618
68355
42172
19414
32567
71173
64129
20930
84913
6704
83562
8224
56130
20921
56191
4280
15577
72388
78547
49875
18758
25811
95894
69835
27778
53623
53650
58399
15414
64329
90446
30292
53482
33709
68508
32493
74634
86650
50346
47036
80306
71434
53358
2118
34502
87320
50622
7656
6624
38212
42773
80590
7575
28214
61703
50426
92863
1585
88158
62596
15946
1600
172
51900
42476
92447
97774
47605
20195
79747
30137
60578
55220
20352
20869
54655
88072
62285
68504
44675
24251
69794
49881
6891
95838
5624
86852
86502
16358
68263
89647
97670
42906
74684
11603
21336
80408
33706
65633
14263
55149
96584
72913
19949
9316
3465
13978
66563
69410
65329
29275
52493
15952
53656
76041
55564
20606
36153
12031
89355
39070
48047
62911
1665
87719
77431
75109
81589
29976
57281
35102
8614
27118
8245
49139
76848
37862
86389
30201
10536
35063
90396
84790
75419
39031
74616
30683
35556
48465
71886
35565
24496
8370
15399
38481
97135
71595
9326
78455
37690
55520
4066
4969
18603
3165
19859
69853
41341
64149
12739
76965
8549
1016
87963
6864
1039
5776
14873
53690
8422
42279
3846
25274
33844
61229
30403
98602
888
65732
35786
99682
37024
45034
24590
20937
4272
61879
52583
13400
39557
78939
27209
22856
50376
85463
12935
36532
77433
51563
45591
35160
96313
70054
77399
25310
43707
23076
91620
52256
61128
72071
35185
20747
24780
11572
51354
99815
45314
80286
85107
35899
40995
20618
76421
15978
24902
43138
65776
75164
81589
63147
8379
6958
4339
58528
21491
59107
85483
13327
58157
69897
60268
304
9215
12204
90316
13071
27147
83831
58774
47099
26525
57057
27883
64840
23549
2883
2328
37340
64584
38164
28079
99726
24732
7510
60503
45540
45020
94635
52338
24297
4886
15314
54163
73298
57771
38269
59318
80353
21453
86531
10788
8674
60048
61570
32136
94649
58846
27324
46431
15385
50783
21689
3998
79191
69722
7658
52605
83893
58340
58875
10599
62784
83665
57384
60181
13054
84888
222
66938
17389
60940
65481
32550
51849
66892
24462
17052
98289
10526
92164
43393
12457
50114
68595
69040
43835
74390
55283
24656
51800
36809
21339
20607
47330
31465
62540
92917
89491
51639
97105
32858
75263
29343
55808
7769
88671
28187
60177
72924
48376
84145
220
86704
66650
38630
76657
74844
6480
55423
77074
7042
10459
66311
62068
85255
26574
7151
6295
49080
65195
14568
77245
57149
86943
68685
55325
7796
59655
78913
3248
47461
20420
24978
94746
88259
85123
5190
37267
79747
48803
38023
87011
57356
29134
4606
62826
75062
49056
95788
95857
21405
92013
83529
14720
31223
27808
92307
81415
22665
31909
82216
16015
6828
31343
14993
91816
27041
95042
30715
17330
24914
41819
45734
78635
20408
26410
7868
82917
61830
3086
68199
58098
54623
79616
84655
41758
79879
52996
92658
45906
67291
44755
49061
88280
52527
77101
10183
47469
37357
93085
78094
80168
27594
68526
23067
57245
88962
47549
70382
69697
86077
88574
97299
41628
73245
11231
37416
23644
51519
24033
54141
95498
59733
47406
1903
17625
87591
60917
11575
67331
95482
97997
45442
16483
8324
96700
76957
1593
75301
67382
13145
55492
3712
18219
61320
62596
92411
9994
68654
44541
64202
26211
59496
32218
74073
79330
76805
10910
35518
25214
73360
7706
53880
56216
30479
6994
11035
3
61932
85872
79227
31703
39897
95183
18524
97970
40468
32145
69996
90590
46762
19907
19305
2981
4550
59123
15402
11769
45756
84756
11911
50320
49482
60790
51072
59363
67423
82428
54478
67061
26667
47599
9467
68299
69395
52026
30985
70096
67409
11682
9155
54285
75612
36930
4811
89403
81852
60132
6973
15319
56862
1209
18911
88260
34409
53493
89020
92072
2648
31820
78378
29878
93148
74525
13650
66615
10431
15341
46928
59425
78746
47319
29648
38922
6018
34264
82252
77533
8187
85122
72222
68704
16451
45462
54473
36232
47527
38273
62260
87084
11378
69152
30781
87263
32242
69724
87721
85301
2801
9747
7600
22880
94296
76966
66228
29941
69500
8915
36132
23720
18489
94626
31910
7541
50223
20714
5571
66620
20479
15278
88024
31805
44129
44873
3870
99889
41611
87921
75522
51480
93953
19178
97534
85789
72834
82020
42561
32714
84233
86725
18589
54391
72619
48157
12708
30854
57213
73037
48288
62292
15933
61012
79170
592
61727
7260
15676
81964
54391
89664
90353
79709
63124
48143
57223
82387
21342
42354
67966
29224
98683
86219
48252
49350
62159
58213
66525
88258
61134
68799
72609
80977
28209
34394
55781
24776
14889
22003
50970
22950
755
11400
44127
78405
62340
89249
87557
7782
85255
42171
1217
19388
72068
14338
3228
69514
11323
5867
4823
43909
34671
92058
22149
6079
59455
45873
72348
15553
63424
54328
48714
88576
40618
4699
47551
90593
66262
56680
64901
15270
89351
32382
58212
73601
7578
47785
79387
47483
18289
84747
37133
40969
35528
19916
64067
85590
49635
77889
58704
28083
8920
97734
55132
28018
56147
61997
19417
40712
48904
62414
2646
31797
53470
18756
55998
21266
44836
75283
35373
50154
95460
31958
47453
88788
53753
7630
24248
63033
40841
13907
96823
57935
85917
39670
46454
41458
63522
61386
14716
85596
93404
18171
59307
67636
47480
82645
44570
80733
30392
78683
81743
18548
32707
13350
5197
86918
99753
70513
90877
27144
27349
72930
36481
94548
2108
81691
92051
45911
9463
73068
98538
16427
95941
48673
82653
9009
65098
9633
97399
74551
4313
77803
57476
71256
76244
54415
22100
42516
70918
56494
21067
93991
51653
77629
26022
54774
64320
76327
28500
96682
56688
68975
42111
34480
34154
11987
94326
84660
21191
10541
58667
63334
8410
2787
18944
44337
19684
83328
84221
26355
86602
87452
10162
67380
9649
94284
14774
90766
27190
35845
68122
12011
11397
24282
72392
21531
48819
13997
93860
9778
23819
93820
29932
75939
54465
55544
13090
55906
58584
15575
77610
33395
2278
89996
13076
30762
81959
73018
73835
86963
61789
23532
2032
52147
33851
95921
86155
55261
54611
23834
49639
19199
23353
2518
86783
84496
60297
79153
75848
97459
39704
51827
95188
3388
47929
59071
66799
99645
45423
47031
77395
35483
67646
90026
48433
30629
52973
8562
72576
45947
3786
30074
61603
15567
12542
18734
29538
94311
62742
88106
59527
41161
52319
40134
68244
64611
94732
34223
57146
86440
91624
31744
85325
92478
12645
7905
89433
98679
62224
12452
22759
18110
53887
22152
15382
65420
50270
42440
18238
65729
52892
7142
82207
8505
71225
90957
51349
20731
44776
12178
96411
95123
68381
97344
6310
18287
38136
99123
5099
56241
41552
29509
43526
51925
26418
16449
88164
4690
33572
29569
21946
54230
18455
6318
74758
65776
48007
54691
92828
72064
69602
15727
6411
80541
9319
30351
99872
59088
91034
95595
14886
47444
19507
72183
94874
53847
40326
95588
8417
9776
2119
98139
87715
98976
30285
37004
30532
25458
43440
87030
10961
72133
22001
188
33535
49241
82544
64713
33623
32538
72550
98771
417
69225
77242
86546
2965
66575
12519
14990
96897
62362
93281
62458
73932
3214
53138
39614
33443
84771
73310
91822
62521
20382
85923
30306
17865
53774
20236
69207
89588
90397
35311
49347
2074
99035
59628
35605
21274
59398
91718
67628
93609
73145
70134
9416
83599
99483
27424
69298
36584
88202
67435
60758
94627
89417
43346
86604
97623
61885
64678
48876
22397
29714
26868
73746
94457
42521
22434
26368
46010
68318
82498
86890
62707
65226
63424
28499
66960
17267
26509
32547
58146
1475
9825
26408
59278
32994
71485
13169
92506
10510
90822
27856
47617
66904
21411
72041
29583
94117
76023
27622
50838
2367
14027
53739
69032
66664
79910
37300
2703
65474
10142
5088
96614
34368
28967
96447
59241
63865
17007
77723
17287
73519
86015
7839
46828
52863
92995
21566
91453
12992
43629
15776
32140
46720
49003
43689
78945
50671
79603
95686
17887
89421
30595
10307
4857
97111
85593
21393
81026
7101
38291
55608
44215
44960
50258
80369
29806
96854
36570
97274
33287
39078
13525
41104
63461
29293
70134
90695
57852
93043
87332
25668
45623
45452
480
43581
80579
12639
623
40361
95117
2698
16611
10794
48938
25967
82866
95539
17697
27597
38668
80667
59720
13035
2701
7698
18439
82540
66066
73643
64668
51010
90846
97754
50018
15595
35667
92827
39630
41389
48735
86738
82438
26794
23866
89029
84585
27003
72064
51628
7162
40999
31420
14637
81529
4244
14735
22620
23300
95905
41893
40597
44784
93859
34614
57862
95667
17841
86826
70450
36959
44984
667
83586
80796
32808
43174
39086
27014
73864
40406
86446
62952
42269
33910
94769
82623
71482
82577
6170
81243
21434
4611
89734
35212
54398
73253
97050
54164
58444
14693
67112
26239
27543
84597
71278
27682
85536
22904
8893
64934
62316
38694
66453
93457
19886
92418
50598
71636
21513
35438
49052
80060
27674
75986
91935
55099
28459
13314
19785
98974
97089
96990
70167
78459
59886
6076
26594
45612
17041
14022
17548
15279
90844
32770
79492
97369
57732
69963
73263
70882
36369
81542
44621
62136
88425
69846
28210
36102
92514
9149
2563
49818
31714
21526
82068
66270
34386
23247
62087
80250
63449
63729
59500
77336
7024
20580
42033
24730
42984
48038
41788
5950
12838
55819
90597
75913
85049
14354
40803
73415
58029
58424
12384
64215
55899
46923
76885
82353
31862
49509
52158
83788
278
65242
93987
67986
52257
23326
91554
67471
54241
99352
47948
37085
18436
70187
66832
61207
73236
4976
11233
6806
14673
11074
54516
42819
69416
68459
37550
53636
21933
62890
89860
9950
54393
18198
97036
18756
65226
8478
34945
92679
16763
82127
23294
23650
62122
20120
9522
42486
71272
90261
37473
46845
45693
23021
4556
93837
97292
73060
82807
26818
53718
20778
51374
46877
76588
10359
92191
57497
18390
46776
23411
87217
55723
50021
68362
58207
84866
47062
14333
48394
76782
94714
83166
13687
22649
77103
86780
3133
14716
75716
84014
27262
37520
96346
88521
73807
40800
97644
53773
3093
18506
29033
81589
12813
23586
56075
53509
93158
31596
86177
51092
17906
20146
5538
92863
51614
72776
43523
57023
60850
17564
20932
58768
23803
76700
22137
39803
72173
31015
46916
81594
68029
5790
83369
4594
18300
67733
59667
99310
59104
57045
18180
10022
37525
27060
27407
26570
53429
52849
79056
27593
30427
70818
13244
29883
45004
55164
71270
93538
52775
73640
88176
39945
47839
46725
35261
62428
22124
63158
22955
46179
81124
31644
29188
22526
48950
81664
79881
92969
44680
27840
4471
80865
83194
89996
1473
95182
55018
69419
14471
26348
60040
18305
16969
71373
75628
72189
28001
7577
53450
77382
69934
56454
20033
76179
9412
11422
97736
90829
2691
57892
65727
4345
4858
98209
45324
42268
35651
56684
53921
61595
36887
36991
93883
54795
10215
82121
26974
62144
63178
21378
22440
69350
41993
96575
87426
87783
57327
53068
86921
932
27820
13563
37830
12741
59944
60916
22089
83239
72034
91141
79104
44281
14611
83576
73222
4524
22244
50566
90081
66545
56604
57885
41510
17538
95489
35638
38458
96301
51713
85748
69586
58683
28959
1474
25810
60190
13008
62984
70581
8437
64709
12502
55128
6068
44156
79547
80241
87528
78719
17415
98953
91118
5705
1457
88748
29645
68282
47658
29287
14011
76032
66465
7918
62931
4872
20477
51612
26171
77988
72231
58169
92090
20639
16371
77115
49193
3308
54931
20188
57183
35029
39046
14806
23784
34406
51673
84347
411
47784
35568
31682
57715
74130
71802
73545
20536
47432
21272
730
38854
93763
93842
86597
56245
61820
51787
32403
67141
49658
53279
23952
3541
1538
84280
44166
88918
47360
27201
91594
63675
91497
40640
13179
21976
12375
84499
42233
41355
16789
23956
54043
79619
97015
86507
41926
35955
99832
45882
10704
27135
16162
45477
98325
7256
35715
44474
33477
38289
35826
66571
20360
50229
51463
9766
65311
99178
53352
79547
84624
75264
9924
313
57922
72058
9817
634
14432
6219
21094
76097
38033
57627
85712
83469
55039
34991
47705
46849
25434
13760
56712
64265
26816
1894
78609
62898
46249
22310
36347
83228
65748
49202
58981
29251
52612
79895
35920
96022
83570
93613
52730
86485
84513
71454
73319
96223
4118
51467
1293
97719
22051
72286
95663
70392
94784
38641
88226
68220
51341
33106
19049
9567
32439
96065
84750
8020
54738
35160
4158
29125
18773
27861
61126
70768
17984
15212
53420
8336
39158
69906
32765
90506
59056
47615
21268
64540
70814
95927
14756
76489
36546
33440
33597
90165
55132
238
53392
84959
11682
63070
32948
95811
53374
8867
93161
14991
71321
69102
4381
74315
57955
91968
94022
86670
26010
71646
45182
99036
44172
34168
37630
9792
22516
92771
64354
83781
46072
56968
35355
26419
91839
17666
12602
43804
44749
42528
75345
48920
13231
33309
29321
40313
25811
39036
15190
49520
90854
48412
79598
96471
2685
54688
75579
37409
36606
17227
86940
41419
14694
69025
54536
46733
68486
97355
30114
17489
44491
73681
2700
25045
65137
62511
84201
32740
5774
32349
78904
87475
93722
69292
83619
43367
10286
30433
838
19279
73996
2122
97943
33068
58237
82510
76879
27808
72411
1380
82849
14780
98835
39230
16167
31177
81223
12539
7543
66191
23236
60209
88204
76008
5516
30723
79013
50503
83147
18932
70452
44030
66216
49884
82096
14162
95154
17910
3987
8309
17018
95438
77915
35502
27784
36594
42825
60143
17489
64165
35988
59375
15125
8155
43521
56906
71065
67986
26025
63790
86562
20563
29313
42169
19328
11605
74495
23025
21446
21403
15405
22012
13243
18009
18232
20225
79862
60487
34730
85482
84677
34403
68677
66648
36776
96130
38289
5107
57737
68577
19266
3156
50969
69745
30501
86685
3062
