13562
49645
48907
69974
85548
78084
19826
42417
59884
26525
47272
71692
75152
86713
25416
99801
44206
27208
57052
88475
57594
62342
56777
45482
43744
61058
95737
75731
79850
28338
11596
89529
44142
83420
57182
49943
27783
89937
68680
49678
1974
50791
99547
18483
32939
66645
40313
72459
84991
92715
93996
91450
65784
12238
97738
55293
28256
35479
63742
8155
13479
62664
37734
5617
7923
11314
28028
56513
23868
66386
7962
76127
90624
25193
84321
67693
13362
30189
86569
33496
84816
65515
38795
69039
99957
13909
88926
18576
59140
92663
89923
19253
84822
65924
98248
25611
53715
10555
57985
42620
88607
23817
60074
48140
88844
89084
52173
72303
70453
42341
10916
48058
53938
53979
30758
75597
9552
43463
59183
16104
79548
59569
75966
11437
83291
33358
87877
98475
76881
11359
61386
72862
19077
37640
84017
25572
5942
154
7759
89104
85738
34813
10785
4422
91068
79086
33593
69398
39435
42669
50804
95558
39819
71843
83006
85719
67054
19461
18786
81861
28609
86481
59729
1222
81692
90765
13210
77105
29562
77523
98066
14512
82020
44131
49461
16333
16372
10763
37135
58518
82488
38938
55821
10302
83846
56430
48616
67418
80550
43236
10352
24315
92666
50605
58288
59258
89877
80793
54223
56882
88262
2203
89514
89932
91245
15596
90120
53148
37206
58531
54650
76662
45857
85195
96521
56664
58867
955
85416
94968
75885
82410
54394
36122
22776
74821
59577
79927
43577
55181
6300
41001
13586
94578
73764
71596
89264
11869
61902
85981
505
71120
43745
54879
73906
68699
54970
95767
89440
663
5316
98537
44231
8498
18184
31908
7971
19053
29016
3073
45146
12169
44868
44604
22498
32496
60617
14158
95607
10643
9887
82552
93090
6224
31233
76813
84672
66554
89073
47856
61197
74718
82254
60022
70286
88196
64406
23519
74997
25795
76833
7033
48610
65627
33749
23583
87542
6483
50917
46287
11799
72570
46311
4514
85847
10726
18030
52536
79148
65125
65948
83371
56160
55477
49
77623
96940
25670
77145
5803
65557
12565
40776
24309
12974
89088
80363
29247
95354
40158
73452
14793
91473
90384
75836
90386
64
65099
99946
92247
42936
33455
36258
11820
81972
87422
10054
86455
42919
23292
85146
37733
37093
65648
7655
70916
67093
64514
98502
19541
81728
33765
4015
42639
42702
13549
40153
22961
94361
99824
42810
25566
59565
94373
99562
65812
2391
39512
24297
236
16897
47540
49950
13701
86757
23357
36264
96085
92753
24649
49133
78874
50187
37080
74498
9042
38342
74843
19116
73431
40129
87949
79213
29466
85915
50051
57736
6008
93898
11430
69900
42261
48557
5794
82888
80844
91205
90813
91008
851
77696
11907
45269
96917
94550
31410
70124
92643
83044
6701
42596
85548
29240
43506
75803
79403
73640
63691
42254
69272
55777
96064
26945
47380
21626
84792
20425
57952
92706
63730
98260
92198
30889
72696
8072
25531
38579
25148
70944
7516
23274
98497
6720
89343
37056
29229
54704
74381
51253
29009
72997
59872
54697
90939
19936
13267
90209
86460
87580
335
76194
51916
97054
87767
98985
21864
72250
94304
94042
99598
65577
16109
25772
37057
86742
26304
63390
48600
41124
92681
20418
14735
15205
57566
60915
49520
99710
46125
41617
43838
43576
5762
32831
21276
14100
23491
23620
19200
88720
92908
73929
84494
72848
67539
49522
63593
68158
38664
16799
39709
17336
45237
52771
53594
38546
75058
42406
40704
65990
48752
41521
39760
89259
69039
4144
12353
42238
45260
70651
58509
66994
21030
56188
35930
46917
26146
42977
65157
77380
68126
43354
76439
13046
50919
93054
68851
43586
43120
70846
37786
1940
34830
19649
23123
76003
9803
66465
42741
75954
65038
3327
7303
83898
22788
12175
6299
73135
87318
89076
50
48749
7842
14115
12824
61832
71234
69259
97256
39473
86644
9867
51749
76666
90003
4132
73219
65967
25504
44143
72050
56998
55106
59165
77366
52601
98716
18651
58938
98776
62415
42972
5803
75881
64178
40269
43154
61684
4938
9621
10506
21111
49771
40410
55505
66689
26758
82424
74379
91163
24792
26778
85383
72238
31642
26707
12258
84587
56146
78981
21104
14578
14726
7718
47915
5423
24917
88675
26340
5997
16739
93756
66649
64126
15436
92525
84993
2474
29442
76791
97740
22294
60556
98169
81639
78649
92701
89816
49077
10717
67513
19606
14111
71063
36107
22112
14004
30353
15860
30978
54850
87225
6805
31476
74836
97359
71730
37317
952
35530
97659
36890
27431
68985
45970
5873
10092
79055
6568
97049
62309
41703
94668
39513
33981
56595
72741
11221
54749
78198
23107
12650
2643
706
55408
34866
78947
24466
1487
51693
67946
61954
76450
51907
59818
37190
24359
72414
89377
38947
13027
80288
93749
48866
19796
23657
2832
67817
12242
89065
41189
30553
379
27412
47472
23624
15584
28726
12029
4616
49721
30512
18669
29193
34391
77794
58900
935
52101
94223
61951
74672
72867
28739
11327
52411
28708
28533
94734
81413
54419
89134
68406
58406
46152
97859
31342
44708
27043
26391
3849
68336
9874
91788
87575
11303
24754
67002
3577
81024
67184
4743
2943
32612
62134
12610
49504
65600
60056
81775
21368
47656
14640
99127
26530
85327
70889
1753
5639
27110
10739
24252
19029
54749
50403
20786
8281
75340
28214
56931
53497
84828
78719
10876
5183
77679
99015
25633
29726
15099
64829
90378
5020
22080
42996
52282
96051
92357
36337
58809
79076
71030
49434
53522
87062
7068
53760
1515
10100
53064
30891
17656
15768
62005
44657
92513
20122
30707
63424
15086
68888
87255
93513
53070
93256
52877
96647
58022
94365
94311
48928
61231
7535
30903
33779
13588
50458
37532
24310
70104
82871
25379
59989
25116
99387
32401
33247
23548
85388
6934
43548
15897
79388
32593
45591
12180
88496
76759
84866
68213
14987
43301
98851
56478
32509
68591
30990
35886
74964
67611
77303
88849
41382
23233
35569
71103
53562
71848
96812
93125
35247
67637
54208
11218
56896
89139
38179
25647
96585
47117
48117
36971
65376
46175
23192
12140
89908
28746
27881
60887
82327
76459
26412
51879
10779
85891
57283
15394
96236
80903
17470
66098
90100
55270
89409
18433
59425
18240
91772
80827
73310
94996
97667
73544
23492
86518
15148
76237
47466
5177
32438
38837
43891
86479
55889
18990
69797
63806
42166
32234
72510
70733
37510
61480
75219
67120
4684
1281
12620
33038
5667
20309
86304
46089
30032
87144
5533
3358
79325
77541
8426
34208
98633
66040
29876
29206
30859
7314
53455
76261
81377
31167
76131
47905
22597
40462
19405
43811
8967
27558
25364
14800
43804
43057
54351
58286
49253
10852
60975
73187
76838
3476
21165
47049
69329
85306
3004
3261
34935
49603
79366
94563
55254
63587
61640
14180
88203
70537
71391
23177
78462
65046
2017
1023
52922
45020
34198
74333
11047
13007
48734
2207
34619
40163
95567
94517
38877
39688
53697
38147
66056
39639
53515
49757
26012
96111
77259
11747
3233
53461
96651
35774
10370
40886
64455
39371
20873
66328
53923
77723
41313
11690
27243
30440
66021
17714
5840
11066
87817
98240
80699
54695
73075
60908
95994
60316
61185
40646
66514
18758
2575
50414
4545
38618
58982
75517
14891
50536
48888
43024
65397
79776
12938
39019
81758
94345
34501
29654
62686
49380
40433
89867
67354
97096
67183
89572
79876
58138
87439
7110
87788
98887
75941
33491
56968
47107
80764
18293
74726
65711
74857
83939
16429
85546
92320
40752
76419
93840
4242
27640
71620
78181
90462
96368
49716
60037
45012
26560
13972
36407
18985
678
30916
77956
95629
41211
69354
94187
34339
64430
78573
95966
61513
50507
86658
21293
84757
21109
88979
54682
9870
95369
93904
87174
15754
53518
36200
61174
66760
54568
20361
90311
14570
68610
56375
42962
85659
45614
35241
21925
2492
96994
87458
2701
84895
74256
36490
9525
76261
60774
57146
92933
22553
15859
26738
33079
84177
90130
12189
19529
72402
89565
21434
20539
12407
95878
19056
17150
37021
53251
44680
76770
8564
99560
31349
76449
81237
3727
53898
67151
35966
40
84280
32158
6636
57642
8738
10739
45329
8567
2667
31079
96033
42142
19669
35808
4539
61822
18969
66514
22393
29382
82834
45618
68885
49236
37228
71474
46439
95122
9872
29424
60797
54792
61667
8163
73218
53157
76226
18729
79419
42348
49932
7414
11335
93681
75622
61749
26672
84635
11885
59833
2848
33492
42536
80972
6789
49310
76337
76542
87681
59512
96839
11003
32355
58356
35037
74654
89803
29119
79480
96787
92318
9349
52803
21605
6707
45984
78224
60444
886
76921
73404
68332
13560
70302
56571
37510
90850
58696
69739
14875
38851
40906
81002
54364
19206
93397
36077
92435
73781
39971
47113
82611
55066
76953
92965
36895
5826
62018
90106
15705
69385
8387
9573
66602
38897
61546
85342
74557
69314
3318
683
82682
70541
3761
13401
40253
81512
17875
8578
54154
49141
74982
41815
21518
91944
71949
9995
85075
7347
2856
81768
67510
41459
1685
8129
15890
81297
38796
49204
43535
79877
673
45521
74793
75806
75546
28857
37450
342
25589
61354
32820
71309
33824
884
5910
51747
21677
95181
83943
56194
22099
93116
83183
65604
35786
37714
81265
6297
10902
29011
99030
93770
93655
85886
17102
86289
31390
98206
89080
22608
99280
17144
22091
27044
49442
91203
23974
68975
35019
47222
31854
36459
19105
27830
74882
17906
33938
5202
7914
92117
34762
3563
30342
25257
92795
25926
82841
87287
48445
73139
17155
60268
32829
91416
86963
805
31171
96443
57187
71553
25267
55534
4442
13355
43392
25026
67211
18282
17545
51897
23886
88915
12490
71843
42734
68780
4158
79680
13327
71909
43251
43708
78563
11618
22172
24675
47723
71120
28126
42762
35533
31340
95064
31748
73302
58602
41700
75079
61918
4128
83319
80642
74838
67638
31573
84219
88602
61620
59177
27886
60263
44169
35927
32156
58817
85990
22312
59305
39667
65099
74743
90784
58756
99430
88544
64309
8572
10499
48177
22976
13620
10218
8205
18786
58478
35650
2378
46804
88981
70084
31142
58362
33599
10096
28302
41666
86590
98284
87490
1847
23696
60495
74166
61732
89536
43773
64286
87618
67835
33367
9712
97217
97066
89310
47690
27655
61036
75073
43502
54332
36714
86815
39127
97051
59055
52698
67843
75158
98792
17424
75257
79298
24902
66734
54838
5066
26189
81540
44364
43295
3950
7600
70015
28139
74293
27778
89609
51330
97815
95373
16060
11576
43920
9301
60690
91079
73509
79167
640
49487
55588
52276
95663
43709
49263
95678
27151
63038
30606
28549
68931
85291
62878
1331
9452
80085
21630
56355
77619
84303
81466
19701
32111
84858
88345
93517
83770
1853
12062
79134
1484
6530
69365
46807
82648
22957
949
78154
30308
16385
47723
6652
40862
30721
57160
62141
23054
81153
62003
61753
10242
11269
93165
12346
59759
55481
14216
71785
59622
49821
95152
78748
3473
70009
67550
43186
57464
54590
233
88395
33240
52832
97561
99754
88527
36512
45928
50420
66781
81379
96144
17794
19486
67168
83152
60515
20811
6574
1550
50373
90268
72634
42059
83976
71056
26386
7599
10207
92169
65470
72892
36809
35336
2129
47974
1863
61246
79696
97026
21759
98772
72037
20622
63883
94717
54973
25330
72264
79188
373
17985
98996
4531
8560
57569
26150
7953
3410
15663
53880
52378
71319
26881
96137
47667
80248
61717
92675
48403
35191
2724
33136
74404
85589
27979
38108
174
79061
49826
33750
13625
27182
83001
3766
18417
6542
42428
6504
51257
48860
37450
96398
68827
93067
83898
59299
25430
57011
6399
87022
65395
22674
99525
78624
4183
64409
87508
76729
52453
81585
11592
66533
88295
45484
50598
3584
25134
38407
25204
24355
93548
84901
3867
88848
65413
28696
15749
62190
85954
58326
32690
23929
8362
40779
182
8959
74896
60879
95233
50571
42881
42614
24321
55213
23717
78680
95034
4788
95447
83336
20338
25763
40366
60658
88954
46066
4542
47882
62711
6917
99042
52198
76823
95577
16255
31017
43945
18532
21126
70560
55912
88694
3622
58280
63
32400
45798
44135
4533
40579
70951
81507
41846
63228
61132
88573
81681
68057
10536
24455
88925
52488
65555
38832
9465
84901
73948
35297
75989
11559
54555
64662
57635
40711
59861
18521
86453
69255
7623
71013
95343
54768
45716
41523
610
82030
31941
19300
32673
22490
13172
8962
63146
66719
20181
24959
149
15671
47340
56708
75029
69630
96538
64769
90888
16723
14351
12274
92949
27298
11513
51220
39222
81043
77378
37146
39482
50716
85678
23359
64214
68753
61091
48124
86616
59197
77989
4897
44639
62504
29021
47475
7590
1358
22395
4950
47657
31920
79341
7619
5630
59310
58131
78166
34851
56703
3841
4015
68356
54816
91211
80746
29222
95831
70344
11748
22466
9631
42139
83036
92990
29528
13050
51525
30808
38296
43137
99035
46154
47607
27719
85598
26745
54234
48120
47129
3960
13647
64935
69334
52036
21252
7657
43676
61113
33666
39554
37761
55980
45013
30144
96836
1683
1308
38167
19359
72696
40890
25620
30022
37833
51343
27589
52587
21402
85992
79100
88743
14654
53108
87618
29953
50768
53984
67689
84135
77152
88223
85384
35887
61072
68203
83307
83349
70777
94546
37065
21197
65430
86822
54571
31950
38885
15328
2661
68508
59566
76415
17316
31435
94250
2870
44420
93521
62249
15021
17968
70635
60358
44279
96633
40336
76820
5782
31141
20279
48379
25904
32819
42782
7517
95224
77768
57445
324
69790
7565
32030
3878
38288
18300
21603
20051
39577
15070
67929
40453
76467
53306
57753
50020
49685
40727
74567
33201
41037
43832
27200
68480
46929
24026
24689
14882
17438
56525
43089
46060
33012
70585
3873
29971
60939
12551
5061
14460
11505
24912
52644
48052
69362
55783
59010
58903
91658
55550
58623
10630
27784
70259
20776
57411
88479
62531
11128
45401
57850
8143
10766
21635
97497
82823
77300
29336
24403
98689
19191
87668
35785
67999
98971
75060
18731
67819
64392
59101
63920
21372
62788
41119
35001
2353
92340
46327
99861
78789
13738
614
72982
2253
24380
50108
24112
73040
35568
426
15516
86432
33312
54682
67567
71976
56009
86119
79521
1473
66030
11737
80488
36770
92211
45863
38163
25586
51005
41780
92770
80994
87459
12833
33566
57309
16059
78704
48991
6386
66547
45413
33304
68640
86313
17170
97824
60194
84375
32291
75148
42028
25781
44035
91548
69234
90624
16731
91690
21120
44574
61775
89065
26146
63176
83254
99664
69000
25262
28014
97326
28433
97618
17008
29834
45761
94211
71738
49885
73931
78432
33346
75323
86375
94162
16695
5679
71133
38497
39491
97169
65793
49811
42181
16592
14877
2482
25282
33572
10487
36541
15612
76704
48076
77714
41800
92704
33544
68919
58858
74743
55918
55864
72646
47270
48377
6959
22213
22750
20648
70189
94788
15150
82255
40217
93122
17820
9689
68309
19588
5706
77617
41676
82217
73076
85644
61337
32094
65906
11996
41817
59404
31248
91002
19528
28237
51611
56186
93588
10159
13875
74281
30815
75539
86559
7462
92029
95515
44010
88666
17633
2773
51340
60098
71197
2424
37233
42474
89032
38569
59158
73235
39417
27545
56490
61946
93042
43895
66547
56420
14326
21262
13704
35524
69627
66290
39476
27997
53486
74323
66787
56334
58986
5687
97270
79042
61220
95199
35656
7855
97566
77466
10701
98929
70662
95872
77882
47039
40990
50712
62997
96574
78457
56773
47993
71205
58197
4323
70061
28772
98348
83237
34769
86564
68515
69696
6237
41207
10285
4743
34373
84081
978
90805
45765
18039
78618
2569
12288
29322
31460
42568
27634
22257
50675
89626
833
19433
12691
58759
72295
57907
39460
1863
94932
29375
77696
52362
71151
59653
38480
31934
16192
76231
98049
60695
38749
39732
26716
52152
74138
63140
92958
81239
13512
34731
59284
65269
20043
73629
75963
16963
72135
75188
46462
57495
37587
23753
88986
66630
16330
56145
56089
85368
79656
3709
29844
88214
69952
31737
57223
88800
20777
10278
38860
61813
84387
37534
75943
89811
61253
18353
54863
44242
81459
32970
84416
34462
68690
92129
22265
43344
45199
48120
29177
31644
61909
90105
36982
58674
78050
49294
8188
78973
65001
52782
16690
18092
8229
45408
30068
13776
9420
92877
5820
17029
23680
14423
13064
69857
66202
79939
57375
61560
63349
39282
27854
17786
31858
88957
35360
36015
79641
64215
83018
66616
1621
67708
55528
85091
83397
67970
99165
79656
52756
84918
4618
20242
22755
13734
98001
37837
29302
43938
367
68593
62333
47860
7034
61519
50943
31492
6897
34595
82504
78686
91729
79501
45931
15323
31597
34
7767
39686
74457
11316
71675
28139
93246
92550
27748
11865
3031
65062
31959
66601
97000
939
37081
61540
37405
49130
99734
27218
79122
42995
37455
96014
11714
20425
21733
22665
39834
77568
60600
61313
93374
77437
99826
8548
79170
32751
17583
35440
52821
7785
78344
92390
47811
65564
365
53178
16320
46495
63037
15922
29450
55833
55654
67526
90973
46581
21337
66173
97544
23017
22949
86813
69615
8421
76853
39031
80245
6250
53561
7207
6319
17357
49451
50835
54747
78192
58153
92798
96409
56231
61177
77041
10063
41702
68272
55720
27642
81318
88981
23627
83816
50689
42095
40715
4257
49973
20182
43059
33863
83798
37616
88513
16256
95308
65378
87238
64315
26630
18012
67095
85376
18432
38245
64450
29966
28057
48914
63885
67474
58426
74349
56034
69642
63486
98334
64228
23303
65176
20056
64685
76248
74335
59653
25758
94871
42253
27959
51395
24765
75958
78133
46810
16610
30710
48632
28818
98701
62151
89413
83722
56468
61015
26898
9881
41014
253
85224
90505
57629
778
55690
48753
90596
40023
79327
1382
51094
28678
48914
71197
11526
68473
48056
8890
62550
43496
59845
80287
3778
10467
28797
59919
79693
99289
15787
97224
9281
31429
57188
47342
50014
9917
43400
14429
2846
32732
81370
63959
91580
64750
86473
83301
65756
34651
97812
54585
15822
35133
55146
3792
50432
99057
97917
70666
33419
44676
47933
2414
61015
79746
18792
88303
87776
14588
69753
86095
35477
40101
45891
89688
67890
57457
20117
51546
40965
30523
1658
9285
22155
18180
15496
43737
30135
96465
99834
53868
7357
17873
31495
79031
53699
23013
64236
99381
22029
79977
47449
23378
68081
26443
70541
40138
96688
92988
82819
70732
77833
60469
95342
4133
81545
44725
6589
96789
31854
96788
39836
57939
39861
50372
15775
16267
61228
48337
61501
43911
86554
53045
95583
73499
79533
3292
9508
27885
70273
62004
68962
30360
75215
16684
33423
16555
18208
95654
38386
58216
83175
93738
19702
77181
2734
8000
94953
1414
72352
55756
90504
83844
33519
62132
51524
39045
74562
8525
21800
77719
99045
11016
93933
33819
84673
94157
48432
65107
17005
92724
55548
67240
69084
8402
76884
37422
80903
37243
94631
85567
70405
97170
29097
48198
10001
14515
58414
90992
66770
9528
97742
20233
1134
67077
1081
20763
21342
7765
3116
12214
25591
40315
68477
37479
7611
20922
51643
97639
4135
49587
61518
29043
11576
38367
12286
47209
32537
73548
36083
89892
7428
98336
95769
47872
32102
97053
81000
94417
77134
99558
42425
65202
61598
88268
25798
36989
62104
53802
68329
64670
48177
7580
1587
24791
89645
19669
68558
83464
65538
1765
94918
53260
78690
21621
36383
47553
83818
44437
53223
86530
76475
18491
99
95393
42391
28413
7254
42432
4677
29017
45839
48994
40398
97164
16459
60994
53747
16410
15036
16264
92748
82357
45773
57104
12278
22602
1590
46797
3254
99659
10214
48528
19644
32609
68475
85833
7277
51126
67042
8829
75709
11411
63991
73514
48690
70717
64446
33573
68515
23918
72136
28395
95721
83428
56763
18783
12909
12741
54157
63843
65584
23961
37489
23249
38177
13700
86552
54415
13482
16249
67225
67434
13923
47197
63393
2337
33789
74148
59252
38813
82987
17952
28606
56850
44219
66912
8643
39752
9198
26026
62797
64607
10461
48527
68943
70336
40310
29630
19928
50282
60398
84694
47219
10268
39286
40486
76257
57700
99089
79658
2384
84111
87021
1321
29135
49354
40508
94241
66250
33962
69748
84045
10742
55518
66544
33008
38665
76424
50518
63736
77129
34915
73302
47067
71534
23995
41315
46380
3459
77938
31955
38061
63386
28920
53831
58165
25550
15204
58137
7474
63949
18783
43237
98090
64068
89652
30170
9901
85602
37673
45496
49288
46129
62784
3632
46377
50420
47337
87084
89896
86258
24637
59760
52380
74539
14077
31313
54210
4888
20685
50366
31920
48679
84729
35108
58701
32121
88918
81541
52142
74983
27007
35792
74724
62764
47972
77437
21432
32168
34738
21903
88138
82096
4043
22345
64497
37195
29054
81585
61419
47972
36713
8511
90075
33340
50969
23942
62722
39868
81919
57563
54733
82442
24853
38694
78140
62889
30442
31874
13517
85967
59959
31240
31892
70537
19142
83291
16684
75690
69364
70085
2424
93165
19795
12018
51266
52737
84804
37353
9981
8060
3966
99229
4396
52373
70699
27116
69800
66157
46417
47996
72023
23931
10383
47472
50990
20127
30757
60772
55697
96120
60214
73362
40033
37648
24641
86439
84079
13503
18144
72714
71952
9481
27128
32605
73182
58035
80823
36268
15562
15665
3051
57817
56330
77327
70408
58312
46347
22421
25199
7474
86038
42156
43865
37092
66741
16062
95079
37440
47360
16134
9316
2629
69792
5296
89644
44473
81938
82060
49395
84277
46935
71869
39136
47063
46524
21691
85285
80240
69162
13982
74503
50187
96459
40870
88648
45783
29654
59592
98829
76520
31581
1668
44704
42349
94911
4215
41730
8443
38616
72719
31747
98341
12276
75869
61907
93004
32416
61970
27187
10820
81632
65864
95351
11415
88739
87899
32732
3368
31708
51270
32228
85363
31568
77279
7078
589
69407
15112
76283
85090
16972
59222
6568
71982
31192
70870
57512
19318
51909
49220
88624
71013
67865
32413
48202
31830
8997
8961
35633
71869
84348
73275
99993
66126
45272
91512
39633
61649
37313
30416
25891
98460
97256
54225
29815
72077
81778
56827
41043
64841
45215
45167
31266
79658
59044
7695
48503
25456
71570
49505
3208
52552
36030
90645
77341
32671
32380
48205
34399
44951
11372
6664
54008
12251
88014
50283
17187
12726
34013
49364
21458
7718
77828
65671
85769
49064
13788
96856
99009
54969
20722
87989
65071
70021
68025
71607
55855
6298
14751
93062
99317
98039
28457
79422
50026
63121
2547
85519
11831
98606
11154
2118
21946
41733
84572
75980
83454
72851
71526
65003
70273
15149
68383
51252
45307
37983
87498
47576
26418
3646
45694
67282
27247
17890
98309
46083
96468
59869
65850
34891
35114
16434
24878
82962
21146
57987
3359
79769
7935
32426
43605
46537
35468
47320
82435
10017
82993
94942
23764
32523
5870
27635
16650
63840
17616
43338
81055
76268
76913
12790
72044
84960
63911
2460
57191
40346
84939
44143
6477
13024
10910
29712
47857
9824
98846
384
6459
10488
5310
39475
81571
65448
79238
26181
42321
42509
75890
22985
16552
38558
142
16584
69159
85381
36863
76250
72836
98361
76906
40708
31714
16019
21227
248
58322
7526
90292
49802
50851
72475
11179
54416
68800
37242
70309
53021
18798
13750
36924
56123
71982
56339
93949
69704
4187
46190
22038
3817
53533
40246
77680
83403
21712
94687
50224
52039
17055
67903
37666
91717
97693
15869
18357
51293
60064
80377
33455
2646
59930
49097
91406
58206
81848
94054
82303
44139
69477
99769
35604
33384
43207
89718
92861
76668
67254
16538
97116
50725
61017
41767
16816
25082
67544
13450
43062
85994
94952
50016
11092
68353
69582
85135
88701
68722
34663
26958
47201
22164
12434
27918
34980
39994
92682
80910
25413
58489
73291
86285
16460
58470
91053
14005
14708
25415
69875
61691
22990
78748
70618
51560
88226
67
99554
54326
32308
46203
59375
73727
18607
52884
76218
73785
10787
12989
16971
27885
94810
97468
80859
98535
65788
97666
82977
72634
53821
10468
35959
74251
26830
37468
21714
29797
54302
23304
56446
21635
32009
57584
27571
46108
21315
78474
7066
38750
916
40150
14397
44331
25251
19423
89699
13718
38564
83390
24104
99396
55766
94690
56383
7904
31332
13771
7033
8884
7601
1651
45050
19881
41028
14836
52829
13504
75432
43257
23735
12378
73126
9853
83257
74190
59588
93453
6783
97781
24165
37830
35956
93781
92237
34432
283
9230
34810
73118
24796
9417
11747
53752
96412
2618
37332
56468
26763
31848
18289
38620
59363
98890
44415
46710
42735
51336
93652
36451
61097
70634
49817
70803
64431
5727
32644
56786
27106
70821
99543
13456
92490
81613
1163
74172
29668
3614
99944
20801
58062
80428
87273
52939
8341
74395
82448
27937
48937
77954
17403
12951
46679
91140
837
82961
88475
10059
49869
69542
30734
41883
67134
52501
90103
35625
87688
63017
46335
48466
51054
58920
3613
63449
99208
73971
6954
40736
51650
19788
24022
70563
72787
33764
66001
19429
40449
46495
2348
75568
48244
72905
68334
48393
48231
10498
37909
9053
3185
80019
21456
46136
62969
15265
95554
74835
49221
45242
65463
75102
57548
82403
67407
56300
88672
71895
84817
90215
76054
75785
35906
33689
41068
20881
7275
26338
19775
13522
50033
44804
22350
83629
61919
39304
44303
47679
7032
61091
33254
84341
28350
9797
96929
26555
90997
59860
72643
50937
40600
68209
65620
33695
57488
62585
3065
54216
16906
45377
51770
96912
30679
72581
503
57494
29700
66876
49601
69049
41413
70780
5405
83573
46499
87885
2860
54930
74058
48992
44091
89965
62279
57182
76199
24307
56499
1080
71855
28051
84990
28278
74556
98734
54167
49410
55161
87010
70511
31792
1330
73396
85032
40266
26937
36226
61295
58196
4675
43594
90297
18287
85235
69808
87391
65509
98975
30829
36794
18883
12267
46593
7035
70298
1707
35801
93217
47122
20524
2396
92469
83908
53238
66297
75498
3489
93770
10149
73335
60365
9636
46212
24628
98665
32582
15296
37392
25667
24681
63784
10970
51745
95216
59157
46456
35377
33788
54887
43730
98863
20830
50042
4695
5745
99939
66118
8785
74144
55686
56645
75306
29638
38407
93359
82755
44683
5461
42254
79620
32132
86948
83060
5230
54936
24147
30755
34881
61972
83514
77416
15597
27955
76383
10389
37287
34081
19856
56870
90817
24130
90487
91053
29710
13789
96980
56708
66431
42396
5235
62595
52406
22166
19126
40171
86647
36603
34351
79165
21172
30269
38890
52955
65371
52333
14080
20961
85107
57577
44362
53288
72204
72913
96440
1156
86399
24127
30028
18866
39111
35070
41135
18894
4619
37432
89643
65889
73063
85901
1488
7937
95796
77799
80213
77649
29208
13999
24917
18871
326
80189
68930
31035
23382
56273
35096
10226
38616
24858
54555
16017
60087
87468
26017
99487
93584
88480
17215
97868
50112
8056
12171
87967
77533
97628
99808
40345
75479
76474
46380
11641
79486
85199
72828
69278
23973
47076
43632
85849
32383
80623
45409
43621
5074
90873
95672
65305
88903
25047
15801
61793
74874
95672
84190
17422
18610
61201
71228
58962
75361
69050
73556
64992
43354
86491
15844
13906
4830
3864
33129
27412
76389
68721
32600
67230
15644
18526
74325
56852
62084
72315
42933
11343
25274
94872
83739
280
13783
91473
5692
81376
90978
80861
33040
81748
51096
14946
74906
63536
40382
43971
80416
24915
51925
84750
72432
12489
56843
44970
5208
98475
35973
23649
9440
23281
43438
39759
3585
44199
7479
85789
56152
93815
1184
80818
42038
87127
31671
1591
78116
54042
21398
49945
36421
65585
80996
25174
33341
46109
32168
86498
88498
48137
53510
17190
80902
63094
5106
27389
50369
89507
69013
69491
75572
39551
97645
80933
48114
62421
78173
9203
84541
3262
42669
81966
62092
10975
85893
68520
63759
32585
66030
41672
33821
62330
35554
43501
32859
74141
24926
11896
10026
84645
68251
45894
67867
25537
87594
35273
27354
36988
56028
50769
41286
71323
64797
18427
67865
48923
14650
910
10239
138
56822
21981
17148
87958
49356
74855
81122
70169
12615
6020
3019
87405
20532
92804
65510
37316
48900
80961
64462
91525
13290
27782
36463
71613
13772
48766
4102
56474
60280
57490
93786
4519
7063
52267
74461
19871
4084
11209
73977
83630
85377
77175
9804
47978
50420
2839
33882
38334
17790
59933
86228
69831
17229
11248
86772
20999
29215
42628
14781
30425
46475
57735
17033
9007
87761
2451
84098
75007
72584
23760
51483
31295
90122
85245
11881
35807
72328
38346
53058
79449
16874
11749
7937
19956
48195
49731
95355
34873
57212
57657
89463
48018
42227
46205
96052
5965
55031
66106
69814
92974
99413
22260
59812
83809
99342
4788
14323
97400
48858
93736
6591
76160
71978
43510
25942
98864
59215
18407
30310
77488
34831
83529
47710
40999
11359
32241
98486
26509
60151
11009
17976
814
75926
92740
46934
11028
50931
22649
86294
36249
23172
6803
27416
66155
34616
49371
62054
70646
43991
5748
75581
2413
91822
79255
77571
58445
48247
12177
61540
43400
42727
83878
23907
30116
77709
80339
37722
9080
16492
478
27564
31012
52997
13394
73840
23039
5791
26698
10637
49731
24736
45427
67276
48034
49339
69432
230
41583
65627
10353
9115
46283
3807
21650
45490
60046
70318
56277
88315
41313
49540
98316
7412
30417
16564
39702
25594
305
45739
8374
66433
70477
30365
39578
22120
26930
11549
51331
30657
83764
61113
13909
61108
2968
16983
77685
31407
75073
35315
83405
54723
39149
74015
50514
31743
59867
70765
34568
30947
25526
38978
19000
54261
92029
59886
45658
43669
86836
6347
60998
90792
61627
97702
66285
95957
19915
68471
27408
9946
95775
29517
54713
66274
19727
50578
10038
68638
6429
99551
49006
64075
33250
73499
57651
19444
52457
39830
38455
80041
4024
27074
88171
71491
92904
84414
41909
41257
14720
17686
62144
80380
897
47850
12692
9099
46680
69569
87404
93968
27798
1531
55184
43063
93675
43540
43621
66839
32585
94672
15617
76
23200
37014
97864
19327
42507
28585
73488
75522
68711
92915
9347
14688
30627
43946
3744
64941
10230
13979
63508
2106
67679
39653
96289
21492
56645
55727
68146
63574
61018
83414
94708
80296
58893
98020
32882
23163
840
35599
75136
89905
11412
52809
60401
14768
63995
73167
77972
37748
51998
88026
75960
34027
37812
23248
74378
96105
20738
85600
33063
9793
95629
84162
79876
77782
64979
84065
53179
58643
6479
29682
10727
97399
11540
69193
36426
96852
79089
72092
97189
78977
40239
75918
79821
366
99229
14659
1046
32480
40105
42942
45033
61263
3642
37911
38837
1477
64765
32496
992
84315
84841
43244
18730
80843
75513
93424
83243
25316
55394
59759
98193
81765
22969
24099
37618
40465
28142
57396
24245
6419
29450
5199
39175
46442
66605
10189
79118
3318
2410
55719
6884
22251
20267
18407
62939
9862
57581
38762
48447
56787
60590
30610
95878
13686
73087
13256
82667
23429
14087
89104
75389
67887
77750
77313
40620
98038
34668
97168
45839
25735
51014
14844
2052
86506
71855
6737
52282
26669
15150
28847
7033
23383
53628
7187
41360
926
89546
16410
51496
68141
37416
21294
9822
91226
94522
27738
11087
21670
91517
72224
33497
94688
37365
19743
17160
73243
75838
42082
62295
56839
82488
26401
53455
90525
20148
5449
82055
49452
35319
4350
84083
91194
4015
24282
90096
95801
99204
42013
68744
9810
60337
42159
34261
30780
49288
62798
55784
61961
3455
1158
4257
47312
77207
56156
15216
86076
85636
16221
76554
98317
62225
13208
50510
30522
36887
53469
30976
78244
4374
8350
41197
30308
75454
28390
1540
7764
11276
25899
85345
74116
55283
12906
80417
63764
42026
20816
96610
41096
28804
62875
59031
52583
60063
77850
58251
58622
46245
76313
83674
7383
71803
19888
50412
32457
9359
20986
68771
99826
97875
46838
46560
96026
61571
28961
66975
4936
84153
64244
17926
44144
90788
48376
36873
66188
66627
68326
71828
40579
1307
73398
8073
51619
34016
98753
40266
63416
44888
1519
13914
38263
56364
4430
79130
24879
76243
9610
60849
15788
72373
65725
94275
81197
83776
9451
20883
21087
81355
63041
95700
52263
35339
71717
95656
22278
5111
9879
31715
77035
77383
22543
63974
67611
86730
38138
3597
58319
76575
83699
37825
94866
45223
94965
74256
35270
13328
55761
62127
8309
49718
67289
71708
94341
31222
1107
11731
93472
49486
26759
15396
74044
72196
83209
79948
44336
1643
53215
79837
27902
91279
44643
86040
93747
98161
77676
18491
24997
19846
98843
32479
86510
94303
92418
89720
60467
41990
10733
58015
30162
64702
55686
62621
66169
39616
51016
83893
40684
5653
57555
21589
63739
41611
14403
74304
11948
35062
92140
37743
22140
36646
9132
99223
17419
49732
14200
95922
47760
81112
92009
87204
38147
25184
45007
56503
45970
61032
18113
27413
99193
35931
68821
94193
13907
16667
40072
31961
75010
66906
4782
35444
71084
46222
20241
81179
90251
53919
57964
23802
52192
21477
27626
57959
80179
78550
16847
76035
33654
1916
34137
86407
41478
7358
55688
94824
10490
59231
97652
76210
42471
49918
56815
72597
30056
72877
44853
65059
60891
52250
89364
82064
19750
69443
763
42249
26293
4038
8442
35087
98876
80321
92762
89558
12989
45048
90432
29289
89728
26499
49690
9080
84539
56381
17762
82950
88536
71278
3983
7037
62444
69982
45168
13374
85395
48286
48514
1414
90068
94284
11122
44150
26188
25874
51235
90400
25418
57745
92027
67336
51615
52663
62049
20878
24879
91145
86548
86932
96581
17686
55360
50613
54142
73790
56858
22046
30997
30414
47331
19308
15879
22423
94359
39391
92463
95169
71025
97849
40892
15323
72115
24217
44664
90754
21347
52511
77228
98198
41591
93327
9665
96649
64362
59317
9984
82180
2160
68016
30935
65182
91128
56812
56852
78331
64075
84964
39449
96190
45998
72194
20869
17512
81910
61368
29152
12732
10483
12703
69555
11587
11295
22322
29790
73802
46784
94684
25285
4261
85817
51841
11870
55591
84626
22631
45488
42100
30855
31591
55687
99988
4877
31033
63813
74441
69592
80922
10811
24928
35237
13434
12507
36239
90781
14047
44613
49756
20093
41990
28313
77386
24794
24627
8330
62847
83084
96958
32449
91849
15265
8006
46657
67306
10330
1627
99268
49868
5324
66530
37382
46135
99942
72903
40927
38873
5625
10068
5289
57184
83945
94829
92619
92724
61517
31288
14816
36683
92972
6482
72786
29659
57223
54511
26163
15458
83489
85044
52633
48679
26017
85066
38156
94443
58955
37865
27141
8583
67476
99703
54059
31053
30973
83896
82298
82664
39796
47464
57585
40323
87912
35967
48723
49253
8915
79639
49634
1219
66321
6774
27277
71906
1472
4552
12922
31152
17550
28990
78567
27157
69715
40927
21888
97798
34382
79736
1069
96721
48493
97387
80017
92324
69081
85690
80010
14790
27342
50534
68571
9317
97709
80597
87610
31
13071
20188
46739
36700
90996
9791
28999
79234
48722
82688
69692
98652
49152
31129
44110
63993
40616
92411
40376
74830
61178
18546
50581
85250
7697
84230
26034
56832
61086
72223
19849
1533
32185
43276
62322
52055
33935
67780
19076
97637
61769
13761
62029
42806
50818
1135
85290
98166
80033
12850
16625
84862
58578
4673
72953
99400
29439
77958
14431
1869
39213
3788
43280
81443
88074
68867
88465
95309
50832
74090
68995
19385
54456
56370
72845
87977
97125
55232
62352
43323
58084
38625
50876
60645
15581
48522
82212
20451
58116
48002
48900
50400
73881
46197
37607
48726
6285
84675
67527
80252
98229
3603
46518
66004
82564
24595
8457
81452
72337
74021
5160
54901
74650
7851
55170
9742
53449
16461
48057
83564
18881
97531
92455
5771
92896
35954
6633
9174
92728
71560
92038
85329
9986
9133
46820
17399
57087
59272
46884
59993
55095
43223
15214
8370
47698
48707
74523
73905
80854
16169
95245
76813
3486
35060
99050
12987
7220
21176
62156
58055
61201
5166
18967
37039
75374
13546
59212
43738
83540
16719
37631
69069
23544
8062
77844
31331
81421
98430
62181
20662
46175
46725
28775
47533
63973
27947
13493
69352
13344
90585
43849
86696
845
28213
28997
60074
46288
39529
41900
13965
80020
54610
25299
13086
92071
65376
8338
90003
36851
16758
93058
16552
42895
82527
50676
14292
81017
31175
32702
3781
44716
98739
58322
12678
78428
7225
23215
10070
13674
98022
96143
79507
8556
39401
87834
61415
13262
33230
10232
80066
66638
52957
64072
77346
21952
15223
39579
63389
66186
85183
18337
96130
22215
13345
93063
10010
40883
30354
9380
54699
96744
4221
92799
80257
93100
30639
55843
35072
75187
60802
27766
26900
16986
85588
59173
12181
2092
71503
42371
27142
55776
5246
87301
18664
45778
90460
68349
76490
22394
35357
85125
63940
39685
42045
53658
72379
24039
48110
84761
67176
97307
85616
49603
68944
39461
13289
50243
90968
72874
18225
14898
45074
19101
22315
37073
93983
70320
36865
88478
39606
67219
59347
28624
95936
44139
46161
80301
25870
10568
90497
86737
37279
36540
35056
16815
96469
86103
79150
76453
51880
60639
74811
67827
35805
97436
55663
31274
31341
7102
80547
7419
46039
48190
62814
573
83252
442
75255
39477
37070
73549
53095
83555
10412
22127
3092
70717
7440
76018
35683
52848
3585
27349
49608
93276
89432
78468
47441
81167
20518
36747
61861
29575
43743
68409
67265
42266
19435
7062
1947
41687
56085
64411
46186
8085
49011
12457
38250
2504
44219
77124
66750
89597
66166
8591
54155
14279
61606
45577
95291
47340
54651
18839
40158
30106
82876
4413
63044
30897
11232
40892
78895
36446
2462
47042
94271
34700
19577
63731
69255
91604
2059
12618
67420
12186
2431
73217
69776
28413
17622
45168
85836
9648
1680
54557
22087
50244
30166
84278
53057
65404
88343
73467
99657
51692
30017
83193
37893
85604
92401
92477
58703
53838
40733
34848
58137
50097
84567
83326
94202
8919
93610
28730
92413
45280
60694
7428
76259
51375
80880
81256
61516
40217
56214
91054
29120
77378
14387
34724
77622
9281
89035
55354
36392
96890
21965
26957
20607
70987
10948
40751
70782
79702
47838
71281
81379
72298
3412
29474
41479
334
91532
4065
18195
81732
7421
39275
60306
58533
11069
57544
37860
97953
74561
13670
2960
53591
2318
31771
91205
90675
79951
9909
74398
7269
57729
90560
39158
67009
99061
57632
27495
68782
95945
77294
32297
35325
21755
90688
39370
49215
65325
76897
24134
54397
41487
40172
11044
90714
4907
63270
7513
5693
90095
16901
10019
44434
469
11193
65144
69884
47140
16740
9911
66443
54000
32284
96792
67878
79097
9706
79651
33791
8068
48680
8723
6132
89872
43117
45665
48898
85382
85739
56079
89693
16676
95063
74156
27167
91471
60936
42958
83893
21136
11455
97768
21698
80474
23231
90940
7958
80369
72088
22981
5371
34813
72506
42479
2962
72414
27056
74799
29875
85460
72971
32192
31635
65135
41510
78551
65199
20459
59906
18000
56890
3475
28925
16729
85071
65283
77378
67946
24138
15823
74766
49440
48632
33452
61058
53712
1451
82011
1020
55090
22194
26
60313
30453
46761
2947
68281
91628
99331
81496
69114
95073
75171
90445
57160
87676
92258
65317
7931
88279
8513
1119
18604
87598
72896
45648
58153
44614
93266
64142
2384
10127
8721
81913
51679
70035
71046
95233
77479
54902
59010
33890
66247
8761
68133
56978
27331
6024
76346
343
82391
31727
20315
6871
52970
85130
93974
55944
67583
21039
17095
93509
7559
19880
45654
72734
56262
66255
98825
86719
16024
73792
44210
68026
99435
49842
23688
46672
88206
24259
28516
14590
22043
94533
26617
51903
62453
47334
70819
52557
79302
2637
42551
73378
81584
53136
34076
73083
42121
52241
84855
81601
39652
27386
22234
29971
61966
67671
53585
38430
33336
24882
42344
13214
99642
29296
58144
18635
22925
15877
46010
15143
1332
73254
78979
32079
39185
73627
97307
41538
96359
96004
10849
46245
6002
63502
45029
67872
57549
79467
13040
73937
51796
35562
24179
73086
10878
33342
14601
27955
64030
26001
6848
76782
24810
6487
46271
31769
38774
68927
68383
4305
53622
30406
85282
65946
68746
6410
37970
96699
90790
42692
82419
89796
18246
76835
62962
88939
98474
20696
4032
20092
89934
14677
95471
21895
24295
37152
22223
42329
71455
59747
50517
82701
71905
1855
57302
16726
17148
36156
28275
81366
13143
62455
34465
22356
10321
46500
43505
67614
53927
97596
60723
37657
59686
86384
60568
96812
80243
36503
30090
65989
26139
36527
56019
88810
3825
95033
63497
57779
61322
2755
71565
19806
10824
62650
88375
8211
87843
75492
66515
2098
13257
91192
10594
66715
82576
42856
3106
57961
90980
4348
18029
44389
12682
99898
43020
11685
25062
3141
24964
21330
81913
64418
11413
53632
39528
44003
75783
83658
6610
69186
56860
1912
41468
86304
76256
99747
4594
84361
68537
38388
77835
80103
53912
41093
14998
69917
69402
915
31057
86568
24619
57092
69221
52018
79224
72463
72975
40524
69240
10206
44218
97023
43195
67918
59210
78093
78506
53377
27320
47231
33350
60779
6407
79545
99194
51524
23474
94352
16909
90942
35518
34048
83126
57660
13685
2431
40249
27317
7764
17153
80789
98770
67777
91785
23895
69296
13491
89747
49973
64944
7893
19094
3696
48357
74393
83765
15176
42204
57882
78289
11449
32510
8277
32530
54189
9473
8901
43018
28198
96704
29632
64827
18599
65842
92561
42627
54357
967
78939
87886
81212
33324
32619
69040
48036
19388
66841
28329
51931
81856
76308
80001
4108
77784
86347
10830
83175
66287
40960
41400
15969
97639
44774
15676
71137
86038
67938
23081
88969
13575
53733
35242
94635
34201
61944
36184
15891
70763
86418
28503
95197
74628
71143
45990
60444
81915
46117
31953
27471
68606
59983
52643
79383
37429
33748
76848
39523
93655
50019
59467
66082
90829
72298
35361
80678
14316
99671
18624
17293
60162
3918
55362
85336
40918
9342
82211
52593
31347
503
28560
2974
38882
54657
49768
35855
12546
85569
82201
51690
33022
7095
42418
19505
74155
50683
90533
65275
91743
70231
65272
82930
22511
40582
80975
13339
18125
68431
37295
45376
28687
98244
65009
66083
59101
42311
36809
33686
46947
39472
39148
49337
20011
10910
45681
40599
28402
45260
38545
5630
92707
64976
69565
96011
82747
33056
57849
47054
95346
15660
73753
89437
14429
80222
90039
58631
12045
20340
85671
52225
3557
32039
37704
83105
95430
77377
37662
28662
75828
28915
94398
17364
5387
55893
97622
60547
76231
5598
85528
7072
783
48910
13889
39299
57530
66966
50216
71971
35212
41530
9280
96074
8216
489
47820
4118
51205
7364
38703
45027
83584
67327
10331
31929
39668
639
65702
90228
34625
33792
26245
38758
28150
50022
12314
73894
46931
19996
53661
26356
9057
68807
75982
10400
5733
24487
63538
80797
62789
76564
41384
72378
79721
74716
89105
69022
93599
89629
11794
53432
80683
46571
31296
14168
20350
77417
37490
44834
45963
53103
87245
83061
28588
93827
87619
48528
96838
33581
99512
55596
32827
45830
91414
97902
80878
68259
4968
23626
23288
82426
97308
90174
46801
3953
43351
76040
7745
23956
23419
29017
68743
36503
84929
54756
53406
63790
74874
74793
72433
95900
62188
4594
14969
80757
23475
23713
71105
18743
34122
8550
48441
92070
13848
65798
56753
5929
74463
59834
86244
11157
82204
16531
39734
84086
13350
28575
35263
24706
59985
97253
41393
73113
37262
23777
22619
42302
52496
80571
29274
34961
20864
76494
22111
53537
95730
16478
74401
90412
24043
38785
23808
73120
21364
27526
32987
55202
25881
58191
23039
47770
93646
72701
26749
64495
31198
33127
77498
65111
49396
82669
72879
63741
6720
53221
28727
26379
14278
12915
11891
63603
94161
82451
17283
19539
25844
61255
96488
33648
56414
51946
16559
23483
43609
4329
87592
13547
16106
74392
70388
79026
3522
48919
27954
3570
54786
42779
87191
40793
18842
86225
31455
2604
29068
39438
63171
24620
32061
56961
53671
78623
62821
92657
66295
53139
77641
64154
53448
74806
76232
98976
85286
44164
50449
95844
34450
96498
72258
5639
62887
21389
64729
67834
54948
60835
18175
30498
63470
26398
57441
29869
4506
9487
23700
15432
64664
84506
886
39738
5017
43813
40077
11854
11172
87022
73592
94864
30964
93801
28486
82793
86818
87176
47320
8402
28270
90516
55434
55902
64756
85869
7064
35088
38050
79997
83321
42769
45555
56998
97747
11107
81501
31195
29324
73705
9850
93533
30855
6956
33655
14824
11320
33298
46215
74930
75489
9454
38604
31466
76509
53721
75506
8077
8215
45066
52466
55669
54716
70710
92626
75183
46894
36196
99845
91254
25117
64531
82171
58847
77680
36596
91467
43905
1522
16981
48526
92406
40327
44945
17936
23507
36915
24726
14285
53483
87960
4396
64488
63052
24886
55106
99804
89575
244
20344
91375
96815
4234
43421
96317
34382
49963
98990
19289
33708
871
79012
61699
54845
55528
36623
22722
39622
61272
16921
90786
72779
9751
65157
78938
67414
1155
8559
87381
91441
94402
57318
85382
25831
78091
55987
75550
90667
61353
36232
36612
26574
53184
13279
84824
97511
42242
37648
37960
83795
80083
44064
75547
79092
65985
56402
47699
1061
25256
20830
6930
3369
63466
76635
54046
19973
71939
63155
2568
53949
899
25806
2986
32811
10823
58931
72623
59189
91658
94433
28278
62781
67108
76015
21366
80037
87776
36222
82326
68547
65784
72734
11454
13169
42591
69256
58474
33193
51768
90683
47910
92540
3865
74745
23825
79836
28018
60139
34606
70271
34571
15860
52216
78135
85704
47952
32469
30015
11734
21279
15202
63167
88739
316
51172
44350
95061
46887
96966
47715
11759
83179
42807
71550
4304
72839
18697
30364
21414
41197
24839
61572
48056
70530
97428
83331
3061
92461
32662
33937
57060
43679
16484
16468
67544
43337
21867
41216
73904
23313
563
14975
60789
72844
74827
78405
12557
77855
81432
99165
33100
10668
50762
72328
83916
68811
7148
82630
28537
37922
86666
91946
86298
13450
19459
5339
64730
88168
99849
15629
17377
29913
52432
55330
70007
638
90840
12726
74331
49463
25725
4701
24386
94385
70900
94947
7007
17977
76634
27571
57210
96140
98417
51814
83236
82082
29933
27252
51348
6234
31735
53134
19682
84988
4254
14106
63088
5288
51820
38964
48284
33198
45116
96988
22926
58940
93118
1002
29835
22257
74896
68010
97292
2304
56406
49943
40270
24897
45863
45959
63247
35747
4979
63030
56071
13693
35079
21104
36269
39566
18227
1463
238
49903
18010
8955
31181
68988
4040
66437
77066
32471
38039
63029
21939
52610
51505
79212
91746
23960
69081
81865
18265
96876
81917
39643
34335
74159
2386
98126
25853
59693
40205
52957
98
66134
45303
38409
95281
53426
84540
675
98911
31385
56168
27020
36522
27853
66325
69418
99960
7473
78530
99107
18319
34847
59827
78908
95766
55937
65127
1776
36606
32958
44146
20918
17768
49455
98829
45350
20142
40579
71464
70184
92346
24600
54994
16555
13270
40339
4473
67811
22491
66778
83067
26429
1849
84981
93695
49850
31793
8374
15886
63934
48462
58487
93950
6974
69395
71124
76985
59336
11250
52018
68587
71227
36972
14720
40606
81389
81924
64991
5741
48779
15773
73604
66364
90698
66163
59832
15896
58826
86809
86703
89860
91204
49272
36558
2197
30576
25172
60788
39939
80480
8884
73046
67380
33260
73580
13178
34116
28613
10304
91714
53337
50039
25127
11100
20593
61793
90326
24264
78631
5031
54297
81226
31613
94501
72996
63661
788
70673
87838
30249
46741
74624
84563
68063
84696
84278
31691
58649
61565
35096
26910
54722
5988
3683
66030
52221
78471
87054
26119
64733
23509
3331
77237
54753
70771
72122
10173
94096
13216
61252
25271
85662
35143
62574
14248
7782
33524
68309
34048
98292
59112
41374
45706
36018
9930
53035
12189
84283
63973
92710
73517
40509
21970
11069
3669
58110
75864
90977
30622
61796
12815
18349
29712
6849
88028
2513
94653
69434
78416
68838
62452
26990
78384
30597
71733
40468
67833
19732
71529
32472
20168
49749
47358
87799
57791
72714
77478
95819
78370
28651
72658
31452
3662
82279
96749
81571
24210
53821
63819
35787
54982
84552
65600
33843
21197
1206
74846
4763
85048
44561
5190
920
9132
94388
2702
63426
25746
16242
1876
8312
33607
6288
60858
61742
74898
58181
43449
6758
12793
65935
17589
81399
86424
6238
62965
76002
25258
43764
54800
95149
79710
38777
63912
58080
22773
44940
9539
26478
5105
61633
62800
94138
38629
8274
19317
78151
12903
33835
13029
41225
50945
39777
8517
11595
72581
52803
61762
88544
16466
76445
16276
25426
60521
40807
24985
10843
9480
27303
88301
63750
69081
75277
55898
71166
54260
92203
46074
80383
34840
19617
90630
17365
43814
16150
27105
59452
1389
24870
88558
30411
16071
9068
22369
84917
25414
89604
83137
13434
266
71932
77456
16349
66849
76878
9622
41762
18201
2007
38375
25276
24840
76932
65925
87553
32861
57822
2254
11254
87310
42412
91466
84930
61003
17501
85937
3859
19761
78850
78890
57315
75020
88010
47455
7470
61663
98145
33706
75906
41697
58596
38071
26943
64339
8610
80455
67399
18155
58980
89652
23124
47578
32007
49441
35470
83976
66506
7530
88711
60313
74680
6366
64643
77404
78038
6924
11884
49736
7305
18983
98155
67840
39975
32982
48455
95051
27730
30337
79375
24224
40761
76971
35896
75048
97780
60932
13528
66985
23254
68124
88390
24140
39581
9644
73798
46512
77693
66269
48099
9511
19890
61084
81459
51240
16804
32963
57134
55428
67861
9522
86600
83870
42030
51462
58603
67656
5289
6626
86993
18135
7055
16846
66753
76493
24435
78926
48963
94933
50768
64178
97228
86099
84810
49826
93245
28466
16338
8834
15766
66233
35195
10144
60174
4696
36015
98946
85608
55859
21974
58541
54170
47284
78750
15117
87022
97541
20551
29952
9658
25960
80847
81619
93175
67124
45806
44437
46281
94322
40152
15534
66229
95829
30337
58305
34800
76805
65043
45150
48825
1071
68748
8
44874
73892
62176
58585
65189
30819
32055
68533
64090
27493
25094
4336
33161
77744
61262
71071
73500
86366
13633
86853
79178
63200
67923
86633
77572
34042
98952
74518
74466
70234
52948
55250
66034
36310
63322
54128
25959
91625
78417
74034
834
16729
27107
49824
75976
91652
15049
84226
54255
92258
53823
52016
6901
32379
29824
3833
97417
1401
5014
20069
40694
97679
91696
48709
2181
89019
10356
56401
53643
46038
73124
90976
95749
36618
57194
94619
95685
80284
78350
5809
64846
40665
61120
38723
84456
4818
62958
4517
62226
55414
83157
25660
55671
95777
90394
98276
68463
40448
57328
14152
39431
79596
9557
57447
51692
30624
86359
72847
74555
79503
67446
18153
59363
83955
93841
12288
49446
33148
32422
63649
97427
73978
46633
19634
54958
90176
31884
92834
62336
68704
90408
24528
17133
16097
62873
34136
31568
66805
58581
65426
9435
99706
32742
644
39893
33922
56761
26240
37027
14096
82996
17912
50861
3917
51071
12146
67281
58035
457
15479
85984
84766
18667
51721
51895
90186
90752
96561
50745
18077
9079
44151
73503
9210
93755
29086
75872
8574
96153
14158
1966
2787
85927
84067
77863
54465
16310
10825
9717
67651
34488
11587
34829
86584
68666
74912
46901
69723
83840
89935
12349
36835
46063
98601
14333
8974
6295
29278
72539
13981
72826
91991
77319
51569
64129
37734
35184
85631
20591
44559
88556
84531
51113
7244
69857
16249
82575
13371
97877
82001
1037
6136
45042
32747
46840
26020
72927
49853
96879
77817
14338
53330
84592
51174
97717
92161
86633
22959
76369
34480
94064
32149
98943
48259
41459
72090
23571
19704
70573
14078
97967
6195
18125
38818
62700
11331
5619
16771
60270
87052
68174
92010
1468
13514
42536
4041
17421
4555
94955
33317
38235
51252
70620
71757
86823
57542
75008
71391
94681
13181
90766
28146
31118
77283
24370
93677
24774
70714
11790
32009
52554
95750
13472
90114
98797
41925
22630
25899
98133
18201
11757
72170
49604
74571
67485
65671
9889
42118
32730
82571
99165
27150
33140
44727
93041
51974
25908
54306
90881
55128
19459
30983
8556
19854
80238
62045
42565
22390
40584
42869
53100
8079
86025
62438
40998
13843
86101
67165
35108
84144
4239
90541
61707
64381
55729
59294
5532
15093
17132
1158
10724
47548
11368
32342
58848
76151
32039
40577
94597
20167
5382
8503
90303
1022
40702
84536
86564
30744
73567
76317
69101
87656
32729
85445
14683
90855
10325
78059
99965
21953
11318
22333
42543
7347
83350
46209
35440
78300
47663
89703
50727
12588
19615
1273
98028
82339
31855
63241
35733
44758
65149
47271
37558
7957
52054
59261
8469
87585
53767
33757
50065
94590
5161
40266
84655
65836
67587
89455
30696
61256
40725
85775
30955
3738
64378
33646
18793
47847
27589
57572
28619
73214
78427
64828
80756
62340
53544
38985
94234
31969
95795
58713
5516
93764
40620
24751
27544
87767
61131
98930
11638
97458
38969
34426
77140
12825
29813
36665
99351
60998
2864
93269
2311
67440
68871
89175
43424
71138
77253
28521
49413
14735
90084
99510
89736
54914
11035
73389
38576
70801
72176
16129
7701
26997
50535
71466
34122
1306
96411
336
96741
88024
70032
29293
77307
42038
74741
29911
46450
48771
76104
82739
47212
63908
10249
50137
67812
42198
96954
46809
63052
26820
57350
21614
42528
58137
9594
64318
90499
11518
75591
46753
28723
25234
49625
41238
95825
56196
6925
56820
15388
12725
70160
60672
95769
34521
51863
35738
86116
60232
50758
8655
93727
48861
42828
39266
52130
83383
34267
47912
80802
38205
38385
99334
74013
37569
20186
76105
79629
70192
62479
44587
91300
31054
44774
16113
85674
76373
87306
95788
14060
36442
2250
38511
64671
82571
51460
50130
26682
33026
17790
20040
17042
45003
16937
8716
72835
55547
33853
39576
66839
62937
12388
42191
64623
4772
66266
25311
43398
81259
23095
32178
82161
2869
55409
83297
43156
7614
35601
33091
10066
40773
30021
59545
19731
81639
48249
41331
65613
50315
87918
81150
79033
68088
93015
99040
7556
89324
23890
86699
93979
90098
97574
89959
82763
123
8601
8481
81239
45095
51505
30348
31192
46964
14107
60151
96491
9970
11286
46808
40399
8420
39144
14505
86301
6904
83110
66331
29184
76377
40533
6389
74437
56418
96693
27865
99121
74406
93099
44433
9301
99411
75893
71817
18053
86873
7832
7026
67998
76481
40986
44128
94177
11554
87289
66952
20489
77385
11688
99854
77652
40738
54552
48594
70971
79471
95705
59334
8633
38121
45973
37042
36531
12634
98542
45868
43787
45411
25741
1904
97717
46494
82591
85809
38241
15674
15213
53119
9783
74748
95034
88317
11059
87510
46053
44615
41279
70728
9072
70030
73622
24003
58607
50631
76425
43942
38069
46526
64390
55035
19016
81254
59026
9874
13686
65248
76964
25838
57629
25202
44994
39322
33945
9876
17374
72359
50260
59243
73500
29396
60378
4126
10689
45332
23698
60009
61881
32637
66851
58667
94625
38105
74100
98988
10063
35093
77342
30761
15197
82605
73087
96214
9499
88287
42366
41675
38523
96218
61302
19085
89293
66141
50124
98089
31575
33566
79164
40582
44666
57837
80409
88704
58419
21713
89572
18744
27646
2131
65130
19739
93077
24319
21881
62220
57905
20617
73406
8130
32615
37863
52884
32167
31940
9122
4147
97237
5324
97850
65372
44637
33947
10290
8760
65044
69748
74827
76737
47090
35045
33698
84904
53752
94523
24263
38447
5805
57893
50610
43683
91544
33835
387
75606
35869
35459
16618
32727
31364
50732
37400
99362
50967
80273
46032
28481
39891
98776
11580
62095
84312
75492
91792
19357
42913
16647
79281
95136
74406
32341
96365
83746
85492
68561
35853
92323
66506
76325
56795
99100
45239
14020
60370
9422
75000
78254
50848
9469
69527
15175
76583
49294
3603
3040
73584
75448
26244
89977
95472
20357
33918
39353
39009
22920
21433
95189
59955
55366
3433
39864
39514
5902
88979
43612
82886
29805
56866
99959
82292
36181
56581
85140
46506
43401
90921
36316
50264
43203
10207
38197
79000
44622
1790
2249
51678
79163
4167
21679
29072
7455
69017
98619
39455
2459
4460
63068
41439
60170
59571
40086
65141
69320
61201
46730
43376
18240
98152
3005
55912
57105
10629
57388
3186
4034
96108
52539
49750
56021
84302
72965
49096
63117
88406
47267
4788
74058
43502
26814
65436
12611
22848
94013
80268
69313
1671
62361
53063
43113
67994
45004
64612
47273
72234
12235
78318
27139
38525
38227
11658
86106
1505
62658
17963
99816
57578
25925
99123
75600
77540
51766
72052
74121
46270
78183
38868
61010
84061
15262
80451
47409
5934
72436
868
10612
75758
7326
7455
86227
51407
840
63643
73849
72271
11724
99035
98773
60445
55007
91707
43262
1435
72399
80575
23741
63058
86540
43944
65074
3098
35050
54144
27202
75368
53579
66822
36669
709
92342
43435
83179
49462
83795
6487
16165
68796
65115
98173
87649
67667
56570
9829
97889
18568
7916
95791
24386
10792
9920
68300
80909
86906
47762
59385
75525
67017
8741
1145
83682
68242
79373
68857
29097
91408
33258
51484
54750
28034
90393
87920
93669
65223
40794
93767
34631
55410
90413
63858
40824
86207
33250
23345
96614
3178
79687
95257
40848
25865
91737
4322
31489
4280
33835
36691
90696
80252
19610
76100
74970
73675
42013
32265
98268
47574
78672
95662
65615
6273
34390
63495
38079
40398
75683
86781
55984
23937
87317
96515
94580
91082
10445
83113
4401
18063
81692
78838
56095
34968
59536
79782
28019
69425
1067
11875
32762
5728
48955
15811
56517
82529
48813
85966
62379
22358
98440
48005
91351
29970
60330
82545
58501
24304
26181
14561
64258
89458
18641
2713
6903
19164
43381
77410
14879
30926
38728
3062
61901
27103
15394
27393
18817
93194
24414
99750
92666
22823
19412
58448
64644
55831
20594
76572
91884
66586
93388
14694
80978
80335
67247
23873
8839
35302
55193
3897
27969
22728
94040
38258
5383
69328
30125
43984
89478
50925
38785
1117
91009
21480
13498
92942
21858
92224
52832
52875
59923
3491
7832
61117
94440
38359
91233
41216
31093
87383
35945
12076
41086
40771
57662
38176
56100
49895
13657
37114
22650
99012
81127
30047
97087
20349
28941
90437
65171
19318
52435
27545
89235
64685
69969
68448
16315
2491
94431
33373
67260
23772
14422
36778
57312
4454
9197
18164
73174
70099
15736
60306
33461
21292
35410
6913
17152
76959
62770
40806
53322
51475
45269
45078
28051
83683
63986
34555
43393
98088
95258
28648
10527
40155
99006
58085
95944
47444
66575
8482
60644
78173
29281
20341
93829
93847
15958
85161
29005
73787
74024
36823
29819
71234
41019
26882
58586
75130
60974
24578
41572
74853
80343
1952
29451
63919
59738
8517
10324
6909
59019
49265
3073
27289
37166
46464
66562
23863
6037
73675
36791
62111
60589
51051
20586
89859
70029
70029
64872
68433
85309
20510
62748
89246
27337
35361
426
1999
31653
28651
61436
72135
13998
28643
61515
95914
12874
74862
1325
62919
82773
26701
6802
70665
91217
43272
72724
77826
57800
20437
17574
97424
67054
33037
22710
47017
39453
90397
62790
20483
14411
5106
79871
7779
55147
44365
45033
99636
82718
79548
11416
7846
72051
28627
1309
33232
535
24787
80786
65623
99782
60186
77923
84805
6651
8830
83244
53649
70360
69016
92663
10859
30812
20372
91173
11654
11948
88185
4768
11382
72596
26494
36860
8098
13845
42657
26125
38111
76776
32432
82214
70320
36257
53999
23805
87220
15967
40346
4467
19393
35523
7769
11252
75589
72701
18006
25404
39063
91965
38188
89816
77034
93114
33500
60846
57703
30345
42601
59972
92722
97877
62865
1592
34295
30161
34016
87359
62536
96829
81628
93342
93297
58304
95253
62610
86604
30433
75092
25624
47598
30367
78836
42004
7661
90231
99028
8085
29437
43145
83354
36793
91698
34229
72431
32678
25480
4680
27218
96242
55803
91022
6794
69280
71285
42330
62429
57725
48078
15805
8204
1837
98734
72133
55538
99127
73076
65955
7185
19711
86620
64384
38085
2242
43429
79030
89135
16431
88083
79207
83702
81674
18472
10607
26139
60469
88482
97244
64035
4885
10368
43500
31198
6028
65942
82227
53581
87193
62438
22710
25237
69973
33729
12638
932
85427
94212
46710
83735
3392
21218
85706
96180
80590
67364
60367
57703
97562
25363
85819
60280
38115
51553
75433
59490
89567
53698
86498
703
40339
8588
90529
20871
27852
57053
84136
27602
9002
12542
69922
41677
84263
16130
97834
52379
70638
7737
36100
44947
20398
64054
90421
76974
34383
21915
63760
1159
45029
89858
6875
25494
84908
74941
36900
85480
19035
30303
37585
46476
69359
2144
71458
78550
20369
44393
10903
72024
12985
27782
17381
92174
63636
74073
32315
41312
24751
87490
31534
13851
40519
67060
39907
87114
7251
15697
77671
2414
8744
69367
21960
19152
33804
92404
7489
72847
83273
34635
90474
96393
53415
5068
24134
64904
38497
91490
85862
15427
15074
90273
87090
46607
6451
41258
34623
38556
20580
97562
34289
64147
20491
12356
33965
48237
75590
62081
65029
8376
49263
18680
51255
7879
31002
44661
45211
86447
36964
69050
793
316
39274
7885
48220
97419
97505
44465
60155
32265
72148
78482
5610
15622
15392
88250
97169
51880
90363
60864
16061
99926
61606
76645
17834
33288
22702
31898
22271
78533
41881
25788
7029
52106
32605
56307
80242
96165
21187
22595
31097
27778
38220
92066
78657
85360
70022
17306
57577
74473
52389
88972
8030
91034
70068
213
12122
99478
63278
60322
40547
36050
38337
39903
55612
35817
45982
97042
77321
83774
11955
26970
13082
7999
57551
39851
83757
86621
97284
17626
39357
51864
36445
11430
17158
63921
61278
15000
12191
87888
62950
7801
14846
22561
84850
18346
91390
4161
62089
57824
9493
48367
13939
61255
83945
13842
12451
96546
86058
13189
89112
71587
37787
51697
85139
72592
52214
13815
54373
61425
95965
94389
27129
17985
15724
35864
96289
95838
73646
64146
7930
93180
46523
8115
16416
53396
7294
95302
55108
72013
85240
49584
17766
26036
85339
24095
65837
20206
92441
36252
90838
91925
6712
38024
93029
72866
43547
86351
70497
73676
60942
13895
79370
5502
89666
40065
99737
726
45082
80531
17755
19691
52806
67575
76272
38981
45114
43611
71026
19971
3717
47373
85490
39986
90543
35929
94286
96476
23589
84876
86649
49581
43477
55583
15902
2251
58002
70873
7908
72466
63143
91645
88339
74266
98950
50890
55859
77048
42114
88309
19712
37822
6153
3728
2404
73630
18340
25925
77635
84517
66737
88239
61810
84233
39918
83720
1322
94521
85006
80554
65543
7836
84077
72032
87333
57243
81756
30269
43778
15201
80122
31612
19201
75478
58424
95102
93766
84962
11033
62583
5202
79402
42977
5175
16828
17484
59500
61077
49739
61120
1629
57674
30481
86240
72514
37691
84881
66195
93436
53257
4482
82700
28502
73037
52943
47663
10722
98854
24724
19026
27254
61875
86512
57155
15648
65045
8525
94925
21040
85592
66055
20020
54884
52406
1661
46334
20482
72175
87315
20009
85381
1147
7858
39678
30338
34352
44151
5900
48933
71206
14420
13113
80190
23248
96414
33022
42506
47667
96338
38187
86502
19826
41199
34312
2189
17858
2980
8124
77475
4808
69262
74299
19021
62436
51059
56381
45602
26025
15173
95055
34981
63596
33692
41925
13136
64478
57471
97504
39828
83892
90000
73781
17300
14115
19176
91639
67464
33917
81991
59946
9721
71122
9492
66535
64681
5274
24632
18397
11570
55881
69473
13693
25839
45174
69129
73230
73083
67901
59453
42125
92792
93225
47147
11226
87715
42026
72051
42754
44220
67232
80692
84104
45982
14816
15544
62432
25709
8674
88157
23992
12511
80544
9137
87507
80381
20830
93374
38750
6574
50656
21651
85748
90034
65437
22616
25975
30208
32498
94031
90636
44486
26525
70954
96279
