13923
1827
20055
96238
32633
82453
40427
71018
98276
77039
60091
33126
29291
54404
70559
76317
75827
96533
69331
73107
90526
69702
80561
29899
3756
72386
57333
96084
91527
9421
80088
68931
63204
67267
75551
60254
13043
38123
17323
4239
42569
45177
99978
95261
23974
20967
5054
36873
37252
23863
20279
92
91680
44594
30961
48777
92570
56130
67258
38711
28555
79452
46705
29036
80342
60801
33875
51216
21838
57740
70483
61044
78137
1152
84334
15814
76786
8110
22321
13316
43384
76302
43764
80176
23908
62652
22991
59663
53024
93886
52568
45459
411
51290
1203
36355
5627
83308
54969
14427
56757
95497
28769
11247
77893
25399
23600
4852
86762
61528
5966
34136
83432
20337
2885
92541
14214
62488
84392
86907
71611
37482
4800
14386
6514
17008
74838
55274
42461
73878
61309
38439
72705
5172
23795
9170
58109
46871
61069
5808
56839
28806
56266
59131
23509
55442
46564
21063
15009
94960
22352
51224
54833
43922
47687
9599
13865
10276
18824
83879
93843
29888
3901
49755
72686
44375
3250
63468
70019
90425
9385
70111
53290
72389
74318
23164
16099
43899
58341
24662
33821
41649
82412
58864
17783
43453
69287
46861
33221
21581
11393
13378
32430
63351
75773
40282
9265
7466
87232
36866
97386
4441
53628
6133
34706
82728
89928
36304
62516
21201
96284
75535
91426
16037
84379
2913
48412
90709
69607
17967
16914
54868
73670
20990
70797
92291
32363
257
92233
68020
65952
1139
84876
85117
30316
39413
50439
37998
79742
66331
97277
17664
59183
61157
90411
84964
43
4105
6935
43896
53757
97491
64438
43255
83616
2643
81262
19518
91634
7610
21416
96882
5099
4834
88574
9590
48460
73870
13537
3482
45739
52507
91119
51674
42108
32783
79024
20688
12665
99293
65273
90318
8363
34745
12770
62913
94666
26113
55126
17049
95638
71668
19388
99984
95883
44723
83849
23128
98911
95933
95793
74615
52236
63850
78051
76887
54056
26303
14322
21871
20365
87514
64104
53492
97736
97896
25369
94776
3123
41279
4829
93997
60413
44416
61849
54079
82460
95438
49192
73318
48527
29120
66768
12254
70078
16611
37595
92269
43115
93735
51550
97836
94175
57895
2534
47289
43253
48507
54661
37271
59126
52101
15607
91084
77657
38966
53507
65459
39460
39957
42300
91118
40597
87730
41231
21479
46053
42593
90847
59811
20721
9276
31395
78194
43573
65862
73643
93551
71114
16752
97338
31488
68614
64078
51589
16742
72263
47785
61530
16257
16932
56911
41874
83746
99525
16561
18049
66970
11575
28783
19123
92603
4040
43560
15879
78146
27362
84061
18389
68128
97726
40094
2185
97433
94381
15654
29335
28139
72053
58084
67778
87908
98867
85318
1383
90291
6903
39335
33316
81567
74192
74349
66971
1009
11976
84029
95427
33739
55218
23994
57810
17390
12993
94412
91073
39406
38005
88568
76536
75035
81282
75832
56609
69745
71020
6005
42288
26207
91804
89747
35023
62324
88966
74275
29827
41201
17128
4285
13563
15145
2065
79239
72752
42026
25850
69494
28908
11625
22328
36313
68811
22610
97949
44474
87069
82304
50502
51664
36203
93488
12923
87566
97979
12387
23839
12455
64913
18621
25744
35216
74207
46212
50015
96827
6760
2261
26576
85096
60105
94968
15395
34370
96198
17519
35650
26158
20698
37360
69249
12847
47516
82527
65721
61315
69668
67796
81386
5875
7408
72382
8516
70473
24563
10895
18000
44393
5192
55431
2370
67497
90380
78173
48792
51282
38973
44262
88092
40178
25442
35529
54755
28029
88436
47739
46743
67510
36102
78686
14701
16152
13231
23419
47308
66026
17777
26847
47713
69470
71044
56639
48516
12556
31380
59979
26358
60367
19421
95948
66749
2972
36191
47725
90947
90938
55634
3765
81321
52337
25900
55955
37627
77439
47941
49683
32895
73263
98771
74831
28537
2829
86155
575
55282
25895
49497
18242
98047
70621
96655
425
62622
92388
70197
24254
78076
98920
42992
5661
56852
74056
29584
96110
33889
5985
15504
91008
491
36549
65176
15255
55864
19602
92743
63156
60187
60888
82943
91478
92836
24709
23959
46989
33402
46084
92891
49525
88996
16290
14780
47143
93320
2697
83345
20198
38417
87517
38021
78402
2637
62921
16285
38734
89773
11008
83745
79601
27911
92623
43224
65080
69093
51857
37192
83337
66607
99469
25322
40544
46667
59487
58663
59391
2485
57742
722
62692
37812
90570
52154
9255
69808
17356
75215
14601
69313
31007
52805
60120
78980
83490
62780
63498
10444
30835
73177
70171
10499
15204
32106
66294
6204
55020
21245
69138
22269
82872
88079
89517
19398
1303
72308
55259
90387
78084
94123
9349
50644
36962
89901
85370
52460
39726
90955
99608
85276
93416
66354
60546
76916
41249
82007
35813
29641
69127
8162
20844
89391
96308
90400
95657
11226
81886
64336
90936
91256
61008
34237
58957
25118
33526
61325
24607
57731
70415
43952
79251
23751
19796
44993
38402
99540
63652
47392
72618
85827
57971
9285
59165
24648
21632
91843
54723
80656
39596
92470
67478
37662
97021
13234
31239
84721
82524
22506
94544
54080
13626
98313
76888
29195
29635
92946
29730
38153
78567
59327
54995
83514
65624
42297
15382
75475
22322
34247
6575
67479
67595
11973
19532
64872
21960
35675
89310
64547
66750
25712
71582
68383
18016
28117
22719
38484
51629
84592
33232
55987
78667
18112
40648
85069
90773
28998
45469
46012
86611
5342
84084
58833
81608
14908
44027
66391
70966
98768
84004
62280
35853
89310
80787
479
52821
44453
48070
67910
43871
1097
23405
40515
97914
95404
28368
97551
62790
30994
65429
71403
93819
72611
5822
796
52470
52467
47990
69053
48356
31770
37232
25465
27413
48138
33237
21419
5196
91138
72213
70451
79562
55043
86738
85257
45080
52230
31447
10265
16379
72712
28937
15311
22376
46026
96596
95089
37006
50782
8702
53702
22691
38588
47105
65329
34712
78816
17112
57716
9823
63936
48350
18127
39480
25006
16134
41881
89716
7568
30857
72988
77881
48843
62924
33322
97879
9796
62629
55502
97898
12464
46133
67526
52688
7520
45942
61083
90442
55679
92425
40727
70894
58816
13966
87113
25010
69593
73713
69489
67587
88354
29615
50465
54762
84451
15248
6211
59570
80791
83696
37725
78297
33121
62310
74890
31933
70144
79258
99344
82524
83500
97049
42729
45204
56243
62235
58301
56330
59044
7114
37185
26262
42113
33870
28214
33742
73102
23483
10154
41361
14858
90215
61702
7710
47987
76804
42742
35736
1062
65293
95712
52492
6156
85059
58922
65509
88998
26
46467
86144
83010
38350
29903
43833
83990
40475
73835
75209
65147
10202
7632
4676
46520
64184
43492
547
81369
3989
13932
44440
73256
5837
22312
84102
42179
15611
90838
58972
36058
66993
74295
30339
68346
30838
17922
43060
96859
4944
79408
22715
84121
80777
86049
79693
46209
19472
50984
17729
38023
10539
31096
76170
33685
41619
59352
44225
61907
92399
18137
53540
89641
59586
86038
82744
17979
11104
447
59032
15121
48027
83987
49137
31832
48838
99447
87754
76089
82447
64258
95156
815
39690
57631
54970
66867
88159
80956
20565
402
78241
64790
45127
22721
33546
52257
16266
2463
19340
89927
98486
16148
77356
63528
53065
293
75343
12675
66308
42898
18178
45606
14222
9655
13613
12971
14218
59236
47870
98379
89463
25690
64101
53570
32807
95410
23228
9969
52431
46966
41283
95403
22911
98158
48201
79756
11079
68723
19821
45931
36021
8886
65584
22321
51372
25123
69279
20799
95429
93347
3077
51711
55372
73210
44473
57201
37593
52338
79545
67479
71951
36726
61207
44301
21680
56249
86924
309
8925
37104
92247
6820
20427
7045
62409
39420
30723
51815
50958
16285
92465
4562
33063
61690
9490
29029
79892
26926
84623
23154
40479
55958
51003
62356
4971
95224
63764
57398
99526
93177
26815
5732
55193
49828
17912
73659
33476
32668
70755
94869
89366
69511
95313
87323
28438
22287
54105
54983
95048
80839
94830
51637
80666
38189
50707
44524
44816
22681
95361
21785
23415
13707
72047
36374
19689
46614
43856
37411
81020
77118
75758
86080
48432
88167
34286
80012
71173
63640
12073
43440
71871
97444
13349
20700
41578
39698
18834
95938
88830
45341
5426
35227
14607
72888
37532
84721
24132
81006
59255
58025
98401
15409
61799
93188
28985
35137
63979
7294
46927
62320
8592
89556
54819
19455
35022
999
70530
808
79643
34550
57752
26612
10513
71738
63032
73780
29694
47409
50709
81812
40732
39893
66284
23540
14738
75924
39211
94798
43207
17210
70192
81576
59596
30513
47141
3889
50093
54396
11275
24567
92682
81916
5219
18383
9998
42598
72215
19322
77984
57079
23349
1979
66235
47267
56130
98443
60023
46410
94165
18730
5818
69575
7987
66891
68699
46837
78214
62260
28093
68879
64011
53376
5029
11162
87972
63947
68197
83761
52113
59333
90740
14752
20661
12868
32321
34997
94530
15742
69883
34178
12698
85380
630
18654
92443
90005
13616
36961
74988
89992
31019
93194
38492
5369
23680
71382
94724
98844
30230
17434
51890
65014
59043
6160
35834
30817
73097
38992
74637
42484
95923
20985
71380
66788
36763
27065
91185
49243
47736
35190
28556
1522
23063
71024
81480
24311
69695
10946
41398
25013
90378
65178
66943
99968
38681
15630
27816
78895
72506
98535
54393
30924
18596
77337
96818
76896
74995
24466
45414
6914
41295
31147
92151
59641
96329
85832
36134
8402
99626
56358
22144
85684
30851
32854
85321
31050
35640
13968
36413
15158
83881
29476
33064
40623
32407
76544
99972
79575
50231
16820
85824
96449
527
81021
13547
72047
57168
8482
82837
88178
32030
80263
2925
50947
45357
40598
98096
44298
79288
97362
24890
76365
65994
82016
81057
65835
55576
45260
99966
26201
43506
89044
69334
73751
8597
51245
73323
51290
23684
50138
82559
64835
10482
840
47425
50376
13904
93528
89232
29484
63057
90195
44341
25720
48317
8309
29025
12942
32244
30149
62311
53549
25865
6257
6541
31650
91504
57956
50360
4611
27054
42936
20535
12266
65340
17988
78852
30072
60022
23753
24744
71992
65059
41614
16872
18783
33354
48533
79085
74206
80413
89393
70102
64188
54005
60561
22704
67670
65807
33861
21621
53260
53341
39706
3226
38478
77900
93095
81308
40893
42145
40579
8164
82825
56147
87888
4685
82629
92141
58658
78501
36312
71547
45256
66086
41985
11374
42093
6083
67751
23669
62719
48
62015
10622
31450
69320
79690
85379
70964
51091
77170
92869
17567
55902
15953
82169
929
59780
54441
17483
10517
83830
88016
61035
5879
22170
43989
22637
95462
2267
90880
98148
53134
84224
34696
67188
14962
62372
45566
71128
51602
39284
22791
80265
23509
2450
42373
60022
24901
47848
99183
80475
89099
56994
1901
22027
52957
55617
57798
91399
97627
79848
97699
55946
77898
74989
48646
80322
76514
52760
47099
30366
95974
83403
29050
67213
40287
97108
55213
7348
99973
26341
25471
34803
67809
74948
22703
10295
62215
85969
98230
9267
63712
38772
672
32760
78249
86604
3993
89576
75094
66065
43567
34108
43312
12433
5275
83220
12087
89804
64852
45252
70117
40032
83313
38132
21775
87880
50963
24752
38652
9936
30938
30396
87898
84545
68144
6122
52388
20095
32084
664
47648
73288
65556
97219
46151
60600
82120
3395
1742
15058
60865
78956
36489
27959
35415
72465
98751
71286
48783
30730
95822
32241
98014
53319
65276
74031
3440
76883
38315
96160
18808
49423
88803
1683
92887
31870
41477
86501
31849
61230
72159
833
20424
59655
4552
76505
95028
43366
10249
50989
12510
72751
46827
70836
46951
10144
89632
4808
71826
44167
27931
33659
98152
62772
83985
23747
84
4175
60723
27042
78306
27770
58905
70285
74007
37531
68351
64371
28241
44198
47954
50299
42239
26171
29765
14886
4273
13044
64192
85348
95298
52683
61011
95782
22497
34352
12354
90183
58188
60781
81725
2823
48084
54537
10986
15030
62354
88153
96786
61511
92422
36697
19782
48856
4276
75957
43428
21929
55403
62
36878
61048
29184
11076
91581
36995
62486
51034
95862
72803
10003
89930
91082
48898
54917
95045
77092
88970
80322
89040
13727
27014
77924
58569
32330
27624
63075
24433
61779
18667
26224
69455
22339
45055
60736
63705
88497
96189
55274
99481
98544
12698
39904
63215
68870
7308
58668
71680
90846
633
8077
28297
35203
11933
78426
1336
31704
25862
63819
18263
25996
25508
8328
76360
34212
14276
57651
82282
49480
87359
21640
63988
35650
80328
32222
23455
40534
65092
96296
92785
72053
71810
6405
7440
9328
3716
38546
90788
43189
32173
85667
99361
90345
5483
94995
47457
33231
63552
89416
58312
26732
89072
76719
76829
87612
51909
14771
46436
23871
56355
64455
77169
58254
53093
51682
86024
28343
62559
77863
4533
25703
77655
53229
82242
37683
99433
72972
49016
34739
66157
9802
60772
96603
66162
67263
57204
4329
35739
5093
76345
83732
95553
28491
58040
61980
74039
37059
63692
1797
39749
270
89805
7595
68183
42744
80449
58528
22942
24618
53725
7347
28079
73953
75144
24248
74622
17785
14598
19597
22703
2651
39073
48988
23372
50337
384
1122
73478
37569
48381
94244
40462
74046
14939
59209
53019
38339
58753
62252
53192
32825
21791
47223
41756
53684
30083
82161
64420
87948
79002
38263
98976
59
70924
82339
50622
72930
11439
85908
80602
74081
82555
78443
17862
92694
6890
79824
5833
23553
16454
14598
32279
54880
89504
88204
67641
55841
20359
71454
64188
95215
7286
66658
13168
32039
26212
24451
97471
14901
92877
97152
76900
83683
92013
29369
25503
20505
59331
6164
8348
93542
95287
36357
8897
69860
21779
58893
35055
75287
47199
80463
37687
48420
23784
26943
55436
11175
92175
10530
74067
17453
68289
40551
38796
95532
59617
304
83376
19964
83111
7395
18305
62057
16339
98478
95170
38411
94864
72946
33316
99290
42612
14629
90680
35126
57669
71650
46994
17775
72984
22107
79456
54759
46440
43451
7962
28085
15212
22058
7535
27770
21718
11053
3709
4344
75934
21162
21351
15376
60254
25785
61822
86112
94149
85579
3810
14384
60425
63901
67332
50308
16239
41855
36288
4554
68744
85341
32386
35763
24329
13761
5381
31400
94448
63604
35785
65676
55606
30388
71285
73271
85183
99273
13602
99145
44979
86077
27160
17751
66540
68424
14980
37276
87885
3747
52919
4681
7337
18965
20048
86240
37294
42585
67254
35915
11725
28314
13766
6944
60338
63354
28479
16805
64028
80055
3681
89128
59483
9701
73124
89452
53494
51095
3469
8401
64379
54185
15916
29330
113
68362
45525
63859
59075
43743
10165
92267
38555
82960
5836
99385
92834
87899
90051
89208
51710
37271
17798
87121
29852
62610
23512
83421
40426
94395
83535
29503
93439
73369
70132
68286
40319
13627
47650
87701
77698
69974
30746
71568
35879
736
95052
32405
74133
64038
14170
74588
89325
30189
18411
86764
66193
56015
86670
31060
99866
97775
72389
65208
45998
88526
13652
11279
8219
75852
69276
67183
22452
82263
93060
90840
58943
91450
78724
19298
20507
25113
58497
89436
23652
49150
75006
93385
32100
82
48060
84648
15511
943
31037
65489
49695
91471
13053
57088
2587
93545
45460
69199
58824
59658
36193
5689
15705
61540
73750
67349
67825
16894
90928
6562
18409
39231
83735
92198
18562
62955
67580
89488
75770
57344
71067
81034
30262
79245
12649
93324
39852
54618
39802
32617
30669
5712
40579
47318
12269
18283
79358
68589
2409
26364
7380
79993
69731
45413
2569
31848
63698
25443
81869
29476
72525
77029
5070
66059
89713
20915
32013
88317
15335
75201
56295
82588
35885
69330
54930
9534
56355
96686
93495
61988
36132
82803
17203
20712
30043
42819
69881
13068
51370
16747
94020
37967
20561
50254
19017
49638
87290
65536
83665
1144
1261
40279
82736
22903
77912
32385
46050
58770
66599
41966
50104
67469
58290
242
12724
77659
49902
51489
38353
17090
95198
53701
30731
37562
19667
10920
83908
57494
69332
86696
1466
3418
40066
22331
61885
62422
18066
64782
75762
79423
52184
45731
2085
95151
53262
82663
25298
40352
14857
35345
44896
76112
74674
64240
49710
62907
66495
40884
83457
7747
75264
81931
18379
27644
33965
97970
34221
13301
82165
95859
2162
89085
87073
76409
68828
11797
44148
51509
20138
63325
5917
63625
34129
3837
98561
24057
31855
564
17031
86181
4722
99324
52397
55984
80512
53725
33904
2142
94370
10454
25617
43768
92566
59379
87525
37734
1309
72110
54402
84798
39483
13128
52
66228
86386
35783
27909
51938
57375
46968
98620
24197
44645
22419
65032
43368
59498
1800
61486
42845
57648
20058
59117
74858
61665
96389
50130
78951
95986
56332
76259
68715
67566
51839
26193
22869
28
54810
53746
33709
47571
20
91936
62249
20467
29744
11149
58299
10825
21821
85347
74840
81343
61998
15601
79892
48448
3209
75827
97941
69467
34312
45022
28751
87345
26511
53431
11157
40649
31349
53022
28444
46512
50658
75971
43757
60860
99468
93113
30913
21871
18980
13327
940
18109
47003
7232
6510
16371
81324
36768
41638
11898
72282
10280
94396
67942
77541
22843
76253
76731
44552
99814
9713
64518
61548
11879
66479
98011
97937
64611
4727
24796
42375
3752
46519
18232
70340
32823
64160
70109
44136
30829
56915
77594
35673
73113
20082
40984
6431
39650
84915
29691
23248
29862
87608
63357
30479
47418
40270
868
47638
18464
61836
26454
22706
10838
85641
95862
16601
46854
6753
24679
30379
28038
48090
87408
88517
14653
97694
69356
75523
4855
77539
55871
31736
80071
16099
28877
32048
26906
16484
67714
17019
1987
94978
69204
76923
7432
16596
52166
87383
15462
27124
35881
30528
89715
77836
93039
38097
50642
19357
29249
95806
17641
49929
74955
38840
13839
48715
15295
67941
20991
61797
99728
33678
92854
80350
12532
3230
74262
85132
93619
96648
3336
49410
21487
98713
89292
52898
1759
45139
49347
98877
54611
2461
72486
96578
56144
32434
88245
17434
76663
97791
69385
48149
96836
80569
98373
54751
65596
90467
28527
48337
1833
3211
33389
17769
29989
59597
24885
57803
61107
36303
16809
59417
28183
67665
73833
54910
20360
23114
3194
69538
69251
58671
58073
12004
66515
27298
96571
77731
75507
49015
3825
77077
35491
36211
4938
59062
30371
21838
58336
96951
82301
59664
1734
15427
18229
6860
18258
33045
67354
19442
36006
54056
8021
12732
97613
55247
43998
90199
85808
6661
40099
46624
94712
71985
26434
65097
84736
63422
64797
84564
95928
59113
81923
72393
11887
75199
60400
47783
25272
69057
97505
95103
14043
79102
50922
73853
4809
61841
25895
33921
6613
64971
53445
30084
98919
23196
30420
25964
42299
84612
35582
62649
55764
70405
23674
21676
91808
59257
35575
15515
14237
73478
30647
94711
50797
59748
2135
39527
20102
44295
45005
66160
84213
13838
70450
86873
53975
95678
11396
1160
24470
19723
31009
84131
30392
95427
8460
20245
13637
67372
33116
11824
48126
93284
80341
13997
34114
57082
35747
77017
82055
72603
42242
51234
19637
84242
51237
66578
28550
72133
90328
18461
52130
19878
88619
87712
9271
22616
38938
65248
54422
26549
86646
74902
54678
50998
39364
46323
35366
9450
48420
89933
63661
81847
85367
52363
79737
43556
13317
15869
17157
64159
29419
52733
45840
2710
97070
40911
98398
63828
60432
60920
3717
18396
22306
65463
57202
63020
16225
99939
19892
92332
2800
67734
96173
68375
47279
84164
83964
27559
63975
49041
7235
56264
47864
92585
3164
50835
80002
55634
63561
30012
75031
84398
24813
98764
54476
87262
80029
21985
26099
11498
85098
32516
79352
44107
1598
46653
69417
63707
79974
86110
30714
74861
96945
61557
46457
20123
20884
90115
14483
12570
53408
20621
30892
58014
91292
35144
51330
99166
79836
81720
21379
37421
69521
85488
73117
98922
43071
10358
77717
73909
73679
13207
13590
73516
4421
12506
11601
46171
67344
26591
87991
14973
88824
70313
22730
10837
65587
82530
1303
10189
97078
50276
94452
48841
87626
14055
38262
66759
1310
58020
62120
82089
61402
43044
71278
24984
67252
32337
21951
9343
17224
45922
40622
37295
13573
82396
90693
33013
14249
67899
54980
59657
84070
10618
29974
33013
19151
67639
26426
11028
79081
5245
60295
85847
95977
74552
9308
39111
88311
28922
51049
40070
87872
59152
89678
73597
64660
67276
66790
15468
89203
95740
60605
39163
40998
26938
93984
9958
32675
81309
98305
9339
68460
96334
95609
66091
13045
93680
12745
94962
85263
86232
90223
54040
91214
63418
13263
67989
3696
70287
26365
76845
16667
60098
81073
58862
97662
74545
79186
69833
35578
23957
14959
17040
47711
90802
48864
17844
98850
70007
6875
6965
14634
78470
40902
41384
97448
28534
45441
32425
82491
34840
39059
55757
11265
25872
47307
12089
48409
1800
86374
64341
25608
51617
24927
19826
39198
29814
57623
9414
93427
36828
99576
94092
84584
17188
23613
63889
14520
12860
33019
94915
93502
89714
68721
37593
81669
93619
188
13629
64317
21720
48248
51899
1915
68787
65253
40394
20494
8829
6645
78326
6929
27650
30037
95687
57557
56164
56629
4325
62658
11345
35532
67771
87875
49199
19848
29162
62256
70251
88844
53283
66161
44107
7740
91323
53868
71318
83683
49781
95775
51152
16398
5551
2851
79751
67100
2471
4951
45204
85074
73140
29697
83030
48622
89231
96991
90824
72214
73879
60353
3356
3620
90414
92774
12953
50646
83948
54143
7676
55473
53044
4187
78123
25813
18123
25587
16345
91735
26032
28261
69172
71523
15251
17775
34377
84278
43735
40388
17057
14222
22215
28895
23561
36177
73057
82113
74176
11752
70629
70551
50778
36035
46515
59075
10513
61324
79016
32213
65380
73209
46521
43208
82330
6604
66854
69892
16707
5472
82987
38959
4446
70121
54857
66384
40242
87288
43212
69201
80965
52631
28785
30537
77618
2919
6746
23249
73028
4073
46601
13118
17821
49029
15916
3284
89067
71846
69172
70984
16722
68695
84051
80941
24705
69021
10639
79271
96306
74131
2527
34335
27729
79766
55580
56542
57061
67891
31044
47245
54104
47450
97362
70106
24968
5771
4559
14599
81937
11511
47128
31688
29657
18644
12545
76484
23675
46744
61437
18172
44552
81476
89010
20956
89234
88858
7755
60654
83423
67712
6268
49716
73813
92903
9328
29638
21011
98806
20367
19619
58685
56041
43113
75581
945
57805
36392
53674
30045
2334
16485
38922
55665
38359
34845
34586
11856
4828
62055
78761
37187
33960
35169
91155
80824
73860
8706
53332
55713
56042
25483
82951
90043
30483
5595
96350
87403
58759
68643
11842
93842
89957
61602
71346
71450
47594
10032
98497
8904
5988
26395
87385
69304
2924
68500
24490
7939
87689
49513
92123
82592
32114
47474
63342
62750
10698
795
98793
59184
61574
47413
98023
87853
48555
94721
17226
41084
82225
68226
53944
33906
18608
46523
15254
70588
77871
93147
55980
31997
70211
17380
80955
3697
87045
95801
57193
7132
93565
97963
34154
98088
97300
49402
65682
80561
57042
44384
46722
35358
7822
62536
40181
61406
96067
71541
61799
5033
10128
79379
73600
90326
29824
67686
70776
8724
39523
23554
61184
29633
79863
87758
1865
65144
53495
11785
69200
22779
44567
40116
27680
40761
70388
87332
25347
50499
10203
58379
78052
73898
91383
5816
2095
86273
39515
94323
82898
77348
22445
4521
64584
73763
65210
463
65952
2197
346
75539
78119
15003
38315
83687
81806
63691
61869
5544
1846
2687
85696
8869
5767
42082
77923
63738
42232
79228
72884
6251
48341
99493
11187
13925
49214
65143
64525
88258
24407
40350
44631
10056
8992
98247
41441
90311
78198
96309
10210
30530
91408
49009
41116
84865
50242
85389
52545
63136
4177
25967
40990
75427
99141
87911
2251
81209
75100
80154
81172
40243
62397
45182
39005
13135
79001
27936
37781
56243
92878
30469
59395
15730
497
50112
61639
81705
25922
32339
12771
15917
23925
73994
4123
15562
77384
23526
26060
33985
32569
34919
32194
30919
3680
87174
62263
56037
58062
20730
90318
23665
48317
8599
1578
15931
39610
19570
29563
89931
96236
56970
9348
38129
23482
11997
69905
27618
7548
50354
71795
39798
96718
71896
90543
13013
21485
21557
96076
97300
87208
48329
25456
4405
94174
44377
41513
92726
37300
51362
86793
83080
27258
86453
84987
66483
73994
40063
17177
68785
77387
51709
98509
11136
48962
38297
5369
34834
17544
28692
89998
91425
93256
67607
4998
9395
73025
76302
64229
65172
47281
17306
89612
25886
21310
48256
27349
41015
4666
76040
12229
95680
39356
80780
57426
66757
86450
54728
93198
16144
92299
39385
37397
69453
73776
82024
12479
16025
35456
23763
21237
12899
48378
45711
97843
12875
67916
74711
24045
57089
24149
84699
89534
33164
76604
69027
80734
46759
44
40252
33974
77770
90753
29091
64139
81292
38128
67876
29034
27555
46455
74690
22011
98175
88165
90246
28501
58739
78856
35409
57005
5958
7041
63953
50573
52362
50923
86650
30334
10342
44643
56013
81318
50477
74134
72322
11443
80699
2261
58111
47600
34775
96859
12142
35522
48033
55985
85505
40002
67361
58023
83042
74552
28200
73693
16196
92277
73811
72956
48064
71344
71613
51777
44513
71864
46300
19469
8478
4011
28070
13161
46037
95473
37312
43384
82975
5566
6111
96363
92435
33253
83614
11201
75525
92208
18836
53817
37721
65809
46466
74961
89423
43072
4916
15107
41321
53732
28800
21230
69137
96022
34843
91685
69173
76725
33125
25217
18216
21282
13446
99554
74065
7545
32647
54384
16136
26645
91706
60943
6753
96955
32499
24276
47226
38654
86189
5427
70874
80956
56210
99070
23565
2640
43459
77433
79002
91717
94274
37049
34818
27878
29812
48493
44739
54862
85616
78317
52126
73783
84697
77316
16102
71610
27353
96523
48595
19500
18083
27359
51773
2878
81484
30581
31249
84357
94305
81416
75394
312
38484
30382
56227
44608
40565
58388
40712
64511
69763
56856
35817
23948
25284
51822
2532
64033
35532
34609
40578
32538
87236
65673
80331
19912
36354
66323
79628
8945
89542
67639
71878
17847
91660
91551
84711
40937
62133
91848
34913
47883
97495
66586
7834
76873
38858
43774
64392
89819
3807
78135
61018
93015
22183
20841
37751
13241
26292
35440
69576
173
56325
65509
7146
19925
5819
5368
5352
79197
94106
99856
5185
71967
37071
60330
49191
43098
64199
70795
37807
47855
74114
78524
73956
90565
70024
35138
43134
40771
31133
20545
16509
7461
76005
82167
89342
69585
45772
96232
34134
39793
96556
97293
83154
5886
48226
89096
35977
8335
90481
36444
14329
6995
38526
44229
87670
98836
30221
24959
26444
6662
50181
8605
32700
10810
47241
55373
97371
60330
84073
27583
28569
7125
17654
25069
61053
20133
50300
28555
25007
54706
90922
40301
62175
54849
17621
51702
443
84381
58810
14876
42583
55600
58563
74395
15233
20148
74731
8288
46594
35000
29043
60335
44262
36556
44793
69235
68319
52212
49550
79990
27820
68993
19631
53916
66733
72904
70932
31050
85037
91152
88795
51154
55616
29410
66683
42111
28186
98225
90387
89592
62292
6816
29810
13588
54476
39659
83458
78514
78046
97218
24232
25371
50654
11820
59722
40133
20408
98542
37775
20943
3173
8466
36529
5045
52336
77533
96588
6922
70981
60044
10417
67563
76146
5260
43631
84474
54076
2257
52018
69972
42584
68874
35388
58631
5968
23349
78268
95683
86119
472
80671
51358
48953
56202
28491
5000
18138
85105
91599
30964
62447
53486
83339
63054
38105
51536
2448
25720
5639
22635
17216
35749
51264
61796
34648
70737
91062
58095
73692
11641
75028
51183
70367
48410
46001
80259
56485
63590
93583
66862
67107
69052
67177
81276
57175
60959
8619
45881
62070
42533
12197
40970
91494
14237
16947
83406
63626
47233
2220
56254
28281
98572
63823
82604
15569
3256
70182
64477
21455
43155
11222
42966
52105
32616
13471
66998
48483
14398
16589
81893
76551
45007
35129
50748
71235
70791
16996
26373
38909
33992
18121
33247
6739
96824
92511
96311
5781
59232
9905
26416
65314
20300
33287
43222
26844
24855
63839
5994
82487
793
25198
63682
16687
49917
43936
61321
75690
63164
70427
2701
88932
34641
19355
228
29973
47607
40382
77309
92577
41917
41569
18541
50576
80941
48909
27699
45758
98226
1844
26182
1674
70193
40157
35685
69673
36544
38343
12938
28947
51372
1721
41254
8526
63131
24492
53735
88746
50604
23467
85949
83082
65943
59031
95027
42114
7573
83618
77917
34911
87502
77497
74424
39974
27325
37109
7032
18159
68505
77696
97637
37005
57507
23838
41958
30620
35241
87030
96035
28235
50793
38140
37839
9771
47850
70268
90213
46270
24541
24507
39654
62979
55894
35426
72491
81576
99571
52999
50675
22673
77812
59799
48840
28240
67440
66989
44350
15862
40114
15753
18488
85764
98739
36908
76959
18789
17108
82793
4740
6244
43918
53792
66558
41684
94025
98746
37771
23914
97574
49150
51614
56696
16089
9160
26243
96892
72590
30810
46042
85726
32960
80656
54544
28290
12518
94285
69164
94751
81441
90551
83023
16709
72935
63459
44387
26017
96996
97103
69755
83706
26149
81720
70818
62663
43605
74144
6352
96854
63566
34583
55286
60959
31652
3900
60452
56091
98395
30992
17775
40114
57589
53814
41804
47060
71964
58842
59628
84813
69494
67810
64910
75706
95065
9200
59584
84292
85500
69022
96332
27232
23072
63741
10361
75616
15627
75820
53801
90825
97444
61128
40755
47227
74365
71580
53058
2083
14671
78661
31401
87860
12702
28400
34881
52112
31673
51973
71803
12694
20515
12349
75818
67780
72485
42332
49651
2214
83724
55500
71245
605
45257
21712
2456
64190
82162
56491
5098
81335
30917
77424
42243
15632
8530
11066
90663
96446
36123
31100
56884
60295
1812
91812
59058
44586
46036
1057
86327
6804
13123
97646
33936
45859
74030
14834
6819
56961
15362
51003
34837
23065
95344
37476
52591
57051
61607
78198
24845
24398
46728
12118
8239
21333
12433
19388
23487
72283
10979
41902
14950
68021
46712
53570
85164
36549
1622
63468
23855
91796
43370
84750
50833
95590
54824
55509
90670
10562
41335
66872
88028
60942
94063
47735
58239
16201
48512
17879
95543
13008
51688
5119
41593
9742
97180
73738
81666
94171
65107
58475
25394
66203
57783
9035
53031
28012
92162
38815
20754
6771
4261
6581
68056
38675
21423
69744
85515
48425
70489
6619
24834
55216
83258
85237
98384
10012
30961
87250
8606
79815
54164
7116
45251
70471
31131
98164
79229
98080
89011
51433
71505
4625
20232
10982
50854
20967
68280
454
60879
51252
72312
32526
23911
5680
12126
1468
51172
43220
60042
10197
88929
9637
43242
59500
78571
13443
20025
77397
63999
4718
81357
7933
73542
71961
81882
93021
22223
84514
83240
76043
98782
57896
95511
54790
35335
1551
73984
70521
55597
843
29040
87380
90755
15578
99245
90748
37658
94274
73156
73872
2057
29055
44909
11628
32802
43820
70158
42878
65494
48994
45780
23689
52827
9114
11278
22211
18767
32583
81125
21924
46502
8115
60837
6107
22318
92535
43592
98534
64811
80465
33505
35568
61065
62735
27969
8798
68257
80921
32581
9912
74056
45114
93383
29331
28640
40191
47166
10630
21433
35014
34243
37919
37354
4013
8731
91996
94268
83324
46604
24902
29056
26112
96764
84737
66092
40167
15365
34349
17810
59024
71863
60454
1602
45892
42830
42305
72778
82511
5977
13734
77678
64306
45049
8566
15943
80588
88228
13116
45362
77815
28906
60296
9639
30632
29777
57575
14498
27134
48249
39143
49127
99082
24337
27175
15321
90302
72306
97134
99655
37961
34955
2649
61276
24449
56114
45562
31128
66752
7162
13235
65502
66124
36985
94765
55202
15300
46221
94000
63037
81429
37821
62075
73851
37425
37226
45182
99906
41520
45542
50227
66940
43559
5674
60914
20904
62406
70200
16975
47197
47072
52551
41659
59775
42193
87986
4397
71433
98821
90770
19105
25104
8553
93438
47966
23548
41611
86569
4121
27197
37960
37869
90797
92572
59564
81681
96980
94523
47457
51410
22462
21707
4352
81965
43981
86693
44734
16095
5285
58605
66719
36351
35531
57637
62794
57931
16411
38932
34148
47638
73693
62089
85871
95247
29503
62506
79813
85593
8996
55184
86151
79115
76405
73431
12244
820
61080
3832
83564
56542
50047
80281
8230
11320
93881
65397
24077
13254
83105
27888
86159
33078
93214
23635
88270
76493
6332
36908
80655
36836
13146
26149
49930
16584
81400
47121
77865
97011
52123
35929
51975
10260
11566
33622
61180
29604
925
23854
22773
79082
52568
80217
88271
85640
90022
92974
13587
46816
75252
22711
74938
35297
4061
20877
14389
72100
68584
31495
83544
44181
37430
12887
64195
18895
75786
31507
83091
25145
14125
35620
80375
51239
99528
95597
72468
50483
97788
95106
8862
37021
3417
89656
83060
20871
3808
64418
70166
8078
84496
7080
78242
35062
175
238
86388
56759
90121
46303
46516
14602
75008
44271
67697
32566
13701
4733
44139
51530
18815
75578
90891
23966
29766
32865
55113
41907
53985
68198
19490
86921
56030
84884
95807
52000
43187
61810
26749
93638
22956
54781
47146
14783
51570
34503
75335
98145
35253
77307
53585
58235
23837
57004
23738
24285
26208
38436
18208
75502
88872
30135
49113
84369
91226
87933
75005
24212
57553
51784
86916
56089
6540
82555
72853
85853
21167
77396
8189
32064
61554
57856
36465
51755
39799
39701
52244
53150
79281
68742
69881
57498
85861
73627
39136
19110
46503
7055
76138
22619
68377
48887
84467
67641
81509
82131
73518
40413
79437
51489
73446
97388
378
8762
64626
54805
76338
21426
93784
37045
94815
70886
718
50965
80623
43728
83865
56348
59590
51780
44132
36833
75068
52311
79184
89097
27924
77779
24086
52417
2149
25225
92536
48200
43064
28243
91717
57417
72992
20123
66102
37255
31045
78744
35944
17733
52912
19317
1038
45083
45896
73877
62993
36198
91464
56444
96874
39304
10973
18640
41348
32085
80930
97916
87241
53955
74119
37958
43535
97787
3883
21806
80120
7988
63896
64935
16622
32991
45018
58075
27531
95816
31034
38644
84807
34034
76170
68978
90761
60892
52434
56822
14164
67301
63055
79054
50858
27416
88060
4173
77753
54152
29488
64498
7761
77800
43191
4471
97982
58368
2534
41303
38734
33704
96452
37544
89527
54878
15825
74199
60413
53821
77733
49299
54906
86325
22539
41139
11241
78895
44126
25783
2981
33109
49008
552
92698
49024
34035
66976
96147
34782
40098
11322
31053
47578
58084
21286
60004
29010
72226
28686
77827
44092
58871
67144
40905
66526
3576
43170
22161
52021
52834
76571
85172
37527
58421
642
67061
31028
94632
1416
52998
38358
49062
27003
4314
48152
67745
3765
41441
59639
8311
40361
53263
91013
72069
81883
84497
99348
67819
38107
93398
36580
97036
20565
65146
54892
20042
49264
87488
8785
94960
96750
56703
89376
9423
46649
1916
19112
75447
89486
37316
89686
79984
44671
98876
45538
20745
12945
56356
49854
22654
15703
12718
93612
34864
92126
76101
65784
44369
59854
71151
77129
15200
53265
61745
61657
99786
10816
13661
8637
65737
22577
19666
66139
22105
67644
56352
79122
36845
45141
5177
5692
42962
70209
91370
68936
83355
18277
30549
76315
34207
23762
31392
20677
38072
96175
28187
21293
5469
63019
1553
17584
59992
2297
14815
65046
11984
57789
92112
47360
90500
70271
54740
77770
84313
56243
96347
82623
93653
58647
17467
41595
783
10465
1506
21673
4402
76068
79571
37203
95810
7123
77878
8218
34238
2941
5129
68772
87003
11178
14037
82104
45028
97522
64290
44781
48205
4939
60308
9481
88563
49795
38631
88712
2686
33435
70553
67039
70301
95152
28394
28831
73655
82747
39149
22338
82247
70505
4867
14430
6036
12855
62493
10519
97717
2306
9194
88851
56928
7128
25922
62565
70727
53266
13508
22099
28352
61507
32625
98113
76603
93097
61923
58839
27489
60964
95554
29067
31026
20150
7223
20194
96495
51790
44781
82983
39910
14566
48321
69281
78027
81235
20237
80248
90566
62011
28931
75121
36542
61847
20635
10172
94350
4039
84762
35626
43187
42562
46128
78002
36352
7927
9193
66030
72809
40165
81366
21831
63434
72801
58225
15471
34019
34432
24592
88104
17615
97446
27003
68117
78481
16326
45417
20991
14901
15522
30722
78274
45380
96857
43257
5194
93064
56222
20069
11177
28813
45008
54566
11841
99798
19086
3651
3148
59938
2095
95234
88325
5560
91616
51023
44753
45072
38023
3184
56444
49096
46841
23700
49672
93357
87885
9462
4321
8771
26588
66098
19570
77855
13087
30591
52039
39892
63748
53845
31243
53318
81309
46000
7100
7457
66513
19575
62540
29268
26167
60578
8089
10879
72007
74024
61123
80321
38110
56947
11314
48952
64564
39858
59500
76808
81505
42472
53557
26377
12549
57869
22776
36175
9566
83972
22250
30641
36240
76866
34575
31846
80747
10761
7251
65140
75506
47205
76339
1656
77824
81526
84889
19077
53303
3145
23359
44570
69100
12814
79680
12155
52523
55038
77492
79708
37960
29967
34303
93246
22702
28335
10123
38906
9076
73806
68658
45393
35599
12132
32538
91846
99269
83246
1128
59189
40322
54978
39086
81708
11408
30815
67245
65296
61722
47171
51825
30867
65140
46001
10162
79653
89386
80064
46478
5655
20083
64798
63000
65386
64181
82535
76218
79916
1961
62996
74467
56822
64577
90075
94990
39455
76789
80920
7639
58916
30948
58327
65946
7174
72715
80406
38771
74000
9585
36864
71049
15560
5777
9365
96239
52427
26965
64573
5020
58136
28695
60604
70446
44190
33147
56256
65640
8677
879
350
47906
46804
64485
72497
88288
87821
85248
96291
20890
99191
44429
81935
29713
29474
59618
49521
68024
6828
61430
69204
13815
17498
10667
67033
11374
35591
10281
54272
18491
96835
26598
26289
70373
60360
36429
37225
65900
64549
19588
4630
30076
10572
57651
65018
6102
54131
13633
89009
88581
97219
65687
86077
98359
64961
12435
66733
30256
10613
26773
29141
89584
37911
64459
99571
25484
3012
45186
44060
29261
75504
16756
26630
18425
19174
87014
18406
21424
202
75029
91191
28245
82169
46434
9934
54329
30261
16646
76103
64395
49692
97147
28586
66148
99693
31952
60683
8764
13553
9842
75510
26754
98999
51482
81790
70027
15695
31497
26969
33018
96132
45899
97398
20673
85959
49048
24690
39477
64941
41323
9477
80172
83825
2555
5525
11623
15047
70033
5678
87847
58583
82035
53221
72123
77262
30704
77885
7985
51668
40848
6969
72624
92131
22304
72090
59746
32687
34215
66983
17603
22003
43959
1161
36423
56045
88265
52572
60398
87320
38240
16195
5148
20212
98605
82961
95858
2138
97450
35961
66536
50825
16927
74446
83032
23196
6877
49860
42440
35742
89819
91987
64859
55878
81589
92690
98377
29515
53588
65216
52554
11994
90291
2671
23164
23962
55814
3058
88305
63229
43357
73897
81501
99548
28683
911
65689
39273
30640
70699
51081
59185
16488
52814
48160
66286
59045
98181
73303
72139
18480
21281
61257
7066
89482
79407
71068
71561
79098
77671
24824
14961
78835
6920
63050
71347
14386
22932
67839
39895
75153
11095
833
77341
4189
70060
81334
78136
18901
99242
53420
46699
51928
84483
14865
90202
71595
92525
88321
89687
20736
83217
20208
64387
71077
16073
80177
35629
9049
12672
58844
17029
36876
22900
34029
15930
62293
31161
42663
4803
47215
37515
5734
70888
2345
79456
49953
36670
73566
95724
35260
88489
43773
64276
34387
6500
50410
25463
18467
29698
22987
27221
16375
22764
14843
86733
20599
3031
61796
81858
65998
99021
18921
18553
68101
96638
27407
36143
15993
68800
69986
98788
36963
76837
90912
86514
124
86704
56217
25736
86615
3905
74959
26626
77028
61625
97994
34081
7350
73721
58101
30672
89533
13703
68659
76471
94570
7909
33033
75906
49287
10002
67262
28503
3594
55750
50923
94809
64658
87536
85651
34855
2674
18314
45610
80192
16688
10006
90010
55990
1570
77591
64066
20835
94873
52030
89228
59626
26232
71701
21123
36027
12458
13608
60159
55520
44862
3432
64505
67515
54335
98236
19252
92029
31772
14844
25930
96070
55852
60576
14105
51632
46002
45140
98631
14846
2978
78442
79467
15588
57879
32573
99773
44770
54562
38303
93703
34004
98798
31937
22184
66255
71824
36232
99113
2890
79246
17957
37588
50042
34181
63720
71952
57592
96081
86684
79052
26950
92451
97268
15316
83686
8404
36474
80842
42315
4632
48984
40472
42330
27390
57391
21799
10614
93845
1843
40196
38131
16143
40718
54081
87733
15172
26118
30423
72474
44211
45822
58155
2957
66329
42736
27161
86237
34150
62028
59086
50789
96186
45965
40880
80555
37899
88850
23088
45148
93980
98074
1513
72443
2809
88673
75717
27280
3197
59920
8505
68053
17675
23634
40066
81390
41816
28729
72062
79855
77881
86019
41621
17899
8864
47078
92640
99972
10707
76097
29709
60641
38157
40370
52818
59347
9761
7841
82486
90397
96099
61158
6289
31322
60422
36723
7738
67659
90401
79060
89994
78993
84603
43537
78237
53707
30927
34764
45972
72318
40179
10717
26476
58944
8731
24434
8756
86780
54692
74165
90848
35171
83605
70018
38749
87519
64951
36694
23211
13264
50340
59726
22619
67343
21992
72794
29952
61879
20230
60892
20126
94887
64839
66453
98583
17576
34681
78448
73550
15265
10321
97276
512
85525
1731
21266
23702
59044
48147
70934
6014
65251
29108
92402
47734
8228
96561
38266
12315
33527
71189
21793
13118
98203
40466
93708
10143
38117
21536
72112
21137
29373
67584
56506
95974
51607
80336
58358
5446
70397
8889
23605
96508
98373
89952
24025
49953
3742
53201
96602
68913
27211
54063
18746
46890
40178
27570
84795
66677
17838
74437
94022
54869
30892
23940
92232
65201
42224
30348
2585
44742
25954
79358
73376
18080
23299
47070
87310
44433
71742
68693
33191
46918
71951
77782
83637
69356
9250
13371
66178
25862
85719
92908
30649
30033
55991
59528
43839
51888
25464
28566
8068
985
66928
53094
90896
48545
78443
43042
38864
88386
55274
73742
37083
34259
58326
66335
54138
4339
30423
10859
94628
58954
37079
75838
32961
67145
67769
1519
49288
18169
42
50297
82716
63663
47351
41048
51396
50906
56744
67289
76987
34692
46217
11183
48718
80830
98541
14398
24850
53413
65658
46947
15250
80184
49634
16845
23302
25796
39161
75717
92604
45184
65078
52897
26891
83460
78713
88607
25302
82276
29858
9239
17239
692
65588
45681
91942
43051
16570
52014
31763
74508
86172
29335
69396
28739
46352
97959
36422
77665
82409
24113
17808
34991
72627
40618
88179
67409
75260
95566
37165
28116
15025
72096
63435
22915
94393
8025
19630
85030
95441
36626
10678
28335
5729
25118
29716
36589
31773
16302
35404
16728
81655
44619
95774
75994
92924
17528
90964
69516
56515
69582
89358
72860
39678
97019
9404
70168
60339
10422
40328
24382
73383
70124
8856
65461
43252
25738
96001
88667
65636
41408
79575
49680
34067
6669
92282
54040
88526
30189
11303
16455
75381
45579
49675
62425
36027
5295
46974
4272
3243
18076
5417
93802
90
69897
38123
44697
4023
59563
47092
98901
65131
22305
96168
29228
58583
61309
48489
28562
26240
9259
44733
98253
94367
3407
23261
74077
68068
53573
43315
58033
78223
14024
31266
57962
2811
25648
17981
99206
80192
6152
13050
57099
8374
14470
63904
27201
28176
40983
60979
2988
25813
89991
12591
10505
1766
52582
96401
4430
4432
77836
5225
96030
7825
99555
13415
77626
15030
68965
20704
54148
88629
6976
50896
32778
71022
72989
78201
49847
90069
88252
26210
38344
55546
97783
78973
32599
66078
58466
82860
98637
88103
46544
30440
36974
81913
233
50008
92584
17913
19735
32111
67642
10208
31242
38133
57357
78034
19042
39495
95101
81661
43266
18281
91120
31726
2243
74068
93554
62864
9166
2290
24696
18744
97690
85848
14625
64298
97856
93731
76977
88089
17342
26418
29521
48965
43128
22092
62124
52762
87806
3630
39892
13895
70837
43007
84212
12086
86780
10195
58188
98312
89024
50353
96215
69683
96278
69757
43657
5725
59411
15987
21248
57728
72693
77425
43444
32293
3100
51796
12020
84465
24324
339
27629
70970
16721
10587
90953
99550
15798
56050
33894
12741
42519
61704
90813
4528
5872
45881
22859
34484
89271
25254
34522
95991
8829
23742
31033
48184
84568
1890
71049
16729
68203
58800
15925
41519
38703
90568
20609
59641
19054
60531
98364
19119
82313
74089
57271
26498
72740
8419
53619
4488
21901
96433
59094
22830
95299
56088
1018
66663
67655
65303
83175
6015
82594
21291
14620
47110
84677
1511
97514
90932
93220
10670
68834
56463
60367
76681
84309
31965
30790
32524
7392
41195
64044
80490
28371
42042
8714
55234
96519
11107
84572
81454
32649
23670
43820
34036
15800
40088
83884
7527
67106
78073
39234
80788
87543
97242
96866
40043
23213
4383
70259
62610
41131
16382
97585
7889
32611
20457
75510
35680
81623
87360
77339
29870
78612
63143
44638
15733
70531
53287
55502
2317
83445
77378
20705
36918
46614
13108
93167
93313
54393
48657
85949
42315
88491
61085
69005
61086
38086
70658
53109
18251
1203
33218
93510
96328
93854
48175
90230
33773
33385
41945
39285
8119
1346
48400
94639
9333
24424
75336
21941
60430
84988
23654
49737
28382
31506
9204
32682
60747
3091
8198
53067
32341
99441
23083
18995
29581
33415
26392
363
57599
86330
43779
30035
6970
30485
97950
84690
13816
61896
38727
45926
67983
98661
79662
73205
55085
49630
74232
62945
82341
27521
36682
17448
57734
97261
39596
23276
73197
49504
67348
10135
54584
2058
42976
60063
58402
40580
98348
42495
80402
6563
47723
70110
28481
67526
61893
91837
20568
38883
94004
28253
31836
42207
17483
36070
33901
81663
92500
9864
67782
48602
43457
3505
98308
60202
38621
3591
47218
89158
97020
51282
94623
98246
33512
72591
13462
78055
77271
15624
47880
80603
36809
10722
93681
33445
35011
93715
27325
42195
4013
26542
66290
89699
68262
54366
52911
65520
23930
32318
85336
89149
91381
30812
80547
53117
29692
80901
87595
56756
85184
39235
59103
56737
58587
83791
59734
57294
88782
55924
14700
56022
31483
53210
29162
71619
66871
38408
38216
51339
5481
38691
53758
5799
36062
17841
14683
32802
63771
92738
74287
38236
11610
14781
41372
7779
84112
34578
85360
68853
63218
99802
37518
98993
23304
54987
66035
3599
88184
66743
58161
11552
44304
28235
73740
69045
17861
62489
33301
10658
32700
37716
14582
27194
23407
93693
42299
69193
79435
7156
44062
3530
94925
22138
90675
58238
64994
76469
37310
46121
34484
15249
69815
65426
30004
31240
36025
35335
29734
15983
72234
17205
28022
6484
64354
58794
45404
1321
84273
27070
48325
395
46024
60914
49652
54919
8345
91350
73673
67729
85520
45874
17167
3888
79903
83171
33709
47536
83066
11005
90471
69235
97461
96864
11510
61101
76262
86188
56861
96327
95284
70202
28101
9820
68022
40512
35508
63988
39346
77216
36922
29348
25608
9105
34999
35397
6333
63649
28751
33463
39900
23621
48904
26389
57312
77140
12950
6498
53490
65578
40406
17934
81175
18041
84742
70827
96442
3829
6071
96093
54217
72029
81723
45254
82023
26153
72535
39819
62544
12819
46467
36455
75227
84161
99979
4629
94936
35052
17609
36467
12029
47508
80963
13239
61927
74391
69790
296
90738
81569
65157
14120
57238
86868
43703
34549
56729
12531
3472
78217
33274
7994
64340
39147
58272
11946
36703
50563
60631
55994
7897
46695
39312
27676
67482
59766
6993
50906
85702
32220
320
87632
39636
48690
60447
48451
94335
78293
1465
5249
34126
82707
49087
46742
50296
46713
21098
53082
64311
27821
50233
12327
50022
81336
38411
62770
39904
35161
1357
2138
80185
74161
79301
49136
23545
25348
40075
7347
52479
67807
4279
94123
5809
14186
49216
25917
11046
81534
69338
2415
67827
77737
81591
63639
54076
81705
85841
68631
97334
83366
95162
76546
30905
72925
51549
15906
89447
2334
96019
59143
63056
19214
23017
38224
28034
89404
13825
94562
29982
77524
87270
75357
21937
24411
44264
38591
31647
90228
37271
94542
37456
41809
95140
60718
63770
3107
64628
89003
43841
57285
91472
54866
53523
30060
50548
39266
68980
23002
66276
37054
82351
1965
90573
30218
34847
80361
58722
95904
97544
35063
95268
10681
52236
49058
25643
98563
77221
70415
13889
20423
4351
49704
81972
24974
6755
81714
39380
24594
6587
80689
95723
16093
26107
88858
73948
53718
51698
85007
82667
71778
10427
55104
35662
31510
43358
99956
36793
19489
77109
22911
45713
99289
48559
97257
33665
5204
71194
39951
97169
22963
68617
70065
52011
95775
11298
56425
4410
59841
35490
47016
89336
75646
15721
47179
94032
36248
66011
49846
31228
95110
80716
45714
65530
32957
74007
29249
32583
65223
53663
94219
50869
27217
95293
9798
16674
41716
51064
88938
12825
793
16605
45380
4126
67592
81156
50456
12247
58427
23940
27475
88067
87399
31129
33321
30861
77192
72344
50377
54707
79115
33162
33822
14014
49424
49792
84795
70568
51144
67403
36210
68528
44274
74509
17424
36368
38692
3026
13559
13041
27591
31128
46383
18202
50498
99909
35563
9485
95432
27217
95166
55762
56377
87811
94401
43563
81911
43103
55119
27986
26355
29707
63796
82464
15245
43193
19640
13463
44148
51049
36085
39201
659
36539
89485
72241
99400
58321
29770
69624
79932
50600
60098
52047
19853
26305
11496
17803
62614
96646
10594
23359
98331
14385
33422
25488
38082
30525
85973
17716
50108
34411
17786
58598
23316
72534
81353
98251
5472
45718
61807
64671
61046
21257
28293
34489
88995
71332
26831
33185
42227
73633
5901
46694
87706
16333
35980
86287
92672
8417
65771
28952
29126
83498
46194
34653
75058
91015
73111
5647
73206
66208
30956
702
34829
34132
46958
63996
96619
43332
39636
12827
68220
38965
83174
81167
68705
54731
29066
80117
1289
67946
37757
80775
87866
81246
53669
27517
98141
86956
63339
82953
29680
29677
45813
48003
3185
67032
37621
6725
42115
86142
64336
14810
88709
28197
48543
58704
54858
871
55536
91404
21055
49883
69401
60441
64151
95409
6889
95009
11875
29299
18202
47535
29240
26588
83868
97285
47206
19957
55007
14199
65630
9845
63868
8973
76031
31693
81979
46358
91904
45322
8354
56423
9882
8913
47257
9615
68449
96780
6388
17317
33565
81112
30133
57278
37341
35225
391
8315
32598
13877
38979
39893
33105
69427
13693
85245
12517
987
28868
80986
20017
67546
68858
60178
66451
3673
68505
94498
88162
77487
53482
75638
52781
19261
70789
98861
3141
93164
44391
64201
47075
50530
2080
50874
79932
83424
87451
31419
15030
80938
57162
11123
65179
24272
83447
79709
87659
22264
16587
62764
36146
95324
42226
61588
42679
85235
89875
3438
98913
17047
39770
25623
58411
21183
20498
94355
59506
32629
57667
25659
82789
14049
82003
13377
81881
62206
92094
56330
89597
26524
35151
90659
87079
54325
492
47898
86082
8901
16368
88222
82046
81786
1198
59076
91854
86138
26255
31658
9094
67058
62105
24399
93454
22407
85107
30576
55570
12032
66711
45030
80289
68262
65841
47237
49795
98254
1631
87633
40350
99157
67186
20996
50655
96223
64480
44083
39406
18207
38879
49500
82378
29785
91727
28018
52385
37941
17243
7963
48873
31966
36361
63620
71024
45879
88660
59818
67433
94196
47497
36837
61091
43181
63585
48979
56936
55878
44867
47756
349
86879
94434
42270
5428
9502
50326
96839
40425
41685
28561
38318
81642
38481
49474
90026
73734
44841
35527
16403
11362
81435
39221
61246
92911
62072
77161
70617
39578
13938
15321
38159
59662
79915
97814
37741
72550
94248
93755
61230
55685
56281
34473
34243
24873
22404
83110
66394
36381
18056
47399
77685
75087
93177
77367
58578
85000
23371
35815
61856
83632
28968
39766
8690
48637
44055
49831
7508
27808
80510
84032
96213
4162
70448
91551
30010
56145
5423
90111
2895
92071
26846
78767
81265
7806
82124
31104
84606
4560
38714
72270
20050
85118
83924
7852
1118
55776
15755
47823
27034
75474
44565
64959
6816
64966
92099
74569
9377
56659
96148
95184
20346
56595
34458
18372
20722
46450
72355
34269
44084
61914
57410
72144
43532
16013
77982
53959
48510
69695
45133
64737
95700
92906
37928
44982
53657
40090
40746
75516
86411
57699
60312
34414
91088
2817
64956
61419
2505
56521
99719
94695
5223
3447
62777
6898
68072
54448
67065
42237
75819
62707
9989
14300
24978
35532
59610
39164
33466
41126
40446
39840
62027
72060
4677
97027
47658
99442
39930
75654
61614
50733
38331
93311
63613
30639
31355
60843
4286
36055
79466
18555
59861
64482
91743
68646
62594
49954
44696
69821
56567
76900
15837
21345
79170
88317
38466
80558
74479
21223
62928
34233
44522
65907
50239
86294
67011
45746
23055
6895
19435
50777
35607
7660
56328
30479
84299
24214
25924
11853
78840
13397
11073
34680
48169
53294
51115
44668
40013
57011
23635
54146
19583
27745
75853
38398
15287
97805
78593
9097
11449
69349
51369
88480
98021
70593
80405
98022
79259
80626
15522
15124
38110
88183
92784
30403
32620
94576
60668
18437
35684
96289
21614
41922
72659
51460
69194
58513
25863
48987
51186
61582
40695
62910
47460
78719
19030
81409
61501
57554
23426
57205
72022
61545
48052
85731
98457
74445
73114
91058
88351
16054
70695
16323
55989
44243
5977
23293
31479
37227
86896
92110
26434
62432
64065
65709
4416
86331
24433
13696
71423
59881
17947
78867
49781
75772
86018
62251
19011
78458
10473
39239
85914
36386
25289
14906
7332
64855
79102
53793
55955
82242
57618
76929
42094
72960
20222
25925
43470
20431
57639
85894
64447
46980
93547
67731
68437
57774
83427
2614
4740
54911
22843
99513
81702
67681
84796
26753
19481
76707
28276
54443
29794
44627
42176
58531
89701
42768
63061
50158
87682
51264
22383
57376
45022
94562
73303
51059
99876
74230
71604
27197
52605
97246
12657
31250
49111
4974
24945
22756
40630
23203
66765
8036
43210
75233
87284
4765
3408
5679
92251
92132
25506
46177
4225
93167
4294
62183
19783
79161
60850
78520
41144
62883
36184
90758
44912
34250
37864
68656
2427
26924
19480
11451
13153
97617
159
7003
38592
24422
76370
91439
75259
20486
44388
73060
62412
44209
85020
91714
83969
75982
21783
94044
90237
76652
47458
33697
79783
82654
53438
66373
61921
52811
74284
32432
47320
85965
81602
24517
70129
95880
25080
73588
83402
34865
16006
81478
78754
86409
42268
10750
37557
63968
91797
13051
3171
33141
28190
92413
56777
56821
88115
74941
75048
80089
50195
79476
71673
49063
38871
38882
63519
16529
11410
31870
90530
62245
10079
17701
11472
20557
18306
18270
42652
90473
13222
84366
51836
24766
47755
17012
15377
88631
95884
65528
25815
69365
43754
18053
44572
81107
96288
89528
59033
44678
94800
11284
18463
14119
62864
39427
79586
22664
61437
95298
82443
1895
16749
45620
88082
2504
28364
16871
98894
38118
15286
80490
4556
94627
81426
3451
28570
78873
54833
53446
53526
24815
86915
75758
54174
11071
31178
14140
18945
73950
94463
32108
5786
82510
71882
84319
30198
63424
61670
68104
89630
59121
49440
53972
15573
38221
1236
45890
15266
52633
68215
87849
93612
75193
31906
66031
53159
6820
54881
34650
91876
59959
86548
35349
16017
34830
83867
88590
73835
39485
46315
92367
20965
82539
15234
20240
77943
3756
14682
29280
78160
79143
16241
68851
94431
64218
5080
48529
24217
15186
56216
36847
92230
7403
99232
43314
80851
22778
1871
2665
5976
38106
10191
12992
21885
48759
68100
35787
63881
38931
96504
92768
56047
24314
92167
89810
68175
40139
53884
13482
74446
28920
41874
41748
78231
42808
22568
9046
16072
39383
87492
64628
2195
24600
71234
41628
91229
24844
3234
25811
29118
15121
42432
65247
10699
84677
75605
24965
55263
84184
70416
93177
62658
65322
13570
56160
65888
67894
63970
38430
24853
67072
2758
6702
53906
28442
53751
81246
95574
30949
20559
1879
7049
23804
52031
78467
67949
24770
25259
65192
47962
27613
12587
16914
46248
81467
77790
18226
93581
57141
24660
13194
84560
19750
93480
83555
55042
71007
19060
66677
63635
56202
47604
5649
19465
2523
64581
43527
12456
26626
28621
52474
23758
71748
88958
48867
72563
55744
48632
13875
362
85961
98744
83545
82744
95627
9391
36502
91051
57233
36057
35000
66762
40662
35787
41098
95837
5349
21367
16429
18703
73986
78439
51590
70123
84540
82021
57595
50382
8208
49309
68079
33745
57073
28462
47311
63338
53177
27426
96520
15953
73011
145
86720
76149
78954
92024
86993
1346
93556
65750
74676
88349
16973
12269
72897
49666
73409
18782
85537
73568
23926
81045
33516
93013
20402
29902
93734
89773
30850
46795
32360
13473
73262
46483
4130
72333
59653
70922
57072
48593
4205
86590
33009
1563
82680
15436
20482
19005
51992
73089
72425
13440
9190
34749
99021
85307
41919
60519
67915
68329
70967
49973
75534
13161
20161
55991
31336
73293
35883
54225
72690
90257
21258
54911
30250
96068
7880
37787
85630
34466
87911
87574
68936
36904
31480
9118
84278
38874
16730
21486
20358
41545
39267
5452
90259
8772
14760
81091
29151
35948
49808
19417
76244
87807
45272
57378
63278
82530
22812
90669
48610
16262
3946
84558
86088
34376
10946
92880
73858
72623
22430
65915
57223
21915
46455
21375
95757
60698
8109
46911
27979
79267
68175
60735
39184
36232
93737
34106
3319
55831
76364
59929
23502
27160
79578
83354
62034
73182
31422
2861
53952
79524
65902
1524
81602
43673
91099
37893
55059
60046
34748
28906
83979
84585
93233
51000
90862
67406
44204
56442
54304
53325
94881
68537
93453
95134
13261
26384
13444
60768
18306
79157
47617
88307
84481
54466
38703
53950
61767
21409
18970
14924
18790
95555
97643
89806
39359
19369
40299
75556
44210
59875
7837
1903
31922
48873
50197
74025
32581
9966
33456
60633
41614
94700
87098
83641
33462
77000
71248
50210
62726
49528
27118
70235
65474
38584
34758
59095
29876
30611
3747
12871
68463
12319
63982
97704
89524
74943
27607
43793
63247
22686
18053
10256
50965
70235
16951
39355
23486
64397
97579
85882
16746
60635
7345
23565
19809
46310
28917
24640
71481
49509
15317
77902
22438
76181
9135
40670
33622
98412
21934
44487
99718
61931
26298
99813
48887
40247
18639
10912
17873
83917
97308
65195
57264
26148
31860
43675
17512
40075
76896
54285
22703
45363
92378
17313
77523
75307
96191
29478
15971
54858
19588
89951
35183
68581
89868
92256
82401
33650
99333
52348
58713
94212
29808
82055
91665
12106
61870
41069
941
96066
68384
18881
2495
50923
56834
53473
34122
53051
66003
9721
36328
51478
8364
6541
6579
76583
95404
82185
99280
87321
55976
30413
64013
86169
66357
80869
51566
71066
39637
75279
68675
95326
33685
76820
28258
52389
71678
71913
76346
84288
8108
26419
12681
72204
78186
80732
84649
23484
66779
68535
619
5188
2996
60352
98623
94441
3858
31910
93987
92398
30378
89542
1815
65728
52421
7220
1335
8973
52885
58657
9676
75665
94558
10742
40847
16414
50714
54419
12828
53598
8114
30334
52375
26878
52589
83164
80854
17707
70695
44205
10126
35037
20056
10884
18118
7768
59174
90918
62398
18420
18910
66626
17642
3011
17420
54956
98102
14036
33926
11948
92128
5527
26081
13719
21656
12656
95386
51292
95346
21641
47628
99497
8751
45540
14492
8718
40526
52274
49432
4810
13417
8347
56738
71578
49785
64990
78771
81840
40279
66289
74151
30526
19250
34221
75364
523
32599
93482
88523
77725
5938
34492
56187
67050
60069
78570
5952
95118
60195
56526
19672
8607
60961
79455
63292
81644
43791
10496
99265
70632
70796
841
92399
53788
21828
5733
30851
51572
92864
67178
94174
84092
15634
85641
96386
55812
20345
89325
17911
18875
6424
77297
39726
81496
74885
19245
88555
34753
18144
48225
7354
50712
79427
15781
91247
68966
13824
77392
76677
98674
94343
73014
96801
83168
98811
76544
92408
60967
66283
61708
64773
56931
64881
8082
27951
60606
39793
62995
78766
4565
55402
86941
3507
80905
68313
78888
93202
97387
28983
80272
95974
53075
83347
60793
75079
19779
3509
91727
25695
30789
80429
42107
32935
99661
86451
13069
2084
3564
87330
32919
2192
21962
19882
61392
6951
49575
11076
68338
61806
90481
54082
6572
46801
61894
1331
64787
74255
36173
47101
22854
59120
6175
5877
50880
84183
36039
1037
8063
32307
26399
90804
77770
22061
87366
53985
13998
4580
53805
31157
47010
7720
16538
42953
3326
88429
60268
27704
75915
96691
26032
87942
34762
97190
31552
91274
4164
52618
41429
77778
83920
17861
1046
13285
98049
9694
30488
89714
36361
73436
7014
48405
95739
47332
73412
98476
13524
6328
92827
46210
479
79056
31882
99247
9799
37319
73841
24563
2814
34889
23132
21271
91393
22981
72174
26270
34912
24062
48740
4369
79325
86448
77430
64409
25897
66213
23441
97059
903
59738
91860
3129
98000
41568
13276
86607
83803
25111
28922
2661
25094
10576
31528
37939
32525
95248
11497
77317
71949
57678
19760
32080
64245
92828
64133
35531
43787
25005
93138
18365
20555
53103
45136
75455
34905
59801
21595
84337
41535
51935
70653
38369
52055
55289
5306
82858
3033
25656
40122
59207
91401
26125
24085
72484
76196
94801
39715
19485
53190
1130
83199
9390
4364
31314
28404
65248
8011
14277
76433
14123
80758
54419
83134
63813
39441
89826
46069
55046
10393
24887
90037
80928
51121
7931
86623
24546
67787
75361
51088
41592
70149
90514
60362
21104
68029
19007
66041
49747
59729
38432
36217
58881
61604
48011
15914
77114
46514
84613
83665
38306
48765
38355
89996
55995
32258
41016
56904
87027
70642
5406
75222
38987
60642
9570
98692
45282
38226
94427
74940
94503
27798
68143
56653
77934
68890
68233
21386
60984
1861
72889
27289
15828
94866
74132
67782
94849
24328
72913
17660
55838
32870
50401
22139
20354
88754
32336
5529
96464
57225
27226
43266
48090
87862
44774
89203
16176
68920
4860
75758
59252
24086
5939
82051
75382
520
83953
35499
96436
79351
92827
44085
32851
76328
24665
71577
53786
91417
33693
37180
32942
49222
90035
97524
93196
95123
31886
64370
42475
79115
20375
97056
74520
48571
94868
67262
43893
78099
24898
9730
29633
60763
35787
87279
56961
73192
62763
44609
65674
32935
23029
52140
97211
34995
3417
34439
44265
93019
15436
55359
45965
66091
17252
72435
36349
20498
12152
92154
86820
79602
76362
74732
41727
94888
74666
5774
32615
68616
95492
89423
61261
66590
65670
67593
83107
93838
64979
50291
48699
76752
63268
1579
36953
27820
89210
19907
86527
97110
58146
86688
77096
62130
5549
42523
12334
54373
41539
52710
8978
75657
43892
98296
6384
19742
57418
75364
28415
59159
68415
43005
88056
32193
76736
53105
39325
38567
92830
48307
26245
73390
90479
81180
59724
81154
95655
13163
93802
47501
42788
3777
44772
52010
39073
40398
31991
24649
61104
22208
22802
66153
31873
46029
80866
69829
28070
85864
52746
53865
43228
32152
10660
88803
74487
62108
79635
75040
33500
89917
25908
81831
70538
53861
74712
59221
39003
4648
55988
9057
43267
83605
23258
63797
29685
59625
67333
28253
88089
32086
35785
65956
6988
35303
61416
23792
63183
15429
91119
1109
43384
70414
30413
1409
65109
24336
91637
33879
9671
35600
69285
83487
98944
45321
20177
23714
84787
11602
45128
78076
86468
89185
94665
52238
24465
95490
18029
92069
78539
80592
38501
83408
52902
1480
77405
43136
70895
30213
70449
45810
82180
42461
40588
17743
78627
97102
68234
99339
50931
55082
74229
48148
19364
77606
54386
81380
82502
54457
28420
11802
62924
41963
57774
64066
6276
60145
81644
25415
95418
15694
81753
32456
60092
1185
64814
41943
3386
83482
20165
72689
95213
50295
40808
