65127
91984
84670
18527
70755
14855
65439
81705
42608
82237
98547
750
13707
71615
185
77041
19607
33942
65787
19226
34369
52253
17370
55009
66697
55767
33522
98151
48118
12713
92898
57879
80258
50891
84217
38564
70408
5548
2147
47258
46987
49976
40501
24642
98716
86041
95203
54803
49864
9863
50170
44617
8174
21244
42693
16677
98280
21270
76633
66161
25589
76060
47916
78784
41996
34328
98037
72566
60949
63787
45366
1374
70746
74557
99397
92245
89648
52028
50193
86349
43863
75191
46400
63773
68665
87046
5048
26200
554
55159
93411
42537
81302
89996
12389
26558
55923
93826
29735
3567
24805
78432
80546
90136
24351
30607
11774
57116
90499
72572
55638
76315
59593
43589
19254
2086
13186
62467
45307
31369
53454
67505
9374
37890
21526
16050
47865
15131
13156
89589
78996
77399
7243
20933
77184
19431
71071
91512
25621
2001
49425
25142
20227
43960
66603
61477
6639
79179
18018
43568
93183
28380
85472
13544
49434
60585
93962
93087
91866
28733
70699
20937
45748
18729
64384
88034
87321
14125
56481
1893
57098
3578
43486
54639
7265
72311
61715
60168
22794
28786
57765
95593
98697
68039
31118
93563
76203
47709
92476
23507
76802
86566
80903
20492
42081
70614
69805
54719
63471
52447
89431
93394
8004
90668
90671
34248
77807
33269
23593
62649
72089
61323
3046
57831
22287
36307
71869
61577
47356
45120
24
91213
77334
83451
44908
63657
45673
5159
30123
45297
39861
77495
77570
19373
34915
28187
91284
33189
8051
47723
57388
97998
16819
58935
95461
57588
67309
89893
52572
61547
20981
98896
56777
4526
59235
71128
44716
58008
18763
39693
57729
33363
40904
85753
1627
18862
797
40130
21401
13873
42661
59229
140
95198
349
67849
27551
31626
72507
55150
14469
99852
10206
92022
31287
34383
3049
16955
2850
22872
9922
4450
35894
11247
87587
34108
38052
80150
79425
55812
59170
26052
20691
85662
66996
13099
68382
71381
8110
79754
4804
75450
89841
91343
1120
13499
36813
47559
10909
24474
41925
88456
87931
79080
64856
43579
57090
17763
56920
91661
18454
91502
81032
88684
28902
38780
44802
56323
34603
71168
66615
89022
11168
97295
66283
5390
80954
42909
79847
59746
14167
35729
55715
64690
93398
33988
12145
65562
18524
16817
15047
52728
49742
32099
42346
32609
28209
29002
19418
97548
94367
8549
85907
43217
75335
40260
88192
30613
35439
3467
83275
51547
20622
72595
20081
1785
99799
5995
63452
14667
79737
90934
29662
13488
87780
68602
36951
68000
54244
5357
60560
52598
93677
15978
21713
30912
26167
69512
76838
10847
95821
96194
40467
80968
13921
95859
69247
16722
80950
1004
85667
96685
88830
55378
53620
84876
14099
88421
19774
53120
70935
7429
84322
20476
94001
98375
77948
49660
23610
69728
48227
80148
36902
69512
73628
20937
49852
40031
37486
2135
57979
21971
67941
51596
56973
28496
44268
73666
35207
87047
82321
34361
61409
96814
54752
89501
67812
68879
94089
58098
36738
74221
41740
2395
31173
246
54644
1528
72493
89460
89421
91687
12122
72925
5433
97453
31711
39970
387
39174
47422
57189
29163
21731
74835
56602
42611
8530
15599
81641
20398
26110
42370
34273
77396
78213
16864
21076
97312
90822
66110
48816
63921
53194
83149
97418
28323
74876
24691
96505
19291
83104
58710
65137
64521
4791
8013
25132
60207
10813
83338
29774
69048
65307
31106
16978
13013
27289
99219
73913
97104
77236
9720
26261
15096
98815
90866
55275
78178
78020
98269
77179
74474
98585
58936
68678
4760
97011
67210
36815
78349
60291
34782
63038
73454
32769
245
15486
20198
70107
50598
15703
80013
74363
77512
27314
76361
18648
37724
19161
43041
52789
12297
54943
72452
71274
83977
42611
6459
22911
71799
1345
89846
64333
21441
68125
18602
88161
17497
3764
60236
86183
22774
18155
46758
50026
6437
29041
71285
66424
23913
84275
69683
69281
25960
29738
75515
51113
66696
64770
41114
65491
65859
63266
55732
57392
31047
65245
3580
71451
19290
74221
77652
76447
61664
39407
13123
99933
58459
75444
18562
91905
71948
64748
96023
39842
70241
25715
24823
42841
75756
80464
93627
57274
6727
97913
26427
79132
16170
36664
2372
3004
88755
34425
47285
46017
7048
44414
64852
69857
84041
58612
36451
32492
9214
20465
18669
3631
92566
81530
47991
17057
10615
94797
67582
5543
25778
84706
57105
70968
26937
9406
62092
88840
72763
3436
63763
45454
7665
684
64744
19667
77453
72494
25320
55375
91683
44988
65130
974
25607
95038
46354
16618
38869
87876
36770
93815
38491
26837
78750
80710
40488
65579
50689
60617
66342
31842
3685
90495
10483
74590
89846
20860
62915
3636
80826
55375
7183
31853
19762
54590
41387
47186
24938
54022
41487
27556
43264
52116
21402
74572
36380
99212
42005
28986
79782
7317
50363
73271
57270
14599
45844
13989
44716
4785
88511
56644
31892
2478
5071
90025
76162
26766
23875
46052
22868
58393
34238
97770
63744
32478
41656
67843
4897
27250
77421
85956
71017
2177
47214
73043
76825
72621
30920
5753
58867
32512
24722
66299
97756
86016
41165
81609
82169
87819
99656
83241
2758
70943
81268
41747
88992
28647
2257
66693
72497
30269
65861
99988
13619
26082
77166
95579
30154
51045
99160
87514
92309
70863
60922
65527
52481
69111
39850
17745
44462
2321
63072
11849
53467
99848
68865
48393
77169
40633
31704
49142
28683
4245
67538
35989
61468
63752
91099
65171
72173
95494
82708
2744
69927
41114
30810
88110
45070
19482
83427
84896
86797
13735
57827
47770
87841
91679
6607
7053
29091
91040
9510
17148
2126
35980
94939
21943
42636
61508
44786
10503
79616
67206
80353
90174
47298
23934
88264
25205
39395
66832
97278
73583
6971
72103
51315
28396
64274
22823
82492
60504
36491
92960
68922
74773
57907
84817
67794
15927
65708
21963
75731
27068
56915
62671
40476
11975
13041
14773
26058
36404
90749
97457
84722
70808
6154
96633
8765
41620
27347
60432
96767
7104
2495
54404
39774
97460
11961
8513
5551
35958
2072
45913
4632
13397
25655
70357
61252
24046
98079
70713
34588
14600
48121
93539
20252
38220
842
23774
74899
34564
78903
87218
38106
2487
95424
73900
94595
5938
76643
39780
79474
57721
31568
56064
16417
23182
17907
3833
9584
97005
93150
1171
19196
55382
10144
38506
90701
50926
68363
50904
10687
63518
90801
47477
77960
15329
37305
28407
4091
67016
91362
27806
56926
10730
29487
85482
136
25503
52697
111
88776
75761
16893
46918
3505
75960
50678
23964
92013
9002
94062
86580
89779
980
70305
18273
40167
60266
39110
38028
14837
66695
49339
66759
41670
66823
37807
5408
52221
90948
43212
71843
27948
56204
66682
44922
22305
79141
10211
71290
99659
29809
27367
37552
13775
43204
29689
22809
61111
3856
74362
19016
32881
88731
8183
37485
94830
87189
97508
12295
63470
95108
46457
29441
25336
98792
96689
4574
92586
51775
90716
31299
63536
4590
86501
71402
728
96769
77917
92638
6278
95987
45259
4874
49788
95841
9982
25845
55111
17365
55775
3761
7303
43441
50078
52743
96810
24226
17110
49972
12064
7790
81432
52758
6358
76581
29466
52726
7023
90267
37250
64439
69662
22390
74829
78657
30464
3598
50409
48149
86812
68835
2539
78838
65838
28652
44141
19610
20482
70164
32782
27200
28275
50337
2713
70358
298
71446
91623
27303
36058
13359
80460
83943
3223
79161
56252
70171
42005
64909
59275
11918
87259
9657
6171
29458
15390
83378
93899
52799
35659
55517
45217
48500
20147
17111
85601
44431
37382
62400
56255
27078
42449
44996
87834
71948
19010
99429
26781
2870
48661
747
95720
73706
75550
5403
10112
78744
822
94174
54920
11601
30706
62223
44873
66898
10814
72013
67558
75299
30506
44847
72894
49401
16543
9918
41399
94369
27466
94472
34174
98603
1630
77147
67998
58067
93105
36482
8143
14260
33880
82823
37370
4184
81203
22530
65399
34789
75561
10894
80796
81726
53841
62186
72189
11378
41805
8770
56096
91793
60489
6302
19032
40689
91301
95095
95313
93617
33466
85541
44845
74341
32141
65271
96999
69512
82291
53709
94631
77463
87234
88082
97602
49379
92009
48819
9344
93287
42739
27338
72567
16827
23283
24685
77219
31249
42075
98164
52632
77434
94571
20564
28741
5788
78908
9532
50459
44952
62301
62823
38442
86749
42773
60323
73738
4660
46243
79285
68321
54158
78825
21054
55148
94363
54835
43237
52560
58686
28590
84282
46150
36577
34994
79632
14162
12653
31016
39268
81057
26813
5376
7252
73946
5205
72295
92692
1441
99061
63387
36790
39192
34125
47512
10959
17380
93273
3649
71192
6287
81141
87615
69827
61104
92523
77045
81873
44642
26790
52987
48250
84940
22164
79979
97966
41788
52031
66198
95976
42934
28369
28107
68088
83500
39706
4369
69241
63770
5478
4144
61797
20618
75959
56898
59870
18635
62388
66240
65043
10529
35951
22010
66826
568
27668
11754
40115
22624
51729
40640
84738
47216
75219
53631
82457
84201
24782
18776
80896
17161
13448
31197
12493
67113
45954
53893
37294
72291
26513
53230
65077
28070
58962
86303
68383
38265
85170
2132
76921
84469
82354
33444
12451
39379
66915
46358
86944
4756
65358
17649
67911
35105
57182
60491
1322
10122
39975
20084
30936
93697
3607
60267
54288
17138
81801
51651
60139
51434
25350
42285
31415
13600
64205
34459
87580
2078
58434
69978
46858
63049
91290
26076
62472
62715
58301
32204
71489
13968
14693
25497
51970
54841
32536
57464
43154
2712
83875
93300
68492
29812
75644
74585
95187
88038
65964
97278
43296
72434
59031
89780
75113
68545
10689
1434
26653
4181
949
20382
98941
13400
55866
41434
95173
10118
6581
36716
14482
11535
6332
1523
47908
84009
73621
17325
91899
39855
13267
57285
63540
11839
41025
10397
93726
17722
79653
28149
81783
82688
47160
923
51892
52423
33128
94195
33411
63483
31913
19082
75739
27497
66439
98043
54135
65354
36073
47437
20182
44107
48703
42405
10011
7319
97786
35553
78990
76955
17436
96918
28340
53761
90766
50319
21850
65409
16952
83799
98896
38646
89984
27536
74031
34390
98159
28367
10137
59045
16791
56260
75725
37902
49636
11246
41595
30188
90342
26310
85898
16642
22473
17239
82184
8784
25443
99116
26052
17393
19753
42938
83731
43402
281
37415
90159
2871
9120
93326
84105
93545
28324
77729
15460
212
46662
57073
61087
67185
84018
79588
20772
83290
49854
10820
95772
14221
83632
46595
31310
41551
16138
2285
79773
85200
7616
19616
21825
47352
33853
47218
18327
51322
30728
88121
37851
415
65768
24104
24304
92791
80924
70777
60711
92122
15916
53646
44508
78836
48853
91373
51897
14340
10168
43341
21215
39983
71135
42979
67720
34229
60651
98916
27917
86885
6678
94322
76808
75993
20301
31203
39569
36778
2330
89495
78685
15256
35215
9339
75496
1586
13769
41000
34104
20664
15842
37823
47538
8008
59485
3797
41241
50280
34024
44916
40602
28719
58348
57584
37367
67035
93272
50596
6794
25523
94451
71998
10768
93997
60290
33254
99033
84954
42069
41822
54669
53614
50702
50908
34354
6725
70357
60982
43979
84193
46099
72984
37506
41923
51200
16684
87288
66810
34590
3649
22438
71243
84536
75941
29954
24574
5754
7828
61849
81821
5945
4076
13623
4812
30553
2292
99276
56569
91638
7624
19757
78049
76281
31688
19510
14647
38356
82734
48941
76669
37315
4596
11572
42625
83762
39272
68580
71634
89636
78914
11220
32381
67551
74734
41839
64495
53264
85919
36116
35401
7801
9058
68814
17131
76022
47759
70566
32258
68236
97052
66542
50121
12080
40431
27231
78677
68910
93911
48664
3490
27952
8394
98365
60120
43194
5483
76034
3532
79340
16281
81520
38099
41206
54994
78959
16528
57219
97815
7797
86553
86511
99507
63131
14225
58679
38671
82092
39195
86462
39486
7699
93016
92856
77580
25118
1825
17288
78367
82965
35137
45015
17124
23962
57902
72251
93482
62183
7209
52139
50403
6819
48014
39118
74598
77693
43701
83311
93460
60518
83319
43970
52311
48604
18983
71966
49865
34948
15115
46412
70867
37426
83924
70353
95060
9237
73523
88378
9974
81934
97264
68331
21252
67544
15894
71008
66618
27536
33655
38228
16203
98211
36521
24485
29673
30370
86831
97960
44111
39698
37419
55252
76726
23432
58247
86187
67991
19714
11598
96295
33879
60207
58084
559
78721
93610
9477
16149
51842
29567
50772
71103
31851
63522
76591
22883
85605
49357
3633
79173
57519
4105
9762
56668
64707
38419
22158
50214
56466
99926
90624
81694
46122
69656
99079
63337
85757
96360
70706
63802
17680
99613
6529
69534
54415
81049
93818
943
90134
24991
98396
42058
6694
74312
48688
82685
13315
97434
92532
17260
26016
12211
32911
99620
9802
44564
2822
34272
32931
88710
2661
44195
72559
73539
75109
73590
31156
38233
31543
43238
61258
71871
40599
86831
91936
99381
76317
55504
39210
67341
41538
42188
6487
51460
25025
86517
69858
64098
76363
55340
82904
1027
74043
13446
62275
12713
85339
16281
83615
56818
60032
25201
34878
70190
86799
52808
6086
15783
77349
55146
70958
14696
86235
17680
57233
49982
56230
8657
82885
87526
33356
8922
47857
52542
5148
18470
22492
13385
88243
35586
63918
81094
16178
52169
6728
84063
84779
96330
96220
114
37236
32833
33672
13853
62569
78984
90109
63509
69952
3679
46743
46738
77324
69221
26421
6213
3499
69209
8487
83519
19723
49720
20122
77714
37244
35760
42751
21434
30438
63565
79533
33465
95148
63053
57774
31138
5198
95299
57774
7145
22915
29358
95807
14867
60771
57217
73810
1542
26787
91591
5931
4217
6150
71199
43830
5789
12218
60925
74157
12786
20260
28398
50586
33378
49517
18218
27982
54705
9824
56944
31585
140
31812
44838
50738
51524
50935
31246
98493
27723
25754
36192
81337
1383
76762
70396
43446
83706
82030
51306
55590
45315
47981
71137
32782
74663
50820
93006
82677
3450
25457
83349
93275
67422
2166
45496
61860
29065
56895
20932
8399
56572
9979
48823
1896
31897
4386
46027
58006
83631
29533
48352
4526
16025
52275
93500
97439
87625
92182
14681
29014
58995
25572
54345
85003
28743
19411
27294
40532
40791
17331
46568
3396
51241
7067
98988
65132
60308
91522
39204
70889
75945
47858
57276
61711
96665
67701
69110
26929
30319
58347
58135
93232
17406
66229
12664
75212
31231
65310
55016
74633
70623
45812
48830
53951
49528
12046
5645
90997
15612
75827
78157
88002
22774
63591
38699
53384
12549
33848
10175
14454
77804
86293
10263
61451
90405
7832
81502
3498
20003
53303
48322
35610
22889
63192
44925
33981
19659
70553
18295
65284
87128
91357
63866
44982
94019
39654
5619
27600
83040
13717
97630
24406
45626
14967
18018
23313
88844
18558
76442
27335
29663
35640
55590
97377
62179
15944
82539
62138
62047
85399
60106
34507
85227
98363
50769
49972
86067
34354
5690
69132
54918
55821
1927
66188
34203
22080
5954
72881
92823
25001
34198
43918
69538
78423
66924
75350
72077
51663
94429
44854
10464
89152
77957
84719
84610
40027
20193
52401
38958
33544
74003
75621
84727
63981
28779
52941
5992
71119
21057
39179
69396
32421
98583
60013
26217
20769
78140
21380
45382
93244
90942
87466
64487
32949
90576
53809
67295
92754
73229
80942
81173
28180
3402
49681
75124
99817
16821
63497
91303
37869
1869
13813
36459
41579
86306
40034
99175
13212
14449
986
48758
16978
55431
83613
35976
32404
51274
20500
34824
78623
44554
48087
76765
41727
84744
79405
98157
94585
56197
31532
29350
16902
47218
54089
98092
39994
34946
5458
98125
41190
28011
36855
10066
71708
38670
50529
74933
25378
69186
36771
67254
16087
28683
26395
60360
17730
52316
69049
74503
86779
30056
84663
28358
72757
89199
57730
1669
83939
58340
44651
5135
35055
92513
77477
76472
19322
91395
91539
6647
23674
39752
71141
38962
75155
65968
64035
86127
22033
72241
89779
63732
41113
87223
65206
27986
19508
7617
79297
31421
4955
87352
23247
59353
27360
21462
72327
20327
43058
30916
17883
4891
74842
2851
2376
58757
42584
12084
11987
69081
60684
6652
64989
69847
89594
91579
10337
90746
59464
13815
53042
99934
23112
75336
96849
14908
30343
33467
72544
51812
87174
40790
1196
84145
58890
29524
14222
54830
36445
81169
79190
27952
58200
30095
49502
7175
68902
99597
69432
59937
38855
49716
91025
52988
66271
95649
61245
50576
30082
17996
43902
64798
33390
96382
80557
1202
63331
3420
49581
4703
38412
14155
22398
86757
5012
39608
75289
39829
15070
47416
83601
86158
51855
90922
93619
76547
56125
83168
94248
45667
50782
29404
59931
39692
97982
77128
3664
77185
38428
1679
1982
37816
63794
72480
90047
153
74082
9195
36782
50604
48984
92757
82786
28333
27803
17396
6694
70159
17652
8624
36114
93226
73838
40785
14016
79936
73997
33371
68804
32451
79062
98529
50755
58360
32071
913
32299
45303
13454
67958
22167
31481
9077
17085
19828
63631
18850
59179
27038
96338
22880
32260
65102
38769
73394
98280
44223
95179
17880
74791
6139
78075
83797
51095
16802
18616
54660
587
73994
9860
40046
50550
58189
42052
37527
39079
55588
29029
74073
41076
94290
76458
19896
51
39396
31716
51890
22161
63837
45154
44807
6039
55114
84855
93233
96161
10705
9864
17550
41015
51902
25818
67372
52964
75086
21248
94644
46484
79380
44299
31516
78079
62808
40919
34773
16228
56270
64382
28131
88869
73256
55372
26029
74284
57565
2895
32973
57749
70999
648
42699
45625
33981
91039
96377
91324
78578
52446
95136
77585
43205
75322
79989
48291
21102
53212
68745
19041
98717
68016
30030
83796
51317
38523
81689
90262
73548
68762
26908
44045
5161
40516
46729
15207
35573
48905
73890
31722
6783
82321
48131
62765
69291
2505
74838
2959
86492
19487
45313
61670
20480
91519
25879
77194
62584
32600
5653
86615
36731
8333
58651
1119
67965
71767
47005
25787
83315
23805
92165
38363
70369
23629
89649
441
43073
8177
1495
83148
51621
30480
92548
98373
37242
78138
25408
2798
71693
37527
17217
52326
16115
93405
143
65690
97836
41249
37856
33840
14614
54515
54055
81998
49668
63658
29390
20668
91411
83525
68200
33032
94488
79219
66167
84593
49332
38604
33003
28008
77118
45591
99412
46941
34545
97643
47802
39677
67092
97074
81290
61064
5843
67572
45653
26760
53968
25045
51357
63731
49434
69327
41206
23135
85555
4340
55206
21044
74111
60057
72513
37404
6031
2062
59478
44247
61840
52430
63190
50322
78616
24429
41695
77141
19773
39129
12229
24965
31633
73576
71238
68504
79858
73976
98861
13015
95674
16683
2622
69733
73707
43614
40837
23455
1479
88449
25220
32922
52834
67336
52091
94331
15559
36738
44193
85553
60734
18997
43641
82394
20242
24338
14354
62781
82592
49748
56591
8587
75208
30324
71003
80715
88098
78672
34091
68504
15256
70186
21806
21141
44458
96012
11301
16566
64007
94937
46421
66787
37117
75277
23633
5124
20055
53907
74914
2128
67932
82579
41400
9911
99602
65292
32524
24795
6518
98652
49802
17297
49545
20398
92962
37439
68741
86084
47541
50986
37577
8935
98564
15301
78058
73942
92497
42945
45271
40475
89441
94298
67669
30852
15767
4886
46719
39485
50055
65330
7769
13383
2889
25034
43124
57936
12184
23084
75633
73547
72544
10415
20912
89425
99548
59390
48049
90542
65957
73935
56991
7302
88765
58534
31241
29648
33411
15391
64195
42532
98920
32409
9
16780
90679
58523
62744
42966
58075
86690
85801
50721
35692
21349
68691
4037
2492
81729
99716
27413
3040
39829
82155
29727
64055
67497
39351
67550
58892
18797
36068
44005
32078
62664
10112
63313
76443
4589
75895
55580
59099
84737
32613
40186
28760
95131
5974
45608
14237
59079
92593
56640
61218
78697
56207
14749
50614
71290
69603
92104
81641
22586
69340
87263
74206
80646
98745
55403
26635
76361
48069
60771
900
52923
28320
10150
16531
45514
42636
8532
61229
52478
75620
18698
89325
82411
8661
93239
69688
23811
73053
41744
67197
48598
96007
53835
71376
29197
32308
37571
36179
46648
42783
72450
60937
65900
79457
70391
26221
53531
65972
1194
25480
51124
93481
16582
92473
37527
57161
94223
86355
25707
5545
19350
97075
98661
63789
83840
17692
71657
82023
65087
26566
17368
38712
8831
34128
35541
33751
72919
84141
72500
23343
12525
3621
56535
93390
89298
88604
84380
52614
80509
94407
13773
47421
9789
91823
71756
50722
65963
73696
60458
88151
17280
44243
4514
20020
20738
85551
99550
42336
42385
92135
78260
14369
59209
97494
52423
97150
49665
75980
70440
8400
39462
2124
61641
95032
74080
83141
6515
86027
4615
29305
85797
91580
72775
66493
39849
71846
55513
11677
62369
25919
90044
20274
65289
55314
20303
37019
22074
18179
30104
28871
46002
33964
4645
81634
79215
46640
21645
58098
36757
77690
99248
57047
54055
54344
61378
7498
67809
90537
30354
15763
67162
42137
11704
74073
3234
34093
672
97069
68027
55416
68718
75330
17380
35759
20287
80437
91968
59390
18935
68809
21438
50648
29729
52312
58401
87420
99683
17802
29279
24910
84620
97929
85974
67809
93555
15654
32649
1806
84228
96574
86808
62021
79977
82413
40030
4283
37397
87879
36954
53155
59632
50051
55179
43894
40883
83744
71777
79448
53094
41815
27177
43260
33597
36095
50978
72793
87165
24696
89234
3326
9607
48230
69184
77850
53791
85688
17658
95555
87705
74964
26019
51713
44090
9598
53775
71104
16624
43419
65700
29414
79599
32223
28435
88342
98632
35919
22132
13882
82014
28403
82315
76422
21721
64611
41264
22280
22827
53292
33736
20660
71594
53015
97830
24494
61226
56917
31004
74169
53503
9369
13475
43369
84006
19897
29037
24955
5124
69150
80051
25784
96126
37516
18289
30310
11575
7604
19842
65542
22667
67662
41352
60375
27489
88081
11549
63519
27099
37479
57703
96469
59056
34950
69650
25462
78346
22105
37079
43141
25956
34363
99289
64252
40109
14486
72153
18819
20188
39444
49928
5829
74807
38345
3744
15000
61848
3270
95680
94380
12712
87517
14399
27610
8263
92690
36515
12622
806
59923
2877
6566
23621
46897
68909
8414
26933
28075
29120
8895
25993
12955
95225
30533
88329
41891
58993
14070
43635
77041
60002
66250
79713
50577
21256
37999
80377
29085
35635
8683
14338
21123
11065
68808
75647
75920
39030
14670
45640
24094
60760
59830
73030
67176
91102
16425
57313
17895
79022
70817
8058
59160
15129
65858
85535
77930
82896
60169
79099
34956
64110
23036
25789
50287
99362
62479
96400
49295
13883
3657
46523
14753
48825
49983
12910
13692
84268
38986
54246
75829
94452
69414
96484
34206
9049
50119
69422
23147
73512
73655
92597
26016
34906
54190
36360
19605
51476
79752
31119
99311
98712
44749
75683
76680
38697
49433
38824
66501
85128
32180
55639
25991
17032
31995
56311
81091
61896
72588
86484
90792
30500
39944
7091
33455
30286
79032
58356
25161
17778
1598
34815
63911
14800
15174
6877
64889
99794
38431
85766
15493
93291
70355
13410
8438
90048
27670
72573
13741
66180
78855
41011
91139
63548
55758
39294
62764
62664
97771
82822
93444
30156
41674
26481
3679
96406
44034
670
27678
87305
85290
46409
99432
13284
57128
92571
37900
33572
22206
23057
21429
59766
17406
7974
67416
79686
98071
4765
32938
7450
95376
63344
80480
34008
84169
54203
84843
98311
10273
36102
97454
8370
48958
44553
49969
67596
53829
52714
80930
24327
67647
16051
27123
9077
73386
65263
40463
23901
28878
63252
49224
17385
22059
15872
33598
58629
11478
1775
10333
36051
73953
26171
2598
26694
73875
25433
98489
40112
78716
80963
82505
45040
59897
77844
1586
99517
68104
66211
90480
92545
35349
81132
4124
98292
77260
30216
69570
77554
43102
6828
20912
37955
79813
95130
8965
37654
42915
25023
50502
31250
2566
98708
54452
95645
65826
49893
59275
98487
48390
9131
37778
7937
89646
55678
47754
44701
59381
56584
41401
46616
37248
24378
74521
3033
56252
24121
58167
66090
1112
25362
38492
71729
86700
23684
93130
16717
13872
80926
35676
41601
97345
54159
52468
18849
43901
64588
88577
98218
25610
69444
70011
37611
91189
39385
75399
52229
64894
76355
64273
11998
28286
92681
80204
40597
54467
77624
55312
86821
8393
26533
80399
23244
14099
77023
24720
57238
52955
88271
70925
69074
80436
94793
23415
16102
86706
98439
86023
44909
20366
27648
21756
46626
94605
58248
99749
49748
26129
97822
30531
15129
31262
61389
50887
62402
61423
75639
55394
29899
3949
18827
7502
3764
20472
29502
79658
38322
91797
26076
23195
45700
28388
35457
82906
36889
2359
44385
14825
27600
11307
16138
95049
49187
67530
69886
13694
49219
33039
92806
51596
13205
84306
93785
7892
45374
62935
49698
10503
99384
8819
34445
63445
96230
3833
73685
83120
5761
87776
21763
70791
39731
80864
88786
34137
86727
29591
32031
32939
98264
76234
21588
3831
77718
90787
8727
31701
79416
56227
91820
39645
39430
39368
61649
72352
1063
87896
48376
79523
13707
25393
71975
89915
22925
66928
55950
63740
34126
5126
83674
31668
35507
90295
40037
57700
21339
35120
89460
81120
65548
91942
50603
11947
83731
54
15197
66441
51186
14491
25289
72869
57570
23841
7562
47494
31347
28800
8313
73935
49449
52474
96881
11352
58978
42018
5739
48496
25057
22200
145
96300
72425
60471
96136
85218
92460
74788
79941
24567
91356
68323
78606
86556
89752
25423
60885
88321
68853
28211
85929
45760
85326
49018
7509
29533
20944
39672
65898
64613
99532
91696
32490
35658
27574
26947
39877
1317
61106
35901
49779
84273
50173
27315
4901
59316
11087
91209
33853
42253
68736
28686
43601
14308
22341
10368
47257
48469
14829
1621
9974
3575
830
78312
60455
39214
88710
65641
43710
80768
96153
4019
27399
10161
39352
50660
94594
2997
90630
5715
40875
81052
43670
41149
3166
76215
14676
25856
54534
6281
76379
22737
46202
75645
96626
98882
66193
32431
86346
20106
16721
48715
28009
21222
43125
85289
96452
36065
20393
20554
75639
72586
97567
98613
52629
80577
11149
75568
79682
3203
65561
94249
42254
66933
67357
26097
32344
25880
58824
25034
31029
33412
50435
36518
1762
76028
70524
63249
87194
27881
26911
90217
29902
29847
28494
34440
18490
15825
59741
81564
32045
9824
93733
22755
16627
73691
12148
7788
33697
62212
29878
16584
42538
2351
80301
87068
63592
84559
62886
54592
72533
35063
80923
1822
18586
37001
82790
74548
26246
8028
33529
88651
89836
12774
46948
96296
87643
18098
90367
23128
51266
98033
98942
63814
43592
22358
95858
26017
61134
31913
14989
86530
80891
19029
86322
7191
40457
23757
17213
2755
72999
36982
37773
65894
78012
25842
50865
24630
78310
57594
18004
58501
90620
79654
48113
35502
70676
18520
15285
65664
14429
43331
763
38000
21383
5824
10140
81004
8718
86833
83285
28512
77665
81379
4287
80323
32500
10569
41230
28412
51063
16388
30005
62533
90416
12822
34826
17400
49027
12925
63811
37186
75049
80149
76318
76642
28943
90054
74763
79717
49463
16920
51024
84824
72748
75434
8085
73714
65182
239
19197
52058
3974
45546
44994
52093
92428
19633
39423
65396
3100
9882
30754
73953
15951
9884
70206
26567
8523
95331
5246
57159
60556
43214
53462
25216
30394
60005
77759
83139
69790
39784
1144
32208
35772
48655
23130
78896
26114
99819
22649
98345
55866
63557
56249
50040
35796
83406
36162
80006
20378
93826
31168
23487
58893
22031
33440
46080
23041
14101
57482
38727
74876
43684
66377
47690
53758
37020
95234
14057
2393
43325
22235
38026
34632
58819
2388
46455
68362
80118
69205
15630
64862
16947
56875
57546
35360
21318
93987
67124
43253
84015
68600
5421
94417
84790
99404
32924
24152
37528
12679
39460
2691
27768
25162
59572
38694
49537
84728
91658
52979
45848
13237
40845
63099
85952
48919
95809
57712
59828
54876
31349
20867
43731
66771
51587
14490
20613
17467
38391
96382
89055
55803
94562
74361
28492
42653
70345
11683
84271
90404
71313
86340
20599
72083
36458
23850
30383
69681
49759
26664
31968
56086
69266
81537
27976
21695
19240
35180
83687
50988
75838
42488
32163
24432
13095
87231
21101
27192
56464
51306
49430
1650
96034
20286
88531
19546
25127
24710
90803
62646
90356
85034
47869
53620
25453
26203
66188
83038
70387
50489
24887
78693
34847
64671
14754
79644
85456
22883
3837
92153
64175
13721
24460
15811
29337
39912
85822
83848
18954
48397
33910
14697
76560
5658
41040
13530
55221
81854
4615
15454
16550
98906
14545
67198
66014
39345
82403
83636
38643
52994
59805
73657
36340
84074
33937
65338
48660
51956
47073
44237
5789
24496
6554
11498
30741
43301
88583
1821
36814
65529
82453
90451
45313
75756
97141
26004
53155
72723
51464
85585
4603
50701
6633
19423
90791
54257
74839
99859
76229
34887
40274
3291
53692
92051
59048
67972
2874
82710
99915
17408
93438
85901
12657
60403
54820
15103
97865
89396
35854
31626
85235
28882
99087
72739
67552
26175
54773
66986
30216
14787
3606
62241
72579
73257
86460
79768
60672
17896
93395
97923
80786
91757
65266
87857
90351
14465
77546
4554
51992
51433
16521
26042
51476
40611
66051
14626
29150
7294
74640
1742
61366
19857
28131
81737
70229
95392
18157
33143
46238
54215
2570
41678
37294
6401
11367
77237
74236
50315
2468
66365
94834
17508
99616
58262
84241
99303
10024
3100
62897
85159
81922
62165
17197
5192
52894
24985
41335
77453
41803
5827
65054
25967
96006
41844
45838
1368
25955
55146
43651
1542
40928
72577
47784
68364
96631
73014
56213
32109
11281
75496
82065
22231
17718
33640
53524
36145
71466
98868
6302
39447
74880
12011
25392
72075
24056
53685
36439
97845
1845
38292
94805
62771
52838
76167
69154
55979
10358
2532
67308
87063
27019
40681
21884
4442
9721
42524
60601
38343
64767
49533
48028
99666
30977
61464
86814
96284
97711
13146
28063
93828
24124
33127
65406
15438
21375
44683
12847
62497
33077
70949
18223
86786
49712
38441
33047
63829
88941
23488
74107
7512
78277
5976
70322
63943
63600
78526
60401
91419
44976
42682
53321
80222
65528
71818
76793
72256
19940
99658
22194
57142
28999
89937
8611
58379
75667
28116
48515
23443
69734
70193
16217
56128
25375
89307
35173
49526
20240
21010
97782
6061
41609
92247
33180
40634
61095
71819
71170
58593
71699
28066
2413
32941
74044
62046
75417
30132
64555
84517
93469
88963
71071
10123
29928
23986
70111
2583
39181
33817
87847
53235
82185
29028
38645
61579
12279
67045
78292
84719
93053
37572
51233
47810
5280
91346
27342
58959
68018
26238
40055
59423
38302
80302
95558
15715
22128
20170
63716
38884
92586
80712
4046
4996
62805
23374
7686
37465
29386
25336
8456
12051
44349
7054
33896
26346
26005
22123
13243
32516
64498
73981
16401
67907
41888
66991
97963
70042
54125
7982
49224
57836
89415
24797
83769
33297
71335
40196
15126
71359
6218
24119
18841
11388
5182
48187
61839
17305
80804
18587
86089
53872
37542
2551
85763
69735
32750
45703
21206
82930
26303
33724
74576
65205
96085
21078
29187
52195
43160
9911
23016
91184
15548
75779
12535
22507
71669
67834
80948
95334
20801
79201
95791
89983
93199
20188
2039
99606
15262
17283
7397
63653
39708
62386
97206
7381
2724
1374
52391
71986
86246
41693
33131
6375
92950
8082
77895
47273
75353
15511
76427
81068
73357
46929
7513
79780
69701
19279
99572
36617
21522
29665
31224
334
25574
60931
55786
44278
88808
82870
91318
36639
74024
58326
75063
31926
21493
87376
29326
17068
5870
76976
18555
75527
81255
62989
70204
75792
49551
49202
79611
28814
35512
55437
81880
30166
37710
22816
90927
96722
46922
19738
49481
71873
99745
61639
45787
78029
25928
45878
30117
56423
78771
44972
54347
51779
60125
76199
9981
35960
34431
7864
92928
17954
3475
43707
42994
85458
64959
8201
20442
26348
3389
54817
79174
51583
85119
37282
21751
75348
93114
50465
87040
30833
60106
35781
70323
84376
97149
43336
36297
42470
70446
26208
51065
91401
73458
38503
11138
53082
43616
25280
49269
8513
63972
67118
89385
49262
51018
42733
17683
29046
15473
48726
7861
11894
8198
90098
46421
86301
58238
10487
13708
60786
20459
29491
93893
7440
65971
11557
56756
33579
66850
15436
12323
78538
8328
32526
86515
94734
33650
99002
96996
67110
8171
1476
70324
89151
15102
42447
63890
45177
74507
11434
64475
77344
25543
61786
45567
73040
84957
10030
28543
54756
67044
94739
26522
55069
34582
22429
49535
19892
54397
2178
65778
21183
37404
77066
86852
21151
88744
15263
68397
80406
85773
20012
32470
28925
70083
54759
3461
36289
69639
83411
5714
96773
18559
72630
57310
40863
17693
83804
43683
56751
11742
81206
24630
87907
37405
81744
19037
6647
21635
12149
67827
82567
24278
77302
95203
96452
37826
65394
15643
2930
41025
77505
74924
4238
66096
65800
63944
2187
77614
47821
68759
33900
17076
19569
9057
94196
53995
15720
58621
12131
22165
15050
5040
72611
81793
95661
14549
42331
23495
99600
44203
72893
135
30979
98449
97649
45256
95196
83352
24432
25520
61391
98413
32951
4605
65651
67634
24247
25571
48810
90736
50644
32548
53364
50451
59307
80890
7718
14540
22754
9265
66739
66825
97911
37433
89150
68307
29361
80538
4754
10386
96708
40208
82
43854
10386
16374
96335
90698
66498
9225
96250
50404
96783
69774
49936
36082
13818
91902
95496
79124
77671
16994
91155
97598
70727
39293
63247
98206
41557
90721
15350
75774
12555
87275
83094
44999
60608
7015
71193
43020
35860
33165
52126
11649
91105
91090
98079
6565
18028
60870
72962
53501
13599
75460
71384
59737
92584
44014
44793
35986
21950
16618
18793
6509
2907
69367
37718
25757
60866
53616
34408
66296
14483
98137
38445
84450
5552
19530
46370
40483
64585
36246
61621
34155
77565
26680
57406
44946
41675
70308
74598
81529
26047
30792
45957
81238
3233
25810
102
85137
38310
94080
2510
18818
85016
68502
14908
18528
25567
20513
98496
91615
84514
89625
81075
96932
57184
52262
48980
39010
15403
49901
55180
47529
89568
51680
63930
93214
91511
92656
16372
92078
27927
71120
54177
88212
7824
67704
16352
11555
39769
78416
3540
6731
44488
64085
98328
62909
43476
46744
70608
35125
85989
65192
59060
83965
68393
83888
1195
84930
37110
48314
94028
34315
56894
25861
70203
73115
31170
10557
25933
63039
86733
55483
76185
50845
85528
77137
48011
70694
65896
579
70914
71476
93052
24430
39276
25925
99201
20390
3020
37563
43401
9679
23008
27325
70373
15244
31871
59406
64077
74562
72087
66329
62837
96270
69846
88758
17466
87214
57567
83409
62426
55867
8040
289
29110
37341
50171
83522
31474
92672
30559
99602
95890
75649
10263
32751
24101
78838
60334
62660
78885
31189
34174
41343
83486
88912
24213
68164
38508
82949
78595
9102
14846
68949
14238
32745
46399
68655
36726
18534
80337
14276
10667
5510
99238
56588
53768
83276
13017
13550
33861
90307
19841
94827
74042
15553
10624
34601
30963
66118
84117
13235
39476
69997
46702
90534
15687
7007
47667
30588
89988
69410
63599
45784
39178
86566
84350
95455
61079
38141
35873
70688
14187
11418
3473
55623
62530
4462
75423
33443
35059
10895
34608
34810
53837
50710
74314
49208
70908
518
99070
70838
13715
34111
60956
42376
60387
12579
71583
40039
10229
82016
91471
55646
94917
68292
92633
44756
2114
95256
50323
93934
98083
64103
48859
52392
68478
87596
7228
17087
80703
79593
19879
81215
8501
51750
70081
82543
94182
50360
37239
51220
90277
1359
76860
84441
6055
42745
82633
33233
66657
1189
82486
19755
86903
45328
20534
95816
34321
65344
71024
23356
37182
72879
12294
91796
60525
15002
86032
18483
35142
3030
75061
71208
71329
96257
54726
50458
39377
82837
84296
72360
942
32205
85727
6042
4488
75744
27520
58661
4979
71802
42548
88905
27492
12698
92024
37976
59728
97940
30843
41649
91895
24670
96110
10455
96474
78518
73750
69531
55111
90350
96428
11745
40050
71867
44039
20489
23623
82088
70595
82310
88608
29234
82536
29434
42676
18864
19114
75478
59055
18780
33094
33640
60231
39178
39074
83961
74237
7349
82110
97365
3307
94295
4648
47999
8228
86414
67732
25799
11709
43149
25696
3343
18646
11938
79185
78199
70655
10346
78721
88276
97535
65680
86624
78826
23460
75947
48284
73141
84136
86076
88889
76509
39996
85843
77667
1300
47861
52414
18774
31758
12200
3701
11606
19432
81119
13605
68497
51081
77435
70864
54248
81047
74480
30368
54644
8851
89965
86895
50243
56056
83491
7749
30397
43006
22391
47861
52916
53758
37479
757
78
30471
7104
59681
66826
24196
82778
83292
23625
5691
59048
77931
73207
68205
62709
32378
60639
64350
16647
28598
17363
83224
60077
66791
48724
24284
34076
76941
67592
71148
4611
91661
80283
28028
96326
46891
57480
92167
20913
94818
33346
32555
66210
46860
58751
47403
11801
59541
99527
99080
61832
60136
9586
25806
9872
61221
22873
21099
80659
64680
60008
3088
15937
27992
68377
72964
27111
31428
16515
30636
32454
27016
78946
23943
77775
12471
5024
51770
31512
11249
85035
63933
59753
17628
86823
8733
63209
9958
99111
67007
11062
58801
89262
86361
38212
77889
88375
34907
41057
9317
86972
14598
57736
36962
79746
17208
53267
41530
47673
31258
39814
74109
99242
28587
54175
50814
47710
84495
14834
97893
65283
3868
50643
23998
24255
24669
96543
84973
24849
5103
8317
39382
59150
49425
92967
93394
8374
25110
47663
48600
46378
49367
47775
52626
49318
15848
94559
17700
84658
64000
18863
83998
52114
49956
75823
9588
10060
52670
3134
42745
74083
45667
90647
1290
82630
96942
57420
63941
41649
54971
17832
30691
30910
74924
38690
5467
88838
88709
21761
96804
44153
68116
72324
45830
19388
40569
80278
90990
51154
57488
39320
97483
96516
37776
51767
2693
69133
27422
34442
80832
92024
89296
22688
93370
88262
19386
48380
63972
42616
52905
42257
7586
97980
33424
78401
65351
31588
41008
88042
40242
71526
32744
32976
62287
80761
76644
17617
8757
53367
84511
19864
90533
50267
29201
34289
43595
31040
28864
40880
58430
1610
79101
15349
58479
24933
72124
98486
17658
81246
56261
47888
34750
97716
55956
58442
30855
80569
43225
84586
91929
20473
52658
2442
61223
49032
19439
48784
59289
23887
63145
46278
41328
87587
93395
3003
13916
97382
35398
63419
44428
75435
37741
35735
48359
19034
72529
39236
79375
74740
57901
76172
69166
99122
90897
54704
14154
65618
23305
35197
37764
10428
44045
99305
16059
2474
79310
56031
38953
74907
50603
19178
81839
74326
35381
46634
34176
84693
57658
35886
92692
88188
97940
81546
62514
80330
33969
88124
24513
80578
79060
8345
15324
22561
30887
93685
78657
95243
17986
36592
26196
54965
21729
72859
85709
61899
7650
73591
36058
78804
80775
56746
79242
15877
65805
96108
21521
52119
7785
68373
80521
13660
56066
16536
82612
49147
67846
30366
73898
22291
19635
61468
18493
63807
44015
74518
15047
74242
42503
53601
91336
9570
97171
59422
12145
13876
50742
84006
43735
17935
19428
78074
71809
44923
11850
38194
10848
98898
14335
36462
29979
31839
28633
22300
64714
99198
8927
72204
7241
64857
41397
13448
85509
29352
49124
82787
60879
66712
39322
61866
30604
71315
36328
71531
65386
35787
46926
95883
47189
10375
46061
28348
60306
51646
54122
45405
14975
49146
62079
62866
35235
56128
93410
22475
77574
91416
29359
47198
27248
26450
90931
50120
89734
8785
39123
73695
19182
63317
6533
57354
78
97360
76858
9422
53545
19220
20110
86265
83859
54768
76665
20550
79459
31301
69663
34013
33096
27386
86959
60015
35489
2586
38242
56319
65780
52959
19405
31485
95773
45723
80948
61888
63648
46405
65395
66528
3639
20238
24947
39590
19183
91669
30500
90323
98321
48016
37820
60847
38960
20620
82501
49996
71607
80944
54351
42143
31279
59920
21227
91233
75634
81632
77438
21951
342
69376
1318
88648
92198
41864
52491
7111
60731
75668
21947
40496
24224
87298
17050
49392
32866
64613
9240
25803
33711
52884
82864
16302
58667
17394
39563
55986
22565
8163
75200
21383
15806
51451
736
13750
80772
72889
5064
27502
12334
51767
43674
36909
3516
24926
67667
70983
17492
44945
61605
12037
10690
25795
39247
24599
39602
21644
625
34617
27501
84745
62618
10618
32709
24358
34436
64152
20784
83993
89620
74271
87061
71736
58594
21164
84445
25876
57659
24436
75232
24235
74417
57322
14684
2484
17181
56648
17657
66098
28564
17345
54235
52809
7387
85790
10857
14256
75052
4350
68106
65018
19961
36429
74348
58000
36435
80791
59006
39163
67132
26966
49052
35817
55726
21173
44760
5576
29131
41441
59142
17928
55807
49206
63247
81983
20126
81666
97069
72751
76
50354
2100
58725
94165
20426
97764
61492
27554
63596
963
63164
664
67564
59072
43276
75761
98307
63351
62408
16526
43885
98287
74812
38463
44775
34843
10260
39961
96154
28349
13238
53425
7857
4167
92291
84844
22860
60839
5259
61023
41181
4448
37004
23202
12502
50578
4706
27652
22243
86382
79836
96021
8246
10294
12877
78698
77447
94462
32879
62122
60739
32513
27065
58461
25314
89225
14576
34803
8189
38947
11501
87689
41128
35796
54583
53532
17887
43470
28856
9579
16985
62813
17250
16575
95560
32104
88778
48646
76763
39822
89891
13217
90513
31522
95153
23871
73761
29881
53706
89452
86421
90612
2959
18285
29230
28230
36803
30796
39849
76146
63851
61474
86708
70718
1649
68356
31927
80260
66756
68784
10308
43920
65227
33133
62896
29293
33108
93993
67090
71353
4591
94096
11028
11715
5286
92851
93845
12621
80698
44364
87015
55384
28242
94462
20503
99083
48320
5873
87751
75132
61193
79021
64883
21938
84716
54129
71035
22900
82763
53631
91025
25129
7873
14718
96330
97162
89575
89074
49557
93499
39474
67766
43791
76589
33678
22305
26699
62847
87682
61720
86385
15711
46982
5824
70476
71872
88136
50374
13042
507
50253
27570
25119
46300
3764
36004
8654
91113
89916
42674
96694
47120
57925
59813
18381
1801
68282
85518
27763
17643
55937
33707
65711
65915
8029
68525
78465
96979
95110
64825
19812
78551
928
88562
79048
45807
11941
92901
80511
45630
35436
21144
99227
52691
93579
4414
93012
86780
95058
97729
53265
73401
96541
65872
73657
29480
73423
32019
38153
39671
90636
33170
39976
30895
84091
32398
60956
12247
32040
65686
57370
55378
63293
42126
27411
66700
19527
62698
40682
18914
39682
74985
19114
59036
49143
62963
51917
98207
10007
59617
12177
80979
10107
26397
24928
20012
4666
24046
12693
68705
30685
10443
16288
7336
66485
84639
97799
41295
93168
3967
72515
42575
83925
61333
58626
7082
43296
39525
1285
89427
75942
30985
84919
41009
54486
12327
89230
20889
43520
26450
66555
98470
61877
71278
82661
92430
20655
23154
69964
78860
95495
51191
82211
44250
52515
14348
98762
47208
90245
62943
2349
87916
77846
34156
31240
54900
90349
69252
23925
24201
83980
91232
54640
80654
43281
83487
26550
14982
85429
44180
76985
72806
23021
88508
44485
78751
95348
54947
2023
3366
73284
64024
65419
63920
90412
58090
52938
54907
62991
30408
29691
24490
19897
21717
2474
38710
34661
6832
2706
15644
48105
21421
40432
55499
23990
55506
12937
86032
73052
26740
21810
5017
27812
82544
69153
51989
75709
68212
62881
38434
65409
25891
47121
71209
22389
58263
40014
9581
4567
78778
64952
2574
90994
61372
9972
23968
84757
15831
62454
23077
36486
80023
79401
41360
2733
89141
64286
13515
25979
95584
1045
7153
13170
28332
26616
25393
63317
23892
25366
81169
88359
68611
91162
18692
3781
29120
12137
24324
44559
37635
64237
16634
19895
96013
69945
74755
85982
10326
61687
89050
95098
52103
95104
96389
84155
48694
71769
58868
67865
39643
145
64042
56580
87040
25900
16390
65731
98462
76872
46400
41510
10078
68494
20484
79643
9286
96751
17851
79751
66957
62990
92305
24633
48839
51224
57486
30088
32334
18021
7153
73363
36065
66570
34963
38232
62473
50473
59514
9018
11742
28277
90901
39182
32458
70113
12023
80564
44886
9017
23107
56728
85276
10712
88653
92033
56102
5888
19412
82204
43539
10163
90914
20156
46658
45894
62497
34541
33622
98326
89049
97475
16556
97720
43036
8237
24548
12384
75107
99828
34574
19897
66071
59798
57939
89034
14927
99574
56148
21409
42892
38817
10541
92947
81517
86728
37405
3363
80850
69924
51855
67460
7050
82849
82436
75781
40508
35505
36511
85464
5799
85131
11290
55770
87145
13026
54885
6801
26092
76137
20545
24410
9503
80088
88734
10305
71698
69340
59858
42070
82209
71035
2946
27956
55601
65403
81803
61875
88161
40267
62203
88801
6995
48769
36823
14446
43664
54092
45850
82092
35449
99379
32156
29835
76049
32249
43245
62204
13862
75359
25592
26602
3667
60912
44265
99396
58607
48104
12460
2531
9100
76865
95113
63232
32612
94049
66458
57320
93842
40050
14939
82420
71517
43881
48425
52495
55865
19172
7109
99718
1957
1047
98197
58253
44384
52007
494
79094
61158
30193
18755
90682
17470
97228
59348
65355
28933
17985
14268
28031
50327
11548
90543
22386
12480
77601
67321
65567
60591
94113
82373
95800
22649
99029
48817
9487
39178
73031
8375
53851
82924
67710
27706
9804
80923
94734
59544
51275
50636
82197
72283
48265
68143
88502
74918
26267
13079
31611
70064
50180
34255
95057
18257
39444
82551
91461
43504
28637
53523
72046
31737
4391
60122
14753
85025
96854
22308
77670
6512
22111
64481
80717
26668
39079
70216
98175
48898
61421
41927
57452
48742
98281
85447
61643
54741
41836
99266
17175
76121
83709
68322
83162
7823
42117
15979
90580
93339
61606
42918
16293
61037
44048
17270
70497
42578
10293
16605
37150
54100
7382
48399
59229
58142
50476
62077
48045
70786
16764
32370
26509
75589
47471
53660
94160
74642
4220
60132
28062
24790
95706
35794
7804
41416
46843
95073
33243
71838
86655
24191
81431
53382
48739
15838
93847
79317
10815
13782
74966
33821
57890
39594
2614
91743
60624
47525
45243
72274
20697
44230
14585
43675
90862
62979
57168
32108
91749
56556
81351
72641
84297
1294
72402
6603
48029
87368
83488
11862
37143
9533
91606
2706
69595
16379
17667
5662
92136
83879
73361
82091
42553
49882
33156
67975
43503
90876
26276
39453
81676
81364
63099
37618
31798
3158
363
76740
50647
68607
91408
94299
3203
1784
16085
75054
50232
4474
93211
51762
28409
22589
43897
1018
69166
96970
27231
39554
31348
62732
31383
45676
52795
71750
1136
93514
27893
49762
63262
69815
31635
21158
87459
92045
33767
35030
50920
10510
46789
61011
54238
8145
52928
87106
89494
90182
67645
13430
84471
23132
93879
4636
98154
3919
96667
71688
25322
74978
94667
28990
90249
65875
30802
41150
14057
59851
1758
93259
18803
16300
6849
8059
78537
58561
65470
27970
24941
14631
50532
55735
17628
5353
47800
32357
11796
94144
20768
33092
37026
19279
36268
8332
84946
89644
40293
60217
87047
75210
13087
45806
4550
53617
23977
99999
37272
16200
71142
79678
18014
71370
40309
22355
40563
85193
91996
81472
72608
34514
67509
47127
69733
95556
83816
61681
20133
97891
74607
87493
24686
54913
29766
461
79095
55880
86505
89071
28974
76441
22225
3100
41356
11269
98580
90327
5823
94709
5428
93079
39969
68868
25276
52164
22747
4604
46223
66148
67824
74628
49207
84283
24502
14120
65529
30333
49125
71669
15298
83658
14114
20019
57524
21969
35097
34660
67204
90090
30294
32448
65115
70441
81175
43446
38374
70996
18997
11053
17091
21742
68529
29808
82557
40291
13479
26378
52109
81584
99935
34864
10872
64889
70232
96654
14935
57784
38787
15860
46688
84914
80472
32697
95176
11604
83246
87385
79089
63512
95368
86637
63010
76195
35292
851
31469
61972
22315
66108
54338
76445
28240
72192
29511
14712
78741
65085
30363
37688
85613
12161
16627
56448
504
28537
69717
86152
14892
30549
47590
42004
86795
57639
38754
89472
33538
53670
22766
94089
20911
20350
70136
83346
30377
5088
35389
81338
8333
31587
22649
82784
6396
54281
69033
46730
12959
30419
20237
73652
89044
93586
75960
53339
72772
64806
51427
21420
74119
849
75403
62525
19098
89608
66674
4047
97409
30499
88898
99899
84838
58016
12080
60561
65594
78552
4411
15649
52000
82732
45810
28413
525
39344
86592
79990
38654
69931
82466
58027
12813
78102
33412
16828
27040
38558
71999
48488
38869
71413
35835
88564
87127
40964
93998
20458
79692
66696
68410
7112
89589
65007
87352
30427
90414
84482
7654
69243
37092
5246
98448
66966
20346
17003
30427
76498
88858
20689
49690
64932
5567
68916
54242
82934
35232
39952
96112
7215
99826
15758
71526
17557
76005
88
14607
45969
19001
81533
32456
4445
17198
33447
24072
53582
37017
87314
86817
90069
56969
79478
45883
1975
56299
15058
55622
40669
92990
37547
1171
30091
9606
49994
82124
10895
80652
73001
78137
88324
29070
28628
45120
43574
93307
92934
27967
21119
25253
68958
24186
91577
26331
74422
32290
17603
91541
12620
36727
69113
72177
89214
46700
28554
70221
39168
38749
1478
98902
23416
32123
98132
39937
77174
38918
7607
26118
16641
20975
44504
43072
6325
47325
31612
53035
85686
28901
83804
69780
90688
5176
75075
88528
80747
61892
63360
57122
48137
45283
40028
53945
35199
35207
63593
30950
11219
6535
24696
20027
59345
71249
97063
70611
29027
34159
16044
86081
88164
82509
46053
75030
94873
37649
27173
90608
23282
22270
47321
10808
29910
6702
27114
1332
21432
20419
33443
44455
67019
96726
89199
24543
9325
82695
87273
69066
15526
54132
2285
12674
96014
35301
10683
60470
26850
5167
37312
5361
62214
42674
66625
82654
47
85000
84976
54510
60737
44391
42758
2645
1630
28546
73278
35424
60427
93778
52570
56724
74558
69182
30614
52417
68042
87268
1427
75477
38769
74488
1644
52628
36974
77978
22031
54489
80130
84696
40824
28788
87359
35539
54251
51737
33531
45056
3099
81789
45771
9389
65246
42343
66961
27847
64638
80815
56811
38453
34308
65745
77310
65358
84988
13373
35807
85398
49320
40682
48675
7550
33832
9762
8470
48093
41694
44317
91234
12307
81975
17806
27213
76073
93904
74491
64476
69521
13763
56227
86357
44126
23486
51143
3013
45703
71775
21257
2671
62316
79422
89263
91242
63063
63705
18932
4673
45756
14445
68324
70789
20749
77605
22263
77243
33336
10495
46568
22974
2862
46460
56259
31023
82141
38101
40253
3037
95517
60603
76323
86672
19943
92224
47115
44101
26154
87487
53652
28070
82240
59361
19201
83856
40293
9325
58264
7389
40095
3247
74040
99441
81363
9705
28307
94193
52330
86796
45065
38731
34624
25278
8039
84612
68744
96178
85241
47260
69754
47071
26859
30814
14417
12682
25100
43923
24972
44892
6883
5509
34492
45639
66497
17795
11276
57654
8222
65265
39748
47942
39651
98337
13609
58038
42007
59865
28051
73886
41212
72696
88937
87138
6135
88994
29306
8791
89700
96077
89453
59056
26976
43043
83139
10430
11437
79936
60265
92800
33903
61877
78234
30039
74742
6148
90313
83431
78923
14445
71567
47478
22319
36465
28300
74373
5088
31264
83150
15686
91878
42740
73034
63860
12300
4563
50595
75426
24126
89140
3225
86928
17362
63605
60216
3744
18546
59778
13943
57950
56539
451
23250
57293
13825
34533
85161
52395
18221
16232
31981
58639
88944
44846
24707
33219
89763
47787
33769
94273
43153
89146
71537
94071
79358
14225
61208
11642
47667
308
56721
41923
95737
35414
94677
69698
51052
86597
33663
25226
43984
45926
62670
6114
52815
35015
89058
14899
52238
96231
63537
32143
16487
54169
58918
96101
58902
43296
11394
27283
87004
64571
38377
533
76988
38298
64098
91062
88827
69691
58475
80279
1535
87716
44074
19437
62650
85936
25917
68718
88604
90030
11748
18994
41047
25412
49238
70873
45596
2510
18475
74101
96768
86045
59580
77366
25137
81546
1103
55617
68437
30064
49264
90006
57256
92449
84988
63601
3687
52657
76222
53969
57736
77187
71069
85307
73609
61458
54344
47118
29608
14487
99835
30731
70068
51594
28852
20374
85733
33430
5901
1324
28729
37916
10143
7179
3016
2880
64029
95580
19712
84255
12023
76972
15133
43041
88434
86630
88291
90003
83447
1598
68621
4558
95785
26146
47257
36413
75930
98054
56211
13275
22739
71797
47604
99283
40341
58068
88397
80945
58371
99135
29864
14249
28906
84314
41232
21890
60763
81246
91080
75407
73221
98038
97725
47133
24128
63755
91334
52407
44110
99143
41204
25948
52041
9194
50659
89659
75953
27441
77072
62612
50631
34240
79425
26349
85452
48518
55196
49464
55475
18203
67007
49636
37311
70033
23106
59927
66926
27819
39042
42112
31318
12671
46227
50991
50068
15224
84421
67061
13506
62125
23451
14010
93898
52652
88656
39586
49147
31468
91448
29771
16689
35792
1286
19737
93635
42266
95929
40760
16614
71743
44105
59492
80518
25590
31412
56268
11906
24398
62814
99168
48963
29427
36950
24405
25020
84067
23454
87476
63765
92686
3609
2204
97657
98572
53045
12898
75749
12705
19738
48905
47666
42515
26142
10295
62669
52925
85895
35980
57935
56284
46472
36417
37062
19198
7758
50190
4739
86780
36485
34561
39881
73104
83485
9812
91570
47185
11101
63304
13228
31229
17547
91595
84313
18047
18966
70575
6879
48096
77184
35316
87742
77343
60596
9012
90017
64093
17375
86030
85069
62095
32913
60783
65333
31284
15476
30585
28213
12994
33378
9069
24899
29764
4425
73328
81135
48809
25182
93180
85327
52842
58485
10995
18798
23798
13011
73927
49341
78168
62171
89413
80520
31115
94568
1881
20135
72730
34107
35163
68767
9405
68524
41936
2231
24532
62048
46337
32654
66484
55243
97160
77467
95174
88174
69214
21711
3921
81123
90460
2656
57039
1427
74778
66716
98218
28334
98740
75659
81025
74513
79521
85312
7288
79132
89903
94740
36982
28313
46824
87768
53509
266
1535
31485
5909
53166
64866
6830
13805
11161
40582
27876
39727
65737
23889
71261
22253
19795
37539
6251
38696
98637
75084
36830
72823
79712
96105
39175
11865
23096
62980
98317
35448
6989
85072
36200
38097
60536
48142
72646
32364
8575
35490
71435
46994
6172
77597
21627
22979
25551
3696
5319
64298
83434
52611
54512
16352
12384
56854
75128
7766
4715
23065
5803
18760
93844
36776
54390
31615
64583
15351
58800
5673
63696
16346
57666
8926
2668
56317
70227
43290
52531
13783
12728
96719
98758
84469
99204
19144
63465
72632
46686
46035
1046
9044
2957
20895
94834
90279
3765
97612
77737
62565
50082
76600
78342
58391
30322
77888
68747
11814
87054
15891
82781
20082
72652
50954
6253
36626
11457
11101
94383
51026
90951
91854
76759
11588
50694
86466
11143
15186
40546
48647
77349
41896
93041
51960
15356
99018
46558
12494
21010
34700
94125
18380
14163
23256
86984
52927
38754
82562
78067
22273
46649
78431
53634
43384
37177
66359
20387
55552
53596
62933
19220
53759
2206
26436
94753
49723
32414
63608
93837
16405
42706
54345
53823
78131
83213
55679
50200
62923
34622
49462
3698
94536
35891
18095
40890
20599
17713
65145
11883
20520
52869
77203
83084
48305
5919
44526
41054
17850
55696
78406
21334
41412
12581
56464
28248
80661
53367
57960
4139
86601
45350
32820
61790
61519
29406
92137
32757
42369
24961
7429
61753
60847
79992
67703
24331
1088
94645
22388
37229
5618
94854
22727
27757
44023
43232
36296
46798
12084
47072
74560
51522
26500
83654
9321
39987
19917
12560
10820
39390
34021
61295
86811
25161
56616
45640
86962
58529
9119
26300
92139
8095
770
63175
88890
9274
18998
47926
91204
78664
87089
91644
43227
3809
13548
35944
67266
26744
51028
68718
60455
56162
69845
40825
27925
93409
31006
79313
65461
46301
8795
26024
17583
57496
40601
90436
88232
52562
49273
88415
37608
26533
688
38239
45136
89657
27118
41174
53945
27176
11500
70192
58045
89688
6919
26455
95335
84959
5282
51994
61339
21020
30157
11273
22080
81873
59072
14043
27280
81998
88094
99307
22805
76503
63652
37293
93081
76495
57288
27971
37707
24619
31534
39658
56551
73117
81607
24597
26999
41889
49238
40286
30373
37328
2413
38095
77367
43318
66682
88840
62176
71803
74147
39692
61828
63041
16370
1815
65403
6359
89287
17549
67645
80295
52404
11063
68850
72437
19613
46595
83566
37843
1211
23577
73398
38606
4111
21866
91353
86838
64588
75563
98190
49589
37512
14088
61565
80762
39555
60023
28548
50400
95391
6218
69323
74144
62547
75836
26880
98874
81608
45255
13031
20593
80181
25124
2570
13121
32749
67185
61232
69210
10201
49957
20847
6173
8628
71623
84505
34954
32001
84163
22298
31746
14161
54803
57712
56108
47283
63474
78280
69387
14990
66689
55282
34253
39915
59070
14980
58841
83449
98378
23825
18680
6216
1422
77939
31282
82149
59115
6267
8426
54020
11272
84296
15564
10077
78255
1908
34678
45850
7438
11004
7285
75463
29653
5047
85780
31763
45903
89195
14088
11803
54037
20443
44270
43255
81306
20878
75732
20259
92998
79661
11746
63297
8217
58073
4080
83460
94744
31018
99666
69104
18177
66987
81330
18824
90339
86762
90495
48545
14596
47769
52573
29358
59485
5328
9846
43232
24601
61643
18929
37995
54420
54130
4780
9916
37996
46100
90314
14782
66357
90396
90225
87360
72936
36766
70008
18113
63455
84546
3660
27206
83325
20001
16531
15261
87019
40443
38955
73774
14408
54259
99470
35246
24882
68888
6998
90371
36801
90623
64816
47901
61230
11628
80240
1054
70228
66663
82404
4416
50935
54170
78327
60935
95056
46171
25737
2187
93803
69256
1484
22640
97828
39566
76118
6047
33368
21696
76926
90832
10381
69398
85785
55432
95479
1359
51245
48322
24051
51935
23782
63968
15228
15079
5284
96827
19173
28053
55711
8526
8748
27538
29948
18532
77263
44041
25262
81040
61425
42410
3806
60549
73078
39421
98069
13683
60372
21364
95527
19741
54769
49040
19179
54812
72784
14026
18926
72438
36608
87474
69181
64366
77854
56515
4725
17984
19471
10823
1622
28021
82852
95918
89642
34037
30438
14186
90436
25335
50286
36821
77902
59536
138
73844
42115
97791
54187
89858
78308
38662
93659
97894
82894
7718
51600
15549
46771
88305
39463
28716
85234
65344
37207
12027
44120
53897
57886
28641
53868
85914
63708
57765
95980
38761
69884
9940
38434
70008
31958
47731
25525
72377
96956
31579
53429
36580
86782
66646
11070
85848
45069
68604
75025
47180
51909
3077
41854
51232
82515
28937
47590
80671
48840
53452
36291
56887
31789
70163
29721
55639
37688
72147
69195
19843
31664
35383
31899
65717
92638
21029
82424
64650
73918
77299
12369
68000
42289
88066
16468
83680
73012
69916
64958
15275
84612
79234
34522
24233
99678
16768
88551
89066
78660
68481
26323
48331
19921
40920
26560
45052
43886
70269
35047
74784
52194
1884
4678
91338
87250
89024
44560
61662
97799
12926
8198
75350
51153
16126
85522
677
72132
99515
98974
17513
23896
98380
28262
39206
51201
89545
27926
18363
55042
39195
20884
40561
28229
72144
32748
92250
88215
23822
44521
71830
97051
16738
86936
91140
94139
77160
35893
80729
10594
39242
17014
97346
86482
94561
98127
25546
42413
46585
89392
24853
5419
4841
98906
23275
12519
59723
9810
45412
1366
71751
33358
7724
2292
47441
54109
82053
15733
67745
15536
6966
1840
88326
4594
45511
94186
43686
52691
46852
91751
14660
30127
34877
26833
20570
83552
66553
58849
28761
80867
53356
99359
77798
78559
9063
23370
97206
68718
73918
17672
33783
58276
12326
93849
5846
73482
88851
23229
21787
50705
98644
37375
7997
92926
74720
38778
7686
8258
17737
3602
58756
76431
51203
26206
33714
49796
47648
77311
17257
12776
35139
86252
40730
66931
97270
18478
46551
53490
22369
21320
25957
72460
49855
58239
84144
58064
32441
98095
7572
19677
34571
76482
71687
61589
72120
17704
98497
64826
59460
36102
14106
6144
26017
46947
21871
85086
28637
46811
81023
67277
86822
26513
61829
89978
75746
44868
57376
94029
2904
97024
76884
5419
43632
17777
16242
50664
75103
97050
21385
59120
57399
90414
12237
54314
27593
80801
66240
2995
98377
82617
55439
88950
80220
83038
54678
91175
39109
78256
10489
77613
34324
29703
51149
59569
92160
69055
55342
57731
72803
7816
36702
4652
42976
31385
10292
56957
89472
17486
82029
142
74864
62002
96484
54218
47019
58672
84091
17965
11239
45181
66215
39191
37722
22688
88919
39377
31141
93658
18541
59700
6342
45196
61569
26223
4957
49209
17049
59460
72338
90959
90262
62946
31533
55477
93897
77420
19174
84185
13643
5352
50437
4562
76951
9079
31789
70022
64578
37937
1108
95131
50782
18428
64920
81121
74266
3405
60307
60778
90684
91254
80204
95323
46929
76615
29366
60091
60248
41887
86981
29044
64998
66801
31894
30126
21565
89777
76011
25976
24815
49720
4455
69728
65596
48055
38237
69273
12898
79910
67344
73534
34860
45665
48358
68498
74190
97762
19559
62840
84818
70049
41177
26955
70274
75723
47273
38247
66227
51800
76129
3759
76564
68795
51218
62648
49898
24440
5157
69779
19760
19478
10073
37517
87801
41449
17187
5340
56462
45470
54695
34683
56913
81093
7035
6629
62125
38948
58852
5625
85289
22213
64185
86762
79376
68613
17646
12087
35313
4633
48018
1858
77427
26296
78221
3422
19101
2237
97318
11256
22824
74390
80879
80623
63251
65915
18003
72891
37997
97401
34533
98956
90086
12024
31885
81806
75339
44298
89172
33319
32047
94475
45523
57363
16417
62399
2692
77398
71284
47635
83267
43156
69181
72037
18866
40411
83330
32912
43067
32040
43451
34685
65785
72416
96454
72235
58161
33764
97087
76759
12193
13380
75221
3330
92068
74259
12626
92105
758
30934
90493
49587
59411
63074
38122
87694
7462
63424
9751
97876
97003
61769
61533
12800
36893
72447
61504
50711
96463
42023
27753
5466
99689
30721
68182
85585
40480
19950
33526
21883
14189
2394
71269
3593
83651
90059
45249
74071
40063
42756
82828
30293
26892
91310
31839
51732
93337
15644
35968
29937
66931
11348
9006
93340
87099
66163
32444
56113
12163
28989
51614
29605
59345
4060
76395
30609
93689
94770
82860
99707
92947
1392
13017
48943
29937
63519
54985
93656
37444
37991
44964
31214
8463
81151
36011
1872
86658
80046
53627
21445
74369
35366
51011
12377
24313
25108
28658
31418
68972
37532
15754
44654
51762
2061
50211
37264
42799
948
31598
12452
1427
34960
53719
85858
26375
32979
39855
65420
98093
90604
11769
25053
44336
8048
7345
15835
59495
42216
62948
7203
18055
99568
67612
23401
297
3709
93619
12041
54258
2943
50981
20295
61425
93605
4922
59788
68029
85435
10537
13986
17041
89659
10517
69169
5246
9397
73982
86799
18454
22612
50779
21084
68641
92425
51518
19484
74391
29489
79909
21286
51057
60036
59089
41858
20395
49583
20832
67294
85398
38813
32226
78985
7122
50682
73974
18828
71993
96267
19037
41684
45765
564
78415
78864
61182
58408
680
16733
24045
66856
99391
5460
41222
52423
76047
31048
98907
86082
27217
43913
29006
60938
49973
75806
43869
9782
94015
95221
59580
20656
12829
27139
80405
24896
60941
58751
62413
53718
15081
38824
36170
75122
28423
63644
64275
64432
46051
92618
64814
61326
80317
66111
50669
14396
14936
86897
91548
86881
4317
47900
55851
67520
60193
60460
75131
15347
1341
7778
92231
43213
15181
21270
35921
87205
88048
90049
88274
47533
23474
86356
28457
71879
22300
28595
53614
89251
5860
13001
54943
78464
60780
87176
