97013
47406
84596
46563
85919
18867
73836
20370
94593
340
80008
83646
17721
29148
9185
82532
54545
52874
85864
50622
34362
47080
79155
68386
89144
36851
43674
47153
17977
69688
52768
73658
36084
24901
64138
29070
39253
54223
71184
9805
65833
25379
25730
61185
63681
60853
36316
40014
78654
16845
41899
31619
85202
89022
12974
75427
17788
31725
86413
65204
34502
67713
91396
23797
79962
46014
30698
92385
9459
27140
7979
15846
75438
57893
85342
19104
71974
34132
68342
6817
38806
34726
77403
36276
18117
41227
34923
71914
80343
31208
72540
91283
97050
91464
95562
89984
85634
57417
15602
35279
52774
45782
28889
17213
99540
21953
92303
31034
7439
21389
70831
68216
42714
41481
32766
98398
1385
77465
16441
57758
78538
86616
40792
62665
6733
19921
34064
95269
20591
55875
8335
2162
65844
26967
3950
37674
44475
13362
2935
45526
42861
51058
59744
64627
79336
74591
39914
25721
9263
36015
81967
6073
64479
60174
52508
55700
58025
62441
68595
11748
7988
9917
6085
77773
71877
7459
72765
56984
7655
89947
86767
92229
67949
83743
93065
20657
71227
124
36943
31627
46708
74807
21810
33972
26692
99051
40565
46153
47480
58558
25211
31485
57100
6265
75009
4435
16146
82673
16071
97238
11951
7714
89145
61332
8393
25606
67369
42493
99184
22748
51313
81812
15016
37467
90670
26850
81874
81068
50925
13667
37429
98659
2211
23209
11138
25727
68848
37988
48130
8946
4713
80536
25379
37875
67173
73471
64542
42891
40685
73541
95511
23095
51735
41299
73812
17272
3088
99447
14837
96062
64132
73476
18778
84473
92848
72907
80138
44497
22984
48632
21130
44010
12269
18924
87007
88945
85288
85731
16172
30508
8913
68440
98553
11496
24908
89543
25074
36225
28128
46788
62508
42427
88960
51590
96280
66717
52712
76642
93754
25088
65469
45152
2035
67356
70891
53109
38741
74810
43357
44751
38906
77562
84099
78842
65451
55106
45520
34780
93396
1175
84125
29346
44260
72431
62415
40201
60194
57172
33566
3476
87706
64139
40144
23774
55139
49042
30362
52706
43038
1520
72927
55722
90820
91915
46282
50668
31974
3441
27786
59932
8054
75058
68443
64279
1412
1858
40675
65107
91305
46033
72922
18788
22412
26538
27376
52325
93144
11978
34005
238
75312
18366
79159
94455
88417
56947
48868
19084
30270
66377
5511
17371
19975
92173
81890
16527
3941
87376
35989
21065
22616
80026
37274
66727
80377
7777
83587
85945
87775
41418
96073
55251
27234
96339
60133
47414
54555
97698
6488
61564
43727
19200
65607
10471
23088
15612
74573
87642
41063
36485
61059
52467
98171
38814
57367
31260
48112
88358
20954
1615
88497
82747
78814
59395
16867
38155
95923
26078
44938
77700
41887
8261
19050
3501
74417
87530
66430
2640
99634
51334
40264
98782
99176
79219
99185
2168
54610
85568
56118
61689
76598
55079
40202
72367
3681
4693
47658
4506
63919
67441
89940
30849
71528
44174
74940
98488
67764
55267
87805
1310
37540
28260
78704
41773
82111
65542
44159
82641
47659
58695
54612
54661
98546
54374
10474
71443
71995
6229
45908
60220
50327
48459
80518
70019
61404
79092
35160
53045
83825
93468
90427
27779
15871
66321
16914
56917
91146
49881
81322
30668
88026
69225
34243
48692
48291
6735
68977
15062
76429
68786
36373
77087
73669
37251
67417
71040
9096
90353
88859
69292
47136
87452
38663
86498
79832
16112
64001
70556
4911
18105
94125
59866
84628
94054
36084
73203
54000
95361
81670
54677
19939
63398
7823
38005
28631
89448
81112
73968
77110
33863
22488
96286
9958
69994
97623
51828
69484
84430
45575
15014
27827
16580
53067
39723
97331
39600
5181
78746
82774
2183
60714
49629
84909
87529
87306
15420
40088
88284
86065
4449
83304
24518
18547
99316
33013
11175
79814
78622
33719
72584
62437
78890
64681
83973
8985
51390
61673
28555
99500
87626
30026
87958
94183
95063
2791
46522
49873
77630
32961
28730
16844
29661
25074
94743
8429
25103
17196
51817
73771
33856
80694
49664
12363
94416
76623
43161
38939
16682
16615
14039
10208
47828
62836
34466
59744
9939
27673
84582
50230
12407
40334
93833
70655
41476
57822
29523
40144
40476
11154
44955
68325
57072
51393
3984
91408
38825
61654
13965
88030
35945
46926
22873
50572
84806
39461
71815
13168
74461
33439
18016
4599
61239
51572
24501
27186
58693
47875
57615
80983
63402
8064
8556
57286
30972
43008
12881
21047
45936
10255
99507
19417
72576
93666
65019
38534
82164
82702
8297
46071
87031
41076
31365
3071
88240
97238
34446
5365
91270
53906
61413
3439
7662
90899
88225
24259
4010
96519
73094
92226
11053
7519
36329
25162
68969
4123
21452
31427
62744
55486
89048
6944
97484
86246
65023
49308
81628
21406
40964
85804
29315
95744
69042
30281
50250
22138
69543
66267
5043
92114
32671
26455
60965
35455
27724
17170
39724
97765
67298
22011
61253
76450
29769
11518
63375
16150
56840
76517
81307
96505
55062
66430
29028
92318
18447
25285
89141
93515
63230
26326
97695
21072
99839
36041
90227
972
50002
79327
19732
55495
80784
44661
899
86517
2111
23697
24866
87192
71783
98872
63354
12209
69075
30938
18
36852
14306
35273
2474
64452
48357
42204
42306
41241
20656
61027
43248
16463
69046
39119
47738
38959
559
36314
59454
27725
33922
37374
17923
4331
6470
73987
56629
41015
46648
97013
25139
574
25455
87826
63966
48552
17457
85412
66812
11133
79573
95308
93354
89495
44099
70950
99037
53861
97373
62012
44466
64332
66958
16777
91184
84102
62152
65575
95390
29718
37294
85143
13072
57282
84525
51728
44759
43716
79003
52062
53185
93290
68617
89233
57406
32674
76757
53929
63110
83890
41363
68747
39370
48369
11148
4654
54090
57717
57219
31389
80536
1205
76461
17660
4884
44855
44737
23710
44353
84110
94772
74584
23624
61908
74575
57023
69821
90508
78645
83336
83648
28635
63286
8215
66397
31819
23495
14591
89007
8281
20519
87963
16139
93746
85433
83204
23399
37575
27369
50919
12745
76189
47194
22255
81189
88149
98222
47214
94306
6574
84559
48390
57221
46156
71334
89552
36762
67611
73458
46312
50411
4392
63519
58541
85470
20043
68370
81683
24325
51969
17182
76748
19351
65401
69624
59260
53750
81635
63566
32790
21753
4046
36160
64832
37296
28288
82466
56741
10111
61602
19269
84660
31221
22851
36231
6636
54368
26440
21618
24720
72994
8228
6453
91167
70134
50635
94186
48973
37711
85643
82268
51412
22679
50420
28276
57448
51518
71175
84288
39101
46559
21948
53172
1164
49748
69702
20515
30889
78917
18749
72574
351
32042
93487
78368
75667
83134
340
69267
24709
33212
71917
80148
29352
99710
19222
51387
40481
18664
12118
49446
31112
90462
52126
7694
3290
44700
90425
21241
72540
94796
53284
50641
58394
56335
26345
99545
36697
34210
64528
28751
41564
38466
23985
1740
30799
3614
10490
79855
38764
18585
39277
57452
3192
90723
56205
27051
36862
64920
48005
18108
67542
55575
78349
76801
72319
92882
14754
54574
18815
8441
27181
29006
67929
46124
67685
55933
14819
75666
72242
87603
62855
13848
4024
69247
83852
12186
22570
3625
67187
44995
4392
16902
72563
87165
39720
98727
66406
25926
81532
31705
86658
66898
38024
18651
31759
47016
87291
48694
53230
83065
1434
44852
58036
70422
94695
4734
84918
16698
67668
61681
62376
24828
53303
10623
38763
37430
55775
74216
37738
77221
11296
59717
67659
66745
94455
56509
55406
90983
66692
23648
4025
13884
70677
44766
34205
77261
20328
38426
67947
16282
96628
70025
54085
29660
47551
87513
23150
47152
34586
25079
35307
75869
70442
36796
23950
76702
46831
44908
48134
82544
92926
13669
67692
92176
52467
85639
11952
58619
50976
21351
39103
98175
23748
19110
65636
89809
38496
51782
95167
13594
20160
51005
12006
82927
94623
56979
99001
420
49545
58303
74045
95633
33098
96972
68217
15916
20219
32222
36269
80517
45173
33328
47276
25754
86640
30860
17790
94467
46717
37343
15007
5164
84113
36638
10692
45825
29106
28455
13259
13458
87618
63731
25147
36061
55174
31362
95009
96645
13
851
7218
8585
42346
91322
21098
38198
7630
20801
81784
95110
78313
88577
33781
84760
98677
97391
19417
6076
33151
22578
17008
35867
45298
59766
58508
92561
70663
15073
55360
44753
28466
12530
47858
77298
94198
4623
90791
36779
2003
50635
79283
8370
47669
36438
87248
28991
16902
41025
59634
94777
32673
61781
24732
26304
44393
66040
27929
92892
78644
5805
45382
71947
43183
62040
97593
36861
92348
39254
1543
89805
21678
88647
40133
25803
76434
48253
71797
88083
19730
33446
38188
95653
27378
91925
49765
62077
25168
47475
2031
40322
63800
82637
4588
43995
6049
38570
42904
1062
76343
95009
81705
71202
44825
91134
97942
5873
89147
567
11888
87654
63965
61678
56432
70873
4357
20761
3937
83591
79129
65819
5940
34752
64219
35836
95520
49548
16477
22590
86373
93215
27985
79533
25980
83038
14452
40929
9819
40699
51381
60576
36683
30884
77667
41237
84760
51791
51764
93458
41307
86164
86723
61279
62211
15790
25017
88004
54291
20079
21444
81676
26292
31990
52721
45456
63006
10881
40805
51081
77591
29901
73848
8281
24932
82129
5356
77699
76230
1775
61455
17266
20676
45712
86995
60171
90223
70816
14490
47634
84613
63488
34194
52509
2908
64451
43276
82016
88880
34470
70357
5224
99921
24
27306
96189
17992
2943
55775
17239
5920
35573
81915
7977
31176
83070
35506
68659
57437
45645
14121
25996
73180
13004
50799
15781
89932
90266
73238
55724
70282
77927
56248
85101
57851
67063
4450
57090
87583
37192
95206
90253
11472
44132
58906
96228
49621
72656
49142
57522
78425
29623
75604
60968
90845
75192
33955
22333
22709
80525
20251
20464
40001
33660
21206
34162
53265
83571
82005
1260
54925
56470
93385
87621
79481
17824
86647
32442
34446
1252
36037
9772
43295
81158
54132
80747
34597
68611
38085
12009
69518
22398
79772
61553
85383
59334
93242
9031
41869
17885
52203
45507
5417
57109
3410
49091
26283
6875
73510
22890
28331
76812
72361
6114
22522
27713
91351
5260
66738
83926
49361
93090
2075
73500
48915
55571
95906
69084
50985
63205
4574
33105
55860
94709
56857
52772
43447
87345
67500
28687
64179
70975
89314
45521
15206
95399
2794
28982
82504
53383
72653
84913
92520
90366
26499
46432
68014
99475
55064
79064
16836
40987
75024
84686
70389
40807
78874
12142
58322
42631
2111
35005
55507
91399
92452
88786
87261
85757
55577
19252
52385
81726
49875
36431
94899
55588
24047
32238
55328
6670
67435
56955
45065
46270
86039
21650
9608
95507
56098
7423
71196
3009
2938
60
55715
9761
15453
38633
72924
2593
77763
9327
37118
10609
58148
87806
80601
8799
12088
32067
30293
28334
6464
96582
82681
39747
52168
47438
50789
18956
44105
61534
12215
6606
53712
77403
10863
87335
88602
53283
88093
46326
24749
5776
38727
41260
74277
33848
41309
28584
3431
3834
48995
27045
59736
13022
92777
54272
13479
47042
20860
55656
51006
56995
77344
7662
24397
90754
74414
83566
22117
17714
34179
29837
33642
24330
61280
32786
31920
29238
46290
20085
47709
89717
68214
32519
73486
37443
53674
81058
5192
53977
22967
62802
98705
31763
96878
1117
42780
18266
88824
40361
50947
60337
32167
57073
24076
40160
91629
55353
68820
1015
11909
73713
62188
31574
16338
86318
13633
25467
94164
96860
36532
82109
13841
5269
89881
9463
63619
67822
93289
62742
50662
54182
34094
61663
30139
29960
73672
93776
61095
41987
51640
81078
39727
90439
62678
82959
94158
23758
58821
29838
62049
6035
90311
75601
44099
31704
98771
64709
83612
26460
63148
99488
77152
70557
70824
86955
72211
1846
36015
91057
3818
60424
93743
81730
13777
37943
23825
21171
89656
22548
94286
9633
43079
56598
2197
1686
49093
96063
12611
13084
75128
98513
51935
80587
43407
96684
23594
34470
31084
82194
95706
90063
21992
54381
95765
46600
75155
5778
61967
5051
25545
5932
81570
26963
82318
83586
8655
20796
85856
65802
49715
77806
52555
18207
5728
9286
64996
48338
20121
55215
44157
88731
80114
20500
49470
34279
14603
79821
36751
80022
17785
53731
79662
3129
25266
78352
94579
74238
22628
67555
14455
68704
73868
56081
14167
15195
51639
60695
51457
34854
46286
70959
49294
34525
48539
71548
55849
82390
61670
71971
59120
83062
41068
82260
80445
86211
20203
58331
24871
91544
21734
72820
2273
63999
88925
66406
8597
38747
83944
43287
64102
57908
40138
18643
36978
90969
85104
56289
44784
98778
72322
95250
72951
88862
50629
88620
9218
54272
86885
11211
31324
82112
7459
54003
54064
92932
78811
21698
25058
97246
87377
80477
8532
49941
95323
58803
29646
79098
141
34629
96201
30269
99806
46999
77568
17934
75190
97116
69783
5378
6246
93139
90112
75257
85480
46630
47454
82711
87563
67857
85786
76321
9095
44313
56862
84527
74795
51123
8118
10975
98967
66489
88718
94827
74385
79386
47840
2491
57231
80870
79703
10142
6515
60119
43529
65373
3249
7428
91586
26863
25007
5944
4624
50769
10523
19039
81949
51087
27677
56589
61673
12741
92509
8165
54002
91068
39324
66838
58717
20548
29018
85539
31467
55480
56551
75433
32924
33140
53064
89068
33995
95508
90689
3326
71517
3781
17871
61985
70386
55835
38905
27254
75576
92071
70137
75206
60799
68231
89433
14344
32968
17079
61884
40084
88134
45040
28754
13067
24946
14964
54648
23880
57385
6089
99407
13790
50577
26111
76912
72562
83050
97613
52948
12184
20820
71999
94240
5516
38255
30679
73949
60122
73181
11087
68294
10298
33653
98915
89321
57364
48844
47175
34805
23123
94427
14175
61771
9860
61044
3219
86063
448
93576
11967
33853
73533
97524
68812
27315
16902
60948
57372
69064
63449
35230
63665
16096
83094
20228
70908
74877
39748
46996
52913
61573
53700
74323
38520
13869
54868
93049
15849
36479
44833
4916
66271
8683
30650
50696
24431
66603
72034
20252
15838
40105
33440
37029
70236
7658
90438
80336
78625
17643
46412
30446
67405
26731
20651
46199
88588
64839
19570
24382
46875
59837
19129
53169
41534
72664
20310
48760
50216
24919
48776
90273
45315
21152
25736
4300
97559
32798
70404
46853
17719
12560
32383
26403
31124
95135
34709
51015
1021
16613
80662
34381
3881
26817
9486
72867
58871
36040
24571
10845
52755
5619
24496
82166
73825
34482
34277
30771
76910
81484
610
70233
18558
65806
26282
33721
7836
1309
8256
79767
37382
55599
34088
36777
91220
66691
67891
22819
88793
75083
11574
32439
21359
60218
43436
54866
17080
4290
51804
2424
77976
67342
30606
90324
60890
52409
36367
98679
36925
4108
44392
26672
45420
2901
45436
75061
9235
90385
11457
66915
40862
47673
45646
82019
23800
74480
88991
10290
33997
15422
10850
49605
92647
16611
34176
67043
6430
16307
43991
73871
2265
24334
94872
94447
29572
90049
27299
88115
82209
95535
98182
15896
9002
44179
23287
7393
80499
26483
51610
14664
11448
10460
83185
35308
83574
75697
77591
49971
48694
45595
51513
56815
87391
15228
37191
29902
94913
63109
80707
14991
27716
77918
81926
78854
91460
66384
11119
90634
34672
2854
94550
46126
1178
35978
90795
12840
37182
82595
60034
68526
80057
68654
8547
94390
66745
13888
52447
69509
75327
47316
79086
2376
38575
28514
58138
93737
38024
83692
38959
15716
17818
61816
57579
7570
16130
23143
71631
51420
95912
74223
4112
46269
58991
82654
8627
48399
14647
64359
46459
64626
46244
65282
14467
88881
25251
77783
1007
67965
32803
91086
19118
8617
96360
38511
2463
89923
22720
56760
3799
84545
96908
97677
86997
31727
95966
9307
64077
35014
67665
38772
85963
28309
77529
40416
81307
33761
30282
83989
41470
14861
61413
97623
57838
5168
70381
42958
86818
63643
38771
82427
20005
67385
79206
48245
67153
7837
69403
13020
83493
39029
75244
72015
63337
32721
71612
72029
24216
78326
4975
48700
55006
45257
80300
87115
85927
31255
14266
25387
21476
12327
82645
17149
51969
16690
13037
10922
46433
40231
78646
79824
86972
94203
53284
51763
38935
36975
80339
13790
80728
53179
49823
47793
97905
25687
78716
92056
19284
18247
64020
22236
92185
19595
95801
27550
29605
94066
94659
2710
16375
39694
25792
63973
91135
72878
18021
18659
1592
28568
99795
13208
65982
67371
28509
96170
39230
65550
44058
9792
88170
56420
20201
29789
58046
98468
23112
56337
17117
77888
21421
58872
86115
35079
74003
9
87792
66006
75914
71561
79477
43237
55108
57500
22498
46208
16774
83360
10586
20848
6698
45490
75072
89315
73439
5838
75573
62633
65132
84817
31934
41375
15674
85551
4852
36084
76999
62758
49128
28914
38512
3852
85193
24446
60797
48396
30681
76775
1468
98741
78703
30694
12460
95449
83399
58333
89643
50768
86996
696
64334
23067
73350
18822
61515
7086
912
4294
28598
7037
69523
10975
86440
80127
53073
32081
91023
50478
19324
3073
12700
73100
27923
87576
27155
83677
24593
60002
4774
91012
80362
78588
93958
30709
9134
20094
78871
56434
4166
27575
19860
85987
97038
85523
7660
91488
93525
65620
26069
79480
82887
5318
50604
83598
54577
11454
35662
79502
35582
92231
67335
30780
32611
80641
31781
4318
43924
94264
27802
48787
84166
22497
4637
88357
24708
22620
2034
51760
81338
39461
47315
52262
18555
11237
62528
52535
24626
71172
52564
7247
49459
44657
35807
35535
91700
5217
9910
12269
60357
74743
88254
55489
4507
69747
23932
65804
18032
66020
51755
26799
20642
21737
86009
28988
95572
15073
56469
84799
60686
54173
73066
333
86754
68703
15994
37536
44321
43896
4860
97424
81421
80618
70723
69146
37215
24470
54209
82989
8734
46460
74320
61168
5724
11095
47700
14166
62204
57683
11046
81403
32012
95395
24617
39701
98955
45958
1246
85268
11961
24925
65218
31644
93834
97693
21055
33064
32464
63772
40768
58347
64363
33576
39865
60122
983
75917
25258
15006
295
75732
12583
14082
64880
4452
70653
65893
32002
44767
50188
95896
51032
73796
92449
60624
99382
49782
99498
8223
58395
81597
56444
20673
5422
74171
14370
17301
29891
88909
85936
42772
95918
94339
97787
41384
46893
54620
89547
54350
72832
25752
1393
11685
62129
64961
65922
45628
35749
66093
32281
70245
23868
65118
35817
8270
16274
31834
94636
57233
3548
25118
26821
9137
79682
97691
48465
2949
57489
96251
60109
55174
44115
6328
40657
71176
47926
30510
34032
82826
24349
41812
50522
32566
69205
25289
22847
8341
27212
11959
10639
17112
86124
856
67358
25575
93261
64564
77617
8989
29294
93254
22855
28668
1796
71199
96635
53797
7893
22496
14570
30867
12911
77504
37776
26813
106
24802
19117
2860
39232
70965
84747
49011
62119
4015
2564
86749
26055
3996
76766
39240
31701
36539
20047
93206
55121
64555
96609
65852
55703
53858
79962
88027
78584
53784
56580
99798
88358
676
56437
94720
98407
63229
5395
61545
66590
29510
88625
80521
13319
87886
93253
60691
48413
72421
79220
80895
41207
71026
11715
38486
95570
58908
35775
37271
48436
28359
48975
69307
26149
56147
33009
10991
94055
88599
39426
94884
87623
58601
25025
96200
39594
92600
51534
43547
68550
47560
52950
83414
11202
73141
99393
15852
23055
71748
21215
87826
62315
8852
88814
910
18138
70246
4700
45487
69688
6882
50881
98292
48313
47858
95405
49492
51388
45694
66035
95941
49277
88317
95329
98800
50721
42343
31041
96603
18629
13901
19708
18876
79431
93303
83070
69214
27497
14435
73179
29692
18427
31812
92053
32631
53734
7463
23668
97316
33028
41788
37378
17831
86929
78204
82159
11769
14219
96108
76841
45454
94281
57231
92614
89139
24644
91924
69109
46801
11119
49519
65217
48480
60293
99384
5392
41576
61500
54759
40268
15017
61282
3412
26047
61011
29756
46182
74145
24728
90158
42341
57686
75301
66638
42900
5725
38874
49920
60592
1632
38094
12494
96149
47470
73656
46052
37813
48791
48645
54186
44181
43370
56073
16081
37022
46679
15324
18336
67501
11133
51972
73353
8846
73210
33064
81395
25252
10219
609
33358
31247
14120
92161
70804
97470
88201
28578
27295
6071
25513
48781
13373
88735
37586
81441
20235
87182
99561
72510
43150
59756
1401
58440
70168
71892
92196
81721
83067
47954
96373
61639
7366
39484
95381
79188
65703
71275
22113
83951
72812
37936
30965
20061
31979
28175
16285
28104
42976
88202
27771
60474
9475
89333
8476
7372
70541
69592
44471
73378
45416
62359
28765
75422
76976
43778
22357
63576
55571
44096
7721
8417
22629
11423
50905
14184
38129
98831
29064
83996
54259
98319
66803
23352
64216
11397
89396
70226
11847
96237
74594
35383
28458
54579
82399
5479
83900
78542
43692
12066
64521
83966
20523
98086
47600
23095
20972
21350
10736
83406
22040
73584
45876
86635
27276
79520
84865
9925
24212
8510
6973
59697
47100
30947
90784
62880
13753
8047
27252
72209
31592
63638
83490
93295
14494
84316
78821
36227
47392
22097
33698
91071
40382
1034
11590
51089
21039
65365
8853
91039
9347
9168
45114
68513
92174
93400
95036
65560
63800
41665
78753
19625
55317
46517
96024
43142
90120
16336
96844
89292
49176
18969
24336
1915
97665
1554
87094
63217
15897
16025
96091
39979
49717
94417
80507
86468
29629
39111
86638
55129
65283
98741
98194
125
62425
41576
22692
85740
15073
33976
67062
39978
2948
11439
87619
58347
61363
98426
49563
28040
43527
16992
83598
75615
90805
27316
88594
541
8078
63480
50901
98803
75909
49610
28950
70431
76702
29623
67042
12740
92428
82623
75289
36320
86707
14138
39694
38142
36447
65525
24976
70944
40715
41242
59243
60851
62086
44770
88999
44724
96812
81280
7093
79455
22899
26456
26587
21415
72400
38045
58812
74075
44596
91226
852
50223
2919
41198
94436
12907
84362
84127
90849
75491
42602
22247
18852
75158
63057
69658
4167
79349
87606
59317
37521
19744
16677
50992
60892
67228
96247
29198
33308
36284
78088
31030
75946
93816
83922
99992
38405
55543
17489
17889
42116
50714
99936
32206
85843
33023
31473
19840
40033
21574
87183
45918
48525
42941
13716
80567
94092
30788
96595
92946
98597
39071
77561
25152
53004
99073
91663
18605
62574
1639
16062
4618
6268
42124
63988
16490
79653
49115
32621
3995
76205
39353
48173
74044
81694
32886
2147
78261
26010
29308
35719
52182
78036
60580
29514
51406
18651
36292
79601
36617
49942
94302
19539
7338
19657
65684
33608
28078
7752
18900
68173
87542
97230
11922
28797
18360
34136
21696
17405
35847
36404
51112
11474
87300
21831
32596
63456
68593
67703
25931
78721
83520
26793
28862
61801
94691
59272
17113
68289
83072
11665
60113
21757
38010
527
23216
64300
36790
29145
86883
80735
15735
64263
17568
70357
26269
43292
50203
72535
46743
25610
82219
12933
9186
9216
88024
54206
78741
41651
70245
69129
48010
58999
59964
46431
82105
10816
36218
14522
58441
91322
28717
9490
52272
54006
91133
57335
27510
96215
18155
58325
941
60246
76847
15111
3244
38435
71766
10271
8013
15949
91800
7365
78079
32972
97210
72604
89069
32422
52911
70181
66133
44737
12982
37002
46665
90080
70198
62954
58487
71697
79647
86597
13479
94133
33867
61304
85566
66738
8438
77758
67950
79652
79541
38899
25923
3116
37697
62733
46599
36061
24528
7591
45158
26018
18244
79007
64726
29888
7415
92524
65984
53536
16797
41237
75806
32068
73460
81976
41457
97015
95792
61347
58026
17697
25939
16909
51974
93242
17050
21933
50976
7917
40404
64212
94893
38648
67870
59587
73055
53942
16336
2508
94443
5277
6216
66116
4902
50641
5643
26791
37372
85918
67506
42744
57480
78055
48402
6806
89591
98837
28756
66109
86147
10501
55902
80802
35366
32762
40817
32257
74393
8556
96264
53248
68752
42382
67831
57899
71812
79348
57285
5816
71996
14654
65874
12566
79780
98477
40843
3072
63083
89838
31485
20712
7983
46945
61016
56703
65746
73614
19973
98371
67613
91743
24437
34282
3031
60975
78923
1431
87315
73779
42144
40653
35315
15720
58856
35470
76731
72147
23967
1711
20125
86990
41028
73325
62733
56260
27078
59847
17519
98444
45743
63654
70977
42480
13724
5048
89300
39699
17680
46650
83671
77910
4986
52604
87290
23944
82953
71196
58658
17336
81889
83371
37697
13088
41773
77618
69939
43764
80535
23744
40942
28653
56252
59956
64879
13251
57842
41067
33533
59385
3856
73459
57134
78881
7396
94210
18406
59178
3532
68716
18915
78474
71851
17955
79964
63922
24726
76119
50323
94652
96836
67634
97112
70244
30574
8561
34935
77217
51329
6510
68477
52857
28325
5775
64003
61875
64653
6339
4008
6211
52715
92471
97227
39482
73695
49711
84113
3660
80888
90848
39111
40676
91522
84621
83346
13835
44372
91523
96564
77299
36357
78398
52298
20886
26373
57155
85040
8583
39777
37081
91086
43331
92518
55875
32988
69653
74784
79640
43923
62066
71486
82832
3092
52817
50085
76112
49455
4114
57928
76841
1386
77920
39583
98982
28485
37461
75881
41998
18674
27526
27943
24707
70008
94015
65347
34538
25597
49541
98107
49129
60389
26978
62762
65717
5507
25216
65956
19782
6932
92308
35405
56112
58801
85083
14539
38026
40426
59234
56641
12206
92662
68813
16889
86666
30612
14747
50560
29476
35234
32901
97924
69582
85583
80530
10474
18196
73962
50972
58189
32536
52623
2978
41634
24349
84906
21727
29024
20005
4652
46743
82543
48101
38924
54233
3374
53019
90546
93706
8603
22542
98304
9069
48663
20148
34848
72956
99669
29508
13028
13385
76281
7336
95384
38213
24099
19860
42439
51565
77433
97535
42055
71053
11345
36463
46161
2220
90462
38675
88244
96516
91
11578
37615
49426
56135
2858
58384
28259
82730
44473
78671
21062
27766
18958
36036
40935
25026
59428
85499
72834
19316
66742
92554
14536
94611
2013
77521
18383
25161
6692
84217
60312
73915
28622
32259
98086
29251
78293
51124
20405
79447
25434
81322
76079
34706
76015
8050
46082
40370
72375
37654
89830
89355
8846
3503
68508
27309
19803
19559
81018
81063
33169
39636
23841
53113
44087
96368
92296
21852
6948
11938
92059
7360
5306
21617
72808
34014
48832
51330
8088
1292
93661
7250
35036
70602
2693
42772
722
17031
22124
52490
11858
28222
84639
92936
47009
16405
18667
31930
77025
44255
34004
75442
10567
22755
71366
32894
24484
24400
74538
40728
61974
14967
6422
27308
12915
44375
42797
2203
23158
96816
1195
89782
14412
63431
44039
79274
72785
46911
51566
24517
59609
98603
38012
22663
68381
61121
8213
5489
6969
14274
9026
42694
37306
74568
65047
41784
24253
44831
18284
52616
3694
85584
63102
85684
70052
46886
94576
28951
87632
94739
37125
52112
40121
88830
51634
81252
64076
73706
64229
9953
48027
1458
67491
62350
14654
63030
95229
36373
12798
45989
30926
88027
81136
68861
98367
97816
60573
39002
225
33945
57337
34832
59839
11827
1062
26864
64955
61358
20228
53294
89910
30614
30905
14148
84277
6859
42300
11570
29730
82035
31744
18517
33624
3799
91632
81683
13107
49707
82992
21369
30601
8756
28037
31502
51179
80378
24616
33866
56057
10861
65223
34729
12846
30974
21430
17233
37115
55874
90553
27226
84039
7902
88187
39911
12579
90880
8481
29461
41012
68374
24511
55600
16946
52906
65131
43673
89518
83281
72100
63028
2386
12920
6161
95996
44977
79122
3840
88107
94434
27812
39102
27539
13387
6257
88335
75396
44432
74704
7526
55070
33423
41433
54968
72960
88766
66628
71719
17046
82150
56166
45919
14876
24879
31449
97712
43904
70427
20493
61728
58320
58494
80869
78331
30362
95966
28007
21986
42362
32120
65713
36335
22995
56397
36275
37234
92410
16960
32618
89492
90455
40553
12449
93859
75409
87097
60113
75500
63203
43567
55194
35370
58689
6584
66750
33981
65808
45916
25572
77643
63856
33752
25570
38960
15157
28879
23159
70202
66689
26450
15749
94462
16706
76963
98255
52934
35487
76620
32366
65146
69366
3456
3831
5078
13906
75600
81346
8851
45688
30929
56192
23027
25959
12433
1151
74480
94822
61157
82452
65122
24567
13120
87712
78282
79786
30851
35608
38725
89105
18331
49518
79164
70260
43196
78920
97379
92823
99378
90318
12387
40404
54898
20849
72917
58819
74141
45819
42945
43131
75475
51361
61744
2233
23832
7512
15118
24679
81748
31163
648
88443
80272
96091
61905
5170
82751
20473
65668
49146
92948
41042
83765
91039
66582
14357
96383
75104
87563
36730
75867
45054
61654
52346
88780
56894
61755
50026
42759
4820
69448
74144
80985
19710
85658
21593
44320
16738
82807
28356
51398
80665
68279
18939
98716
59447
63862
20146
2589
84660
4274
31872
41635
43830
48705
72564
1532
24741
70223
66726
10576
55832
32965
1149
98736
45913
51353
31076
36235
68093
54539
90725
40805
34659
45857
79435
20541
59733
62588
9013
28796
1147
24875
37750
90163
52982
9967
27920
49049
69544
4749
99268
32555
35198
10600
25934
34299
55803
92804
18177
75191
83029
48402
8785
84218
9197
51272
17587
18604
24004
35005
9073
58773
52054
59829
6964
2893
20359
70251
21067
69036
2343
38476
89160
2061
23829
18292
95484
90468
31766
83190
78870
36560
70198
42489
7929
13512
62017
90909
62493
56391
47868
46285
75435
32153
91526
62677
79075
27161
43230
87333
31500
51037
38958
71855
25347
87928
14250
55677
22386
55477
74011
77158
88242
69875
51405
60664
60717
56027
78292
57700
99408
68906
10403
41030
87968
33019
19515
60403
21731
25202
50886
67139
76423
8579
44734
84820
16332
83462
37135
6357
95030
70134
97114
10845
95981
9014
97529
10225
39753
64213
68704
70957
35327
37868
90436
99304
89188
7344
53532
13775
52880
58822
44569
89591
44167
68497
21102
92107
85469
15159
52043
44740
33188
96149
69755
77331
12504
22702
70082
11706
11561
54878
17645
34954
21173
30989
3264
81021
12634
19527
78298
28498
4121
37907
54906
33179
87083
70942
43581
33992
90633
76430
5925
84069
11692
5530
46587
31843
72153
52746
2790
31096
20442
97343
81708
52244
83914
34555
52843
13141
97820
34082
69165
90133
15139
61555
28839
70148
81028
56327
61889
15833
62182
45120
16990
12710
6548
57942
82060
58208
84531
82486
95351
82913
47392
65226
96924
87554
93013
25686
93992
18177
65392
43505
45856
98863
36043
81266
87774
28963
5459
32172
42733
90799
20463
85763
52701
58122
69689
83032
58404
11424
44638
1392
92267
41033
31957
54738
57292
86933
2170
69716
59392
56052
67972
69006
5427
76178
78200
29613
44003
49452
13170
57287
93233
48832
49718
27136
8015
40422
59563
24392
73700
86760
42567
20645
15769
59229
40258
16179
1362
87070
7871
41417
58811
99331
87395
52418
64965
71710
92224
19298
36415
80786
63774
24475
17286
1534
183
36362
90547
66587
93364
65068
95453
79953
59072
45633
31425
29621
28318
27866
87970
99415
84433
14594
58242
75143
31817
61632
11441
81375
35498
28296
24412
69973
49006
67154
97585
38075
81536
47540
57310
72291
35352
66393
2083
55757
40593
59563
48168
51546
38423
97571
78767
4857
79339
87491
78659
39555
15977
77870
71145
1789
77099
60052
33559
21346
63089
14713
62073
88957
69003
12057
13872
16976
65404
5490
84517
62262
24953
33444
37956
37566
91805
36066
17522
96628
31381
29989
5677
68942
23929
59438
81459
84634
41895
14039
52483
90165
32004
73081
28807
57785
15303
9595
49226
9098
11059
588
91587
30378
63232
86896
69920
7323
80200
23935
1984
48317
31203
68209
22881
10772
36921
40682
34372
96972
18785
57782
29530
6071
41458
52549
35532
41081
39110
35630
36669
85425
65622
27761
10098
44817
30174
83013
86407
83574
53240
54468
76021
63679
50592
37664
28883
90128
13459
99911
22798
81629
68063
3236
48085
87900
33434
34899
23556
26379
48681
61278
10034
57507
78044
53862
79675
40320
25996
67023
78026
25329
64787
25484
77096
96637
30405
65391
59522
54385
84993
52342
56835
96924
68996
30301
62921
84638
12407
47639
93668
33194
7502
52754
93074
6100
52835
78916
2881
81013
80071
88658
64587
13251
32395
75589
86665
33846
85066
61691
62844
18398
21036
84888
66037
52809
27192
69133
15026
678
6322
5767
10851
12735
45018
2021
46404
64552
28619
52375
23165
39037
29977
82699
59638
47041
54554
41569
28123
31508
4790
58051
11269
74725
86671
82900
58715
59454
55488
52580
8105
55658
36658
87677
98597
11984
8185
59071
7262
92036
96567
44832
66693
72567
13041
49898
99776
87510
51633
9525
15120
965
1847
4177
92785
81943
23951
52059
67299
66508
56629
91168
4480
20822
23918
5166
22217
10450
16445
34316
50529
66555
17213
16082
54636
24662
32023
7053
83814
23939
95984
27247
7323
92964
96791
48081
12701
9579
19529
69645
90647
87201
52773
33116
90674
34453
78001
75635
50810
73888
60067
63981
26751
48977
63440
47058
44321
86835
25457
63028
87384
73198
4287
61910
85683
96265
35595
15823
64485
93465
54884
55674
54639
51787
69236
91738
41933
92315
3672
21648
51757
53255
89806
56141
18066
87648
98162
57687
2405
60969
56586
4424
32189
15980
12227
57694
9093
92287
85684
77116
3706
61230
34422
45975
50309
36400
48533
7578
37251
22937
8117
22572
68889
22875
30819
73998
69670
67584
14532
54224
53815
88496
1070
73391
39301
40176
927
18510
9747
79977
90133
70627
55576
34776
79019
80465
33322
58715
79727
1945
2919
3293
29100
22619
69249
228
79868
98276
41981
61460
59184
95570
39701
18973
62336
7413
28473
12294
47245
63612
4417
51024
70734
90707
26537
55389
67571
21438
60548
51530
76293
43678
41259
9884
37053
51885
43344
63786
35378
79302
59556
17941
88816
96046
67910
63700
9266
92281
99607
65040
11940
86326
75119
89735
78290
33875
43663
30782
50387
30246
43831
53569
32066
69942
54125
33665
910
47039
86378
65906
58044
93377
84119
51936
28718
68304
85342
42824
13997
83930
39403
35606
52854
73423
22539
38214
7628
90118
90802
84357
36471
65840
41904
83271
35488
86676
79575
6542
95667
81446
99364
60227
40653
17923
33985
56435
73359
71652
74697
35865
12051
65715
32658
8182
40726
83288
41840
19683
59954
13428
45626
97052
95490
38560
71168
22838
52203
46843
69691
2841
2550
73106
21929
8773
10351
26945
73478
87028
27838
57632
53646
19279
54929
87065
77755
17450
63259
13438
93490
63476
80282
78380
78664
56713
27104
10095
97421
23603
81640
53822
59332
5451
99997
23685
70643
94138
71236
427
13397
16733
41019
62573
4668
94578
76233
43953
99645
50679
90915
43131
84817
29427
97718
49065
77847
26762
92619
38747
70633
20760
90686
7138
72483
16917
61487
73426
8813
94383
2761
15089
68597
70370
96161
43078
15833
56904
65417
4820
28668
52339
47572
32060
91995
25199
6243
19948
77826
66168
87537
97255
66367
80755
14227
91262
37480
65432
6995
18758
37248
79330
42314
74816
96714
77164
3318
42362
52950
19420
40909
75034
5333
39836
2020
65457
41502
24199
30849
97383
19055
77388
10475
54783
37708
54829
72595
1258
78893
60040
21434
2526
7244
69406
95383
90914
32586
4420
87011
11531
16326
80075
70018
55119
99738
40442
90088
56956
18518
68379
85468
24236
81723
80701
4202
75412
22834
76441
96164
93482
60149
93287
32087
32772
57189
89711
36738
71818
18497
12123
9955
25193
82255
26170
78196
32790
66969
55493
60578
76493
10468
20174
41113
41688
81951
15795
88256
94415
86427
946
60135
75410
98322
94801
1000
53694
27748
16702
31418
97664
14095
33510
60256
62185
18861
17295
24434
40811
79374
82809
89971
27793
12017
33734
81203
83398
92602
66902
15351
43351
39048
36760
46569
85299
57116
56015
32123
902
52246
51742
57181
14799
54258
65048
14305
35608
38276
38974
42459
953
72462
11572
82174
35205
16407
68301
52785
11957
15296
30196
74086
60373
44639
67567
64527
17970
43718
31253
25466
8681
52135
19998
80372
97231
96812
86480
45357
9217
57056
50606
21012
48887
54013
99359
19185
75907
9925
30798
26694
77202
38796
87732
46018
18155
71535
2452
11187
68441
76824
25403
58881
95341
66483
51686
22514
47982
43333
64820
48970
42839
25676
47442
42768
79965
51285
30348
50303
66875
14730
24688
5352
78279
59249
55286
46022
13424
43331
85433
5441
5318
18774
3114
5078
27873
35146
39397
57771
92832
59854
4884
78172
94330
84751
36585
9924
73709
86565
33680
46139
89258
16695
91393
18690
2810
57
6213
36467
62616
89247
11788
10229
7316
12117
47750
55436
19996
65662
15571
76077
31931
53330
55827
62981
95234
51632
43491
56090
67986
94862
60255
57611
80809
32834
28829
93807
65569
61825
93463
10504
45291
22444
89634
35863
54854
75252
60018
68744
34462
70374
54982
46879
89154
83628
13026
10875
5927
98523
64290
10880
98032
71849
97233
62599
41595
14602
36347
30384
68963
63767
39504
31658
87541
22129
48507
65954
80788
15247
70750
34252
83878
84993
21544
14913
38967
28752
53987
67767
83100
30242
54772
90846
52433
71734
23592
48203
48101
21399
69887
21515
89789
36504
51738
31016
22211
61183
9061
24478
79607
83723
26192
16852
8137
72043
51163
64617
41450
31064
19011
69718
86742
92700
83355
7018
45219
99121
47155
70889
86435
72791
45457
82528
64745
58096
87042
31791
20675
67560
386
76823
32101
13673
94067
59080
61989
10359
4174
98976
50093
90974
13362
58149
78021
33191
90913
56178
18588
73425
80221
86700
51429
55873
6922
24179
50096
7895
3844
70567
76717
37923
43125
37951
11519
37658
85857
93314
12230
65295
84170
44518
95433
72976
33197
35070
87710
50509
79137
23045
29172
9092
34053
44008
29019
69118
82533
41937
58148
60496
19624
31250
49778
78414
73636
88648
18891
82360
39239
72359
55647
12770
55753
17170
24271
24811
10106
47128
2207
22369
30123
72032
43599
1094
62932
98741
73187
53743
94269
93811
64657
31499
62197
64531
72783
13495
96515
50234
39161
83379
6325
7811
18259
77786
77494
49136
88258
31738
87527
50509
78662
51894
7183
25516
27358
16375
86954
75498
57187
78898
4341
18872
93808
34052
29323
87732
40611
71213
57821
7383
26944
27928
57575
93054
18642
34935
25360
27466
98755
52496
28654
3131
30992
30453
31478
34835
65402
89
36059
50259
45103
15544
36778
6571
46479
25526
18600
30478
78828
66234
32568
4629
22643
26000
38283
77236
70947
49659
75694
42355
7852
87811
10065
2361
30943
96936
6223
27565
53712
20449
40639
10577
53106
43566
6336
74753
86788
10736
65551
28208
6712
56986
49993
19821
95011
29441
26762
37109
39737
49520
62517
56079
94363
79572
16590
54849
65773
78093
70605
79413
70467
98794
51673
52406
56894
97453
30115
39686
54407
1470
99999
51407
62882
37623
59251
27176
21124
344
88701
5900
28171
88530
66933
27840
75276
44391
89147
39333
30644
59663
21456
35103
53189
47044
30306
58170
36158
69824
27403
13427
91713
89624
40003
27024
44259
17998
74451
22762
83034
64697
24185
24067
65974
96503
88004
72791
23994
17302
16348
39544
30279
38673
16294
49525
75067
61286
45846
2884
30856
38807
20428
13025
2213
84359
60611
91952
92010
37994
38016
71522
94857
94040
40013
50252
55258
35957
8599
91582
36377
71450
49971
3104
74961
44924
79634
36267
82748
13346
10376
61794
64374
35607
38184
98132
19115
18560
49684
46812
10755
668
54791
16267
20811
66053
23754
66714
52341
19380
90341
7259
6675
31394
90664
91936
61488
99608
76199
61281
6949
65868
75764
26501
12308
16638
47307
37785
67186
71595
94678
54701
75465
79227
19707
24015
10369
12764
86760
41543
69616
34611
6894
97861
44904
25006
41964
87330
15708
81454
49676
52555
42585
57704
87666
25590
64939
20003
85007
17176
76686
22973
15957
54901
18887
36559
79855
26816
36444
32746
40276
88766
14518
33197
76477
81733
74249
69830
66328
43848
27393
39106
16749
68750
81041
80313
15992
69863
97657
92096
1804
81384
94142
29951
15156
64702
95908
5966
1205
93882
16269
35265
71353
25050
34264
90145
90023
93973
12321
81544
76752
28583
50322
23902
49766
57654
63366
94867
64554
16067
80825
10836
80265
84395
35183
84810
13429
65642
75978
65105
12036
2247
56180
48855
15777
51714
54272
61055
6446
14097
10091
50345
86903
12940
65158
63804
98392
32117
93385
33713
37334
93069
74866
13606
87149
88312
59696
14173
28239
55068
41724
44516
50996
40905
54354
88188
54714
96892
67658
25906
22789
908
71395
59597
52491
25972
92208
66432
92076
6469
48776
586
87289
45318
18081
11599
69238
61026
4099
39331
80275
1161
45475
43409
23202
11863
30292
30101
45463
79874
52784
27475
16816
91920
54904
33418
62256
96489
29547
78226
2125
75237
45559
32962
16543
32138
36566
10791
8456
21509
30665
98390
14042
86714
63230
89973
68093
46143
51736
52600
72983
90551
38245
62452
25438
99288
43792
81895
83076
9738
42345
67247
3213
33842
37246
85385
17638
8949
96294
4004
81519
94757
2090
83160
15415
26466
23550
49632
19203
42094
3848
76370
61886
25519
50489
47746
9418
81450
17131
61667
58602
90199
5086
63889
10330
82429
49075
84008
92820
29936
86132
40403
37609
94941
25490
8703
41359
88585
35346
5149
73691
21041
86327
84460
50611
47567
71017
71914
92459
14753
16446
34660
14829
62570
48171
26804
80211
93750
66523
58481
94609
56780
95781
38237
32433
89215
25123
71487
52914
24457
80252
33313
92240
66157
24835
44085
57007
13510
45253
98716
95165
61622
55813
56875
34018
5088
77341
20934
70762
16434
22222
23632
68000
31348
55674
8739
83396
8594
932
62969
87781
68169
1105
62718
2656
81707
35050
86238
80231
64867
59278
35116
94881
94194
10303
71367
38671
68645
4705
52987
18343
13005
16860
42971
48846
99715
32341
90372
69651
63011
37745
3263
12921
66374
41644
21958
89556
84468
65180
9054
90584
10882
7036
58550
6384
6646
72919
35151
86082
59031
24063
75572
96378
82292
13471
56664
49842
58858
4921
22695
7196
34615
58875
14627
35376
11687
64304
9999
29698
27580
48237
21775
98245
43896
76648
5944
17637
85671
95933
5655
48158
64354
63298
80288
81191
48040
40208
56292
34422
31895
89146
80264
6924
80047
242
27786
4716
77118
70504
11801
57678
25122
29499
19656
14124
15311
24472
39703
23494
94363
30207
77107
91206
85269
9886
82090
98763
12951
87840
95709
57753
64031
41059
14211
90861
86266
44549
96388
937
29294
1858
35368
9131
64359
13916
39592
41759
30754
6299
95154
4282
35059
28877
23536
74398
47952
48617
43985
30267
7483
20410
44394
98456
20286
66197
66384
79235
58727
40838
81506
89029
97808
46574
87848
6794
99516
29149
80234
32885
52019
99550
13197
36308
27278
98732
92740
11678
26913
78892
11034
74687
32903
92278
85962
60501
7790
6632
60116
96922
25559
77577
941
62091
63081
41485
49907
82836
60164
31171
53013
75540
61774
16008
71526
1974
89100
93069
14478
18936
38163
52758
85491
56066
60627
58614
61084
66906
34192
41486
74317
7675
36381
34309
76207
53879
95066
23651
81002
13240
44085
48717
75165
57333
76918
22094
53077
45499
37603
67818
45217
45907
94493
82980
7497
24367
374
56386
61274
94043
83832
56155
20144
20932
54362
33581
28640
75133
44997
67637
34418
87920
84655
6649
37160
81470
55909
9440
45212
56893
35305
80060
25091
97497
47078
16661
86288
32189
38115
84938
13898
69798
23564
29435
32543
44866
59974
84111
99305
21094
44622
17952
29476
5992
26733
52432
16744
18535
6568
31128
69933
34519
61335
21883
7524
36047
92765
45310
23630
3922
75696
30827
96062
56043
342
91708
57170
61429
37448
79889
9359
54550
85347
5366
17914
64425
23229
13577
77219
39011
24228
87007
61761
85952
30200
98619
85281
56481
28882
55042
77314
11397
7730
15298
4146
26318
89730
11366
74467
35255
78469
74309
65561
29802
52831
12031
10495
72485
96662
36523
79727
5460
47733
44475
43999
46997
89675
84102
52842
48217
27363
13670
89026
82648
57586
85698
21573
36983
96569
55781
81592
14232
10195
33517
57476
77956
58657
63223
33608
98954
44725
85456
38115
89845
13019
9851
79400
23466
84955
81458
92291
65851
84151
55321
97956
68729
21715
34849
79148
95440
71053
82093
33062
33073
73498
90179
78373
13425
15835
21487
92011
72790
61828
88864
63823
65644
41559
87654
75429
49824
94813
85808
69274
73072
9120
56642
90719
12939
3557
20019
37468
31996
2693
62758
92742
21252
53139
54802
4319
3678
2542
29574
85588
38403
63550
84998
32604
65869
3872
37307
45287
35526
93235
80921
55981
6306
24275
73399
33385
6290
34647
71117
43493
72628
12892
67602
87466
61522
70012
10202
54844
26787
30598
24985
12629
88127
25742
41572
20077
3685
40850
53673
74626
80042
51655
77088
36021
77206
66290
37510
92244
50261
24835
48740
82834
77360
7159
17921
10959
50567
37343
79500
58591
8292
67154
45046
51094
59335
49011
99415
48855
56417
66961
14568
5158
78583
36402
48575
81324
44127
87687
78441
39168
61083
32598
52511
97233
26280
33720
36933
66720
91291
358
49878
94069
66904
8057
88400
85970
65183
67166
30639
23252
68133
95930
26983
60835
51823
53894
81301
66232
29434
55743
23836
95509
89176
96330
2302
89798
30566
95364
57667
20264
73865
83824
27912
6521
11791
1012
23516
17769
45706
2299
64705
2439
64730
5659
94256
76211
72879
63111
77448
37093
57516
89366
48339
18603
99652
3992
74373
50198
50749
33126
10318
42355
47233
95083
37880
76423
29591
46934
20641
76514
50292
48726
7330
52741
57377
30725
46107
62057
97724
39214
79247
59945
7882
80885
29655
25311
64111
98246
41125
99157
95377
50047
45335
59600
65926
39283
97717
60212
696
30982
59477
41852
32961
24636
66741
81873
35527
49746
26608
48444
6334
49648
32447
72439
47270
19283
35773
71841
5553
98875
47710
16966
78113
28557
60692
84990
22015
24999
81802
39488
80895
12789
74963
50058
14070
29997
39552
87783
93058
60516
22537
91604
14034
82230
26978
33721
81490
63422
79462
89141
65188
63790
12273
64102
57382
52156
98219
60373
60437
79640
18454
25972
44031
99096
35573
9620
75725
87658
60504
11999
73692
65638
13254
53149
90996
43261
4588
7764
59549
2995
82333
90779
73638
39773
19179
39366
15426
49467
22408
23093
6716
20279
74818
44036
2176
58939
87726
28913
29464
23659
16940
23101
94343
75537
57226
84892
7554
21941
32719
97460
26772
67249
16270
2733
99673
33359
45877
18084
47856
23914
58437
78845
99895
49720
27756
64778
17771
49157
75068
94397
4154
75789
17952
95051
46271
19193
73536
72572
69776
11665
11408
96072
42748
43816
93035
87389
39490
58860
30588
79806
15339
40310
53611
65142
35761
10902
73409
24950
45949
18891
58200
85393
63718
46429
16328
4332
54337
12861
86774
27758
11066
54179
2776
38524
1157
71635
3694
10905
49276
56094
18304
47515
50901
71794
99800
95024
27738
7878
75563
62017
2733
85301
47995
17526
75110
84790
76243
27123
49048
88417
15460
21889
54448
50290
43934
82494
68709
10528
8641
32372
99240
38299
71794
72888
13002
7669
46467
59191
88921
58527
83082
92118
7315
42752
60097
59774
60244
10008
81617
54335
55946
39000
82216
57936
37459
25242
67157
23251
6491
99851
46281
15808
76409
37604
5618
56174
35469
6010
66297
81556
33835
10324
17774
44295
48340
6328
95128
59
68870
32767
45135
13751
9335
7701
84525
72228
30779
46730
94592
67913
22289
36207
21793
1170
27970
83806
17414
71909
8245
76260
47837
43879
29360
38143
88013
40126
59417
33950
70673
76904
42674
64331
97944
75285
55497
44966
11952
9421
42279
98805
15970
56349
64966
54655
19861
11480
11495
52902
9559
48100
88199
33662
36791
14802
68171
54414
42694
27180
88109
8454
11363
22679
28812
15189
77840
45644
89821
80257
30919
58343
39217
24233
54506
38725
85304
32373
26563
74466
72068
66805
40115
13160
46064
25045
95278
57586
3963
98494
51806
65636
63746
37463
48461
99225
16247
78688
58529
11812
84146
19086
85575
10504
12404
71933
93004
54956
64549
43529
44383
52960
25136
25582
19614
63597
97556
83022
76672
39037
23135
25365
66153
82819
97225
6533
10531
21206
14955
26107
29427
92202
36670
63255
20173
35927
56112
85089
55320
31016
50816
72431
27321
95018
42932
31563
8762
32313
40357
63028
83662
28702
84122
56975
46719
82257
73685
56235
94810
43231
41960
35993
27671
1060
58874
15157
25602
10639
85317
18434
78996
59858
55922
69130
73294
23806
61635
18700
73343
99180
20402
46278
55333
63134
31447
53912
48622
16290
28393
30866
83743
93317
73327
99360
5966
23798
76323
35429
31776
52432
19443
93356
15934
58359
36872
91374
96907
78785
62311
7973
93751
65278
37539
69050
39395
36583
23089
49207
75510
71571
39672
66078
95748
82561
2906
41007
50957
37419
66945
85884
90923
63954
18881
50928
79953
44676
35919
19737
78929
99029
7613
19689
10894
52893
73526
84827
11671
50239
35303
57182
32509
95748
82487
1623
62376
46887
57842
34082
93707
79044
17936
65408
58856
31630
36209
82546
43118
15175
51903
98726
12386
73446
42598
52199
29465
63658
16245
94888
87729
18651
33549
31954
63035
4512
57899
9153
19662
72688
31006
7365
49838
21645
86834
1325
7561
36889
2481
62845
49874
42044
55284
60797
31004
36316
21143
49776
79880
98075
37584
91508
79338
48183
95833
74640
29130
32942
23054
12493
87407
58075
11385
85903
63311
16547
35392
90336
68328
30366
60136
79570
48752
82487
39511
83667
10492
82780
7677
11183
70038
36248
62823
91449
40699
56507
89385
86412
45951
68624
28591
14373
39197
63635
67213
85050
33588
32942
71605
25117
11418
38280
87693
30763
72764
10744
46132
267
83664
42852
52710
21320
71888
65667
55758
25517
91389
32071
62693
24450
12314
33805
68679
89986
65920
32739
99409
56448
16941
57624
59266
26419
54311
39217
62443
10435
49250
88582
50087
78659
4318
36891
8927
69550
56507
95149
3734
57422
20130
51185
22015
86368
99980
9354
38443
10607
9453
23772
78304
43998
52327
32716
90029
18450
18093
53384
96443
91416
4421
57051
77674
32852
19823
21495
85105
43294
60941
55524
92522
27426
41621
30838
97586
75269
8676
25845
60176
65809
72407
45747
72526
57662
75214
1821
91310
53976
31401
76094
65502
19852
82045
25266
54150
25065
8119
42367
4309
63569
67374
86578
41700
523
58842
5169
33682
68763
2770
59017
7404
71304
37895
26934
11206
78649
93590
20518
92232
21821
53224
5463
48312
91212
19737
5039
54248
8897
64829
18837
92612
86344
56145
23322
30087
92402
74879
26244
26896
90023
28491
45224
24664
87544
2381
72737
79616
79287
5965
36200
55760
60372
23090
2592
19208
99491
69847
19843
97131
25113
93360
58130
69398
85499
68531
67289
64554
54407
64481
3489
451
90121
60191
75357
4283
21794
20565
67360
54148
50714
31945
33353
2934
15933
55904
65234
93446
78462
49333
22089
47279
82520
47180
76813
12491
8792
79162
18626
52353
49833
30573
87648
65520
17915
1669
1692
70924
16564
80857
13977
63199
71887
66916
2547
92486
18936
42288
92987
23794
54319
60285
67181
18760
83122
12602
80118
45427
72160
94209
137
74947
54936
84822
6791
17221
77133
80702
44281
48906
19907
88113
28910
2918
53350
33769
13226
53921
90781
10357
69315
91067
82970
65797
8224
94684
82025
20577
52030
82536
24258
47787
2410
54612
78760
47086
68947
72998
50468
57713
5191
22300
69783
57600
23833
66655
36531
8719
46287
51900
80589
45561
50456
75280
516
27269
11507
50437
33528
55335
61434
92562
66271
47796
24575
27845
69659
25761
7270
96092
98893
44730
68866
89003
15541
50676
9985
43125
6061
28788
75657
89954
9834
97451
74406
19876
59463
88634
36305
8488
65027
87748
33737
44551
23641
64065
33214
81962
33244
2458
56288
77733
61030
12962
61387
28297
17812
3108
29799
68415
2635
77224
99238
13111
92703
531
56949
11153
38983
9648
99421
31379
78155
81943
2445
84258
23312
11225
53768
96032
37827
44309
71502
85470
90456
601
66451
59217
64770
56338
3328
81992
80085
14968
23035
22527
66730
75407
73287
30553
30244
48349
38358
94421
13644
86314
93458
47468
14492
67305
10560
35425
22039
4145
36322
29286
32078
33664
62179
64886
69927
97327
52101
87689
98825
97139
26112
47288
17272
67219
60623
64351
27472
76189
15526
88076
83707
90778
83618
15395
86076
339
7491
17161
64495
1137
25642
78066
44112
90951
72701
53119
4347
98885
12580
94688
11648
56366
59521
19936
25635
33278
5212
4604
53535
2436
98820
25233
21454
37119
95704
18609
93219
12269
76645
82683
725
47777
94445
70558
23944
59615
25785
61592
97061
3545
20608
85230
33335
81504
6470
25217
16163
81572
91467
9203
26519
70090
70309
57071
72674
91199
92979
57879
79074
81501
60818
75637
74545
53067
48983
87692
14694
82751
24494
24212
2698
97031
73076
38147
84973
77022
16714
56892
41049
80137
14228
53064
18707
67574
46926
40459
58679
76433
52179
42324
47716
82552
58436
99794
95287
66580
89688
44638
28939
50456
51821
48271
84862
42089
83952
97182
31408
56526
83341
7215
96793
3023
51629
15725
774
67683
8489
51531
72786
84208
35459
91914
45927
58457
6733
80398
85404
7008
81340
10914
83466
9885
69532
91751
48421
2019
18056
59664
12816
68118
41297
48559
97667
78594
19513
98758
12494
91258
10155
29946
60276
62473
41932
18711
7170
72811
15552
98389
20080
9847
109
32762
10433
70378
93832
77923
77432
23978
29145
46121
31760
74644
14372
79370
20555
78380
81526
34230
77572
43722
6612
81849
80554
51544
22396
80919
13616
36877
94482
68759
67701
62586
16739
73101
59214
9804
84167
70246
93975
68600
25164
5319
24220
57586
64831
53210
81361
81313
45270
6958
21586
81056
11835
16288
1002
52440
49437
49132
73212
8258
37156
63208
3706
49995
96130
27062
36707
89141
81366
5451
69758
82417
25938
976
26353
86914
72863
64364
28900
58761
97547
37037
92814
23200
182
77757
8104
11258
91574
85314
38008
17425
27483
32293
9826
42102
6090
9005
16132
1018
52864
5751
16848
27784
83324
41144
65223
93509
90585
15571
19100
73835
42198
54140
47715
34780
78526
6494
41159
42305
22906
45938
57674
56372
36854
86672
46127
88040
18133
24336
32461
49318
78661
13625
64884
34242
97854
46148
49650
1386
92175
75867
52472
95007
88867
29104
1577
13554
68647
54446
94543
44770
28483
61962
22791
81920
91255
69373
24501
40348
81256
58966
7440
99561
62427
69234
55990
11414
22515
51367
58775
75926
55777
12159
46338
99256
69120
44985
32135
42326
52638
99916
4919
84587
37144
9351
92331
47981
36301
20530
60008
47392
53321
84919
12707
81106
20187
75289
49720
81266
62209
3355
15059
74215
35657
52228
5452
93198
40564
48153
95214
63691
27659
42629
36517
25851
16338
29147
86207
25072
60916
10114
4951
90912
34046
91403
48635
50953
24683
15603
62718
75685
44614
41011
88687
12489
43102
24719
52510
32019
31630
84184
36686
96102
20275
88145
88820
35152
53555
61793
74304
51049
53708
59965
41969
5403
75285
91732
48680
96815
85641
41142
88846
47650
13692
96857
13957
52475
72426
8567
50087
62908
75757
21827
96859
9821
46285
97331
1867
49126
43622
570
39369
58206
82132
3722
63019
14844
20803
79744
86823
3493
33941
94335
92046
39153
48947
18902
14186
24829
18939
52151
74441
21861
97057
72108
70790
49460
71063
27603
40898
14265
1127
55672
16834
52183
91303
74399
21835
35731
17133
91786
4787
45105
48411
82337
28940
99102
99015
56012
98918
18593
50505
35712
69728
24878
70937
85783
78088
22766
781
38127
69050
87498
48932
62412
54712
30881
64503
26469
19623
85525
7344
63184
70423
70356
39481
45411
65685
55110
23739
3821
60234
15551
37935
38779
38004
34543
19775
88411
66880
87996
41301
65052
46401
98826
15661
89604
95618
43879
9431
39887
55761
72988
36508
5681
72505
2430
17126
76083
11700
2297
36114
48784
64272
16498
98626
52787
56984
76991
54363
53120
7065
46428
43942
12887
54253
34774
45924
46387
26311
14048
23654
74466
34561
95166
90581
3743
26187
14536
8393
23403
14471
30302
80988
34576
60873
77173
49299
83467
96010
60758
95575
70577
42721
64535
49562
25392
24688
16594
68783
93767
71355
25056
1102
91230
23610
76961
71596
35632
36469
14319
29365
69690
89926
39974
1902
8921
75929
53563
86012
1909
91754
88993
32616
77703
93150
67909
16789
11780
97534
35419
78497
288
81676
62309
23263
83617
85990
95184
79637
27056
78281
12828
35675
33986
27750
26169
74333
7570
30496
40966
59311
20324
49836
54073
69915
74728
44533
52170
31942
2488
31925
43397
96981
67599
18479
20820
93169
74258
39836
23832
70082
42962
46943
20460
27709
15003
9085
51527
37841
23845
51722
22420
89508
14477
99742
65506
22931
95060
32883
47781
81730
16403
10620
33472
80770
55288
18486
98234
89508
56400
51229
54423
80761
5705
80450
74546
37482
90024
90457
83895
40566
55330
96838
72092
58981
15305
54839
71826
76282
80213
89188
76270
63009
68836
75218
5867
8941
64075
4482
20542
51006
37304
59692
80381
71106
78487
3959
46640
93220
41346
23576
78542
2552
49854
61781
21914
31565
1083
28894
62141
50858
88397
81658
27653
32743
34127
58981
63354
55275
35504
66461
84719
39681
21772
18468
38284
86059
71890
64053
28225
28890
62888
63908
44983
75348
39234
31443
40129
47440
92085
5286
61115
35965
96736
79186
89100
23785
9602
22775
23412
94549
95832
65169
35530
47610
64426
9766
57744
51321
21973
52756
47825
15314
78596
33393
44765
99860
29276
25349
3185
90664
7799
23125
79514
87056
98742
21719
65669
42289
40771
73767
41818
54255
76663
15344
12099
69304
76585
22998
73898
11197
75502
74099
98869
94305
66477
48698
62610
8676
71332
64001
4727
42609
20408
40148
34280
64875
44151
49219
23570
68255
92782
64950
67586
67595
62282
77612
32342
4688
55774
69912
72746
84471
85354
75772
21255
49303
36589
76382
98917
16179
51860
24077
80419
83572
71339
83092
39298
51229
73311
82816
39615
92067
31112
54411
63777
18525
28572
44389
23862
56500
47669
55045
34395
41927
55209
10908
37200
41369
58741
37019
67766
90492
37041
81435
96216
96040
67287
73200
79235
29576
1192
17037
90744
30369
84273
60738
44208
78493
64046
40483
8017
10497
35467
98521
56350
48810
87426
54666
33090
93182
98640
23745
27052
76632
87126
75583
35527
94637
40534
89358
95905
12014
11652
57645
71109
22185
58862
34308
92504
47022
72715
99627
92996
62026
39922
30150
68970
57299
55380
9455
70801
5926
25000
47705
45932
36930
76379
15511
65223
24031
58286
39041
82744
9969
52238
19178
53597
56597
14459
62079
87228
90584
11628
35669
22883
59464
82360
94740
91408
42539
25055
45063
50123
56569
74865
67711
66142
97906
44829
70411
30553
6198
52759
88956
39060
72381
34964
1676
62399
96244
48734
23748
97965
98718
43140
26547
96627
65371
59108
96736
51704
96568
95213
68661
1059
95784
38444
71853
59707
70571
15601
36658
36700
47869
50771
39055
89497
76624
55600
42517
67442
12656
48439
61011
25637
82764
79640
39657
73467
35810
19980
44009
4838
33587
41565
88633
62441
79465
19998
20611
78600
3174
89182
1282
69525
11655
25049
64514
37071
25813
3914
67024
26434
82585
65462
94067
59128
32603
48806
77924
27501
25181
84776
5120
97377
62957
68181
40738
74821
54801
2318
73704
30568
33663
45100
35031
53386
97544
50910
20531
4993
67490
72840
58140
88517
18349
38933
96229
81305
3126
4125
17539
75795
50595
74218
56600
2941
99796
60609
23500
55986
14824
31786
83225
1389
6429
11796
97527
86118
51643
36242
11621
86837
72795
44611
78765
88698
16706
58788
30922
76292
68098
56284
35458
29306
97636
58943
99697
49371
96471
42770
54738
78738
73167
37751
70495
14739
29502
12783
3179
59188
21659
90872
1713
96135
49061
40243
16925
45933
26878
59470
92147
63948
52188
96507
37680
50329
45581
69787
47631
57643
40649
42586
15169
91376
17923
40361
49660
34505
69922
12952
56386
61160
36283
5747
87557
11341
10130
10267
49682
20857
16464
32742
89504
14910
88364
74975
58556
5251
7804
95632
87987
32000
33500
21589
21778
54470
73579
24774
26353
39634
96510
82308
85073
35436
34718
43762
6014
54684
1744
54697
88439
63604
13608
50617
65708
11118
93721
23734
75339
30986
41457
15966
26146
41848
40041
84988
10896
2111
32003
95966
22430
15446
46395
59571
72316
99341
45901
606
3561
51963
27869
50610
55787
16646
11121
28233
95343
96570
90325
67883
9604
1309
37250
12333
44173
98411
91350
14533
87631
45832
4989
98168
70534
47012
31165
60991
43538
86515
85569
45028
70524
7871
51865
12268
3072
9281
66834
77614
26504
71696
53122
67427
5553
1091
51018
83826
59902
12879
47992
22556
6506
49271
52500
75435
73575
87374
40701
74949
27541
54643
53089
7030
79700
17455
48555
24894
30334
43589
56916
62233
66989
84342
43727
6265
65549
83786
89435
93053
2028
98383
22091
55207
48665
76035
66067
22998
96771
47874
93928
54551
17526
10468
20082
21722
63282
57610
67082
82346
2581
12551
50858
18567
15190
35390
93259
34238
13973
15245
1755
90551
53847
56434
72581
60041
80184
40615
91174
70022
40003
1199
90598
87897
70453
47322
73653
45705
12431
88670
76810
70120
53300
50993
39020
44493
99113
669
25147
60534
81234
92828
37245
31399
97070
28969
77733
13859
14442
81032
82215
73216
14627
71455
31409
89000
28099
97916
64475
46482
499
72309
57010
84638
67484
56162
51800
64438
63191
88391
10588
28092
27840
66514
77075
73609
68959
21548
8471
47537
20604
83705
36975
53662
27680
34715
58934
21220
75413
40514
99544
28227
30477
43802
32449
82621
99030
24228
53651
92229
56067
4639
10492
91302
5528
97268
48708
57769
36289
7269
26571
41935
31184
56815
60156
33952
78372
86418
18848
18964
44900
40705
50171
15437
98220
85426
69348
545
36275
62129
49565
75467
17000
64130
30136
63239
25554
39899
35885
13338
70799
81997
14175
11965
84744
2943
87454
32928
91325
7243
22345
45389
15594
17490
70444
83963
50196
50399
7694
75727
45199
14572
90224
82392
10921
98939
95689
90641
70461
89809
54864
75614
86515
99805
16721
79548
85018
77632
14526
63721
18921
11272
8869
17593
19836
41887
35600
33064
73906
46937
63474
28380
56240
90571
96602
2611
12770
73546
98669
59904
60328
47527
40903
1480
77958
61095
64326
40377
69955
48952
32557
98389
40557
41965
46229
1718
42738
6086
80883
60105
26942
34791
53991
32934
1706
8449
33907
74397
21298
97612
73151
25603
19104
11435
41660
67744
68704
900
76113
39992
68562
7902
41334
52039
99215
68647
50327
34938
87579
67431
63249
24693
90423
74721
86122
34589
72402
24576
28119
8121
42861
76664
65529
98802
15758
278
42835
57782
30052
18277
65650
10073
58592
61956
54653
14097
40805
90009
72584
78377
34510
11194
86770
39038
80955
45281
15919
17230
92203
66430
78316
27914
98676
72274
31025
4522
16706
85941
91921
36310
8997
77738
9196
56773
47887
77616
76086
9179
97797
63579
98304
92563
27509
13495
57003
27736
86402
47981
32640
83451
90677
38732
68834
2407
36085
52072
23990
73279
82759
59219
6858
68673
98554
99065
46869
15285
21264
3847
58026
74136
64339
16719
96970
10277
89995
77901
21875
86268
46435
89419
52623
95695
9372
35380
11137
86150
42276
82440
53126
91267
53920
35832
98390
76389
28864
18230
88772
64838
87016
3297
67842
37447
32056
14630
25548
2168
68602
50079
55532
97212
5618
36368
24530
87963
26280
6079
75704
14321
10289
15722
84577
42598
39540
46880
54517
17210
46962
76549
7149
21086
53888
38675
66841
17536
68515
29470
8344
8929
33318
26385
14946
2207
70281
33199
43223
54200
17411
11566
25369
56892
70235
75022
4900
5236
21401
40493
15471
2321
