82479
50970
7041
81012
9598
28805
46333
20016
34942
86654
41712
39307
40168
68824
80848
43357
11591
91514
26827
76044
9111
37618
82499
48257
47303
68407
10294
65312
52075
3743
39656
36876
49779
92974
38935
58668
64795
64698
18777
53709
53970
46041
57202
39786
71924
1465
47166
87728
67426
16602
66093
78289
51732
18278
86430
30951
4560
25811
90427
88354
11620
35105
46017
77501
23472
20235
60376
75106
50064
75849
14789
31948
66036
45723
51599
76380
77411
68959
77938
49819
85637
45203
62678
99619
35709
93867
58255
53503
92684
29263
82350
41728
88373
92110
14834
21700
39974
42098
62579
18038
11776
65685
20009
29939
72176
76526
175
54174
46926
69902
54972
67378
74274
81316
64598
10119
35783
86260
56841
82815
35123
87259
46456
83873
66149
342
18385
22691
11747
99092
63867
22331
8817
69145
88233
59023
98421
16263
6703
45643
19164
2990
82562
18692
91695
62097
84742
11899
87079
52529
17881
5304
99456
38912
33318
69951
20488
91860
43957
80207
13273
85903
36862
24864
78825
60140
51141
94772
984
9010
33641
77803
23190
98890
88588
51629
63829
84695
41904
25223
64944
25416
6988
42438
39326
97660
91515
8704
39658
22153
49860
74459
25250
52025
38888
75192
35398
89762
76373
68790
11729
16667
74502
56614
18833
87945
76491
406
26733
14837
72102
9485
54382
49004
48782
93583
13069
30448
82536
45400
70807
29616
55552
16625
16464
20928
84764
35152
58460
25473
34288
586
86951
16596
82798
79067
73015
17893
17992
35038
53741
37071
32174
32893
89287
27902
80958
77904
48111
21563
72581
88688
47635
55397
97072
73636
35534
92796
65679
53572
89090
88870
61293
3118
40370
69857
21590
43872
71572
96860
6756
13994
71726
1390
90067
8298
67247
69333
61426
7063
37325
13502
15118
72788
69624
75307
32979
77996
72735
93003
73088
68747
60706
23326
11059
74819
12016
39237
3917
38360
60407
19252
19792
84448
21625
12286
21978
19848
26121
6474
30826
17123
76924
70516
52814
82498
20958
49677
75541
94520
22168
76551
27220
84811
20798
2065
70072
15620
74802
92172
45033
96424
74872
22969
2609
11039
14071
28525
29488
96570
61453
27673
84837
48955
50620
91638
68986
40127
92678
52404
81347
57565
55737
32949
36542
77753
63454
46514
24768
74472
79499
99974
69667
71386
66234
69717
84141
47505
82892
33735
52376
25909
71071
95666
61141
12005
73883
44286
6893
83035
53273
18493
17929
6700
15004
61211
55754
19183
61571
56614
91783
97173
12475
4889
95506
30370
87303
38152
23791
78394
66524
30457
54197
52312
80800
49754
65530
65045
71485
53580
45755
9835
6842
65824
8280
79700
28178
78829
56534
26175
1508
36822
13384
34813
72936
51726
77232
60899
38557
72013
93623
23894
32335
76842
6168
63976
3036
99369
39106
93833
1735
6807
80411
16336
97156
99413
42870
90877
46850
21537
68204
72204
50717
28413
34831
85561
74693
57914
17450
44410
41480
18658
84670
29606
73433
57550
48563
64117
46394
83657
4904
16421
57774
85393
63292
77107
23132
90302
91274
47707
46568
67467
63887
17893
51240
78055
71884
44128
9572
19967
94922
52358
31503
37461
12161
28452
68424
68263
33309
90961
33672
89017
87420
42673
39226
59542
75502
36721
64587
84000
88106
60551
27895
35970
58065
85704
83647
65866
89716
27832
71274
24058
39706
61831
15722
54612
28520
8401
4314
19313
31465
42101
15100
37337
56999
15120
64458
67108
20118
10323
47798
31889
20625
45986
13867
91833
38355
77253
46549
56043
82850
89625
59158
75960
30340
87485
31213
38110
86296
10073
62959
93163
12871
59462
72097
82239
10511
6472
69878
85830
10008
11365
48426
63115
26283
33066
43127
85673
55525
761
55975
53995
28297
48688
6591
68332
45620
74585
89004
73516
75668
91673
91242
68530
74192
28661
90699
37339
47409
69449
29326
16391
79970
15297
24570
60549
93788
26720
5945
23091
35560
22587
20811
21727
84438
1369
10969
5934
38026
87430
82825
44475
44683
46083
10038
85766
13211
79620
68840
55086
3641
8795
16800
5405
14734
68291
40481
38313
86297
98315
44366
34294
33676
31908
45541
29166
73752
79295
11197
4928
62934
15091
16494
48595
62013
75711
11868
41039
75659
78027
26011
66577
97460
1131
51189
84120
24927
41777
61235
71820
9552
20763
99977
94143
54486
95348
25980
7962
37205
59862
29382
36843
85599
31686
53258
46340
13642
38730
4889
39120
353
20764
57183
46818
80439
84861
73403
93184
59596
10045
6525
71549
60698
5659
22820
29101
97765
31591
39110
73736
55129
40163
30026
43139
42829
96915
51715
22777
93067
20194
29705
44294
96670
69728
90677
47072
19446
26123
1985
96017
14283
88758
23172
78368
24398
29
18017
94928
83958
80270
40649
74117
54409
9162
9008
57435
71589
89146
63752
75683
17487
48439
51424
98597
68122
1042
34055
14197
9965
84619
91723
99492
75193
91832
96045
67428
15716
43004
12200
212
34333
28983
52212
69621
34680
97441
45559
95015
95609
54673
34458
39932
22200
53018
89043
89524
10976
73895
25702
67106
10131
89285
19118
81906
3588
20965
53660
27262
33999
3700
94793
42758
72837
99922
38514
98474
83398
60800
22597
45752
91102
93995
24004
79012
66422
82566
63039
339
40712
73528
77452
19350
60936
7757
6247
95579
5365
25004
97770
69363
5877
93977
23800
35357
1110
24082
30577
61145
15315
22978
60373
34075
35823
62458
69100
35761
88381
94472
17984
34347
24041
85839
72931
88134
51670
1968
97047
969
25378
39391
43584
19463
74600
40935
83787
96324
39601
35879
1662
55159
58314
71889
28951
69642
1845
98348
96370
69764
55012
27070
72983
83214
31982
22696
59687
2258
4632
89751
22448
65386
20833
92147
25545
52781
14860
19124
23094
65764
56831
51272
47471
51656
83004
29203
45178
40795
9579
82279
63607
73328
57292
79600
88034
5521
19304
6059
8896
25811
92612
38601
79426
48534
53719
18861
56025
71274
29144
24739
40655
85729
33706
9980
42439
40138
83576
92382
61873
48779
19178
84752
92733
86376
96584
34159
42666
87825
10431
93051
90346
58802
21922
73964
78929
64636
24464
90624
70044
82289
82090
609
61867
97400
37982
17718
53125
81475
42194
93117
15986
73368
86583
99838
64764
8844
29728
8581
14650
93093
86577
76201
53741
94570
44682
51249
64066
85478
38356
47907
17596
67658
910
61468
77576
34032
39360
89349
77593
8804
55840
48263
51967
72696
4641
48243
5201
22333
20141
7702
5797
89087
28873
87654
97968
75330
7608
84167
73475
39224
16236
96959
54627
44752
2866
7804
98877
89296
56968
64900
21542
47634
15936
22787
42672
80595
47941
53459
74258
75075
72969
27434
64213
72853
73674
24922
37842
98869
96749
74440
69738
67029
75769
78821
14685
67353
38621
31308
97223
85910
2843
83324
47557
33538
12694
67092
22693
98263
65686
539
41981
30199
22777
40170
26812
30691
92219
88910
86142
83771
25109
6125
46834
13271
98263
74975
3268
54306
43221
74489
89858
69609
98001
98144
94225
77833
61524
40047
57769
27653
36029
19417
97889
53021
32212
65019
85215
89108
5653
81266
29451
74618
67518
24689
26942
63845
40402
73254
15926
47036
34970
64764
64963
67077
8189
10205
73479
19727
58654
90582
19978
41805
1195
61332
13969
68984
44720
77781
65116
99834
57915
61039
43648
30220
77487
45537
91953
60598
93829
97860
5760
91166
52331
89755
70507
64618
65591
35251
7394
2546
79711
55348
74199
64321
74214
11098
54984
77904
69698
41622
29685
65128
39735
77858
55176
90990
43700
98608
71610
28058
41116
73425
64429
55132
85877
55130
14238
53892
59246
35194
60526
84431
94082
77770
83181
97024
942
68142
4378
84527
65083
45244
70599
43789
10142
78926
44287
62415
80274
4879
87302
97173
32035
71444
50347
86024
59713
31270
75023
40722
30528
99387
59013
48259
65863
66153
52319
39679
2180
45574
42982
76360
68379
26047
73047
5589
39844
18449
24059
37028
16671
93206
7388
88246
39712
14281
92452
42635
87470
63639
64841
78275
5299
82859
71324
2254
16172
38017
10918
218
80254
37492
50927
7996
79406
16479
77602
92442
72076
33082
90343
15969
71804
51280
95407
10311
38995
71969
46360
10727
19086
51276
86727
71973
8425
66151
72098
67000
6213
39638
15629
86875
49737
60988
50201
7065
55027
58007
718
69441
21278
74547
70376
11282
54961
8328
85601
37435
77354
86663
72947
12498
67514
2593
21370
30415
32378
73279
67227
90989
90630
1276
90083
24177
63782
20137
7304
84977
74206
64856
46574
47286
39117
72575
44783
9674
49387
7092
76710
60481
62503
31863
76692
73820
8328
51546
48756
18538
65566
89841
34841
24157
90270
91485
53118
16620
47784
84246
79521
390
1771
61883
22842
28958
64142
18713
11779
52820
14838
57105
9793
86781
202
75281
58950
58419
88157
51100
19530
9574
85236
80436
25476
77837
49158
24277
39771
60195
85912
65794
86278
89862
20086
22554
72328
729
83188
23466
2727
24417
52483
56000
56776
17163
69681
68192
88283
85412
64529
96887
45528
932
18416
77375
36694
11335
46727
78680
93450
59622
70900
70652
12122
23557
33913
63852
48105
73884
46912
44698
16872
24831
6513
7638
86498
77146
66415
30676
57982
19105
23165
55348
71897
2321
97997
39895
24580
63223
18723
15112
61974
52060
53729
40342
95959
64346
58123
17266
49289
78893
89969
64820
10074
41323
81381
90635
53622
33429
54310
34106
41936
69718
1660
82853
95274
10301
13566
29002
22482
58579
92502
45673
51454
2652
28300
40229
56211
13767
93433
47170
60718
68278
59586
11080
25477
93149
65053
18357
80248
10389
90837
63809
66055
92304
16528
66364
78298
1475
99503
73415
64284
63411
62577
70845
78319
85886
44911
35242
60191
53163
68480
8810
82244
70167
82376
16653
70811
88235
79539
90150
7195
52103
59269
89440
961
86140
4719
99233
22295
64768
84569
79897
81111
25371
78655
13432
48353
7693
70117
75322
18411
45582
56111
92570
73222
12578
52749
40927
38466
38373
67380
11349
36252
78437
10539
25693
504
62317
49861
32894
64201
45893
33978
44156
64556
66412
51435
85356
7507
52731
12000
13345
6043
64556
24498
57190
83622
74271
97840
85827
93373
24662
20714
96329
17471
69013
29440
37266
62191
42891
86653
33913
55342
58384
54072
50370
56773
57574
97521
71169
9912
32333
53945
3703
5099
68666
7087
79629
56890
26861
72611
72470
63671
84651
21004
5959
38765
78038
66472
15544
97079
21569
2085
13911
43179
88691
93810
52185
83214
22102
92041
19872
45131
70306
19423
46063
48360
37641
74127
48648
7455
86924
70962
86433
46481
93528
76695
34943
76901
64433
105
47440
59514
32539
6537
76922
82442
88191
30516
71405
9363
90286
76443
44143
78553
47305
19829
21084
74499
35216
3987
14363
10818
50541
61431
22480
64787
86123
20717
23523
71201
95646
69881
24077
48924
76057
89677
34751
758
44536
91242
67847
18580
93108
50869
94440
73304
41692
50074
6402
56162
81613
45449
16434
5647
4613
29789
93425
66176
2456
19046
65516
82221
32431
31176
16586
77463
83157
71224
46365
96047
22358
35599
29801
48601
83860
58020
5708
52043
63426
26881
64223
72103
54565
32086
79327
4499
81650
56460
26701
44437
81710
843
42940
9387
35396
88198
35813
18569
78822
17027
53786
33308
8154
41940
86372
81753
20909
24881
28916
2074
12303
67082
19518
67022
20015
3365
27327
66360
61920
68204
96705
71144
71936
24769
80419
99272
56682
63879
99578
9811
77433
78790
37608
73806
98830
57198
94696
27897
47474
87866
51995
55152
20731
60281
90692
92598
90789
41011
62872
6336
58830
41865
1961
24875
47872
65047
41722
19225
76603
47657
64481
75822
78268
94667
21616
95878
12907
70704
57148
26596
26971
33256
86371
8090
79590
65611
96099
80978
16282
30401
37880
92264
50062
45915
48825
23454
7237
2880
55209
95510
58349
69359
5605
46590
62735
21032
9229
4119
96137
82587
67118
34916
24168
56816
97359
93101
44624
53442
66685
31045
12974
6585
77336
29918
83638
16724
9712
83959
7919
59204
35149
45467
1152
84677
24335
86021
46942
48768
1761
68363
15577
19496
93533
24299
63074
2799
83738
15418
89258
71187
88529
12470
2962
8493
8288
99296
3267
58880
72194
66717
97060
16843
97805
43914
10609
29534
31991
31797
62675
53128
92051
12255
10149
40936
75069
91274
94405
498
79477
64463
32201
94663
24142
4129
36996
26588
12900
85075
20287
9423
6677
86827
34642
27114
1675
63146
21138
13435
36769
45324
7737
71375
40812
39276
30552
21100
49135
86097
59265
87016
68206
42723
3912
53105
55957
50423
50595
57927
41524
66593
55169
60222
30008
31093
42532
53458
89218
43272
23642
63483
20844
70845
98605
85229
41503
42637
26178
47119
14411
63431
78322
29233
16114
48032
49451
27607
51341
33728
56592
85223
66109
70193
32819
752
62951
25704
30394
70468
60851
17700
2752
68750
22588
65702
82877
67527
36516
88695
55204
89002
92557
42835
59637
77176
10773
94111
43452
40307
15150
31554
23008
93970
1789
33356
35906
55632
6018
51668
83428
9403
30020
26466
96765
46118
38785
42490
7945
70917
4972
21282
80604
69923
72929
33233
54475
31084
71450
6030
20852
76107
72327
37089
16889
58646
87819
49327
77220
77607
89521
22124
38229
56947
6371
45084
3908
97731
6312
97129
83525
67095
17234
7632
67376
51553
53063
73380
15976
59790
55317
10809
15365
82181
3298
33576
73921
84514
60787
11515
51869
62624
73461
14760
97116
96842
61556
37115
79152
97457
77605
90071
12256
36181
63977
89574
77699
9520
38080
93937
61143
5454
30468
85723
21904
60708
90698
28758
3569
32094
73374
28227
52228
79913
90913
50147
34567
93332
59844
40530
28277
25971
6410
73641
10217
62791
87910
98760
49403
86121
35550
33625
71696
59945
62560
80872
86892
91917
8473
70625
15935
13906
21121
30066
94722
90530
83652
59584
44277
93142
61865
63914
46686
85677
55300
25585
8832
19943
13574
65358
49979
50179
55238
93631
90398
63639
4088
22769
88509
33337
43344
65894
6293
2837
33735
4572
743
72966
91183
63303
24031
58396
34061
98752
41041
94445
33441
44002
88473
61101
74328
9187
11914
21079
79859
2613
98464
72285
4065
37089
58042
8694
31836
52483
90762
78812
98605
55739
99242
81976
83219
56877
53525
66752
37769
51357
30816
29698
71816
2963
52297
52667
74824
13059
28170
67869
75294
39446
476
19623
2580
24751
24744
50280
12486
91413
60184
17072
54237
95522
99811
25702
26854
97848
29100
44956
19868
67326
99981
30736
79073
45888
97840
53782
8115
25255
9932
27173
80915
45018
31172
83127
77500
58833
27239
97778
33036
721
55624
61472
67616
16007
88703
9032
2663
82838
52248
98368
93938
48228
87933
64948
91055
31103
79013
59840
56795
61186
3223
26595
14863
95916
16420
9634
45941
51330
15034
43468
60596
59865
24827
47512
64183
24059
79939
2960
47726
71956
5918
12920
29724
76261
83184
6129
86735
8032
73650
49188
28325
13132
87083
8190
20895
35424
58900
84662
44969
64619
26064
17601
39372
92133
9199
55392
68860
82688
78008
36759
79134
76137
77231
95077
99097
97736
79210
37106
78060
86228
11826
77943
6774
68742
18716
92104
808
28610
84224
69873
49947
48281
17997
26636
9548
15399
1087
92587
75407
43185
17736
74648
48234
91362
37899
62933
82167
13465
84986
79258
161
97788
37916
39117
18322
72864
83475
17456
54703
18556
32944
4467
9548
99554
4012
10264
70047
70729
46043
38305
8062
52277
34800
51208
91720
83431
39717
99816
30148
46733
65967
49930
24938
39199
60032
2563
97204
55597
79417
24578
12942
22996
94131
26004
90828
10220
30359
46
5500
27346
50897
7463
61306
81321
65988
54817
29224
57637
68898
22516
97460
47215
38377
97041
89393
22978
13271
84132
51914
5102
57495
5206
38125
98035
74834
20573
71779
70668
62850
36860
63161
97524
65765
24391
47512
4833
65912
37318
86187
97888
20038
50763
13183
80737
17557
92156
15956
89382
60813
45514
34421
74572
44614
62672
10846
86863
96409
45397
66760
39745
29750
66109
58619
12907
58544
27403
34673
61556
14829
29586
35139
63781
42870
43489
12498
35957
3907
38802
21110
1652
88158
24035
95278
13080
1740
76284
38858
85706
18387
2961
62206
31993
50083
98202
78377
94822
34891
92121
58923
56581
77244
84186
16980
80752
32054
19135
41363
1615
17877
86779
69047
34655
17785
78931
42369
71744
46149
56120
88595
28835
50156
99343
14729
76296
97889
30982
66005
73820
68815
56805
74700
62415
96606
25942
56593
47121
74071
15234
20001
91373
78229
49688
11405
17672
38984
39683
7788
29768
86501
90139
13248
8171
81483
91260
62911
36814
22892
59592
21245
76440
17945
58392
66126
97889
88826
75507
13690
88443
6024
97114
92264
64786
35339
14512
10145
21013
66479
23714
81179
29810
33872
7734
47425
38462
75750
78091
39621
74602
68853
7190
778
46727
23285
32722
53266
14407
94780
19145
97105
1159
44156
28030
81235
18680
65701
43484
29497
13824
326
76299
78578
88594
80628
24901
72397
52325
56420
8657
75176
87531
53830
40723
86943
56836
99588
90008
65742
53033
79429
19388
95596
87892
47616
71593
91262
71670
56086
83406
25333
60511
91026
65499
65576
34516
10178
59952
99664
74554
24457
72078
19062
40071
62926
29150
74336
42085
84063
70018
202
40503
95965
957
43271
60543
25100
75850
42699
13616
62297
25496
84542
59551
89462
10221
31386
44830
5323
44605
51659
21918
90297
13315
69384
31580
90807
20737
73243
23983
62896
1937
44307
58250
69536
25015
12314
54840
84677
89429
68868
72112
22817
40220
48925
91195
48247
42049
27411
71637
55683
80320
63434
56645
72922
51627
5116
86345
79284
17940
20377
41224
78918
66991
74158
57921
70267
79126
38492
18277
4665
52002
56896
684
73081
35349
88587
43103
36219
54105
39123
61073
11586
34327
27681
74005
53058
33783
67046
26773
42629
33247
49350
94054
75019
89645
66538
99708
69501
62053
47040
91648
25489
24451
66215
54337
2646
858
59529
49308
76460
83517
64425
18702
9589
35226
7496
14553
31068
38847
63763
55533
46747
45868
38786
86582
25552
12204
35082
89788
80550
96671
58502
65749
8204
70279
35782
61201
99990
76420
24768
65443
4800
34331
578
63485
10102
81252
11466
54072
56804
96414
94575
90882
80496
34600
66760
91513
53036
25010
69946
5034
84002
6421
4962
1834
42316
75768
82602
3474
5109
97484
55312
95495
36895
45167
56514
43591
64861
85500
10980
759
30586
97167
9148
71315
32261
7343
90498
26109
23929
85830
79197
7929
27181
87210
1510
92082
86887
76002
54227
3934
42865
8535
54736
29224
43464
30283
86937
26056
60099
378
95206
33328
15920
19638
66500
72982
26820
83619
51133
82048
19087
79945
31759
38737
86348
9114
41547
91407
58598
81242
55645
92851
30552
75796
46258
38458
45200
60191
60048
79373
58410
78161
61358
19281
48776
67072
37741
68943
27705
58544
36756
51904
21868
51371
84857
37733
463
90768
29428
9984
44427
91752
63157
38117
34801
74946
21681
13714
54174
72316
44077
36423
82532
2786
17078
52631
63840
74450
42018
32176
59647
71255
86747
98028
35871
32754
60833
11596
73232
19142
40963
75042
14225
32252
81010
51071
81039
63844
29310
7472
89275
75586
46034
33997
85255
69886
45129
36774
34761
92623
82018
3285
45814
65217
80961
90327
58306
72274
30595
26003
52476
39485
42534
61458
91948
16454
19753
6438
65075
6769
56216
74046
10709
66571
92497
12481
31673
92903
51645
70460
41044
89151
83077
68657
73708
71843
75867
93352
33290
67765
7385
60940
80696
46175
8540
16331
15119
82454
33150
15158
82317
58745
97025
10163
56655
14788
74897
19609
27832
48811
44606
43967
51055
97718
69794
56297
70304
16711
79472
23330
31397
73748
86533
88560
2470
83802
89555
66610
25726
45967
84401
5512
72118
98925
93117
23018
67923
20382
74489
87693
84481
76320
34695
11738
72989
4476
50368
96101
49075
59357
96707
46426
54051
40674
93065
63871
55060
4984
57543
15328
18809
28783
30212
96634
94434
12807
55386
63794
26525
52800
51001
1001
34196
73948
68641
26860
52725
20739
57584
53533
49863
81380
67782
81361
16696
1033
20886
75926
35439
95112
6157
78836
64973
74972
7374
90170
40706
61238
42040
19745
70295
11151
34650
34918
68558
1017
88507
95194
43608
8325
8390
56263
1205
11091
7000
51353
29289
23415
64372
65081
38614
37455
44692
95122
85943
91081
75297
18925
14152
47142
56292
93668
93800
28923
41545
69950
77813
49665
6173
70993
54846
18900
25107
81244
82006
33929
32912
42067
94557
67031
40263
90920
72990
49556
92525
53735
10988
73544
33940
51517
14708
68593
66143
55625
92477
32024
96918
26222
73914
32138
1196
87123
24114
88660
78945
88733
10047
91347
31539
76621
33625
51525
52911
99845
42027
61713
45390
19567
62868
12896
24317
63936
14399
53821
95359
66601
14694
54180
7037
84830
95647
88745
36724
56119
32127
68428
84437
69706
30861
98238
54039
42112
36464
31184
350
87523
98833
22904
97656
72480
80570
29501
53195
26627
38507
6606
1364
47621
3411
79099
6358
2097
20742
38573
87862
8187
44968
24051
81800
57494
63265
13430
89740
41090
89282
57200
88810
31245
49038
22175
77485
36642
53538
57151
67409
84776
57577
75471
48195
36491
59580
50352
23364
20366
92990
25997
77918
56495
18082
75472
83238
62419
8239
93780
19843
62425
87847
16818
33946
30229
45426
91148
62932
18828
2809
64376
54907
53008
74228
47170
51003
31334
86336
16822
50207
71011
63161
78743
28458
29622
94561
89021
66434
64098
84077
64105
45537
72693
16944
69160
40392
39986
45751
39374
81673
46546
18612
12285
21930
17263
38338
64365
33377
66987
91089
13920
55730
14136
86262
96454
11148
39613
58919
13203
2238
98353
85834
79668
1513
94669
21924
36109
41717
68130
71719
37052
21426
96924
89634
965
9877
79380
9198
71751
88923
83557
24548
22861
8188
18228
79851
45610
69173
64179
2183
98033
68125
11858
59879
32072
54935
74420
25187
51129
2628
12825
62591
70321
65718
23673
48942
51163
19294
87752
48898
71388
81533
17627
85502
82444
47002
35008
20728
38666
43885
84741
74867
64260
16840
21582
59611
76821
94642
17377
6473
57487
91387
15468
6733
14238
21227
80365
203
20366
77753
72723
52302
6534
32001
23071
91955
45364
87415
69714
66207
9774
35572
15444
91572
37570
74962
31510
90453
28969
1241
46601
76496
61669
82571
18601
89592
16757
41347
30777
3694
81189
71071
549
63824
30760
72527
91637
96907
80976
60433
74020
20098
93401
44638
56177
63790
76968
65685
50356
70608
86552
21276
55537
40362
81755
24626
1022
76044
81594
246
13204
97358
88246
48747
79899
40249
88420
65111
32516
24882
83605
98579
71940
73999
9316
88994
19758
63087
24171
97652
83745
40811
65814
48042
39650
46176
51660
27139
92885
77592
74012
87619
48641
47452
77855
13783
11713
67571
55879
57411
58355
53728
54904
71136
45813
15295
75210
67672
89617
12160
7616
49243
91111
39330
65833
76576
60444
5164
44589
99059
17767
71483
37765
98893
57515
4761
63949
21154
71400
38923
8281
63805
54883
15604
13849
66005
40076
84463
8169
66846
82024
25468
83978
75531
3261
35292
32631
14100
13553
64088
85592
11307
96204
87555
19359
53992
63480
27429
36717
25717
60730
23594
46007
97267
87299
71376
23401
89607
1320
99568
29370
63466
92917
7412
31600
14109
7453
57869
8646
85069
15410
82264
81818
98958
89151
12664
52304
11449
9942
59938
23998
57174
54252
97019
11548
76377
61067
33574
23762
60824
91995
32083
35078
65288
83603
22158
72638
82980
21806
91355
42261
79898
76830
79037
13203
18099
71694
66412
97494
73760
78400
64316
45800
43317
9461
45256
27098
43585
4646
10914
92650
52311
9972
70811
13165
12023
29531
44408
67982
46807
9926
16978
97519
83054
78693
99985
1992
27048
14253
23373
24298
52057
87597
95062
9906
34530
43779
71954
41140
73050
62739
37336
90248
7211
36417
38399
22244
70186
92479
50699
91757
95645
42295
92225
30979
39213
47134
12888
50474
55144
71876
26628
49181
9131
53880
88976
18531
71492
79117
69507
93145
94690
86572
84203
53221
53890
20368
19899
6585
24086
29496
87342
67655
18146
26431
10062
42689
87875
55523
40269
17862
14297
30292
3780
86036
1511
11441
75946
27003
61599
49336
41551
72899
17548
28989
53854
97230
75789
49470
67899
75717
64348
54768
16339
19920
33003
67805
55477
783
81666
77008
97615
27537
12872
58513
84383
51693
3873
61546
69660
70863
16863
47789
25380
29799
95425
9272
78174
8656
90319
37362
1952
38956
98717
20527
44558
95318
67425
46570
88230
90540
31723
50992
23317
80595
53433
51346
8378
29085
9141
96067
38539
28394
59515
21308
52055
22284
27856
36449
19981
28640
66080
16571
47578
2649
38059
18356
55437
24440
71265
15604
71479
89295
84728
71239
71167
64236
19179
79908
99933
61829
83579
31154
80320
33138
49396
77862
93438
36376
39828
2276
48035
75229
85919
21871
94185
32268
8107
71769
3349
11299
71885
33076
54598
7704
14314
15191
90287
5708
56215
54208
99479
66332
66313
82033
18512
19873
45056
75980
72884
54271
24909
53334
46285
82247
78985
41894
70953
83364
4626
78356
22120
26417
25901
57478
18628
20510
89489
65942
31781
31643
85500
31944
44672
86423
67543
56464
94979
95529
73381
95878
44787
969
31107
61740
69634
84488
22097
40741
36638
53198
84340
83254
53687
31211
41016
2372
47289
49144
11353
74132
53332
66929
52208
80063
34398
23208
43215
51854
66367
49500
41125
2147
16828
59145
67047
40202
53490
78078
27110
73682
51421
49655
80973
57495
11321
54352
44168
3652
44216
65093
28356
32764
22037
41882
64037
31684
62755
10045
43269
67382
7669
3101
11526
74184
7687
4341
38881
60455
11018
9811
43283
21194
94506
42756
49081
48739
73917
35889
72347
86886
72285
88091
77319
62321
74250
98028
27570
38167
79873
47188
25239
82808
43158
80192
99382
79208
42332
57677
87039
2181
51325
23033
46205
1180
86433
79574
12423
28384
11020
54539
46905
80300
19578
45704
178
67937
90658
87588
44485
20708
97465
30401
61867
33654
25130
96906
65209
81712
46555
75670
93266
73972
78666
88384
18660
38553
88721
7490
65405
39548
48879
35846
14773
17755
72485
21472
37044
28015
49536
92749
48833
75962
91911
30631
20144
88321
61035
71206
80709
30331
20363
71591
59763
40537
32568
48675
34895
37486
7749
24211
95094
1124
13875
40245
76868
37358
93185
63206
22913
71482
38288
63726
86722
20565
23075
74131
26941
10611
61788
71123
79267
52783
62575
33814
37459
75179
5469
18986
98946
61812
12194
67919
64780
10404
16918
44583
38766
33832
72801
35477
31557
50947
55383
66760
12596
69594
46452
3437
95515
1904
71191
47257
80779
54793
19909
80853
30016
66628
52882
92417
22775
49535
90805
51098
79312
11772
23485
14764
29203
70748
76959
17223
69130
82356
64712
35952
37345
28109
67393
23534
72654
1344
75736
17896
72568
5235
99647
74765
32323
65688
5136
36914
45164
95679
62715
43771
78509
91937
64346
18780
95835
92762
40029
8922
15993
41788
52462
52183
12046
60919
77347
12982
70266
73197
71162
21748
85227
27292
93652
19860
95627
22441
8678
62344
42269
11955
58897
24964
3195
51476
45129
70912
85839
12080
46687
25694
35194
13449
94197
92835
95270
55604
99726
11066
29949
6156
72862
4579
65684
91270
3405
8087
26322
93160
30474
34735
43028
57345
56470
10798
47659
76814
99063
23162
65835
41988
28330
16604
28899
5337
82702
78846
55085
78422
81674
42066
45378
29682
98941
92559
77928
77188
78738
99276
97108
23446
87344
98962
19069
97558
32914
15735
96558
49176
47531
80944
63817
58557
75004
29158
47780
62376
23965
59663
69117
62647
92703
36799
92839
78606
74004
89197
81458
47574
8343
15212
52854
45227
53918
16625
29322
39356
80712
24770
61572
88429
24036
17447
74715
12453
95248
7021
40528
42599
28018
46161
70371
362
67829
99147
68309
23449
99158
72649
84691
3176
35026
13523
19672
97193
48566
75969
90079
87952
99056
55979
72804
32461
96963
72384
29718
48733
77435
38746
87721
47511
75376
13393
75413
90218
37005
51074
41287
78104
62648
47194
28497
92319
70905
96616
69346
95162
9411
43972
55229
34988
44372
22906
55924
51347
64912
83231
24248
97861
48540
86455
12042
7925
37205
62060
75592
44085
76323
26719
76816
88875
85125
3371
8569
45417
58427
26092
26362
92772
46937
54777
44001
46246
80214
99373
180
41216
88079
21097
65381
70668
83046
46594
49473
79348
44978
41868
75813
70182
97346
39741
6147
38802
72581
72463
47448
46462
97425
10011
19274
8980
193
22188
42819
5735
95343
32659
70529
85951
94245
61712
72144
44312
74886
65959
31236
498
96981
20192
63411
14396
1063
49232
45065
98098
21994
52499
32651
35525
34105
44675
77294
51232
240
28206
19254
9625
61980
21962
75570
82529
58396
94570
27855
87656
46508
48359
62918
13569
4204
19205
75839
52402
74299
73190
94569
34406
55704
26750
51122
17994
58821
25491
89796
64042
9365
36404
8851
22410
70809
7473
44743
44868
55368
4696
92346
52532
6561
68655
78378
14494
94014
30194
14728
50139
35166
43857
44862
29696
75017
70267
27062
82384
16478
84745
55752
35301
29855
80622
28630
83675
97938
52222
66988
47329
63860
826
63406
12768
4940
32712
69537
9015
27952
85750
96291
52866
26382
7997
47582
40543
55728
27807
56621
46614
51365
44694
11966
39700
94824
56282
47895
24556
59689
38533
23676
79425
55058
842
97581
4936
63030
58379
54080
11545
70147
72486
64398
19045
90317
5056
13042
8809
97557
82785
84923
97768
62654
90813
19493
18718
87033
83069
16615
14764
73000
96129
73200
74229
98688
96215
74285
86002
32789
96269
62133
40473
76429
98312
18977
5243
93165
13360
73366
47169
58461
61806
74451
42306
96539
59987
88563
17468
39258
95255
43183
35083
62762
10918
91435
7427
75066
77002
37124
21207
81972
75181
76405
77434
57535
95797
8981
59904
56303
1619
89066
48676
47378
63739
92211
47607
17374
15990
32423
58777
8183
40440
74833
15176
14032
48157
50483
37817
62947
50686
71024
76002
11256
89126
41961
4403
95281
59585
28382
70028
89637
92180
18130
83163
34696
39761
48070
96893
73488
68006
48031
56227
51063
2178
25701
21603
38261
8983
68420
24918
29726
12054
83363
1844
32887
69538
39369
58702
73443
81093
71791
61481
70943
72025
26089
34529
89011
25153
33644
37157
90564
1477
74819
67316
45418
34528
50521
93166
94947
93042
9055
24243
20349
26656
62456
56388
23361
50874
73270
58370
55334
77483
86206
80119
68421
98284
15535
56910
99862
50469
94028
82575
66003
2613
1757
91880
24261
49905
17264
15992
72743
79651
87560
22549
8308
97265
2358
59154
27922
88355
33917
30314
66992
40332
17614
13388
58934
73081
46651
52092
47652
10706
35453
55807
23478
65363
89143
31279
59516
79524
85130
54659
69628
17648
11040
21220
16129
48554
24875
75030
87814
33764
95614
21274
22144
3093
74151
44985
46609
44605
4908
5766
46314
54613
51092
7404
28329
23957
36042
71648
39179
73674
89001
84875
69781
30195
73061
74938
40272
95842
63598
57091
58052
63605
10748
33014
46295
22661
44601
68398
65517
83857
8143
90955
30772
68781
57503
71195
90619
86106
30545
9442
87226
27278
78526
13111
30749
59398
95741
92583
66852
4193
64600
24394
68625
50670
86965
25400
56077
43826
90866
43071
41890
94974
98359
62396
22750
68734
99352
92161
28209
65756
55711
63525
93230
22204
12279
12682
1767
90760
50734
85389
45950
36918
60975
13516
62885
60927
26831
6335
12409
90330
98836
74320
1623
32615
61961
70778
58215
52322
23844
74013
45740
85465
94651
30572
17137
34639
68967
76555
2428
23624
25320
90789
44027
19263
80486
86887
87012
75426
98668
91297
38345
43415
45429
93189
38483
62589
48448
93033
81348
4246
19296
91498
46050
4211
58293
53819
72225
96689
45043
84106
82912
56305
5376
36944
73442
56765
44638
56532
35013
92739
56237
48861
37818
7239
40031
67799
94037
89878
46085
32748
44942
90983
53974
31384
55297
37270
97482
78252
67637
43450
88642
91701
16070
29762
50175
76746
14470
95081
36606
70933
53384
33806
40051
78383
22209
14662
13352
21873
27443
10235
85256
99060
96959
31084
32009
65924
64612
20885
9621
34059
44245
95490
13820
70607
18053
4114
64604
88288
39359
83654
98781
3716
68219
82854
88848
89527
5402
7264
87159
33056
44802
80846
20643
50687
65680
98718
51373
13016
55383
90672
58558
17431
62318
72699
81163
56444
18867
93743
77617
19528
44342
59328
823
36011
47966
52716
28422
12997
97807
27594
40268
40521
93110
13492
17848
21340
60676
40445
28601
851
59973
49480
27692
66770
49269
14811
20509
30322
7429
38593
10430
35722
61908
25950
88955
44890
38135
39991
15175
58532
45938
29352
71975
32998
89260
29589
60052
69112
70372
7352
12538
17739
47015
99603
86042
58586
85064
48499
17647
2388
72286
50797
64630
87190
92068
55199
86282
96796
12556
18192
55520
42469
67033
9743
13988
98067
41080
80446
86228
37627
82675
74317
81158
31479
79282
17404
56380
29023
5056
26088
80238
15137
82166
98141
9150
9168
17948
52708
12903
32021
19291
34512
47500
44310
38497
65174
57684
60611
42311
47901
34306
19922
90893
40636
58280
31356
86731
62920
51184
82864
34719
36517
82249
48108
75782
86509
17936
10575
24108
20335
78842
82059
43651
80540
27705
92709
14683
49518
63992
51419
80203
5488
26177
36890
34222
59185
19716
74811
9699
20121
73994
62721
94930
52134
77208
36809
68707
17038
42284
19781
84475
11896
18316
28004
27542
70360
88837
12751
98596
55045
74189
64687
86754
27460
81438
10803
50923
48836
86280
75942
1054
65668
9988
58903
23964
79671
81912
55028
63528
49772
71627
86812
77440
96525
28799
24210
53979
33262
53082
24081
1890
49003
7499
18018
34027
22494
83356
80825
17871
50180
27725
97406
44891
22465
42398
33152
47894
37367
55681
75746
87023
45689
94571
93991
9195
18543
37602
43935
55290
34865
79000
99175
69252
22286
73893
29550
12403
39184
55878
16280
88726
40047
73852
41515
33873
81906
32144
27602
43332
68319
78941
6611
92062
21523
81107
85604
50861
38917
23784
12580
65641
53264
97614
89450
74253
67308
60598
82733
62499
24046
90992
8437
78649
281
13827
7458
4030
18595
86366
25124
20190
86306
8652
25244
3936
20839
36007
48233
11317
95720
33801
95390
70416
71556
37943
9770
57326
89812
34491
93631
95394
87477
42858
7256
16390
54654
31264
61746
1703
66221
37101
28216
34800
97093
62303
90957
15784
16423
66782
81870
80266
63046
84064
41357
71190
72165
32744
15163
90730
89825
2814
81325
95535
20347
94571
20847
98621
80156
4526
34670
69621
23537
34024
77969
7522
860
43340
57122
8226
19989
53305
17289
24442
90657
19133
74497
61996
60401
70648
33243
17081
23003
77749
30718
29189
11831
57395
85152
56534
50808
17226
24533
7506
24029
69045
65259
12409
44220
1028
66199
54081
42789
49831
50045
69989
42216
56255
1281
16686
63786
45382
94228
57488
53043
36754
65983
98446
84262
73542
13041
45395
65347
43715
86409
15183
81550
91995
78839
42055
8770
47092
95202
62990
38255
61406
7642
4462
76536
61723
46423
94250
76295
2059
37577
18482
86437
819
3938
32387
63220
27879
34980
13215
63689
94636
58485
98463
26001
79225
98791
70659
41733
20444
19862
44939
58655
31463
97875
83614
47228
51461
28609
95208
72578
95125
65246
17905
37883
53478
74635
304
30740
72340
43125
15801
8666
11753
45717
25031
62383
63182
4834
69829
51028
1237
34315
94860
85810
18550
57344
19823
5041
62743
14506
85392
37920
63832
96994
85445
7037
96309
46025
81516
1924
2109
69340
86332
50811
66965
44923
65780
52788
27913
39563
32939
2000
57373
59525
32637
39508
77649
53781
16210
58464
18733
49623
13588
36147
65576
73914
83029
45381
10632
31795
81115
92872
60741
95006
99950
9321
19964
12738
9048
48416
45974
33975
6765
39262
14415
96762
33211
32440
49608
8602
6063
81851
35068
15084
61985
14424
96636
86675
70603
39318
3304
92482
77635
3660
57389
10426
50337
61335
60308
6519
22963
12712
5867
10334
53613
65318
35429
40445
29389
80300
72288
58636
3862
25413
82467
13402
86036
2247
10275
26192
64167
38596
54757
25239
18923
42063
37923
74018
43651
1173
7784
66701
11809
26067
46259
28884
12388
98930
27086
56128
16871
85550
41359
22635
15254
2679
73293
43644
12711
55692
36441
72721
66366
57894
96017
57738
81229
52870
34419
37843
46697
74412
15163
7528
18359
72645
81999
63717
27517
55952
17664
94742
9611
86905
81846
53359
57107
19221
18271
55308
89920
38586
3752
47907
5037
85299
74967
71017
44704
56151
16298
47110
86192
80947
41385
71329
31185
58010
1979
96965
84724
6793
90791
45955
70454
63280
73961
84622
99801
9987
11663
90161
74624
84517
88813
13869
44089
58605
41575
88115
71214
15087
33851
65373
92475
44383
71378
70451
33207
80787
7306
10751
62161
44073
27478
52282
16942
25546
78739
63224
43402
45010
66611
68057
50171
63544
21071
96889
51893
96670
83110
28764
943
43655
60213
81701
36358
13000
27991
19743
8788
87812
64040
2096
50082
34506
53918
4830
2810
38568
13777
32677
68358
39886
39555
69295
49907
50992
90511
21651
38167
22436
20214
81366
51972
2754
30262
21562
8643
92616
13278
80445
968
32178
36007
98858
94410
20778
89043
96835
6535
62998
14258
99032
82459
49404
72256
9746
6119
57090
54666
13216
75090
19269
93848
68158
75338
84779
67226
50308
84456
67856
57261
14383
80506
79775
10819
24971
9287
49466
15069
26853
89487
65679
70448
42818
73636
94661
67819
86555
27413
26501
65289
18564
27271
66836
76029
68077
57697
92182
33917
60867
6331
80584
96599
85095
29829
56967
26373
87162
94293
2651
84964
9233
30691
42784
99287
94359
50226
67878
801
70836
13296
77832
69503
13322
39852
88828
70910
98557
21466
87267
2695
98356
76479
6458
92792
67182
3138
52771
78957
10924
63134
88010
96447
24118
42556
4133
89897
84772
25003
7009
80542
45734
54030
56864
71049
23168
65962
75471
10686
9485
41543
11949
54855
69010
30127
93053
27872
19040
14698
21358
24350
26048
50468
43197
30415
22784
42888
83150
65950
15065
71519
57
45278
79773
43283
93307
30995
56958
44712
50554
35520
32572
34972
8914
74979
54876
7310
884
61883
71388
51409
4008
60525
97808
93909
5344
23903
32739
10967
95630
4028
20160
94000
61400
29886
68760
28931
63327
35038
13618
3260
47136
6040
70880
82018
58480
11544
61157
85882
21134
35574
70015
60820
49516
12623
68476
80734
16338
86043
23102
55788
41212
16606
85667
51373
5381
65729
54398
9131
13710
62922
81664
65752
58195
61435
84805
10756
90321
71947
51318
48741
86198
51807
95326
67473
5438
42822
89480
76381
90218
78166
87616
38639
39726
92046
66872
80290
67510
99664
94749
57718
61932
36777
9488
55801
35231
45030
29008
29111
12193
91998
78841
88074
90540
75589
88450
67984
24896
24261
83226
69713
28562
8956
65323
69355
50730
97344
10746
14931
23255
62891
53377
65520
96715
39377
92380
34508
36579
78964
99479
95910
31250
58968
23529
22714
29559
25624
91815
8937
133
32488
98685
35483
24681
86379
9187
58656
84948
59034
85021
39111
99856
84723
92707
91184
83219
74079
10296
57816
70203
93530
53531
66419
49150
12413
72259
72358
41240
84612
61158
50600
34966
80813
28402
64045
60799
98705
10124
81289
59380
43920
89027
7184
25692
88328
83721
90790
48237
31584
72503
53153
461
54377
8098
21568
98186
8424
32511
8882
9931
81275
45691
1712
13990
4708
11625
84428
23398
71320
44849
64184
50573
97506
84337
64543
73448
65680
87047
75061
87277
28129
30646
53965
4178
68384
72687
36440
28589
85037
78130
97018
19463
43936
64018
95582
59798
3834
87970
39753
23708
46790
85542
59000
35358
510
19035
61429
88507
21088
91315
41996
73629
49848
61233
44633
86969
24582
9911
2696
84014
84157
39823
67476
24789
18432
21994
55419
51306
47960
76279
30340
3396
43347
48779
46121
53816
95092
33340
58652
12119
11433
47315
61355
45692
63517
57996
31687
57615
78024
91392
73905
13924
72499
99908
96241
75355
23272
26582
98802
99970
39066
34004
44285
46579
41167
59732
53019
60211
90478
18190
74960
94638
40687
7880
86057
56642
61519
52878
30834
44581
64377
31424
5659
96697
41512
7696
31285
5699
34449
45420
38706
92945
86804
81360
52302
36849
82483
64765
27011
58328
86440
54288
70805
53956
63
78572
17758
89777
42233
50868
17009
62187
35885
76512
67206
55491
71868
66102
78016
3736
67931
89472
75935
35138
58236
3333
10570
34417
41490
34736
69753
46323
31455
87585
27359
7846
43720
99529
20577
65137
67110
56883
16983
8838
64173
29
75455
85430
28971
59773
96039
47771
16654
47725
36914
33517
92870
27375
93021
78283
34668
70270
56371
90784
9122
47091
70638
44872
54713
8192
84567
97032
94912
50427
51797
44951
27358
20747
70576
62272
89517
36543
37161
49426
19220
43571
80216
55749
39138
89533
27070
21687
92282
40962
26121
14699
16411
21023
99598
56458
726
83386
21441
26438
26295
60888
67953
34863
7276
56075
69429
78501
93638
14209
32593
36375
93555
35702
49488
76842
52634
49734
76760
78443
14480
32315
50011
7459
30516
20372
21412
66654
42556
94934
10010
77516
30881
55193
99088
10565
11147
14723
46680
62175
81291
18211
89373
89388
7722
20233
99052
86035
2746
1921
15003
3739
21326
62343
79154
27605
46402
75975
89501
82367
24373
96296
55519
44558
27004
77405
26337
33215
71713
76257
89934
41066
22491
85486
37304
52807
21201
57691
27259
90317
4708
66856
67954
24148
58441
53919
22159
40350
23906
47385
64423
26707
37048
32191
52768
23466
80840
78516
1481
74633
63552
99162
3516
96540
50344
69620
76907
40633
22643
51058
22806
55555
75787
39425
60326
65655
30430
18998
79335
21455
90835
54891
9806
42524
14663
32017
23434
38712
8858
80409
83181
78390
37528
19541
40729
30660
83189
76535
19508
44881
79011
49435
20852
5309
74614
36860
58921
54494
45491
77777
6814
66996
42551
48124
48825
46308
79563
17976
21656
65228
40790
3071
38045
89150
92576
70575
84357
85598
38286
32001
86407
8121
42257
58783
39018
72497
41000
78221
5503
28737
13179
94361
34871
7617
35882
78876
97082
41526
13990
14637
23727
54545
55526
31031
53599
87115
5506
16102
21148
58093
60972
90284
82349
29588
3861
59019
10452
47979
82363
78541
37284
18783
49519
67090
77651
8499
40623
82835
12115
15588
17528
91569
92558
88228
1202
33739
30687
12450
92344
40009
43519
68352
11247
34588
33335
14496
80786
73093
69915
6224
54401
88138
98800
37193
10436
99996
95389
63258
35197
76415
35331
83247
95660
13182
55439
35659
28726
6188
54730
40760
3220
8709
3905
73333
30497
48389
72956
26416
43735
54069
79220
37499
8193
1574
91667
19339
71265
14766
54113
94304
12053
65095
39540
28710
19074
35996
35992
49138
30878
21570
52029
43422
26601
13347
26570
19723
71060
77311
80149
14267
29888
44724
44246
44920
81826
24278
669
59344
73940
42763
96001
79034
47112
59885
35989
5071
66592
51061
54880
45935
85269
36240
92701
1503
62477
83734
96808
54385
25917
69915
23050
72021
15118
3562
78132
68495
43788
16150
64751
92585
61210
39421
84341
16606
20218
60077
26233
97173
88841
37718
42890
40970
93867
13138
65655
57161
2831
63070
55725
8047
43209
40789
38386
9975
24267
2002
79313
37345
86959
14101
76051
83410
82296
40133
2482
184
55353
39646
38877
15891
27015
12112
55693
14995
79285
91708
93435
38744
40764
56701
88071
61006
64846
50369
72684
21162
68487
86025
52426
51170
67670
5868
69163
68981
60146
25985
50120
1346
4665
63041
13927
87765
55783
69656
88430
93523
59892
95671
99419
94511
60621
66643
70181
91897
19358
78113
68728
48025
12556
34328
74250
47607
98459
24350
89463
71294
33274
80096
4840
17598
94597
94665
1369
16791
53355
8692
5314
69099
65991
282
29110
35524
29693
5725
54905
28953
91712
37096
51371
26248
11321
36861
84209
3665
52032
23045
85864
32925
44207
5560
21049
44160
72750
43945
94433
99631
13964
29815
31580
70750
21287
31022
5362
36443
37712
71540
88644
25537
24431
37278
44935
80467
39426
6826
31692
44612
77880
76385
72609
20228
29804
80851
48088
17262
80867
7509
56283
48377
38517
43681
27129
9241
36134
10144
85774
1808
97830
24177
97990
11049
17301
51112
30109
52061
22990
37874
33749
34461
87943
29661
85636
91468
58175
6074
4164
15308
33445
7558
86231
49752
31041
69670
31314
91866
37374
93279
519
66435
50478
4641
17364
51197
38117
48532
73832
91439
3042
79677
58265
83784
69129
37939
1584
85394
30763
35805
36196
92785
54126
81581
79901
66358
96138
88264
40262
58533
35864
1167
67820
75545
21170
79546
88146
47739
79731
34931
66122
72483
1988
78458
71036
57101
86028
82421
4505
15497
32552
5038
69591
61870
17369
16224
24318
13352
29057
317
87839
31469
10228
17072
34844
93333
37142
42437
99457
61427
59475
45301
8974
27139
73160
51704
5079
44341
24541
19085
63080
25048
28138
32830
89049
27455
87249
35206
25950
87775
3359
25796
1890
52947
75899
39558
34594
3842
67382
94703
2861
10069
31707
63522
13421
64451
21826
26553
66654
4991
70731
61541
94843
65987
78527
90781
48794
3334
23426
80386
32951
88397
83546
24768
7203
76251
471
72451
18465
65486
9646
54525
33378
56586
88413
74281
17785
82565
86515
24163
31888
26934
10923
81117
13726
50459
30705
68939
3635
51496
7390
89635
82329
34652
13505
54401
91972
33126
54078
15094
24507
12405
83994
79119
49187
99420
13549
92763
67580
13134
53852
56090
34828
70698
57720
75940
28632
13299
85664
15766
39557
2891
66141
36245
82041
27027
21280
18052
64994
55176
17360
87971
26083
9435
78570
67584
92352
17546
35476
67355
91956
9965
89031
43320
14248
48013
75565
18116
6287
65017
38300
6964
82069
37105
99811
51947
63189
81604
72358
75561
58131
99031
85714
82846
88834
12923
14635
23629
65795
68158
95963
51351
97871
36767
48701
91967
90873
69086
54978
30189
67656
79448
57687
11394
63543
83487
82819
16055
613
60187
27217
43571
18505
2706
46334
13929
77831
87187
20198
83211
72913
59112
37683
89770
74285
30076
25852
47470
38675
51827
21743
4007
45422
80762
2431
96811
91076
16439
86037
77983
47345
38098
75018
36363
44663
56135
1947
34156
25829
90778
13064
19324
94292
98582
30709
11927
29579
38414
48842
78264
98500
76924
51428
31491
73406
52683
83589
95276
2495
58632
72655
93402
97771
56033
62612
5471
80958
77765
70983
49033
69987
49091
16584
78290
61802
93459
15115
74520
30223
25455
96009
99797
78675
53076
6456
68794
54076
72639
32859
46441
2058
99298
91438
44735
10722
59481
77108
58750
29140
1675
11591
73859
22553
55863
97632
48427
145
41791
39353
36118
11188
36174
27759
10171
47106
83103
36534
61975
13571
13926
53474
56170
97016
33707
54546
94451
67459
41884
43235
66880
48469
79084
20365
76159
60783
49340
46345
5296
26974
39222
96640
95692
63235
65957
50879
91921
48498
95945
22532
34585
44045
3054
31655
90092
49336
93532
48412
29921
24868
66655
82026
30538
27355
50387
42569
11520
55835
37828
23366
78283
8537
44123
56131
84705
5639
94801
84803
61018
79826
90837
29826
12194
27198
48927
19596
1417
49879
44388
1312
19675
10010
96942
59758
30429
95620
13936
52497
63716
28344
76536
36753
93436
71048
3373
25823
36627
89274
68716
99948
47353
30577
80439
53627
18437
78558
34558
39570
12021
91589
38405
31409
40688
28152
9442
8666
44321
95147
28792
34931
12516
1732
66974
76685
28643
48257
64962
10392
21266
69341
69534
50978
95756
93335
711
16743
30414
69624
1486
38563
25435
3684
71164
1216
25869
53149
24840
23194
47277
82667
94000
2627
49762
38050
45837
58820
17929
4590
48269
9955
11552
45524
49200
38457
7996
47144
41941
33508
13969
41348
46863
71806
37603
56494
49869
95452
30157
1719
97372
31081
62099
59904
20903
65453
6211
86999
66829
38050
37319
13622
48416
57444
95043
33850
86173
23155
78365
79399
72386
61397
94609
58822
10592
19818
86094
14793
11918
50530
15956
78287
96801
8818
69528
81571
75240
68985
87877
44844
21196
69890
81771
70888
8969
71732
53252
43950
47452
94458
14878
23087
76150
43853
76507
55234
51245
93284
79414
49441
50388
45438
40443
48852
98133
899
48488
69898
8665
80667
38367
70099
36807
2119
67129
88435
80899
62850
78305
96003
74384
63544
47905
55504
66604
49690
63136
90870
46112
36796
66190
22176
19740
95729
55481
43536
79361
53209
20626
50160
10777
81344
53330
13678
93106
61818
86462
14892
89325
15031
43063
40374
20840
16749
27203
68040
54349
19234
33415
5056
81838
82071
62591
56601
55145
44089
98242
84073
92827
17049
45441
96378
82394
93570
32636
84833
99275
66618
23199
43068
35792
87576
90112
13710
30339
73261
68009
28670
3423
8137
95275
38198
34875
5730
22130
59473
25162
73394
87560
53404
48762
38617
44698
8403
66422
85581
96527
42452
44452
15265
74653
44565
7340
75528
23787
1808
55555
44929
7366
59503
4063
49264
23991
57759
73697
57344
14728
96377
63064
81193
19845
12511
10555
35744
50729
94246
60626
28631
85365
51790
46987
33536
34224
71110
85832
34159
33897
47253
59975
95879
2281
585
53866
24590
94019
85231
98742
47238
23141
20441
39251
66533
53800
62540
8794
56138
95644
74768
27371
11240
73456
96875
67282
30410
58004
42521
22661
7877
60647
19846
82029
38812
81643
33368
45130
34570
60731
27978
70530
31781
98588
88328
38991
66047
55427
8088
63695
74994
80410
84072
87622
39042
43310
30872
72828
67156
94425
19780
60176
75484
89852
84408
92799
73301
99681
52676
8695
25408
28905
35717
86887
1874
61749
72100
77943
53499
75182
19288
53381
35751
62149
71725
49007
46261
85511
27412
31995
79147
77512
81986
26404
96659
68291
7644
11899
61018
88395
35240
22772
40269
1570
24232
48089
66298
82308
58160
58055
6873
4621
15941
52501
77640
17489
30214
55997
29644
29546
39329
94781
32327
54090
89427
31172
72751
8526
42171
2883
84763
8771
37275
76081
67166
11283
89509
91225
24672
31808
78257
4378
43762
44072
76853
83736
86709
78304
26070
20505
84337
34531
77416
27949
44100
49898
30138
12825
44245
49566
34617
25553
85925
73184
56322
17353
61473
99915
45800
35773
40531
43739
65326
51428
13858
80815
16675
37278
10306
15468
54075
50840
58555
64143
61785
52127
55611
59554
27755
83174
59405
21930
70384
68058
99342
4404
26022
88912
25719
72646
77882
56516
5733
84822
89102
50746
17814
83929
57118
522
67135
64398
95109
33551
19933
23578
18685
17059
51436
96859
30312
19226
29558
31422
28402
77226
45445
29696
24252
32597
94619
94445
21211
31417
90200
59881
47002
88920
33976
82255
36000
60129
67868
43269
58955
72591
47000
79046
68848
21578
90235
45286
2980
18832
27310
63425
66054
22213
79138
74563
14852
59024
18480
15869
1574
44898
59626
57006
11834
68582
39449
7304
52757
83640
85932
64116
2869
25454
47143
8669
65192
62535
73710
48727
97865
78102
44795
96297
7051
45545
60182
32966
42968
46609
46133
29136
93496
75486
56801
70972
72782
56988
55015
40563
41479
66330
73161
9501
88703
78422
14961
77741
11979
79773
60520
79177
55108
2575
15802
18427
97675
51967
32669
43795
41724
25790
2577
29548
59320
18319
12878
10147
95501
96160
16481
95106
84118
7532
19335
47225
93986
8482
93896
88762
6897
63948
25776
15948
20100
10277
10743
1633
17555
42193
49110
27213
60765
84003
97219
61359
68559
24332
11896
21503
14154
75078
98883
57904
62076
24498
2293
43285
6493
9789
57690
85212
79525
38697
87604
87663
89078
4425
81607
10882
84494
63897
38548
44321
95816
93998
49662
3050
36649
23554
13011
29292
26763
83127
65053
55410
59069
62497
36408
12107
55149
60315
1263
79712
11893
73824
44931
33304
34145
818
79903
96396
51436
97359
70496
73787
9390
85602
79600
59637
28201
77808
11565
38826
23104
65074
65079
20041
32526
23587
40898
65531
52907
89855
58966
81631
59254
24147
57875
27301
8842
96
35236
68510
55402
60321
60142
67051
4115
71756
13012
88027
28783
42634
5406
58078
5490
7680
88863
59723
40065
91347
94824
10041
95537
25498
19515
2842
91381
69730
93203
80732
50705
44229
31422
76474
13112
86596
13558
63731
89086
3275
49144
90466
10230
20700
55967
17866
42640
74988
43090
57486
43097
38842
33997
97505
40169
5085
73482
98
86097
21590
81331
87226
57842
68618
49334
85446
18852
45149
78037
45873
22849
31346
98284
39644
2579
80042
11066
86947
4609
97807
76936
61529
78752
81394
92305
22259
91133
58886
71538
24899
90500
92138
57147
9751
33194
54527
79490
9655
27155
40063
77470
11438
68737
77076
10321
52771
52150
66772
30100
28431
23656
854
83383
7125
18399
67684
67048
14216
26912
31311
24331
30472
80774
14568
41196
96193
71651
22505
13598
48750
48367
62357
66559
58353
70737
34654
46568
87691
45652
34471
4307
39774
50040
27093
65423
28666
33270
53822
35588
57152
81639
15979
42016
91275
26608
74574
13864
53881
90232
82447
55969
34638
75595
19478
88166
31982
65998
10972
64161
17528
57566
30575
54168
4552
58269
51369
70190
4135
57124
79971
46892
109
91009
49622
46003
62287
7022
27860
18893
8303
55465
61244
43880
7321
20159
54199
25552
19754
89745
55113
49506
96759
46628
99168
7339
54603
91110
89329
67874
30264
75
87008
39912
38756
25680
69727
96178
23884
46383
33337
26303
371
6350
28941
88402
12954
29806
73795
79493
44429
7324
7659
75603
6030
31363
94510
84069
72520
592
21532
37198
25774
72891
13062
94699
18548
17812
56493
52747
10205
49350
59207
50278
86223
73595
10541
88631
48019
28820
93434
78733
65653
24792
84427
76708
31216
33214
29092
64234
15484
66049
39234
70437
61535
10638
92573
20010
82950
96783
90169
9099
79906
665
62570
85208
89935
24957
52839
61083
4073
163
77551
37950
61013
5196
73717
78820
93810
23150
87759
53724
9453
6749
47504
96088
52681
47394
45321
95351
58490
17524
6668
57997
46245
94408
11008
69253
41934
41229
83502
60351
46675
13288
20456
86671
9963
6986
93145
14482
40421
19933
78214
61048
76634
34758
1009
16605
43412
34846
52955
81362
18082
12039
25795
52530
37951
16362
19846
55812
61367
69579
99684
10553
64011
96409
28390
92646
63796
46557
86613
83236
72325
93341
33097
17817
35259
43938
33663
30782
84383
89506
16749
60948
73441
78871
33253
93705
35164
28364
12477
94431
57164
12767
24248
75924
81257
90898
50180
50920
70955
83966
30336
5106
52647
10343
66239
5542
44681
54160
37865
8014
74217
51598
13490
97547
20657
11998
13009
87434
44750
85687
22486
52339
74096
60121
61788
13993
98890
40781
87418
90683
25940
66788
41029
64714
55839
23010
7221
49555
60202
58850
2754
8158
82332
87258
23837
42664
65619
37137
25910
54754
43559
21386
38492
25705
57788
27492
33148
66335
79437
18116
13052
79177
57768
72717
98292
66467
65678
99759
42684
40597
68596
7387
75782
95526
62853
4305
17728
43019
15021
79846
78980
56278
4172
131
34741
19439
35979
45259
29444
65681
23000
66141
84947
21226
20105
6397
71056
339
74421
53938
17945
29224
54602
68857
58483
14315
88682
94270
75262
50795
15673
64784
77400
14483
55276
78737
67278
97914
59934
66936
42753
20490
16410
30423
25590
52590
50297
41453
4940
95372
70937
98753
2758
73384
81378
99897
38257
18123
99606
99204
79813
46977
89456
9228
73300
41437
93185
38722
17484
42434
69421
51432
51685
75103
3803
55149
98789
57746
97300
77892
8425
52171
42959
93993
57781
3351
26879
64224
41319
38922
47779
98578
20062
93749
55689
1840
64635
68543
88449
26738
15725
92296
31254
58624
84711
8453
4700
75420
90888
18447
47040
14943
54657
22767
48714
75959
6690
29820
73190
78996
34678
50039
38531
65750
51319
50094
86206
29665
55188
87567
83742
21045
48397
94381
66024
8387
95129
20360
14120
67456
82518
94404
60444
38174
87182
54819
44741
74577
18066
11572
18149
11154
16967
61847
90543
5120
43245
11600
62147
63306
49861
4789
93672
64447
18335
34047
95617
92115
81267
83993
82259
54716
93125
21518
37350
67577
73045
28334
21748
50561
73336
31726
8785
36465
69457
27830
36178
61532
28830
76578
99404
82653
90189
113
57994
9696
15683
54892
14560
91591
65314
16577
80927
56999
28282
55012
32315
65554
96739
39913
31749
56240
25760
67795
23028
4187
24970
47164
24505
59031
1951
74116
3434
59851
55066
57328
14335
73301
84976
46835
24687
57332
81569
12419
85502
79559
40782
56596
79802
62146
81020
55224
92964
30370
77653
33825
77131
12684
59937
8741
66750
60679
97171
80551
91325
46348
73043
38926
56162
88258
31881
49697
48442
98162
80658
96475
25470
98037
53383
37198
83306
3612
12832
32873
18303
56216
57833
86052
42715
37299
39268
93471
30522
89404
5057
22886
25750
40015
27915
66673
5244
33872
89877
12466
68355
20581
34449
80765
62220
17665
64902
70496
40842
99510
96865
21687
64902
24280
55162
90352
41965
75370
50349
43336
60445
38834
85463
5432
51025
77877
93672
79320
38614
49501
17784
97282
55448
2695
32416
41570
84410
93558
7274
40824
72116
12879
92054
18526
24373
34378
3432
38275
32038
9435
57460
95496
2975
67025
6746
1712
79298
91361
73884
87424
6358
98987
96114
8766
99032
12940
65683
46813
90507
81815
98439
72046
97854
24024
57111
98934
45143
50751
45493
61154
2363
84365
57258
65991
4043
6335
92712
40512
63599
20363
52395
65283
91629
36176
78817
10334
66786
98229
989
79999
99533
61168
42596
65040
4238
81521
75330
57626
28252
22000
41017
3187
23750
38886
10894
67153
43998
6550
83414
22038
38031
70464
38
68621
37720
29608
68690
55110
66887
16392
31941
41892
96250
19038
56727
98157
42953
59633
21616
53386
36968
15561
67492
3114
54454
73828
2236
20388
75396
61731
80890
22233
44781
60268
25878
68670
77288
99733
11477
33081
41760
4450
30068
96441
98493
65483
54259
87454
66273
44154
10806
82069
72309
92953
15051
38977
67431
79253
62292
90406
98325
61028
82905
17477
76705
51519
29305
40824
18341
73106
7166
7708
57782
63124
90406
39591
75730
4953
23318
3939
40737
51016
53259
86157
34727
72425
33346
30968
1872
39057
54828
14282
61451
28509
81801
10237
98421
87231
52875
58998
66289
18459
41826
66991
97200
96252
32741
26255
16442
55716
98758
88077
21035
80915
74155
4108
36901
68271
58981
70126
61915
13783
40399
87228
2835
62775
7498
85708
80907
25756
94437
58596
24112
88136
77173
48251
75067
95907
25845
92212
66361
98540
54835
78609
62601
50336
93690
65774
56266
80440
6289
28615
68043
76103
81575
25656
21530
2631
3024
24626
82606
46110
29907
78146
87135
76849
87721
89445
22391
25108
39841
35861
69212
79892
97975
55511
58031
88712
56805
68166
48509
97142
69533
57862
35472
18922
18242
63266
40026
76248
13402
13573
84052
17745
12014
71987
19891
14679
2222
35634
45012
59766
74545
87199
39482
39230
96266
85396
34303
61638
21584
13834
37574
13919
17286
114
22731
93460
80548
98938
65411
86839
21216
36312
63754
55309
84628
90355
65301
24823
55691
5978
27157
72337
88584
34179
36108
34031
64405
77595
94671
18442
14984
2839
76743
99877
26617
52878
29712
39852
63629
38766
51299
89862
89395
48419
36555
62967
21889
11350
55000
32486
43838
2336
5916
95165
48512
98207
92976
34402
9302
61989
39468
87860
32973
3303
98940
28427
15372
51248
99017
89112
62645
74790
79964
72184
93941
99932
46306
92821
55638
1084
14001
69197
19478
97884
52064
38412
88363
95072
20541
69088
72919
25619
47423
42051
29617
34114
274
90706
39229
29705
2151
73311
28579
30543
95910
15033
65061
40221
98852
60927
27787
17246
7603
42674
43274
48430
82079
44809
44590
82421
36024
14861
22203
81148
53823
85420
50979
28427
26677
15342
41191
98333
35684
80973
94765
74049
78514
42115
91594
84092
13751
21213
5153
19712
75061
57351
66259
20341
87900
58471
3364
58558
74758
22313
93301
14990
54505
53793
67439
10697
75237
78930
77568
71949
46915
80699
66623
22930
50267
86170
34385
5751
39022
71608
98739
14205
42285
77459
27982
85014
37310
70432
91591
95687
22945
31
12404
84152
34821
85824
76075
45630
39996
62877
38451
80756
73417
29808
68579
52222
81194
22479
52202
4698
35691
44105
60409
83413
60315
19587
50870
58866
40680
55455
78274
72553
5877
49908
50969
65902
70981
83348
16584
51564
44113
14169
92361
65505
14184
88731
53279
23594
41457
34946
18791
78260
65556
11011
43567
64835
39523
2941
37318
36384
86268
5019
85403
65168
273
56123
8655
58574
42622
39798
57590
79814
32145
50995
44690
47447
43832
62096
15413
81654
82103
75526
57813
37850
62975
3082
62142
68704
93925
75481
3995
4381
63787
32555
43355
50256
71939
79480
31491
38699
73043
44357
41411
36448
56175
51851
66584
57374
2429
35688
96439
95861
17955
44974
33773
60920
88645
30272
69293
4779
1830
5860
73294
61537
25135
42067
64757
87487
32156
13200
41893
25157
64119
18136
79005
13615
80972
82883
91425
99428
7160
16250
79566
17762
67862
84234
90836
20886
44159
24144
48542
73189
15151
5576
13831
72050
96315
18343
65317
17326
33207
10237
55200
68564
75686
56230
61532
11237
5855
51315
14877
65609
38382
69161
72213
33003
25527
83933
37400
92307
94385
47515
72518
42401
93122
67060
54110
6289
82770
10832
20973
84206
51354
82758
20548
10329
21100
41633
17402
42545
67472
76779
18180
43407
37579
65061
16042
83074
46835
57014
89136
78355
8589
65428
94025
35784
15544
52651
79743
82568
68339
31395
81328
57831
30269
53332
23030
65475
24580
80076
46813
84795
86112
17668
84015
3460
35212
5466
78617
54450
98809
89237
49479
37265
31672
49995
88138
26779
46620
23571
86377
68297
50510
99218
84503
69482
93151
66697
44145
91938
12037
96039
30634
94517
25623
14405
47965
77990
33029
10170
77879
71690
32825
48330
98228
86027
32272
89337
43259
40757
54146
6730
86240
7246
78817
18015
7704
11879
74103
736
67403
58925
85098
26320
53795
52339
15628
58346
69479
62883
53357
20108
9241
22759
36362
86571
96766
33744
55616
19679
60888
44198
67272
25056
96626
61548
50170
19332
47346
92882
31476
10683
47768
82919
35879
66761
65477
29346
18302
69986
16792
83024
9309
66590
73484
17810
11728
12003
60135
73823
99500
68813
80900
89550
59321
74849
97502
3022
5462
96115
21536
13567
73639
46294
45430
20480
23767
7001
44116
94486
50555
88350
18033
51314
5553
84755
37322
6304
44530
63458
47023
48019
29713
81238
90369
95214
54779
28129
79115
61042
45177
53407
76303
62302
5886
9943
27357
25142
1216
23393
3148
73285
84681
29671
87443
42890
80279
71471
48292
19350
81668
32307
78003
99334
70146
33886
76984
27689
33939
60211
81436
2727
56621
98146
83271
63971
66253
85791
87032
55154
58661
55570
49623
91285
56327
72442
74662
95055
42957
29388
47601
50698
15280
30759
66849
51360
19931
18864
13972
60796
56454
82425
47946
34936
84212
63827
64450
60623
46524
87544
16978
60340
96192
32282
31427
91266
62013
83829
96085
24661
49320
32085
1755
74976
36401
89960
57148
65020
69574
61175
10763
61974
14869
38223
89444
27400
61385
71757
15990
9767
58937
90262
7847
58633
71605
45220
53716
69508
48188
82443
35438
94424
9466
97337
52311
25629
39484
56438
24327
55652
14385
89059
89913
86562
46031
79883
43434
66434
76663
30739
48854
26653
75782
39749
61841
71592
20928
65362
23777
169
72377
69743
83055
57077
7633
8997
81611
38210
89270
83097
64589
19085
10266
41185
30400
39303
86762
25978
39901
88448
