93676
31376
3894
63846
26349
52591
79555
6303
63265
62442
98968
16905
6704
47203
98806
92606
90983
43914
95205
90274
8584
33681
79277
42267
46297
16500
51140
69596
87224
23182
28694
96656
81504
59506
47006
86748
70373
86713
43228
33987
48121
53570
2194
76982
37556
7672
75090
14367
58817
98322
20382
66853
65451
64365
71977
72895
15761
59686
83630
86217
78208
63258
55991
6176
80600
4544
26981
21956
87380
50393
82819
93685
8815
74783
60778
74878
68522
53077
5466
3658
75437
22330
97646
66639
65647
48611
23574
61887
84016
35035
7438
55144
94813
25752
3731
12094
69773
89624
99754
12285
18460
40522
32784
3476
34720
22514
11723
82247
70224
79180
81088
98347
68642
94823
38080
78424
30865
78323
65427
80027
66502
48835
61332
79445
3220
60360
56337
73849
63252
57314
68000
84798
45847
39915
14730
90807
69876
16077
25847
51434
26188
26847
68600
4896
98311
22270
15212
73427
48485
96507
48534
43040
68043
30299
28432
14327
12666
4383
42068
68263
61407
35829
47402
31408
42188
72445
32866
19987
40518
61285
6950
13448
65064
58211
45144
74938
90597
66103
85668
97853
88311
13927
74531
23246
85889
89405
18948
7144
91168
41645
24894
89538
48703
43135
70830
38680
71607
78853
55157
91267
14265
13117
830
88658
80453
13478
11795
6923
88160
37433
83942
82273
88182
45142
18689
11016
35414
95131
54553
30038
14791
17678
85040
92630
28977
56464
68167
66846
162
67817
58147
73591
15734
27585
69594
53213
44720
1210
12257
114
97733
75171
62376
69732
82281
22010
24044
99918
50136
19785
92032
76809
72920
67212
38654
7521
86196
71231
49313
84135
57020
4785
84004
78100
94079
63614
55425
951
15327
74909
84240
38026
42298
36436
80390
28760
2229
91153
80468
57592
21220
31764
74006
56863
94104
34304
67195
92649
83309
31936
22362
40846
82012
18250
53033
85519
70815
90775
46839
12413
41982
75313
52627
11096
71617
79207
28617
22022
95920
56076
8139
95577
24867
34190
84736
8816
60713
57261
56361
82278
7325
25800
6864
86734
49417
25403
72720
30538
56629
36345
69666
21958
9880
74508
18363
3258
37213
35706
69466
84164
10217
64795
20409
97970
18472
68727
35607
32289
67481
7694
28272
86139
76559
39881
9250
5437
93059
74529
69116
35839
28204
45408
39907
50254
41437
32987
33130
96859
85206
20769
15941
40595
23374
16877
97565
80623
77695
91111
5687
99291
14860
47559
34049
21888
8315
75816
1659
44626
35768
89209
14101
40046
25728
86183
20912
40946
12559
54661
73710
96910
66255
44998
74866
16925
5142
35351
67965
75226
97858
4448
24695
72117
64126
77849
93032
18220
52242
83152
49951
37307
58565
61948
13191
32684
85852
80711
96859
59314
55706
13015
25780
14794
58428
8144
37803
49765
68371
92122
36580
37464
31784
82199
81315
82655
6518
25308
14680
48527
66424
18754
63388
44998
49667
63486
7976
758
76015
88080
34820
84308
29368
61281
25347
77932
76402
58910
10201
78227
84727
62076
27464
56318
13459
19650
6970
279
72097
50384
36157
9621
62368
44446
25978
81898
33891
31269
72323
71251
38203
96640
22534
75394
37506
15514
77427
9182
11996
90257
53187
59688
14713
16198
47889
82497
37916
20201
64567
67608
50620
51886
33314
23712
86983
61494
38654
97389
41067
74686
14141
3942
53566
71482
33312
72494
13075
22991
42181
878
18827
20579
41714
7920
83060
10366
54302
82765
15824
73602
92256
34507
49967
73807
19973
74025
34940
92212
71304
70901
78142
24835
32955
26300
89085
7745
21791
57801
93537
15130
93448
33952
59657
74480
59509
89003
59395
94778
42441
17447
16309
9509
99834
14126
69879
59566
67106
15300
33431
43145
2585
61232
23800
23770
42021
78842
3407
43264
90568
18444
68734
73304
86368
31098
48303
60213
69041
12466
48522
19243
3844
39308
58090
70937
6854
26907
24780
85557
12639
69671
34337
36130
58473
66022
34631
32518
54873
56674
73042
54068
99922
5497
98845
28446
72497
31967
43892
17434
85453
73905
43240
47682
65913
37223
69039
91817
63597
16378
10878
14090
37472
93949
76180
25370
94707
41929
18678
42214
44376
64722
8497
88563
3168
64519
5878
70426
80149
97504
70346
63568
26503
37924
61408
63214
10224
403
47863
12198
14464
9814
81260
99268
91680
57794
40469
21665
34234
17878
86704
38289
95065
16902
74357
64405
4533
30106
71308
69310
32003
20167
20411
36618
70805
24549
10615
36488
63607
45663
74679
35992
97294
60678
22737
19256
32372
66925
85368
86108
33689
52945
78321
17419
93552
99688
20849
37342
47465
95598
99681
99468
74281
36061
23606
16993
91609
53536
62721
5824
59380
79238
62660
44484
88142
19884
74989
69200
69261
92937
75993
36209
24527
89555
47616
18589
74509
95155
74099
2017
30931
23012
60145
37138
86384
86002
88378
94654
91124
25412
21188
9668
71563
12252
69327
99143
42638
64174
65061
9442
93323
59568
70029
16404
8826
65285
75215
13263
55813
48235
38609
30292
11070
62613
39981
8135
77692
95110
9688
80150
46680
61673
10212
63214
90693
43578
5654
63614
81265
31099
80985
88838
42471
59903
73083
90236
37019
77147
46143
86000
23689
75726
8655
67449
15049
76729
62019
17508
43191
26383
4732
73540
85843
67253
70767
3019
98496
35865
1143
44026
96556
16974
7821
67653
23507
58875
56373
15620
4181
35089
53476
87437
81373
32184
63880
31879
69878
22364
78608
39614
45616
3527
22437
76169
32839
37997
28252
91900
45984
44536
19506
29223
74851
41158
81483
10342
83130
12878
92776
95584
46053
16076
39607
37737
65576
78342
96016
82460
10477
75966
53094
89426
98994
36625
49823
19632
45741
27899
75702
41935
97245
31580
13439
69643
69014
13407
56369
86142
712
61557
63983
32334
4936
63140
36118
58170
53649
26790
88030
14888
25980
88452
74106
98353
65980
79642
91244
87784
21650
49425
86075
96326
6074
87131
13501
88752
96569
11389
65879
75337
91045
81424
82280
41005
15342
20172
80714
3155
78657
4588
82781
20965
69624
57487
2012
51472
63119
79108
92201
28393
6576
18464
78112
59364
52671
60227
57261
82183
44707
44077
22553
54787
84235
30148
20264
29349
87603
43975
79115
20859
26682
6596
19963
13208
90089
20395
54758
93647
56264
4244
49469
99474
3825
4296
3272
67337
59973
65931
55785
15987
61502
14615
75790
92801
27756
66210
15485
74409
45725
9045
35001
69592
65411
32014
74772
60861
91098
52913
41051
33480
11244
51106
7067
84212
16915
8846
7573
97992
34406
42404
86055
38764
51557
21466
4504
5434
68065
88168
22553
73213
31375
10586
236
58541
3037
57751
22956
52004
6447
55047
75772
68276
17379
42441
41600
70025
10306
59939
41506
23708
17994
69366
53100
93130
61733
66488
84902
81250
77891
68354
29067
37789
30959
33503
52312
66715
85038
85647
85189
76982
90607
4858
20824
22912
21549
17377
64302
48510
65765
24653
10423
34921
45870
36880
77031
8157
92946
11594
80786
1780
72491
16425
75010
73467
82276
41845
99059
60340
39594
88625
13064
23990
26583
47836
65584
76453
84260
65248
4171
42314
71170
23277
88175
4651
79658
28305
43778
64409
58419
23667
61226
16675
67082
3132
10595
91103
3353
90359
18352
91860
78077
77281
11092
64560
26294
79687
69080
85749
52080
32012
97350
52215
65173
58414
1336
12412
55311
54448
10858
39970
98081
45958
80551
27042
54754
72600
26371
20509
79994
82503
79751
96024
97255
10442
73391
78206
52404
38578
81204
17878
91378
48658
43989
15788
98813
43886
17311
90343
45169
93566
13834
74540
10317
45844
20144
31245
26724
64180
39623
94561
98723
37226
94469
54024
62616
80010
99495
29183
67324
86452
25410
20430
69840
81571
94732
68609
21151
74738
72044
7450
1630
69963
44683
8174
38026
77559
53352
55937
64002
19699
70530
98168
70343
59480
25128
27359
10552
46823
89033
68918
87344
39551
68101
26713
58589
23091
43065
79011
58877
56195
56047
86961
69468
44648
44360
62414
77228
64439
16862
74798
23436
78215
16859
23552
19910
88771
39385
16875
1683
56126
58565
82464
57975
88758
31006
17804
58164
79538
90243
47259
52648
85039
73024
56419
29077
84510
44195
28402
34474
22513
31964
61630
75439
21703
4989
44764
85537
54181
49911
9161
32410
87072
26
81931
48604
92652
51981
88675
27981
7349
4120
64048
60012
16653
1946
86406
12777
85118
51880
19328
86000
27117
87466
31587
69733
74289
4894
54533
82986
40040
89259
45897
44642
9917
79278
80245
26843
98284
19398
35465
89725
94034
20417
76898
47073
25790
16635
14363
14835
30998
84117
12571
8852
67979
35697
70946
93594
52008
83943
418
47922
44504
53648
5385
73802
29538
221
14704
86199
92661
93974
31125
34939
57352
97148
83787
79258
42466
68936
64291
73981
97031
71866
23776
44284
84412
245
68392
76064
49790
99225
71548
31860
92773
61485
84
28790
54056
6122
19993
13570
96162
45551
92580
90511
24518
35536
25775
98106
81756
52440
28623
55588
41612
52971
96922
35493
53633
43454
64047
59247
79287
5020
64171
41334
12975
86235
22073
56200
89326
47000
67399
87906
73346
73439
63670
87511
3455
62459
28983
13394
27512
34662
27008
1762
41058
97265
95183
64792
65590
52295
75833
60303
51557
46459
88306
57173
10785
66567
39945
78893
15604
2674
4430
3103
19089
72633
38370
32888
98941
4174
74568
56506
91547
37322
36172
45019
87145
93176
75631
52471
12324
60802
5859
65541
4991
15914
96060
37719
37299
25104
9806
51463
36720
31777
83579
43390
70384
62293
81887
82900
4338
98442
47662
17088
10560
65073
63811
83884
8139
8559
76151
89988
21266
59662
67861
71729
40434
22188
9832
43071
30200
29366
89727
19127
10955
44420
77220
33630
61702
26250
52135
43936
79636
36157
41024
62692
66967
88441
74438
20802
32956
63705
67124
75551
26044
44452
93153
65248
67464
50253
216
36138
78645
31230
8374
63054
8781
62549
39811
38751
4637
23131
11360
23179
51604
83005
39380
76491
72370
93147
40272
8152
2030
60821
35099
46080
20945
6787
64020
57951
41701
7733
55776
61434
31355
53074
50666
38348
77644
45689
94476
36169
45804
53717
31048
88744
77530
7621
3097
75261
59184
30243
11594
55115
43
65451
45285
56374
1448
15997
38003
70391
84041
25290
89453
40403
67493
62332
52837
968
91071
48894
58300
94060
41974
71959
53172
77055
26357
85113
43364
75142
5261
48546
81611
925
6602
2370
10712
89316
55325
16505
44268
48258
19500
56407
23056
62013
13664
16063
65480
34817
70684
27287
20969
10061
56592
13848
77923
25527
72645
39957
62070
98471
3732
86260
93900
25130
68110
56033
75784
79068
62126
32354
73096
3522
46474
11392
17354
9842
86845
98640
16209
41994
12107
34791
3352
28030
8535
78019
19482
20925
43805
89363
70473
48949
20984
16211
75393
41661
66919
11615
94665
98469
64107
88019
40809
20340
1343
29430
65800
73623
20157
20312
5661
49607
50053
22940
78194
85432
40621
76051
19919
18551
61493
16922
42225
18170
64768
42894
42835
77964
52244
14872
41459
58101
48411
94276
41199
49688
48195
78958
47212
3060
7269
8003
65603
10000
59067
68022
8855
17613
83476
45951
15722
2762
39852
80119
56532
24054
31194
48420
24054
21238
69867
56056
77004
36924
26866
53803
86197
81250
54285
71576
90317
79974
54435
31782
59087
7646
2003
3018
61585
16535
4321
87558
44331
76386
87376
77626
30840
38094
99225
9470
77048
1286
64126
34848
17900
85643
88174
61842
79376
9831
9470
69258
74978
58045
7897
12665
36648
79891
16036
72029
60696
36128
80243
87183
82189
2778
37303
41166
29486
98807
7929
18935
98975
36299
93890
31186
19927
37826
91301
47068
95804
67156
18741
74535
36365
88975
39081
46587
87532
88196
57383
12217
25872
56282
13215
28187
26221
55255
54666
84195
22306
6808
41063
10627
69527
85422
34453
16275
8044
93708
84181
38790
32294
80977
19066
80617
51354
59614
67695
32048
13466
38096
53720
18293
7060
22975
69985
67224
82261
53493
97683
83558
57957
9478
75814
34612
97888
42736
24447
19205
7754
43822
30796
63293
70958
80152
64289
25787
23734
12812
10745
85211
78799
12970
27668
69789
94194
6997
1249
70913
67218
62592
5369
6539
12215
8462
89035
27295
63203
91089
26729
26028
91532
72169
38802
73817
62328
74160
59556
52865
52750
67194
90846
89361
97812
380
10578
72098
25964
27016
80091
33066
67218
51806
72394
85645
40723
94373
95242
68282
3925
81696
39522
69370
86692
32676
25310
32431
35444
96932
44231
44668
40768
85943
67376
2760
47395
35559
21011
74012
79835
44158
22616
41972
40824
91165
88666
31485
16912
22760
25151
17973
26985
53474
72896
70325
64397
5600
6533
48041
56374
91472
17428
74883
79814
90277
72049
43656
82934
31241
10881
14221
60725
1860
15951
87472
65997
21883
98282
75564
1596
66583
66803
33795
44826
5543
53481
91960
57097
22744
45578
16420
27214
33201
29032
97876
84480
96991
14332
50004
18848
81139
92722
85949
50883
65007
78681
1618
10770
89023
10671
1676
67764
6975
9882
13736
219
12382
8774
77208
63587
49883
47373
23559
43126
158
86332
56687
13132
68510
20279
46359
18409
84071
58277
46929
15646
73648
49090
31626
30579
97055
52085
63099
1355
59659
16501
31541
85586
91870
17799
57880
1157
2710
34476
60563
28350
32575
61076
70146
91846
28914
23702
9668
34994
45277
92935
98545
45973
81775
95369
81815
78115
46636
26412
81561
43013
79470
31468
4691
23842
95427
15957
46830
19327
7269
20094
89975
55519
80494
18508
84833
37214
5249
98698
88529
26682
23850
46959
73808
98136
96589
83959
94896
89761
85434
69573
55532
26206
99216
9129
34915
92149
47971
70936
67191
29739
74003
5650
88130
39753
20692
47087
26790
45662
59509
97212
69879
69350
6314
35018
36838
25773
47656
38526
2345
48140
45459
37510
76149
44280
8150
45998
7183
33906
48273
2041
92578
51412
38160
39628
80722
85635
7240
62249
58472
89038
93299
84600
94728
61291
20958
52795
59389
75456
11799
75335
70623
9600
38997
12123
88721
91763
55248
89669
82914
99992
86575
80951
95893
31257
46606
72992
78710
99063
65337
22232
9659
14250
99520
97953
27048
20156
30092
96813
57422
91386
51186
1055
56863
73158
27348
91133
9880
32372
70768
82837
5763
69326
40581
20215
32478
56047
81128
84303
97250
661
20508
77562
88858
99340
77475
89602
50894
95519
34345
85613
31391
22775
78541
87407
3042
35327
1605
22707
74046
5426
58944
9250
8080
89851
80757
88035
36703
24388
73778
91093
66276
63943
69015
28463
22210
22025
37075
27277
70141
87101
87690
188
83461
21160
68913
72645
16583
42069
55321
76047
59034
51536
22861
10675
2416
59057
26946
11216
81903
70201
46940
83631
33012
15307
70913
52412
42341
25472
43803
244
95440
48353
15101
91779
26259
13366
10841
31884
70385
29789
66651
99943
46154
60105
61634
98681
47400
69323
14951
20715
71326
31172
91981
54296
17475
37168
39841
91192
24668
17613
68883
60799
11363
84238
99553
37462
31122
48971
52939
66796
85959
44480
96726
55859
9818
27404
44737
76413
82424
77383
63094
25015
59159
83402
62163
86545
62257
83447
61647
10003
19675
27529
93634
21183
38387
59756
23058
70489
7326
54683
97356
10345
18546
87301
27683
50774
18604
93632
4063
23753
20019
15845
84649
38535
89712
30451
70173
42803
64103
72903
5285
40613
35254
13650
47871
79293
23358
27014
68825
90211
77534
83029
43551
17978
87999
70916
24590
30689
92543
85211
70832
78343
36175
23778
94260
52032
75917
94909
41502
59595
19866
31737
4182
23254
94766
33747
33654
59255
81666
11361
72079
87058
69507
80997
59929
55556
75169
65105
25633
36993
43087
24848
67891
81204
21219
54030
24551
51520
84863
80104
41804
33728
63934
81993
63712
83783
17606
71005
8026
33003
1144
11524
14103
9516
95411
76982
49198
87416
21450
63707
81596
25992
64588
10318
72241
1790
20772
37836
37735
15496
64339
98201
52020
62675
20047
43362
44555
33026
42667
30049
26522
4020
36133
9126
6727
4469
26752
51540
43773
84694
853
54028
48168
980
87664
80026
31636
1269
23228
22755
61660
84635
76590
4873
7932
29630
85327
99372
19155
25952
80042
4056
43914
14133
37770
96704
48966
62738
67067
25941
81138
3722
99888
65993
16571
62571
8025
69669
6107
56755
18575
13073
7235
59698
67711
28151
45073
595
93370
19576
62790
1346
51518
50990
74474
70992
89759
16656
85803
3340
97147
76591
3318
24625
13086
88898
96637
11360
86032
38435
81389
79814
97911
90806
47982
2192
38220
46222
10311
62669
45364
3978
71821
88846
32022
26476
3493
74492
82805
10837
42282
52410
74568
35310
49710
26374
91943
51088
68269
74705
24636
26245
89666
96355
83531
39170
6625
6852
13210
71824
35913
36748
70229
98356
23904
64592
52685
5645
44652
31430
66674
97304
25993
41417
30974
3106
92898
87472
55840
93366
72468
21311
56456
72717
3201
23996
8422
78315
29257
16078
8279
84742
26493
3907
930
78463
20783
60454
20631
35192
22620
62006
92736
94507
6009
45195
75902
40248
75117
50547
56622
85522
60812
9966
63458
96894
47951
82701
11899
83043
91881
18335
35229
72519
89932
79679
48052
79748
89119
23604
24574
63585
20031
75151
69589
36457
66173
63281
91389
46865
59346
21905
97511
21432
21390
24459
87038
11174
51704
11316
39564
44724
48703
31052
65659
4420
47988
19227
80959
87048
98222
21452
90419
77733
30130
51057
95536
12986
14135
16825
10882
85686
55948
32950
43251
91194
25973
81863
63883
47504
48729
98927
14317
12549
4696
28135
56489
4974
41401
97698
7176
82913
85129
77386
50325
1726
84006
27675
4672
56358
66048
35116
39585
46767
23590
24631
49521
49920
54812
96205
79328
58238
64564
26903
48051
81390
72609
18947
19664
45146
91795
37364
73361
15454
35473
30983
8562
21151
55404
80409
89451
64852
44153
59922
22433
49199
48979
21358
86320
32895
43602
68191
9381
7224
46054
7478
51238
7685
36731
34836
55499
84758
71976
35409
77245
71640
55170
68757
78251
86035
90676
3577
25098
1621
8051
94496
29467
39038
77381
55313
29095
90248
29096
40053
72208
4124
8771
11516
74135
40651
37691
46996
90769
54092
18188
7559
9174
15984
99080
90783
26535
44596
55484
26087
39161
51150
54210
33173
63242
77513
89391
94494
88279
92929
11895
72319
43293
22446
20879
93259
17934
2774
49952
4573
47439
34140
75548
8134
94596
13011
11546
24133
20847
99063
64987
34494
55242
79973
82065
159
5468
6286
7264
61657
13799
30887
61696
56694
98955
91306
42957
72658
68594
7954
80311
75652
69481
9704
99458
14540
35932
98347
23191
20020
89667
80319
25743
25618
31913
32407
87039
5451
4142
14242
57251
87894
5503
51236
36055
56996
428
4981
34953
72944
40791
33986
39111
31711
40562
38431
33884
79566
56142
52672
29764
75987
19117
3162
46413
27221
88842
96832
38456
86471
20197
11484
57786
772
73468
84710
60840
67587
67255
36171
38987
29590
99007
88207
63790
1019
36915
1885
78458
29252
40428
32320
14287
90937
36079
10043
97261
59394
16688
59132
64497
50121
77931
98395
74075
53982
61504
83167
48013
21817
17479
1844
36119
42416
24536
64786
7816
49209
24324
79723
95002
25791
62238
11891
23365
50517
76019
57136
93235
67092
70130
70351
91033
67504
88143
86794
47789
88573
24632
19846
97403
4832
33644
25559
77882
36778
53132
98714
55770
15934
78163
65972
97698
13982
13932
31150
77089
29683
74754
7230
97764
7490
39685
79938
66448
5299
30142
22355
42303
79816
87287
35783
84837
4869
63393
3357
22073
38109
94376
41478
71885
54036
95285
51195
22481
26547
34821
54943
46199
51103
34536
22306
73005
53984
44363
45737
71681
62994
66375
27694
25166
58459
45640
60766
8591
51202
85830
47149
27296
76385
67735
9046
43360
91479
68319
44078
5979
34155
78340
55524
83028
97312
81553
67459
6712
14568
62049
12877
74328
60775
11106
75307
18022
10253
43576
9631
3125
71223
44332
35271
60252
46683
13793
6484
55062
37470
62639
80554
47908
79609
66686
98175
52812
28151
43777
21865
99361
2340
4656
3995
49097
62938
66670
88763
72630
80496
74419
73469
57602
90237
83141
50823
18338
90406
42532
74282
16402
77689
8483
44127
51445
50590
31145
34796
28191
31246
73292
18514
16919
10067
20516
2447
73915
31101
54131
24888
5092
80727
63083
90186
84415
98865
83347
5374
6354
35699
31308
13286
67356
33156
20841
34885
3941
76577
7569
45698
42323
80897
19566
29565
99054
27490
12228
85764
49048
24558
24888
2085
55683
45604
11076
47849
65392
3855
2097
15122
42208
23819
5668
68998
25893
81100
61559
56817
82285
22725
83806
36464
6818
17574
44075
64235
52840
16833
39410
32574
60336
60456
5346
92734
5214
90824
83574
97584
82824
65093
16053
62685
89168
80552
7936
17714
29595
91810
85264
2543
60842
10521
13646
1406
65963
47310
85308
15113
50101
38787
72031
31978
48338
63221
51663
88404
37679
38016
11265
68715
43968
32415
63170
76595
16613
18705
49610
68343
72565
94485
26101
42336
71031
6928
87440
86253
23778
35480
5164
50778
89119
51525
46245
18258
31413
34785
40941
67774
92364
25343
90761
81967
94749
31053
80688
43075
56218
96960
60371
26395
80790
46293
42194
20332
30602
50208
49716
13760
1596
46062
90911
90172
25809
11391
69153
38047
2453
64712
86886
94979
89172
82378
4796
70888
38614
83670
46443
51453
78944
78485
12774
26165
36769
12082
51601
84698
33332
81734
43173
69942
3394
19132
41737
55183
64858
59220
2976
20221
47766
9592
89959
65638
57591
6663
64712
27886
81317
76292
69748
83076
26369
96720
9797
29554
41955
37008
82976
16409
48197
94637
37125
12406
64622
6936
86384
9962
93906
70460
94226
22499
53255
49514
45842
67881
71412
7331
36526
89731
21201
37248
62292
12563
38100
71799
71396
82334
50058
75581
31724
67979
24717
73671
7807
38108
39670
5800
64182
82851
87188
63611
78604
51670
34866
9176
97057
94336
1507
51810
10172
99593
15802
32191
49477
8899
48433
55457
2116
37019
45373
4350
43650
69817
4356
77976
68593
56034
67914
19354
5714
76538
39879
80996
40503
50656
30169
41773
923
1472
2650
76924
62549
24094
82112
2909
52060
37736
14406
79983
35772
18610
92209
74331
43750
17664
84590
72775
46818
73800
67087
5570
48830
78004
12963
72054
37514
25209
93461
96002
30085
20445
90942
88662
7688
75800
97452
58203
70034
63803
19273
97444
56323
91307
94611
21303
27672
30663
71025
66626
8826
96795
40732
87848
32035
73151
71985
74769
43629
38356
8309
41050
34757
8783
67994
95959
22544
73845
74048
16614
88062
37308
80527
97398
48821
62366
45183
96665
56496
87329
85162
48557
12832
31117
7337
37142
49758
19175
23669
57514
86404
53827
45168
41354
58393
92233
60532
4816
89049
68364
41525
44466
73848
12471
34718
79109
12605
40632
97871
1215
22657
40822
55790
65332
74065
34857
1631
15626
48785
12208
60384
58710
24157
84692
65287
67422
78190
78053
59828
28980
77576
3353
47201
11812
29550
66980
2919
52628
98799
64759
60965
79677
25964
30976
61891
43646
10142
61522
1916
13376
18520
16198
1943
24556
72372
45367
53173
14587
52169
1040
42522
97572
21708
61275
13051
44994
36534
44343
55820
41812
63445
9904
52728
41562
18870
13178
72384
37878
72464
79813
12143
16441
69808
93504
22579
68101
48088
14619
51542
48657
59386
8586
13344
83925
7229
1837
65860
8039
82872
73515
22314
18310
69595
85624
77012
77418
56700
8972
42255
33783
98055
26375
90926
99300
18600
98689
66684
75812
5347
30590
95328
57813
73877
13666
66478
5790
82314
47515
69397
99865
20959
93090
73480
26937
95665
70776
88038
23728
25832
36572
64163
30071
72400
50158
28674
64609
37769
53140
35525
22291
16126
12925
10962
96033
69717
65482
5330
5984
59531
53987
46995
66003
70419
71961
66089
57282
93124
24658
20144
68710
13025
31076
51656
56346
73604
78053
19481
95572
45046
46073
48645
30023
4709
42227
50255
78960
42489
74208
45590
7320
70607
20304
78792
95658
86551
52932
73211
46508
79729
88232
37998
97828
68014
88682
92817
6032
94348
71998
1522
20329
83592
74285
4961
71179
41292
79599
84419
55876
25478
87686
53120
21445
87303
14743
38074
78113
78498
90489
88291
32796
69885
81950
40497
73589
20240
70588
12564
57696
94878
94824
49686
66523
91051
53401
67949
91053
72734
66435
94816
68154
94056
45825
60844
16306
24987
1956
93063
36434
11052
68265
61289
52702
1239
89919
58216
29800
46297
1379
77519
69910
70528
3596
90410
84017
43294
38499
82096
64986
76752
54858
97980
77917
87474
14180
96273
88184
96305
17364
40600
65729
54473
9390
89174
75833
17910
44163
55170
45212
25935
77404
2584
40643
42632
54140
91590
81819
60431
48637
78162
73516
66213
67132
4063
44502
32153
86805
99015
27266
66603
6816
47948
88008
46458
64048
37190
28000
16430
81597
95496
93054
78143
42817
70612
2313
94795
39008
51908
84948
26601
55098
46439
84423
71127
84829
99869
81020
7107
4645
78824
30507
31230
73796
12412
45592
85390
2814
46757
24157
72186
56113
18504
58265
31905
72887
8331
76574
24876
11006
62446
82525
92041
51369
60561
46465
20907
90977
18193
95598
59202
60284
82359
30125
22589
75762
33839
60345
33072
67302
5711
61096
47806
79676
11348
37259
44628
52543
8113
36572
3175
82676
16921
38628
62787
42766
44317
4184
23910
32777
95500
61419
69066
79094
10023
74608
12106
36226
13272
79880
460
86817
17867
6364
95761
49171
75298
43663
8407
15023
47044
54923
38095
55666
93882
50039
18584
24675
24958
63130
87816
14098
81957
22940
5369
78778
29422
25771
37804
71019
96227
29969
28468
47358
77001
53311
48132
87860
36307
79498
44489
25847
19184
11265
74331
90280
95325
2137
3485
46461
41994
91482
64486
33281
55434
20651
84682
23299
38961
23740
12056
3033
94401
93380
26106
71603
70350
42886
54873
16010
28348
2092
57115
26038
63395
91978
98229
55255
80480
6302
7409
50807
24410
95303
46307
31242
80516
98324
24249
26134
97680
43130
81909
68529
28787
58440
87578
49394
24223
25257
86685
18263
64306
1157
61572
1600
31961
81498
77585
45887
45812
83942
33559
81197
67138
51234
3918
37409
61325
97238
72894
21017
75910
96871
91379
10142
34490
53981
8332
38415
37245
19792
54444
33603
65689
66192
65374
57028
92573
57044
26135
66731
53509
36271
99198
95664
37990
34467
85643
717
95198
14226
6532
47034
40002
54904
83910
16747
1348
13718
39440
58043
36061
1284
49144
11735
18694
98546
48909
93806
61489
27887
74037
46890
71087
23765
13824
90262
74688
22850
52240
29384
33625
80217
54569
57232
89478
82681
83590
70670
69972
89791
77942
12236
19825
77317
54510
66208
98850
22998
67332
95981
55944
40976
66216
86256
48248
69364
95576
57773
63991
71075
2675
33635
31781
79192
61380
6825
71172
61286
32113
63885
42115
43099
2109
45019
47256
81760
91074
96068
89543
55612
9984
27841
2095
39008
69599
68758
31724
24216
61372
15185
27288
85226
2305
82170
55755
78712
31917
84011
38236
55363
57497
31988
12707
28897
51146
82860
53098
85490
49846
65904
61796
33123
97865
67583
2170
28014
52667
83635
95098
5511
44262
42313
32634
51392
18613
72068
69111
16474
40784
8606
63136
44489
6666
47755
42227
74116
50447
69235
38031
7339
84572
57123
4657
12493
85135
35075
473
1522
4880
59932
58231
24087
65294
77899
60833
21593
60069
12980
12986
35288
36638
86132
75677
93923
50835
49363
52890
99836
14949
64926
81835
33822
1233
10436
11906
72675
58504
71643
44818
48735
7944
35170
80242
21571
45593
33648
75361
48799
86935
72423
17837
93348
62708
12515
58490
11628
20125
9981
75699
87836
26313
69277
2881
76242
45698
128
64720
27150
33473
28214
49087
78032
33053
80392
15386
9920
40061
39023
51746
80579
59165
65073
21990
4494
46683
60018
10401
228
57130
95828
33757
20633
32610
99264
8282
61553
29383
91339
78777
94607
25508
28797
13928
51558
9707
6158
7893
66051
42594
10065
19861
74610
42289
35492
8610
98354
3998
88105
22072
19885
55819
841
45084
9823
8089
51890
86070
53725
18000
1419
99369
95497
35563
84542
19788
5339
21682
99349
96140
16642
20008
30734
56521
52865
24736
59219
40662
41514
6434
38027
56483
74436
99599
62689
14249
92940
34296
68605
47559
59248
85969
20997
11070
95505
99106
2582
34848
87196
5242
72429
3806
47579
75536
93163
76578
19436
30792
95653
70639
43697
34694
96960
69658
41445
6960
40410
67578
55176
75055
97035
3164
41090
36931
58138
98101
2754
15298
90385
11621
61404
19135
36453
74879
61254
24882
44968
83799
32136
50419
72165
24995
58922
88659
11972
77761
71429
67388
82235
41174
58857
22628
28908
18086
34892
41585
31409
70455
82284
57928
49906
10579
75767
29688
10746
40848
26288
48770
30491
16121
45847
36175
81242
23119
63205
38659
49229
29535
77200
34536
94452
62279
73964
2717
29686
91979
71829
83603
15223
78624
5337
61922
12522
72045
11496
91944
54339
9118
53958
44274
4775
81339
28101
93017
54502
48215
99525
40167
3996
42382
48983
48638
6049
14155
43971
13278
64521
75712
31025
86971
17575
11322
78441
53601
70767
45811
93389
36019
78491
49793
30007
20418
29219
81774
79139
62906
18931
33310
60609
4333
8568
58784
5241
31011
36350
51595
92805
42086
27161
22348
68416
50550
61868
74278
81916
78040
17607
39429
74619
87155
45199
61979
76456
49824
87316
51962
90897
18336
26238
85569
51078
89647
77318
21764
82404
19822
30551
14451
49637
99998
22539
7270
64925
71720
32919
63894
62677
48030
22572
24926
43498
47488
75563
23998
81236
69474
71910
71916
70331
90159
92311
17489
9979
5601
49361
4736
26192
48258
36525
83081
44307
28992
61969
17389
77698
10617
51423
44368
14877
37133
73858
83151
90732
37227
11345
2349
12947
69574
25179
67379
79127
90145
94561
89105
68502
8629
4880
70364
33187
41404
80945
5397
87411
88860
22588
48304
12161
90029
23225
98489
58998
38737
44332
75086
94394
16520
40279
40922
35879
86388
15984
28313
22453
47544
64591
52320
62340
98336
92312
42374
4478
94876
79520
29346
84049
93372
40371
14091
54296
60786
24547
52552
60100
10596
43719
54288
71063
13769
604
81740
12708
19217
35158
75657
21117
80283
94491
90297
1338
5718
77006
8944
69916
97985
45311
45074
69017
38496
63442
96541
7927
98766
28758
75808
22382
58216
39619
97523
30809
17838
12529
23524
43152
12435
73128
63853
50546
32423
8634
73842
29797
77327
34580
13707
75664
20984
23271
33032
34147
27865
78567
85716
93272
58622
59117
47902
51394
95478
43049
96437
84606
86250
2282
52421
51321
50024
53280
59220
63390
64188
66062
72052
74274
30103
10858
49220
62637
67834
56377
83372
66511
7199
53763
47707
24903
48263
49947
6954
23815
13764
27730
79428
97266
66227
77760
60806
14264
33568
90940
75049
20894
94449
66032
21408
46016
55638
54875
25227
72446
55922
2880
83103
44226
66324
87985
14432
51745
94565
55617
18428
89724
2978
38119
65665
55049
53840
64424
73451
62945
66836
464
27553
19802
24680
88837
32916
22651
34100
68915
80448
22816
44274
76417
28944
76578
73792
23797
81693
57906
12344
93905
92816
97312
71302
38120
71014
83995
37685
52628
97864
96733
91799
50177
62210
24827
37026
18228
81987
38149
7775
77751
44881
16108
39097
24937
14273
28090
57070
53589
73471
34772
5914
8992
675
46199
72956
25180
79974
18528
86323
87594
17805
71406
15467
36483
62422
12851
72037
68817
53685
97370
20467
21371
58725
83513
37092
29817
79878
19047
62293
27887
39534
99301
76154
71052
13483
53056
99706
10703
98827
46629
75419
98909
2045
71409
11074
57900
22628
73477
49502
5243
47586
385
78845
3618
6099
65967
49551
93982
33912
46409
53237
38052
25255
33060
47394
82477
412
77728
1622
25582
16636
65634
95757
84933
33201
98240
74564
73719
99313
41628
25242
35397
73104
67613
70731
34915
94052
65545
47191
21669
62665
24360
10013
39606
23771
11939
66242
84383
46863
31507
40326
27025
93377
44224
51450
9603
71503
39199
25360
57033
14764
33949
15263
22167
6306
53185
67695
45727
68080
56161
56951
79321
40825
12646
87676
12521
90328
94730
67419
28137
24587
94564
63843
29228
34186
81795
99401
42348
7490
51739
90189
86069
67558
69540
6372
83397
7274
75805
23176
24430
88802
36585
34976
16986
17594
45077
42475
4929
68567
41126
14503
24844
99873
89274
94344
44685
27130
31642
18136
37960
50910
59537
75203
39450
84002
62375
80263
2801
41126
24525
64004
96056
69125
4876
59065
28655
9964
41070
99890
61612
52677
21694
82985
62947
82311
57786
97130
66512
47053
90404
75578
33103
35939
42544
15298
63682
74966
1921
48730
62293
8563
97003
97888
30868
71787
99361
28286
18842
12136
91381
56854
83444
26595
9475
21080
63586
25957
9002
60974
37534
52740
46503
16316
71895
49122
41112
70778
53377
35286
20770
30907
56470
53673
66368
31373
89703
37976
41617
34638
68306
86300
32546
59178
28753
56879
38679
9425
63528
19484
16613
24166
67467
9905
26491
58051
58123
46672
13772
49266
19156
79131
19584
40887
15790
35547
70682
85832
22971
99441
86050
82509
91144
34864
99759
5440
96629
81438
92172
11857
10064
22116
98805
78170
55401
58422
69299
92145
9478
41174
89556
83063
80211
25206
42424
7986
84348
51383
79753
42892
48601
69191
21796
44824
41823
91966
39815
57536
46417
54089
44117
10075
96646
21498
82464
92294
59863
25869
65220
24572
75120
69018
58271
54870
58801
3617
59425
21579
62488
38884
26524
13647
35385
92654
18515
89901
39081
5165
42090
29224
55977
49773
68172
70833
14049
13298
15945
62967
52634
2884
89527
80233
65023
87184
89533
90427
75253
79585
59617
137
34751
23851
15152
36943
16039
45086
57362
82618
7757
2842
52415
86718
89239
8475
3745
85275
90189
34228
29639
39830
97913
38810
87281
91004
42770
18791
3412
11377
48300
51037
608
71707
27289
49808
61700
53083
10628
96207
88178
59291
24180
66707
14054
31351
96281
98466
58547
54738
79063
1783
92186
98678
73308
8488
57880
64560
90590
50949
63386
679
12238
18304
82241
67124
36934
1288
98037
4301
89714
31855
56084
77580
19180
13759
3347
57128
5816
49044
34312
76631
59651
36054
93311
46931
8016
47794
58700
47230
37953
41963
91406
15035
8975
10497
47361
43934
57116
61610
2983
71948
85471
71735
64544
67470
89584
73443
80576
27640
73277
85260
5304
43885
92506
77522
25819
35331
2975
18470
47855
15147
12146
76357
44583
74642
73283
99432
89955
97917
70436
36111
28524
35537
19429
5553
77771
57427
36778
68466
76557
13556
53952
65397
21651
18098
8140
70209
52632
1626
83483
56469
68747
19980
87181
85231
16177
71077
1936
5456
3279
96868
32129
81067
32321
99157
31874
68734
97560
52685
36271
3018
93115
87139
74258
21907
52026
69103
67887
81699
68371
47115
83890
69375
37073
29764
55691
72910
33708
12242
22456
75038
15996
32398
55532
17767
14112
38858
75568
70891
38016
60744
73263
67745
78090
47054
59680
42193
52519
39339
32769
47542
7151
46037
27833
24136
95827
76197
97560
62063
53823
16782
5913
70670
61787
58370
35342
80135
3752
49030
82447
84655
84907
7491
57168
82133
8952
44410
83484
93649
34013
62063
52494
88302
51320
91378
49755
2635
89894
27917
22121
37016
211
35082
50232
7594
97090
12601
98436
95230
32287
58979
41603
16246
35959
19551
753
91929
78329
25391
63911
31634
6836
63974
40344
90050
68273
73552
33164
8999
17030
62750
35393
45756
43670
25008
8635
42425
33473
48533
77258
8333
86329
46028
35037
35041
60732
35381
48546
36567
47730
47495
68772
80157
18066
44614
21835
96197
28318
50028
17788
32403
82412
97877
57693
6002
72932
92091
59099
6234
9267
51195
69889
58993
25413
1199
63291
67293
15406
78938
62483
60221
40759
91889
44076
33552
8817
89587
24707
65910
96169
33480
28305
9721
91517
5349
48610
48357
25894
37934
71780
35384
96460
89315
15600
79276
79695
11535
51354
84375
19402
5486
63022
50299
42865
25050
88463
10176
78721
60127
83383
20424
16606
38908
27108
68236
56103
59621
61656
49182
6732
20348
7716
44184
27297
51872
3033
30371
30293
68523
21994
34320
81494
29493
22626
1083
90919
50673
1926
93643
79863
60915
46711
39599
39828
57283
38805
96695
38137
32691
20147
90875
51499
24233
48210
97766
15734
82588
1088
98845
99514
79166
92670
77373
92935
15793
96054
51830
36113
45089
42566
32914
9675
14860
91312
5805
7425
54666
72965
55895
32683
71351
18282
45557
66489
66881
18152
16256
34806
91138
18651
17134
90001
34650
4247
30645
50069
78207
37485
50964
36183
92039
33037
44093
47298
76665
49735
19902
81763
62278
81412
63983
47247
95363
63471
3557
79683
49784
99928
18505
56935
28524
50865
57591
36795
85859
77041
69114
60439
53321
68404
11176
7476
72860
97718
11921
78024
20627
14308
51323
47142
98851
81958
30154
80323
1714
94829
2994
54830
61379
58212
3663
3429
47632
53817
86862
55135
41139
63444
39891
56793
93106
63998
42441
98629
91467
63659
38534
55363
48723
25196
6209
40128
82753
15996
27219
31949
74084
64754
96466
83462
91906
22566
45458
59600
17531
80141
13727
32052
96547
53540
44890
56188
97262
29060
91198
76090
67377
24658
49558
83073
72193
97844
34452
91539
89344
43029
68104
46935
85362
21674
29858
19505
82485
47705
78356
69036
40234
14100
33089
60079
52841
81548
34411
75541
64592
53083
71960
37310
32249
64446
69524
97232
37432
65284
18820
3426
7437
32188
58233
41184
72808
65949
99568
16769
59177
74342
44851
88050
69533
61809
13817
43255
96507
39746
10122
24961
25466
70479
32080
5871
94391
40992
46593
58143
70959
46261
89003
61020
20909
58688
34322
24276
13168
34411
53113
411
23352
61068
37968
87774
49473
54446
76447
8472
92155
89544
27534
52192
5153
84300
19472
10223
39684
54907
25357
65113
7896
61002
79751
40767
80519
54677
24414
93122
97172
96467
61534
37453
34594
859
55952
93233
86700
26184
27826
27853
16701
3538
51579
55390
35834
59874
67058
42329
71194
29700
70248
35666
44764
68567
26854
79421
54299
61715
98458
28857
45120
58144
56448
23387
20649
60073
23317
27073
18779
75850
15375
5827
13110
16628
24538
67734
85366
62347
37868
72927
21463
438
7697
92803
26546
58481
19251
12401
45646
41089
20474
78472
19359
2235
76735
75231
19652
84434
55001
25559
63226
64383
99885
42426
87989
33844
72562
20298
33169
22974
97363
21074
82922
37557
7045
20600
40869
65941
99108
58317
28444
69133
92938
92855
44125
62377
42331
14108
52220
46185
48434
78218
82605
11286
34311
28928
2905
16782
54427
1647
92141
50312
59760
83434
48784
38654
86095
70774
5470
13484
61486
72091
72920
40700
89043
45875
70110
11905
16615
10114
66809
4499
16075
44386
14775
60191
94453
56339
38184
27863
662
1033
41289
98559
19853
13653
5931
17258
82400
36645
40472
18341
84623
54175
35727
95815
96948
37582
44820
42364
18293
33246
4796
46833
71483
31805
63364
50008
29203
97970
7037
11790
24924
75475
10816
73313
25687
26546
83143
58634
62301
49057
67684
52635
81535
10496
3194
91831
90245
39790
44685
96587
5601
60454
46179
29875
25575
21934
18919
94585
39637
48804
9130
65400
8214
94678
64937
84584
34837
86653
12171
53017
93931
3021
3611
55494
35469
71016
3477
51269
3157
55240
11975
58352
61258
95508
80041
31759
85299
1324
69478
7958
8277
35610
9015
80597
74124
46473
3928
89102
17552
47681
69157
40831
87395
12581
31821
40640
3479
84972
78700
10000
65560
91796
28643
82389
45863
64312
58869
49908
32949
11674
51507
50463
69398
50681
35035
7606
21336
55688
6023
11172
17767
28142
23242
56399
8309
20725
69948
13268
65114
74805
63195
84207
35311
18787
37427
6838
61179
79212
36883
57813
37153
4341
82088
24098
11723
18976
15878
21012
87888
65589
30535
24302
61949
27529
54487
43688
88999
24894
28094
8115
7489
16287
52029
52551
46305
74354
85585
74543
26725
76849
41920
65090
60874
14319
78389
58250
22138
70857
23925
75237
1551
22439
85725
7276
72696
39773
46270
92791
11066
6844
772
11991
64706
66735
39138
35337
81790
53348
2288
92963
75562
86869
52183
46417
65240
72973
34308
57687
68716
48408
98573
54425
14113
5269
80437
12860
16024
53263
64618
19258
30591
41748
47659
49034
82701
36036
77140
17548
41996
62990
79034
38616
20474
80857
80002
41043
54425
51235
20947
3240
33534
40688
559
84761
92910
56466
71368
62475
24394
6107
43155
18468
69833
95303
25938
96548
29726
50449
77820
46632
6407
32984
2012
48521
52584
27892
18810
30415
5560
14399
80424
63273
96331
43997
83783
45840
11915
61315
39
43920
29887
72319
21103
40462
24847
25712
79021
57143
3207
22043
41156
79640
38018
55083
52503
98141
58576
99169
69710
11153
68368
90385
93101
33009
22562
71681
78381
26162
22474
7972
65947
56353
55192
62387
49697
16637
76666
68848
15399
31369
52897
90330
3306
50517
7965
55072
49320
56526
82709
7383
31617
31715
25758
43534
17375
82329
1911
64370
41394
78993
55526
76536
88760
16678
76689
4792
4828
85598
63149
49048
14217
58194
15811
49430
23701
18982
80454
23153
7134
65998
18914
68322
68120
78955
68410
69343
57867
10348
87308
72926
11775
23584
17911
24011
97897
71309
19480
15162
48340
30619
82149
75646
6374
43437
32626
61371
42422
16034
23916
43084
30664
24157
51925
45335
66586
54780
26483
3706
86827
73207
90194
39033
4091
71618
50644
62140
91316
85334
2067
55205
26155
4607
85719
69421
18636
75599
82575
18608
18254
66903
75313
75626
17597
66404
54488
8052
61124
56359
96440
18998
73637
21752
70949
68877
48779
81182
45118
70161
15459
1024
73063
70560
84896
35239
35511
70987
73553
94686
55044
36014
49936
65064
26660
95834
88638
13028
61226
15330
37688
93690
55304
98944
62704
99778
34595
83697
45700
23243
2305
35740
34554
67124
26179
98959
65373
96458
76617
97714
73018
5481
59416
72715
88843
61206
22392
83969
55573
50803
42223
31832
67553
55903
18317
95310
38402
75903
27563
62542
22545
60740
79649
61488
60460
25546
53847
50300
30737
58298
73254
76974
75156
64767
10693
18194
6304
80646
1540
61239
56290
20840
97340
26163
16453
21512
34487
6398
98052
1535
6793
47258
89602
67811
2544
46914
78957
69789
92826
57786
73712
52429
73631
70368
60719
63270
22780
75651
63966
78382
27796
6255
47628
78251
40620
95093
16322
46631
36709
95078
67742
96152
70361
12802
76414
61116
35715
46578
8815
3267
94623
52892
14258
47729
22794
9771
92935
54023
66524
11418
25006
48915
15855
13691
84882
3440
95278
43449
65794
62473
65603
61817
57698
53952
92083
93693
35108
53782
5664
98646
91793
1609
64990
15014
77471
54184
21268
65230
31050
54394
37389
56987
46120
93859
5278
77219
43788
63907
43428
26552
12949
71382
43897
17746
11115
41829
786
26520
13299
79320
63437
55544
61722
62403
82979
26889
49639
54102
69847
79513
19415
48729
19695
98791
76515
17207
60692
59916
69257
56249
80794
65416
13934
51508
64228
97372
67006
79450
98331
34391
97543
3204
28438
42848
62521
99002
5177
91241
21045
93137
16342
58887
3521
74047
63223
36315
83371
18254
93880
3807
17215
21253
87365
35866
97917
17845
19183
22457
79249
91371
37143
749
65443
50270
76371
58237
92945
86826
10966
76653
33424
51764
88620
31548
15855
59546
78299
63152
80426
58868
12951
24
12644
88854
9423
23436
45568
84742
49194
29588
50293
87083
66996
20844
4206
70835
41964
70282
79348
99606
14548
8970
24800
81715
38297
99551
29772
54659
92585
51643
21879
91102
91354
19644
71964
2544
99623
57644
56213
94377
72713
84718
30111
49473
44448
80262
88904
25033
87489
91844
22613
8690
84759
45509
90427
8459
28406
85896
55144
51124
86217
81577
45588
84590
36787
2088
67662
93511
1553
39646
55427
47138
79741
78683
3503
93126
16799
53384
43004
57921
62132
92391
65928
41998
19710
31181
81436
20634
13722
72597
51415
71944
96186
89497
23933
8850
31681
75455
99917
9491
81634
72451
16518
27539
42816
16733
73557
73896
24884
32862
11973
25327
62247
4875
54323
73776
719
45782
14597
53378
18126
18871
62386
70338
79130
50567
34301
39712
55612
90158
51706
45318
86463
41771
7886
42160
35914
93860
11903
23476
97404
2335
75682
4768
24369
6001
11759
50335
4087
34899
73946
28904
95986
48013
48243
1864
50677
91607
2566
89076
50067
87579
87334
17223
86617
41363
22143
63090
13924
77401
28125
24860
21686
77424
49386
34781
84835
81513
25004
94720
29391
97967
69380
67634
43681
71324
85640
84670
52931
60898
49029
23536
79625
99107
97168
46623
7591
69204
58885
78457
17045
93832
68902
94148
11025
73670
9341
58575
72335
98055
90223
21166
91409
74800
827
50363
1246
81871
50175
1708
74324
42967
29382
29517
19222
9507
14006
53170
96284
8783
29860
92178
9660
88844
45733
68633
10293
40060
53867
83960
67822
67945
91794
24372
21958
72603
91438
59804
26108
83162
33555
50363
33314
70280
74954
33095
22258
30673
23934
36121
16842
72055
80455
80307
50605
54251
93417
64990
35013
81858
27645
12654
1845
21452
70254
76598
83027
6700
17982
27129
13394
77736
44665
29679
58791
25716
49679
312
92076
34823
40254
63866
11478
33009
35684
70148
42397
47921
83584
4283
94865
45255
57491
25131
10252
51448
24845
83200
86420
71755
75085
40450
47451
51996
82341
30967
95062
43503
97979
19860
17723
29697
41916
20458
58960
78445
11421
67776
10428
35948
81158
70738
50635
12202
12176
27240
83328
62283
43992
13262
98002
12129
12840
61766
47231
27126
18560
83822
29582
54726
81330
72975
5935
45642
3248
39652
47291
49254
85390
45708
26217
48952
13492
16970
11880
51724
69126
66412
98074
92843
58083
56795
68711
57076
63091
54849
19425
35015
18311
22371
59823
99754
88226
32350
19835
822
57536
72829
81850
287
54631
92784
60027
15084
36131
20253
5684
16402
51537
89903
69614
50861
32519
55597
47881
31107
68862
16105
68548
51854
93251
68704
7096
29863
36494
66971
47379
972
17561
62106
82119
33162
51612
47882
58792
42801
70428
88747
46486
59682
33369
81380
11037
36119
65659
17301
57254
7299
76146
57623
46308
54509
6881
89640
95805
85350
94835
26467
159
12510
97636
55506
25171
91785
71594
89894
33612
30771
79211
45989
37207
45371
62147
9691
96739
2677
81382
18621
35086
64320
93052
53300
75620
46690
52014
78229
61677
29876
66547
65502
3674
67970
73068
10857
73922
54222
81329
91313
87234
26205
38384
46933
87003
75210
72479
61039
67393
6972
30944
69905
17207
81502
67332
10016
71372
84965
7416
18650
93173
28619
1072
72049
76794
23835
64457
68716
38543
60727
50285
29287
71
49264
7622
44905
35240
77830
49048
19412
52918
38070
59575
88883
35094
83889
23921
41041
56721
19844
7770
81976
99684
73253
49269
80279
49160
80861
32982
70881
42247
99100
72041
51601
73083
32381
97111
38120
90836
47501
90216
15229
74287
87958
19514
2987
20662
87380
64160
72136
63991
14086
2314
75494
93351
94715
27978
34383
54532
99798
65112
48794
77570
93689
37393
20
85394
11137
7488
3157
36675
23400
75997
90499
22977
29542
917
10271
43585
30934
23124
60777
90480
63272
3944
69396
80224
12063
29431
90798
5552
92628
15970
71263
17993
5715
97371
11341
52915
3279
22024
34606
95427
60682
27494
80811
73571
21306
72061
55354
12529
35429
96326
50426
99276
80497
67716
99329
55226
82522
40158
609
11759
7523
7952
11253
26469
8501
8146
25434
51391
99840
32648
87497
90864
23416
8192
36174
590
59731
34579
49863
69897
37379
22041
50063
61451
85269
23725
54926
14540
14670
63756
9521
18429
83252
18199
2834
82693
98948
12255
51951
3367
72087
26407
14067
42425
24261
69259
16130
29974
21894
34349
99694
74620
6838
27860
26915
21375
8162
27556
84097
30673
69388
86294
64583
62518
57505
35879
18022
32756
35598
80523
32707
32451
45770
75777
62137
94125
62777
26223
81363
32763
99134
99667
91818
94239
30784
48758
15728
3344
30660
80589
27290
94546
24743
52847
25736
89242
23021
36349
65284
78645
33155
4773
13536
95389
43903
25285
55989
72357
93833
70048
57933
83186
66554
17716
80346
36660
89873
13206
27366
71887
4944
26689
7025
86174
73912
56595
50774
56847
70125
84259
88155
78259
48114
36643
53637
67001
5364
20883
26725
92527
11425
87259
89370
74595
4542
32687
36019
59349
15123
18250
21408
63026
70142
88469
152
8025
54093
25346
200
95867
32941
840
92819
4713
87262
52899
57872
56528
86329
52921
98301
81349
19390
37467
32486
84867
72631
64476
24611
73275
8003
85299
20273
34133
47317
34459
99723
37256
82433
6614
1053
38648
29066
35827
18897
36279
46116
26290
79700
70062
8598
61321
33344
33901
85004
37501
61084
46182
97514
52334
33143
84911
18520
80996
53261
39371
19961
73813
81238
22435
6995
76591
35451
55417
66753
78105
88717
27099
65885
98161
76723
90599
31973
85710
88995
26915
87733
28586
33380
43264
62722
23737
76652
41636
62593
92599
75145
2356
15561
21555
34044
11010
65620
61356
1266
47123
69134
93132
55910
40371
56965
38184
34832
35513
49638
10647
91508
21577
90260
84741
35939
18635
67900
14741
36433
39336
19204
56035
84460
53241
38218
53567
84861
43906
83077
32512
84012
59900
6840
4495
47364
22235
23234
42758
60235
70611
19827
12356
77760
13710
1364
39043
56200
90138
63116
46994
45714
1858
18958
4170
61802
32133
33855
93459
25881
45523
40571
62626
44006
78529
69329
14818
644
71778
63204
28320
1793
55090
49762
10937
40664
46307
49449
68342
61152
87956
72672
1967
18660
51724
68301
36141
57209
93450
54550
35566
4082
63565
38871
66370
23783
65407
68291
12001
84735
10275
76365
93173
50749
91837
96870
23996
76649
78681
38608
7574
84696
61417
3827
14703
39511
86733
54780
49912
62503
47829
47027
1365
70557
66699
41941
14597
36262
34704
72169
22989
48499
42714
71285
37391
92752
14432
71934
14370
10583
30718
61733
47733
39853
29593
41806
21416
6460
11637
5688
63240
92009
94960
41222
48406
2987
58726
17921
86853
35299
92148
3157
26712
31104
95122
12344
13525
46509
27211
7111
42663
60793
35278
82227
95085
47450
40371
15776
88997
50205
70667
83167
86376
17022
71636
54564
9807
57618
14797
37761
48985
4446
32175
55752
7257
22204
43391
87562
30983
91069
6710
69357
48422
65716
15191
97099
44371
52416
93542
68735
26822
50098
87547
715
62308
9363
72673
20784
94532
37234
28743
20672
36081
31160
66886
31234
63707
77369
64538
2877
84025
30324
40195
67665
59087
23403
9731
32281
26700
86331
36329
96330
66643
55975
77601
83342
82636
88137
36917
45710
8641
68170
83660
79817
49524
42309
79155
23552
50666
93094
41371
86382
96235
64622
35786
50111
10760
95997
1724
96920
74533
22658
15034
18778
39058
9143
89039
55016
45466
34817
91549
11700
36016
23715
55335
48286
80942
51665
57641
60848
16080
63214
52592
15718
28042
92199
57742
38253
31114
27982
60905
6853
20150
90664
19550
71925
82303
50932
11714
85445
23497
52396
79979
98960
98661
14992
14059
18229
39035
25932
45182
2363
46777
91138
53177
49536
7371
51450
87949
29798
9681
7779
6619
87775
97264
20469
4502
64387
24371
3068
218
37815
83946
83347
86529
1787
61132
25771
84110
18773
77239
89100
35379
26052
22008
13988
93649
82485
69505
85142
91331
97169
39780
15096
93899
19092
93405
36384
88723
61749
74493
58305
94963
14746
8475
90713
73821
54545
60204
15085
11680
17309
22625
87429
6687
9279
36793
87625
38271
83492
50257
50996
22935
45503
97933
60299
9381
56810
51194
197
79579
9120
39602
57310
63142
96837
61963
41388
54221
65161
57067
11375
90131
83934
83157
42381
50241
35796
56999
70489
51073
39560
30631
4799
91798
23593
46514
92933
17156
61985
60998
15314
32630
597
39851
85286
3146
1729
24904
19226
65786
83779
17390
79491
46254
5029
42234
59854
84318
48011
13769
64273
66807
69684
79675
14646
62616
44424
69782
36490
55603
32608
42358
75696
846
83448
72493
22135
94927
61172
44228
4599
18433
34904
3226
88056
11295
47688
68391
12527
89712
60896
39841
24135
5242
92170
38768
98849
19894
58611
2000
91221
51362
32335
65407
89388
10082
9479
65058
2741
81717
28525
71391
38834
11188
83017
27480
7387
86361
51636
11278
43057
82193
52366
35864
75281
8123
71391
19450
65037
36774
43273
21650
48721
88158
62793
28338
39710
28225
50910
25636
85099
67372
69169
83207
61556
19098
55960
95107
58413
38339
6276
68108
35151
14685
7063
47617
79243
21239
50671
37053
76022
56671
16878
81056
70800
53046
54571
76762
93779
74568
79258
95495
78935
98115
13930
96060
2878
89739
74896
54498
97223
94963
16768
72823
34679
24503
66599
18489
25283
15409
87070
27742
21315
68019
62012
8246
13523
96852
88738
43293
71778
37263
70226
78022
22891
2662
18403
74180
38689
61070
6866
84958
13512
42641
184
61383
17725
76253
37849
43705
8105
67311
82142
84913
71666
82335
73476
70132
77070
75717
75580
58289
69108
46072
93499
80107
83489
13095
54568
80549
97197
64221
19588
99883
29758
38878
5655
25284
90005
46565
45267
86896
81798
98128
68659
34853
75626
15347
13105
13288
30386
6562
51769
47688
56100
7553
4784
12818
23768
79993
66098
16205
97067
2835
41059
15083
73813
78597
21313
33340
89652
12823
57842
16931
16533
17488
20241
72254
80366
49936
48971
60136
6939
69237
2647
56788
98260
87493
69672
37417
33257
48693
48872
18040
33572
12827
22290
99336
15400
57382
49768
46764
89086
49587
28602
87067
8605
14267
48798
33864
53519
90342
72205
64427
92672
38366
31473
79914
80586
5198
1326
53160
28828
81978
74034
39971
77003
74919
35637
26780
82563
98996
10425
58055
4822
31258
38959
94775
41545
59123
67695
1073
86611
55832
80212
51878
84152
97163
26316
28667
57964
12629
15506
53393
58523
39978
38055
29307
45367
36566
1717
54419
74670
78292
63784
22400
47372
18553
6544
40692
37338
18858
76431
95688
86344
90550
66381
13383
37901
21017
11126
59349
71481
20884
23273
3275
67156
51412
77489
30073
1914
59688
91917
50330
14108
34806
84319
65918
64114
79661
14120
19715
23422
62608
79287
79174
74458
8050
98370
56664
71378
7563
73049
69195
35572
43151
99232
22635
26255
20159
53275
49202
71694
29421
22444
25453
35376
65966
15186
49188
86103
31842
68301
92158
74667
3988
28
7542
39018
57156
35058
82841
95841
66997
53540
88229
57593
38987
71961
30219
51031
43789
80531
979
2964
61765
56709
15112
51297
51034
20419
11939
39859
8403
96712
20014
33620
14611
98997
34045
47391
84852
13981
72340
90526
72261
50191
94823
21579
31981
16063
89188
31615
54871
38535
13969
36706
86890
2271
90656
95236
25866
74128
34648
23795
65733
34592
70334
24427
40424
96121
58577
7460
67711
46223
56213
58565
69307
25182
99960
32680
36260
62732
49916
1272
52374
94932
77522
4619
36864
58075
38410
12217
59686
69198
70636
28492
52211
18260
68167
77397
4563
12091
58548
81423
41440
96256
71061
60687
9341
42048
3906
57276
4047
57372
70520
99050
26891
86885
25050
26370
64024
37880
74502
87125
30865
93807
30649
30242
45379
29423
54816
50207
5819
13522
391
84507
7203
87738
56148
25683
14816
3981
38893
95523
41847
50531
2299
48694
45450
94756
95010
31597
37763
84201
99183
98705
45339
16361
9802
20336
91826
66747
12137
58367
5470
39037
67381
25178
31212
71194
4532
95955
59326
47597
81645
72803
43630
73024
57392
39444
14808
49156
16879
36686
93269
86246
33678
33118
61014
77749
16057
51680
67296
57802
66245
42314
81012
65397
14043
11136
87270
28375
5524
65465
43695
92760
26537
80928
92135
8832
81186
53004
72934
43960
22479
74516
95839
66958
21278
3539
56577
40177
59989
61830
57858
15773
43304
43586
67326
90145
22599
68428
38653
14914
72787
55227
18349
83464
70998
7461
56840
26474
82598
70508
68721
96376
75668
66649
16668
2698
22
54819
3365
70365
72563
78138
69896
22572
67051
64240
21864
19462
50245
94182
70159
81947
7820
12750
46380
53042
49763
2319
90538
78473
90450
1522
69365
22248
96806
46744
46452
32793
26080
80227
23566
6924
11192
69070
59247
28564
87372
13285
50232
471
42986
5601
68807
78039
67278
87758
48733
45715
40381
55696
83410
42800
70332
88922
64252
8860
12604
96339
9066
47147
2426
49776
5064
2527
95621
82225
64782
3992
77146
34293
96711
74913
41440
39239
60648
26758
66287
9306
49140
61801
58431
78126
26145
86665
98205
1886
21410
62497
88879
68965
13858
24297
18345
65029
93626
32414
86026
61430
77788
29421
89991
77965
97310
31618
90767
15268
57445
93649
35834
25439
27663
43880
1120
23570
57826
10854
32921
60509
94755
16279
10054
84672
14715
72979
50825
15170
37694
81266
43816
32505
15856
69952
429
85575
44441
62978
59730
24210
82175
25729
50246
13082
59467
20092
94325
95773
37469
11918
5784
30482
32946
22556
555
41323
26934
31813
97298
46450
34492
85490
11954
63697
29162
70323
45065
70286
31152
1555
78094
94260
97980
79086
66123
44384
42387
95060
5744
84323
96547
8425
97401
77088
67438
79836
72053
45237
76772
51667
79243
48933
59774
60041
40856
94265
3014
80590
91493
53188
4837
42071
93742
38987
84267
476
76263
95008
60990
12844
20835
42619
69380
80589
88628
56636
80709
51623
24800
22693
65515
98154
55775
74928
34759
7913
41720
25378
82992
76822
2335
34475
89421
43109
37248
53404
38035
48576
19035
93425
33029
61227
50787
30730
64253
57413
12898
12051
46898
19077
99678
87120
32525
33170
8994
18570
5052
30307
5122
89665
8425
68579
72173
69714
69079
25225
96861
48375
27094
36831
83147
8804
18507
36410
92266
67842
79699
71018
15148
53315
25509
55497
75465
18820
70088
40096
96568
16358
56835
96528
8656
72593
70269
63670
23307
90179
11001
2661
54491
65103
49539
85627
42231
46172
8555
65345
57129
82468
5545
35342
73761
41080
21087
65949
30326
69528
57758
89326
45191
55316
81529
28589
6642
83783
84464
70119
4711
13757
23756
68066
50146
45469
34547
44744
46856
59174
39870
32340
62338
63337
56231
88480
13981
63856
27607
1679
13773
77987
28669
58338
28032
12551
26381
99544
73128
21132
35877
36192
38587
29756
13464
66913
84332
96373
7161
71851
19338
88004
82703
22178
36203
48573
48341
77013
80201
36966
75660
60837
53604
57626
85489
88087
69972
34117
92840
40143
29596
39279
94931
16231
60565
63726
66936
41670
33201
24746
85461
48530
14376
28025
29032
64222
9809
30280
5106
81635
30893
53111
18973
59463
17269
42958
73870
73467
45258
56299
36837
27361
4755
2281
95765
61816
49414
15568
98490
10595
22591
60122
48849
9922
10135
74730
26393
52231
4828
11249
93302
61264
11081
35253
38352
60933
94829
9631
21490
72257
96406
14883
94856
9237
28842
81639
6025
61195
89643
54674
23784
29708
22624
70706
69666
83787
52226
41883
74759
53686
84815
94841
77216
33012
32985
67527
73015
52365
34855
35539
43147
46987
79790
80360
75234
6027
44859
8400
69097
39304
33979
5648
82797
77477
96420
53750
90372
73516
47808
66295
42345
23994
42256
7078
750
51037
10502
99585
20371
83892
3988
9000
15469
96463
18841
88178
7507
78382
20927
47814
6766
87625
15947
92552
74161
63743
26125
91214
91175
26471
89240
21195
86342
84480
17869
40942
90540
87984
51118
48307
31379
86413
25241
86318
8923
83815
31219
26346
61181
36121
62985
67320
26516
16536
44084
15081
48243
61856
92130
19156
26928
87206
70749
85740
98884
48958
85356
99756
1883
23638
25803
81233
15619
74259
65592
93345
12824
6219
4708
69131
95258
54945
10652
6834
81243
24384
61247
40291
5668
39135
40482
56331
66400
10807
55278
4319
28298
5813
98893
70233
41625
41143
46653
9930
62078
3355
36847
83260
49851
14046
8507
80076
11572
46261
4261
81286
2133
18948
76356
33837
2099
31482
49789
51717
94970
13399
73893
31901
10585
405
97750
53905
63275
47959
86009
65858
93964
70383
93428
83517
73682
88809
35083
43221
88288
65367
39558
66221
74892
67741
47859
58591
56930
97896
63592
23355
65550
74112
8875
92889
10843
11409
11675
63431
95228
68672
92675
9743
54973
77477
38654
21341
44117
1873
46221
21543
72407
12313
85287
34760
29665
29695
41067
69869
44735
24248
80707
76395
85424
3387
85017
13727
76068
88910
40765
56206
90438
3569
94821
39671
50225
8638
84743
41256
46863
33804
30417
82695
71291
18482
76555
62549
81485
96618
78239
61586
91052
46982
78939
11846
86006
79127
24722
16649
33528
96401
27862
32160
91523
82801
46120
63973
52698
65650
73654
69003
8592
57262
98222
41858
30098
35113
6380
45699
20458
56807
15389
34832
25414
74182
51935
10277
43989
89537
95281
78779
51588
89433
40699
42946
17238
88425
43187
13135
31694
20472
39578
12346
5098
87100
53818
79142
39199
4220
90878
53315
97851
86380
79679
55405
8778
67783
84351
66377
25944
99659
79408
15855
2517
79575
79049
12531
68979
3077
66044
85805
30159
39408
42467
54915
32769
30099
99367
66881
98489
25181
2172
78149
49171
63104
93386
51899
88639
94991
71401
53020
27278
28790
6187
47043
18147
79453
94185
36330
25942
86125
96454
81187
38973
2455
72236
87761
74150
81385
87741
3969
98316
22806
85358
89271
44503
58233
5011
79739
19932
58229
36755
34705
30741
21878
50545
29688
4666
37063
12273
61550
92332
63210
41003
5792
75115
79096
84120
293
82410
88597
85807
14566
30453
35352
38178
26265
64204
83988
30683
61615
60875
31323
43312
25742
61703
32232
69348
42388
90568
73627
8119
5811
68963
14937
52349
72041
40506
55854
94974
30233
42271
52684
38604
75979
5571
43663
6518
45933
63365
11255
97649
2750
42908
12956
25981
46661
85934
74617
98052
14102
90536
91651
40294
89117
94454
85809
87742
92918
31743
42405
16285
6880
40933
12346
45455
15003
6331
49001
97506
45600
18615
83114
39518
53565
71460
2995
20386
60858
13873
87443
80020
33364
48892
71898
28561
12957
68043
13892
83288
57179
67147
65566
92292
31391
16155
12040
11216
60240
4610
56054
23608
46211
52402
76505
86889
3317
37757
41697
88677
68937
2559
76896
46044
63524
12937
83225
73199
21050
17763
35480
58326
30588
95704
41978
90517
27341
19683
92674
48931
53479
95516
51152
65821
7331
10145
46496
38806
43
50241
2094
23783
13472
75469
3445
84395
9222
50379
49938
24305
58222
72261
52373
94001
1534
72796
52146
25655
24764
29561
56238
17696
7431
42479
84895
15781
84172
655
12763
17049
80336
11839
60755
651
89349
76157
95144
93309
63338
36273
97692
2883
89777
13426
24431
77967
80323
92900
9934
75366
78295
37133
13903
27314
80221
49475
21974
68915
77047
68959
88205
77474
47550
20119
82019
90521
24513
8501
64481
59106
50102
47762
25497
76222
30236
73068
77232
41674
95676
56128
72197
43950
12491
1917
40572
10084
87277
28226
77450
25922
75468
37626
27909
51738
98940
69809
35455
86525
88771
66825
80567
82354
66043
15015
76757
81771
77700
71142
94390
72294
57749
86623
49977
59655
29503
38541
85253
4782
71868
15329
12453
39324
38806
93407
21349
23777
50697
63690
31492
48735
29497
57458
35739
99412
11414
31720
29732
2071
95102
82114
3434
32848
28252
22206
90786
3338
81033
19091
66795
92896
86003
96286
4626
20193
87152
72986
55940
49220
92500
48852
88179
12607
42446
12835
77475
16867
37953
79964
68059
9277
37593
73618
97098
93250
63745
79406
12558
44816
17578
21516
51089
882
29823
61481
16367
75739
58397
32940
76880
265
84191
20284
81596
1601
33841
51314
53735
52102
46126
82333
27825
20358
35979
67234
457
40779
49430
46482
13055
