36774
69046
79687
16117
56370
16794
82802
4925
76024
75150
65675
21534
75482
97638
19798
55776
90314
28937
83054
95729
97178
35739
49018
74177
5263
70444
71507
23858
53718
86539
1941
57206
11083
86900
2753
24842
60403
55134
71722
23904
79776
25979
97672
38324
5648
62063
76202
39518
94866
72465
41361
14363
11187
40477
55555
23936
40538
87170
76276
52602
2563
29101
60126
89090
6602
46179
72946
62158
47092
84904
78991
69530
60931
3172
96166
6220
28960
59880
51578
68912
49917
2655
23159
66586
51222
48985
69135
39243
46875
66180
61704
2361
98833
67817
69497
30712
14323
79452
91435
54798
12568
49354
43000
98789
3554
58860
71672
14661
64974
28526
29402
93076
93292
75017
62664
86650
50986
63112
20708
25938
9321
78719
90371
65140
58792
63864
57859
97562
23751
41216
15933
34908
21397
73192
32377
66939
72109
33422
43945
26886
10818
50604
22824
20553
35133
41054
62303
6715
41224
89787
26611
97995
24873
10784
44238
96677
29666
365
45719
19499
55342
57596
86757
98284
59491
82961
32669
63404
49353
89625
28622
9247
42300
9701
88612
28460
77899
9569
81400
6360
92105
17775
31663
65524
33190
20927
4979
91748
74693
4668
35921
90714
51687
80395
2224
86458
77774
68065
78737
84262
85138
99594
9832
59856
50595
10987
32242
20353
7944
32883
97874
50879
9799
77395
78514
15408
48558
16777
23569
2398
60066
72158
79172
6742
19164
36055
89895
48801
32389
16685
20665
81166
84576
92170
46974
53981
50607
1579
25582
1517
52284
517
9244
36962
54195
14276
78768
73707
79959
62743
21207
28529
76053
67027
63921
18201
58788
55576
78151
97677
79441
99017
85149
73654
89921
61689
52667
67040
5407
19887
99785
72346
34642
7296
81581
5977
53685
20561
60081
44460
96060
51716
78010
64313
90593
35414
39193
30940
12541
87110
41022
3506
26278
15001
72384
9113
14684
37701
84509
68573
901
7790
87059
81730
31880
194
56169
77192
58866
88523
89321
57472
95360
17117
79076
23564
74025
48433
63173
17363
38903
25213
91899
24870
11926
88303
20347
59874
63715
99345
23787
66069
64108
45663
44908
1706
83871
4602
31141
38003
83703
71565
57783
4314
78708
68845
5310
60812
64333
26229
20577
69706
26163
71585
30622
74468
56496
5764
18195
5433
9911
69275
81044
89800
31858
45475
90016
48684
94607
17101
12669
36896
57292
28364
56871
34005
2753
84789
22406
39264
8683
56150
6460
76725
4390
77191
49489
34361
9928
35976
15718
86134
54991
52345
21630
55467
85979
83237
46237
70919
66303
20008
1221
40884
75813
6572
88683
63582
26209
22571
86815
86604
45077
12086
9961
68775
39321
49010
9773
60544
56729
41732
35410
57212
25698
5009
68102
51244
98748
94801
18096
18690
6634
68248
98568
89053
14329
95045
49045
28348
32305
11240
55439
14609
25246
83622
56113
576
758
5120
64908
92497
5055
94595
42788
9697
1155
87858
86968
27705
37075
83066
49373
78955
19500
2588
15643
18820
11613
38206
15758
9721
14988
88197
4720
12815
40650
10199
20579
95440
97211
21427
61710
49176
84803
94329
14225
57467
58856
18965
70720
28922
71754
67156
78437
23255
38037
84626
75807
54021
45812
13007
34943
92745
77893
94506
3921
41446
81355
1279
43043
31787
61806
34228
22311
66984
56941
70986
92406
4375
41765
49057
7311
76159
8377
72187
86763
18324
17875
92295
91148
43859
22814
22736
85580
95482
5388
28996
34107
83942
97894
75955
36123
3811
34426
43386
78724
99373
77265
60010
5086
4101
77253
88664
51361
57494
37413
42627
57334
50873
74462
87587
62716
21009
35146
2694
40670
82544
3008
22504
89357
24965
62504
61219
94532
64534
43584
12641
58843
68145
97569
18948
35093
51803
14366
68829
23634
11686
85123
47773
88203
48994
29881
48920
67378
53039
28288
7858
74291
78020
57204
46762
82182
62039
35710
26401
43422
8250
59543
91312
56746
68699
57566
59091
2237
79008
1656
79387
64197
3092
42062
48219
53277
13964
27156
2682
61578
39314
65168
90569
43822
62955
42312
19461
80969
95161
68576
91391
37757
11032
83850
20324
37192
96842
21027
55235
78692
68185
83757
10378
72081
90083
68349
81153
42780
50938
86304
27256
38289
38297
26054
65069
9236
84456
75955
98911
8850
57550
42871
80986
7329
33806
78443
60510
51900
89520
57174
94900
22532
83942
17597
24541
4576
77953
83321
10869
95361
52540
55293
56924
94993
53219
7778
78667
99749
19961
72703
47725
46986
54346
86918
47178
9789
30747
6429
65185
4575
91149
896
95509
65472
74141
99481
21486
32423
34981
10548
25614
7376
24344
71486
67216
88372
83940
26920
31175
59199
33892
78703
90180
95839
99241
10084
61764
10651
17404
98466
2089
57481
52977
22693
40667
82290
2012
75445
83058
75385
7126
88729
8654
3720
4283
73943
62050
59628
47915
12024
43837
44256
1577
74332
45895
58032
15641
30314
41826
91739
46192
25478
41802
37826
56094
87103
39261
41492
94264
48314
31989
54091
15793
83822
95260
43448
25917
70907
18610
20155
39742
98273
13709
83603
64738
5107
9152
40390
44639
4884
72424
98310
60385
19772
6435
2263
61273
2613
70137
18763
75600
41200
6189
55392
33779
69217
8463
15985
10902
473
9373
2799
44736
58321
91543
37247
24955
57308
91565
77342
42764
23599
23729
13177
34073
56645
16517
48554
2780
1741
36734
71804
21312
23185
88093
79628
61838
13245
16444
45339
34388
55672
78595
47222
34832
58819
68346
22527
18047
59105
96251
628
65345
9006
2561
63491
36314
90644
91573
4301
50525
97497
94119
225
94916
91687
60518
90619
79626
98852
90613
90354
11572
87749
77322
29222
24423
59903
74402
46794
58496
56137
72971
749
52536
99066
25561
4256
85174
15195
68406
8317
70282
12832
91443
19613
21327
16507
16773
99900
23245
46246
25593
90565
10178
35916
73687
49266
4477
29363
19434
60702
59801
45540
65745
10078
73886
3429
57079
2593
7437
11461
50875
87235
53124
45526
44800
35883
77873
76994
23304
8552
8052
88593
66964
38019
68173
73952
95597
62659
12759
62057
67557
76067
14822
19077
78359
68961
37303
41334
55876
39200
99789
67821
668
31714
86629
28324
40435
58637
16801
77604
22328
820
77206
42979
83228
21035
55959
92005
66225
16802
838
2863
43983
82103
14020
1826
92936
67838
31097
41990
19325
20792
48875
40715
457
39535
8411
55098
96322
43549
77331
41680
60162
34741
34588
62562
33529
72927
26070
20039
12174
8252
41769
5844
78844
95183
64629
89527
51166
68291
36341
72631
2235
90853
29270
75165
35602
85175
65071
85867
53930
24966
47754
37134
5039
44747
29961
93209
88509
49167
90260
93491
35657
44312
29626
73466
97753
92447
58894
89933
31923
33277
44964
63038
23305
10618
32561
27229
41390
40464
30667
99219
2950
62171
7407
77101
14215
45166
62882
28059
19535
46769
82037
80455
34912
16112
73678
37332
54913
32281
69142
57566
92530
38960
92640
97655
38247
37949
77982
84451
50907
39024
12379
856
50312
75507
82011
87591
44858
55276
63349
84729
60210
67536
56052
56960
67338
6299
73654
14840
68882
96943
51915
53037
73829
59414
22907
30338
92321
32218
74696
45120
48391
68475
84584
90749
80129
41562
64483
82836
89569
13132
61350
66363
5533
24488
26652
58194
69212
63213
72051
67067
97494
49321
19692
93093
42305
51894
99020
77213
13575
17595
26043
49537
88593
91308
43220
56575
33872
12185
20592
52943
88446
57673
36167
34415
91605
4861
10444
45446
99962
2235
37416
46469
2873
64912
81722
40369
98215
23274
27192
2331
40203
63926
59267
24662
15057
33322
61076
44444
43177
23201
35992
94082
65839
80458
67874
83474
18679
78781
96173
23771
52584
16212
50760
24881
65220
87603
30376
26150
17790
63487
86654
33667
12479
4406
7302
66874
15439
59006
69924
29566
69194
87290
5785
59843
71116
63248
34766
68721
13047
5834
86910
96147
38643
12196
43470
77689
29750
82649
94624
94388
18688
46976
12788
57457
43286
31052
66084
806
86766
3730
33518
16323
51139
18453
88578
1024
27705
28183
33434
58593
24517
25132
8576
54432
64482
31462
41905
40398
21902
25353
99301
55274
3592
19770
81431
27641
10195
85369
89124
62333
49636
45123
9495
86978
39227
66712
5754
13989
89438
19616
76627
34499
58265
57854
78067
46762
46467
85204
9484
61042
32188
63332
90198
64540
29847
38470
59697
10943
18019
95026
83547
9547
29910
42827
4927
94891
93542
61665
51587
65718
61772
14956
83254
15388
93432
64782
72947
19766
4248
90738
27104
46932
83546
48355
14548
3435
53940
33522
11283
61559
18615
93990
22751
19970
78936
71292
94120
81660
87726
57247
37864
37185
4771
8405
79833
69806
79955
93888
56315
61310
3278
18039
36215
52768
15356
15005
36999
5305
2691
43040
40558
34498
94584
35131
21182
26875
41750
48368
50431
19438
4269
37690
48135
55831
63658
50620
21230
74023
74156
25949
43071
78593
59108
10790
60224
45887
54680
10210
70055
26009
95192
11597
18964
20320
72289
95287
94433
40770
68503
94575
29558
93536
49922
47997
80546
89231
75606
84461
77801
84133
74111
37266
52500
14161
27102
24650
58483
36302
98498
85846
14612
81197
33426
27087
14007
91538
2091
50195
39072
84607
91396
30206
74341
48802
63325
83495
90985
93093
99738
12249
74996
64367
51756
701
64568
35717
1103
76496
62436
198
4794
51841
83484
65761
3257
39239
43137
34402
32880
60673
5309
41170
95354
92426
26053
94041
16214
81973
65691
1900
5794
22969
16939
20808
16513
49309
32595
75888
5924
14709
13474
14864
95592
23152
14101
87223
43080
46017
46377
81764
14109
35995
62142
64254
16763
35161
53141
36821
56919
3136
2276
28945
79478
2802
36192
69583
12237
18416
87149
42209
68080
48627
91236
30548
13767
33055
86056
70847
24151
11919
98744
45807
82866
41815
94021
95082
64171
24845
4197
84428
56296
46880
45567
45431
38552
206
63031
42481
2557
68053
49174
81608
3747
63136
10356
77625
20899
97190
50914
45684
96481
50843
31859
75579
1932
46854
99760
78656
36225
17958
74082
1301
99902
33735
77416
13339
34320
38686
30681
60632
34806
10480
20330
51301
47126
8764
14821
14459
98282
5345
57095
29368
85654
53085
35085
51844
94461
87061
54355
55353
53573
18543
35571
15889
23557
71411
14567
7975
46765
25677
19263
27872
90220
78842
80394
24145
65703
59311
89241
19012
97766
34037
15601
5221
93469
22957
23419
48826
68708
36921
17859
21815
89842
30707
39488
6054
31296
91534
91285
4684
24657
85619
51219
34348
1589
90699
89137
10786
49942
11841
93964
21535
39278
70439
69211
20250
20082
9938
23097
94790
87419
76312
41586
64699
43103
38567
29724
80359
70696
56319
97579
5195
74130
15587
407
63540
70244
23806
86917
31021
49408
97190
35269
6460
50241
23659
88763
16988
83341
11167
4161
39105
275
48491
55629
39862
93854
20376
18021
74522
11742
4006
60448
2661
32868
5190
75631
34254
94317
15290
97056
73564
63994
97906
64551
62194
16556
43120
12474
13973
50756
81402
17789
54705
26451
40896
45027
59183
61789
52529
23434
6747
39771
7320
79484
1704
80428
10164
53323
404
44159
77885
88860
15937
58271
85235
16845
11680
93040
61571
10596
93293
67034
33822
94896
39244
64736
7021
54071
63708
89281
54192
79881
98012
5808
48817
86835
59588
80046
18757
89078
11197
29622
1554
84474
93420
64544
56342
91688
86196
11227
85349
75312
28185
7378
11913
91340
84841
31821
98175
12729
57356
49990
59391
564
8317
26275
17537
9185
80721
36219
31534
29732
86819
99095
12701
84059
29590
52439
8396
18540
6165
64670
24215
14949
66210
42764
63958
91906
91288
2613
79276
50463
7307
5196
39343
23324
98039
92192
64653
61777
48587
89738
37286
48867
13133
89547
21563
5195
50307
2287
35643
61652
37768
20878
29473
47136
70684
64760
55654
33101
56493
11720
67424
73264
39007
29682
61225
64867
38833
31856
89143
18669
20960
32194
48831
61172
8132
56438
39157
79554
33294
61207
45122
64225
20800
10680
68566
97336
54292
35830
44210
63883
76448
35054
75151
30797
16918
86028
4527
12935
86754
18363
79622
15839
88249
70009
46701
96118
59971
23099
34030
12851
17988
63157
29853
69994
14357
93828
23618
34832
18638
92551
67653
38546
91546
89599
54561
40402
84274
356
50435
87950
83596
61294
25759
68030
66075
51151
48902
85339
54806
13205
20010
99463
18167
17421
19295
38538
18413
91463
84865
54522
684
15324
16142
23163
31462
41570
32229
24432
81700
4550
20013
64759
1942
27356
18944
59771
13217
75003
31931
79195
42621
22909
68070
21814
19143
68196
70079
96379
36666
21322
68664
84772
78507
68249
8542
49882
77488
75568
60298
23431
30051
26459
41026
71125
99085
87310
77401
95265
69722
24906
87628
76546
40537
47387
25055
2040
95954
1708
66398
64928
25090
46478
861
56295
24557
95996
8135
9320
78067
36445
72276
48251
8800
27756
85215
95667
58527
80934
17286
56258
61570
75334
44103
46581
33265
73021
56101
43698
60581
7486
15764
42199
79837
82474
86050
83910
83493
10380
24767
15063
25597
64065
79210
9360
70256
88036
83681
284
7350
96583
51281
80287
63885
61334
33514
2485
93343
68261
53186
60832
2346
67847
46687
97064
99518
99554
36021
54914
44622
29079
11323
60090
24347
31445
1785
98559
17703
11098
6291
99742
84940
78194
80589
11623
43418
30828
31073
895
98234
71457
48173
98988
2245
76563
39288
56001
24234
77186
35027
95412
66650
18012
59054
48250
78612
40855
16564
99014
5294
79192
32892
30999
72399
3432
85815
72056
51845
90357
38075
99638
69785
79031
99804
58654
37149
43716
32641
12992
22133
48189
13283
92675
41497
84963
11713
24634
72244
46012
52928
26810
11557
74203
42101
59144
56225
27992
13796
70784
18458
53094
35811
75929
40339
47668
33649
70946
19341
3392
80529
76130
72161
65261
78375
53378
63644
47322
1925
30553
19591
75769
25993
3236
595
12432
40247
43849
86710
15886
70452
53238
63986
39800
22729
62081
51723
41663
10507
85748
95784
97433
4416
58201
89799
53924
35348
31482
79635
52409
30836
53684
61341
10069
29456
83271
37129
94171
64541
80260
87428
83765
56532
48580
49821
78392
55643
53915
29935
30561
19798
6884
57562
12198
68650
70046
43373
40007
47381
1254
76550
83814
7210
99291
47875
58438
79909
57786
69925
38813
32096
22878
28736
19633
61562
33834
25942
11481
21843
6638
14142
89151
89487
53424
87574
95887
84736
34590
55209
58225
90704
74436
50316
31969
68244
70018
75349
49754
69559
8049
58772
34116
3523
89256
82829
41567
11615
40453
97370
73327
91044
93297
19371
71837
223
38617
20976
9190
29199
92600
42761
80770
33597
53780
13285
79050
7382
12606
48035
35936
8155
86972
24047
42664
36874
41761
85590
52962
48583
35991
96982
16917
25908
12719
12382
70853
84900
78148
66405
56021
6054
5698
48026
72294
3049
66996
37770
6874
52417
15847
38596
96025
11337
31286
37123
59412
30664
9259
1751
57961
31496
31841
13335
61056
76162
9705
85117
86726
79468
11642
76946
36743
8798
31211
67752
93227
13707
40983
44804
14470
29326
89184
26342
91725
6915
43246
47989
17469
34496
74551
9516
18272
24041
49467
81814
89642
97032
64877
37845
19641
70305
67887
43177
9792
90902
97863
22381
14299
79923
31968
94009
60070
80442
2806
65268
38936
49811
74017
64867
18178
38088
46738
67769
3980
30618
67806
56330
35207
21891
6232
82426
5699
37736
20278
41885
5781
23244
93666
64870
55714
95323
38747
39082
26000
42991
92319
8358
84216
73826
57776
71947
5633
20251
83811
37699
98222
71324
61117
85270
51355
37900
77807
30843
71247
95465
36656
33475
57319
51305
76427
80907
77868
97225
99749
51645
41684
25271
97710
39334
35489
28924
4014
29599
57321
61281
94838
90993
3108
62212
68406
13092
70759
75964
95663
22612
41546
4897
36114
6165
27646
59338
21596
31071
11559
63029
14855
32581
46732
88857
68351
57496
94090
5860
30828
2874
3975
56788
40612
69585
1029
68985
57692
50358
51588
65951
88983
68327
16653
38702
72917
77626
50228
24464
83402
890
56392
90938
29318
98979
41235
80520
35616
73091
34706
47125
25479
40536
23059
703
95284
36107
26819
81239
17628
93944
39226
51843
33934
75202
17403
1712
46029
80030
53260
36276
9424
74313
71663
70474
73387
65795
31937
84135
45582
23312
2343
34678
8553
4646
72090
81362
49397
12945
11310
5894
4169
92080
7935
8813
94948
41548
44511
55480
59362
44096
55085
50361
46666
76778
53355
65677
21261
26693
64922
31351
34613
773
42866
94318
81272
94002
78605
66841
57512
24871
83077
43862
18141
89139
13745
66161
86712
97841
66048
38335
33477
51333
98116
6365
19156
18210
64114
51811
54230
31772
78424
96053
56337
50984
42727
61479
78206
43080
43524
94660
59327
42015
95582
86487
23759
75239
31694
29375
16198
58707
92429
65156
15587
26696
2652
58988
44401
53147
78328
15727
35466
20270
60861
47509
86881
76313
35356
58604
54185
55963
9570
86216
75192
22746
69888
34229
86739
24766
72813
92226
18711
87715
87093
6992
42962
36872
91999
22396
12909
90772
17234
72697
63980
93945
42852
33053
51706
17926
47863
23057
99890
77043
78203
13034
41753
81537
56389
97311
90779
26519
77119
17797
78385
2580
18350
43392
72628
82806
16378
23535
26245
46731
87274
93212
3784
73338
49111
54940
55928
25935
69477
26731
86674
56102
54262
51011
86979
81983
18996
29337
40523
38277
34
68413
38625
19601
59948
35994
16531
82611
29169
99969
33338
12843
42664
82122
88810
91632
4248
36557
75772
21272
67865
66506
17931
57257
72157
15302
54429
589
27803
91092
64281
98752
94209
59152
65337
45175
49076
50218
31111
44773
14444
10195
60475
95199
2891
17800
13148
24552
85205
93371
3698
7157
27745
71515
81714
66256
42713
43968
50638
31837
89128
89225
82741
51439
23764
77707
75961
77610
21375
5179
70766
11137
91268
69221
88735
57078
95868
65015
27563
82394
40924
78304
56973
76314
46023
88923
55167
13238
34482
88587
90146
16174
88399
14664
30362
10641
40241
84433
46670
33970
70952
23677
18976
66401
62915
9570
62894
53078
43978
8180
48341
19715
88666
92127
53914
18150
70143
78504
74956
71437
41008
3274
7614
61765
71520
87866
86764
69308
86287
34761
79756
36220
73183
4707
58964
69726
86501
40369
98107
23995
47744
51972
20267
87937
18397
43044
96682
87224
83263
7580
43126
87330
95545
93610
46005
29165
44325
17527
60627
83214
86360
93756
28682
22976
16177
43833
4622
80119
45943
44928
99900
61929
85698
22373
13224
53663
22629
19853
8591
84897
85891
24828
54999
70053
52220
16682
67568
4595
47655
71019
70669
33840
19115
3820
44185
33235
44667
81266
12188
22626
48843
62516
50173
59706
72257
73159
21897
27883
99058
2215
23730
64485
47754
70070
33347
75758
68377
6400
74147
50168
37069
64384
38051
98666
8526
4268
94188
29206
5221
18662
76586
27247
26127
66912
27497
51119
11431
20271
34008
21270
17294
85909
73329
54981
10735
79525
61877
45081
1166
82410
73606
91894
90717
10816
76855
86147
31735
22546
65948
74462
7612
57782
43558
58764
72322
26328
74668
1245
49056
11518
128
7429
48068
53501
44962
66759
34433
61713
49932
20804
54901
40320
23386
9169
50493
95376
72326
58339
82550
19363
92248
10423
52031
7005
79249
13157
11526
75141
86405
85342
49757
9257
63810
91921
96256
24
582
57808
81953
21578
7949
35846
44208
34544
61553
27071
44179
10158
34809
51333
54424
49772
26207
59065
72801
74919
53392
68019
29594
22536
97821
32870
82319
23288
46039
67312
45364
56443
24015
25374
78643
70332
11140
34230
76776
5822
26871
23312
15962
48031
54579
24465
56015
22320
78826
63372
54338
17974
78620
6516
63414
98859
20199
55226
5634
51362
31801
5643
56458
68525
98146
55506
2171
83645
24839
74079
42637
83050
40019
83146
92757
76172
631
98213
6646
95887
88996
87007
50335
75999
73443
93625
66076
63662
15606
88
29847
60660
30690
78155
67907
49625
9134
96797
88042
74024
25342
94171
67436
58511
67629
81915
70556
76108
59156
46009
35590
6478
99746
31261
67853
79733
71791
47340
6216
65251
29384
48903
60366
22563
64183
92989
66337
85717
89326
7993
84321
56343
84735
59126
50357
31915
43223
24886
14846
46912
39068
87548
78150
8397
12175
31056
55346
19650
29437
44079
53589
8430
73655
66825
45061
77798
75431
95735
92222
67293
80663
87310
56054
63613
26564
82927
73494
9185
69563
41875
16074
89763
45917
60042
66611
52947
13872
35385
31826
60600
88360
33620
58889
98402
9479
9425
66402
71871
4971
21297
25074
49349
247
97157
79139
28642
8797
83600
74015
97966
95273
30785
86402
32671
40952
92680
1734
87810
30509
5980
7920
56542
65124
98219
29989
93977
2401
69935
4019
6396
41843
93935
43081
7372
98801
73644
26548
57652
88020
14233
55820
68643
85608
10950
50541
91146
96138
50055
16577
16698
47594
2384
39800
12512
57104
77106
48575
39080
65160
78672
64590
53723
42175
92911
28537
33106
80713
84119
16508
70384
69303
40684
76461
61661
91893
7692
30654
4084
11180
4637
33719
68447
95397
70997
57861
30586
97121
86590
3439
58086
59332
83340
77454
25101
56894
59524
73217
75244
66322
14333
85644
51075
6816
62111
59361
30825
46486
76980
13063
35996
6231
89539
28092
30404
76419
33629
23606
32499
40183
47555
41943
19653
19864
7069
74592
19857
43247
40057
65326
97266
13494
38772
63708
93137
27506
57663
86547
7080
35199
9391
51113
84748
49879
63984
39586
65063
90860
5157
9968
42685
58978
9991
10785
25710
98092
30338
16646
67523
52763
36391
20149
13696
47326
86756
11379
53749
76748
49578
5907
28111
16448
15433
96978
39788
73198
95391
31076
39238
71659
62211
42028
37638
44553
44572
95084
85820
33226
21692
94143
44165
96483
56598
19193
23713
18928
63932
71900
72160
83219
63684
502
20699
37933
53392
28535
18282
1437
2797
21160
88085
76569
23439
77641
6131
52770
48349
3853
73774
54491
92620
59979
63339
71883
13866
29195
51918
65174
98385
64335
82844
97478
8010
84424
8178
50220
80453
45647
20745
96265
16666
70007
73794
6476
77440
36004
6997
8696
68374
8490
59634
78267
85887
66425
2505
77854
63002
68030
22135
67055
12968
26217
41181
11220
27582
27801
11171
93182
36202
17928
53760
54725
45480
13109
24469
86272
78485
19536
62941
11678
34144
29991
52683
54710
88632
27729
52435
99285
66674
60934
24031
37439
18666
16713
91956
36023
47559
66084
34466
47307
51986
39764
70337
11206
49723
89104
26300
64108
4524
9387
75854
11168
30211
24240
3814
89994
88465
91675
79779
68592
89013
28526
33834
44734
99864
14093
93363
88063
70597
97563
71362
19422
48842
86606
583
10953
27166
91616
65491
938
42267
93576
73335
59456
29769
1013
29233
36934
96433
56370
54722
75402
53702
39602
24757
73704
28690
19499
22072
11790
95697
55647
43807
85637
38297
19498
78399
21773
31725
75773
58208
91953
1877
68311
26793
74287
47756
86652
50481
18270
57518
91844
72363
3486
45345
75
42418
28661
67347
62329
55669
77822
64753
13261
40233
80281
81700
76155
39521
64215
9929
4833
1267
39434
2110
77812
99797
57720
90216
87316
44403
21228
66549
88139
38758
65765
52666
82584
7443
94188
75001
80257
87288
88017
34155
93542
72142
46030
84732
35280
54431
65838
25374
93795
45565
21584
82046
50943
58485
73143
21642
25060
60442
41419
77458
99799
23381
63785
66407
96220
87078
31843
26450
97786
47254
77035
81739
41380
36186
8985
24330
34201
27752
44432
65436
44150
27511
85769
85679
31698
81542
36535
55994
17573
25352
26601
38630
35267
97755
35673
27106
97721
30406
22367
49443
85001
57010
2932
72866
29020
59573
12770
86347
25335
69399
96682
16262
54111
94096
16638
57705
29499
17729
17085
19265
41755
19782
51593
83824
97254
44587
71953
29777
76133
72593
35548
53798
40212
13863
5453
27413
23265
34945
71897
37769
58722
6290
68242
65633
4637
28810
74827
23495
77347
16223
61581
45490
91961
94863
5704
75894
52222
63256
9705
54561
22741
67544
22246
58229
13532
48652
88316
75650
18253
50213
21999
30874
27465
62236
68046
36421
32775
89588
67388
43848
66103
34119
56552
93593
65066
18974
44825
57933
68715
79657
68820
35399
62668
43027
20027
16165
87306
65873
12137
16437
16520
25395
400
55506
45599
48125
90328
93932
49437
26652
23607
62801
70425
83376
53687
5559
48566
17027
57474
87816
77853
28896
34554
23642
58565
93745
56493
86375
78595
12816
73636
96367
79950
62553
69845
97704
45312
80269
56153
18108
34279
74579
12
4061
38011
87037
6881
71895
56987
29650
22772
13013
55606
3929
12288
61666
99721
96772
82273
34036
94463
62923
25661
65076
11296
56209
47955
89690
62307
68589
20578
43461
93320
94138
11625
77972
49224
5239
82838
30197
48470
54884
60047
94227
17454
53722
71432
24447
42146
28354
64716
88288
87229
89476
24626
12643
74026
83423
93177
83945
36503
62496
46382
48050
41046
59676
70546
65425
40505
59378
16134
29009
46904
87105
57905
91307
92218
56358
92950
54771
1933
74507
25536
61657
94216
83848
70847
75274
78591
27643
98028
29382
51536
78011
52053
17665
77904
38178
42068
96264
64474
49630
10311
50419
65920
9182
54261
53236
40350
57459
12355
40151
80159
41190
12140
10960
89825
83560
98496
27383
57546
33537
32751
35381
61488
40561
3146
77213
98686
49766
7277
83224
45630
59874
33036
35873
12356
54299
25231
22535
79335
42966
28306
22438
13954
82932
83758
9794
31220
90172
21699
48432
77714
94978
39018
82850
97205
96056
3198
39377
55080
10148
44142
89765
72550
33505
43213
97377
91862
74888
62696
85358
26372
75611
35290
87903
66689
23814
11762
54200
26081
15440
96176
92247
84539
86637
14221
2957
76179
86601
30937
78690
26141
5742
40801
13358
44275
85393
88043
34676
6286
61902
35920
63101
4271
73737
21201
88477
4042
85525
95013
66277
51654
27965
52655
36586
90637
90627
50715
97596
15685
12171
31811
3314
70803
89977
34388
77168
89960
48932
34980
74020
9747
23911
74931
69771
42196
20437
15813
72510
87105
27924
85923
18662
43501
35391
17907
18504
49031
96187
20413
47398
41547
48750
41752
93531
63522
73525
11878
72821
72139
53900
7629
52460
74446
76498
43230
30127
66614
62049
25323
56490
3233
92816
2249
3368
97867
61729
63597
21853
19763
90994
36251
30655
55608
39485
85276
78825
37947
90987
30066
38357
3737
97721
74842
75255
9509
12459
78335
8083
37872
51776
86966
36019
1096
57554
31680
60779
61515
86837
76403
83153
14148
19531
16502
27156
55910
70463
19569
92742
93951
15298
93231
32687
186
63213
9744
739
23480
14119
88306
53374
71932
85474
80881
77902
60655
23752
54030
95108
45569
28076
93152
53447
81966
85619
8563
80481
97148
21202
25171
45881
93589
75401
4541
39193
83555
36883
80841
59608
67952
90232
8394
61425
14120
50552
78238
15139
5930
14832
32892
4867
36
43354
34840
53838
85923
64545
49190
92166
92367
88479
23797
97864
78315
16064
19166
98172
73462
49403
75655
63710
31476
59911
27944
63868
63377
94626
6793
18603
52527
25702
63133
70952
32644
84818
80531
57283
74743
78996
61217
1447
20559
20372
46843
75943
28554
10931
31966
34903
5738
38945
8525
42475
28506
56121
50586
10730
35286
70236
86558
61532
52028
40055
22548
1134
88835
7768
79805
96392
43918
22581
95230
16940
3398
37364
56157
49982
94514
32570
55536
35140
542
45437
66545
59524
31004
57535
1250
96590
64254
18055
96277
84761
47685
63932
21616
17911
95945
68677
95871
69415
37612
14202
48758
54069
80582
62929
52188
21483
13257
68157
80393
35975
25813
34306
67480
77045
4686
57172
35266
99925
42478
11276
79349
60948
12206
61712
1765
31765
46982
91133
96602
10328
88789
20465
92714
21698
78106
88003
14099
11319
17295
55055
67257
47902
18918
81245
84816
56475
12339
83443
53813
58849
73115
91446
44560
41824
65437
37492
58076
71742
28902
48434
20629
70059
16440
81398
53298
53713
38983
99081
90033
90709
3308
47506
42070
99092
32336
82860
96285
41280
90374
77161
45885
74652
31882
14180
51687
29864
18922
49291
79597
41296
39180
90396
99890
32769
54596
96811
34958
34290
36798
84426
46945
45534
92032
12385
75431
53675
16017
72376
1131
73953
56085
62062
58342
50803
77867
45558
31959
16868
44569
35327
70476
17466
44418
69011
67974
10735
22085
56704
3925
80927
58019
71894
65891
10086
6536
38541
21683
63960
56128
36352
12539
64323
1417
14775
9582
89420
47499
54033
31882
33203
19985
29000
54758
91082
68319
60415
66785
86627
86860
37910
42004
92100
45562
32193
66010
66007
24179
27391
36878
95641
84869
68408
44483
27803
58653
86636
54736
84664
10719
91008
6578
59530
71300
47575
48055
52743
98786
86309
97544
51921
57348
16784
4615
28431
6096
77722
20422
72976
49576
81456
9722
56312
94638
83319
92898
57966
1033
15770
84144
69319
88260
51042
57734
95000
50669
11907
93410
39121
5203
37878
17008
93503
7630
50632
68134
56248
1819
46080
1541
73334
18509
37795
54545
10031
84534
23642
89231
29453
82860
70742
59091
5472
3665
84412
83190
80778
90642
24868
86080
28747
26309
33923
87685
31345
27647
39524
73278
8790
90640
51567
66653
31115
10416
45717
75025
80646
54039
872
99125
80806
31143
93634
6118
15933
62595
12749
39962
37619
38325
13398
55336
66547
63255
18198
48238
28807
90395
337
90391
56255
61191
59614
66903
4428
7257
60103
3954
83885
93106
38625
39620
13164
43836
14541
40717
37709
20546
38999
25664
26170
96166
28480
78980
87662
8453
34274
32050
69011
50341
96630
17917
97900
73625
30841
73258
98463
80760
56120
20476
15696
98865
78348
95096
64354
82683
7569
10877
88367
57786
56163
42244
2642
96007
3326
1501
8880
41898
17169
53788
70658
18137
46346
23543
32422
42239
94409
52879
83926
15967
59533
38595
6045
29531
9291
25526
24230
40493
11270
12977
61174
36516
22968
82547
6218
22213
33622
75244
69494
11747
15726
56408
42339
89361
94067
85593
52544
15351
56903
41523
51616
44182
15955
56102
26058
56549
86652
71658
43498
89452
88085
572
89627
90060
27859
1623
99757
10233
2640
69311
33897
9294
20489
76366
6649
76353
46125
51468
74933
32034
30555
40311
46999
46974
16883
51535
83722
56589
23540
18130
27192
63234
45407
68776
3554
57438
25825
44842
17111
9658
70698
4459
25025
26563
39284
83003
5610
68179
52967
93295
40692
41924
23423
87150
84492
54439
45805
99550
58801
74824
81167
49528
21692
39959
36117
86627
61479
7526
76334
44149
46498
14558
81256
33389
23443
76758
39753
80130
39037
25882
61884
24579
68582
50800
453
43932
84921
47501
70797
24413
60968
40996
53291
62793
3540
9762
37881
77401
32892
22753
33480
72606
92622
54831
75594
57698
88584
72348
98923
65393
65842
83272
52503
73479
31593
33846
41202
63283
32930
85279
45671
58540
48938
98026
84066
79368
83054
44501
70047
72447
96005
64625
73296
68409
48383
5846
98912
2719
25173
55358
67597
31656
65917
58762
58086
57985
66205
56578
3285
13487
78722
98532
27233
51380
91266
58435
20798
30679
5162
26717
25216
4268
21583
67187
18155
85740
5181
98006
22320
73243
65725
49918
15964
58618
28303
10203
64403
66398
61108
89299
6957
34204
55147
41067
84975
8262
6065
60908
73741
7684
61436
20971
25307
38353
37037
45761
3183
58322
10262
50781
57393
16371
12123
59307
70536
18793
79229
93761
14305
71954
22943
38986
24308
33979
17694
22211
55962
35704
48453
47159
82227
48059
28092
69167
46000
57450
59153
30161
25060
43148
93106
64956
2060
48909
25157
46828
66947
67637
50479
85312
10753
67180
19940
87426
59443
65889
42876
37022
36344
65225
96430
58312
47439
37087
91418
792
10651
5869
29083
37588
98017
35395
41524
6205
51816
87703
92263
58584
24974
93052
10895
86154
21821
14257
25444
66371
72376
89406
42800
20228
78919
25907
36055
24364
55019
69601
43140
70220
39578
87762
44712
95525
88085
1613
51842
14373
77065
1164
65031
71530
16064
53658
49099
54626
7488
87378
21212
90335
74228
74376
8763
52838
27443
80549
5414
75871
52156
64659
65337
8333
66794
94125
4483
50900
19731
27797
89629
61814
37667
10274
32499
83629
26876
86020
16365
14053
62644
78832
57162
2407
23653
68573
62459
15142
3149
53730
38137
21961
43493
46387
64773
74488
81120
5072
78510
53134
52585
43627
33961
22080
40186
22461
66877
50268
92794
8638
83380
30209
66831
23248
24571
34617
2110
10468
20692
44578
15836
46814
89288
85660
68445
39272
70384
18054
90926
53561
73333
21231
29342
76348
13953
43036
95151
6770
46572
32222
33952
19053
54871
44845
71311
22528
14343
32804
76842
53578
55860
89366
59236
23918
88828
7991
4512
33978
94623
29048
44878
56421
23471
11460
81615
71007
32134
11090
44680
44604
93243
94769
54976
45226
8084
9824
98358
74310
16105
78268
81495
40743
28546
68137
31313
28705
78797
89640
92749
68379
76128
19378
6993
88467
35304
88441
68824
45704
3975
54137
33938
94997
14267
12965
57375
1619
90105
63617
19549
64604
3639
72486
92199
74233
3633
51105
5545
9639
1122
31661
27666
64507
77229
26501
13737
86706
60053
36042
79254
51398
1071
3498
73468
4825
99111
53476
90672
4275
55724
66356
6203
43201
25851
49541
85653
41054
12936
40510
64652
8858
77469
15280
4943
96173
21139
3789
48913
65322
99624
22279
62369
52954
65000
74919
58122
43458
2297
68197
57957
70070
73868
51794
53242
78984
70893
64468
97644
76782
76940
34252
2917
15677
22283
94159
4453
46307
71798
47994
56999
41805
89638
51291
72181
83734
28648
11125
94985
57021
99588
69866
88321
59957
32240
49986
51020
21202
16310
90993
1363
24008
47512
96212
59389
36864
84624
8827
64703
59433
36527
36580
37331
68144
58854
73179
94149
84970
5287
58243
3900
73522
48818
80423
84453
469
55380
10842
2638
36466
13874
9039
81474
43458
99268
90295
77871
93029
6942
73259
87406
55852
15886
25178
17378
10977
874
73832
67327
67774
61692
96170
47612
86173
87427
24915
73713
31533
42488
71585
77146
8705
24639
4522
60691
64306
25075
58081
53049
94279
52798
48232
55320
94985
85527
21090
803
11878
16641
28274
34449
39129
38954
87173
47380
97324
5306
31960
39571
20570
93333
40496
92542
1547
97836
72622
69298
40829
35806
60598
16086
11085
14857
94706
89842
63478
25660
61748
70349
26051
67138
42948
24897
10887
95469
91213
29961
47500
22905
41002
71920
89447
17851
45190
10911
32564
77571
56229
95059
40551
63803
96634
49781
80479
58613
78717
18200
40057
31059
74196
85895
89342
60052
56138
36199
2131
25718
18663
18297
98326
91863
84026
72511
51347
82696
40077
14228
63103
52242
26473
17364
68804
93901
2492
53205
11519
23237
37280
97139
87419
88413
30208
37327
11335
16190
57723
43592
68587
15691
48007
53707
27120
7827
2902
26784
75902
79246
20862
56813
52462
3881
47426
68414
52386
72568
59830
61637
44497
61752
85503
13521
27803
34514
72931
25260
59700
68696
48616
16170
65388
51851
85925
76285
44691
76446
79710
75075
90485
84245
47949
27417
78624
86383
43486
40546
85305
86880
12669
79623
10175
27863
42451
93015
10815
37765
27617
51096
79067
64264
2775
74000
3445
41879
82667
12156
51098
34934
78511
43250
82794
20552
77601
85634
66320
77583
40478
29366
14387
32627
63731
80440
92255
7243
2867
10228
22057
78889
18777
71522
48937
27175
44174
83854
25556
66656
66158
73166
64005
20634
58636
80380
88529
91814
6600
6274
88295
11314
74605
74570
17192
48282
85792
16660
77906
87060
55348
10117
71627
7882
85273
45835
2210
82072
54601
24529
28963
88105
62491
63810
97881
53642
61703
69792
57444
85381
27442
67163
490
4321
36740
79422
4337
51834
73455
70094
55196
90218
56524
47853
37548
46407
10686
82903
60515
20675
70989
37699
44500
32485
31220
50433
67255
37806
8809
80835
88509
39370
21511
49849
17993
4489
49189
55567
60109
62278
81046
54744
26524
5312
68016
48285
47898
49702
58654
32741
20754
78122
2344
67127
35310
48024
886
97698
762
99559
47955
35199
17517
59250
58740
83597
45640
3659
87047
81707
50300
38194
54122
40481
2314
68469
74846
5804
83627
58606
27966
10737
59111
44631
5499
11986
12091
78874
4349
48433
74966
34000
58378
33243
52411
57238
81147
24283
33537
44195
38517
38796
80526
82733
7972
28983
28577
74038
87342
18908
63094
56226
7926
63656
2183
29124
70587
61482
16908
54497
55318
32791
20462
87090
83766
7434
31380
33594
95443
27160
93360
38369
2121
46037
20043
83745
52236
57902
56001
3989
85220
22247
30906
31553
48260
93874
3123
9325
11142
38772
82594
36963
47459
82018
60579
17700
9907
28504
84333
41856
14308
46470
69071
44098
41749
37774
48319
45257
97049
15096
37053
55915
27706
17025
82659
94564
19391
63494
28260
10485
24594
74663
18605
83956
37303
81754
98136
48258
64481
44631
76222
67330
55696
55863
68135
68244
25321
81169
70
63627
53536
56067
86390
90272
59076
76744
81326
83571
46503
3823
1222
38624
95818
3233
12438
60884
15196
28166
96672
40935
89648
88872
47442
97916
65222
40790
56344
59404
75408
19780
7085
42686
36455
83698
45095
20535
67630
86893
40255
99404
3937
20119
85276
84783
55139
40912
81980
19182
13717
20645
82017
68151
28023
61638
39161
69857
6833
20120
39536
45064
6971
93037
10203
46171
73137
84287
88689
84046
94649
33857
73305
61002
47649
55948
61661
16496
6247
64921
53098
84441
14696
52709
50725
24152
45494
12243
87354
23726
37535
44100
88892
51690
98644
2406
62273
29972
90
96668
97428
45639
18156
15431
52904
94211
23883
54523
50885
94028
96773
44791
97544
24326
9449
94732
23752
48746
81271
7454
60548
30215
50893
65776
34879
5136
33616
31614
841
61311
24693
15504
83150
64022
44785
4403
33586
87471
2676
96044
7864
4639
63240
72820
59884
31504
79495
16435
80741
98199
92214
8797
59791
59636
57853
68653
8800
70299
34657
89538
56327
60343
80156
63231
34687
20616
47561
43449
23887
17171
51878
21304
50159
5817
51301
44807
30577
19873
4599
11936
11699
37548
1150
14136
98496
28944
94425
80117
71332
3693
39959
62923
77625
50713
38285
79453
25502
71218
80558
95856
73362
34527
59398
73073
2151
70698
8010
51010
7653
51724
6672
54988
36051
63134
97192
12323
51238
72253
28807
23383
87098
25043
79672
26811
8312
53425
28834
55530
89776
38924
89575
85565
73189
5906
99918
91750
16529
8873
45360
34507
26984
51014
59298
91425
42304
52101
49062
6459
28788
94527
81190
79469
73211
87776
12351
90627
48905
84975
9442
80394
67123
33356
952
57760
42158
48256
40903
47014
26843
45628
33341
18624
51637
93928
85286
15165
54808
79649
37929
43095
61142
93876
29630
62478
29821
51004
56912
19321
79178
21649
77131
86844
19557
12169
99275
33341
40685
31559
8288
91197
47967
16326
36879
95970
60014
90742
50357
24380
46242
19396
56421
80822
17479
63425
9428
22263
98628
14003
74977
37082
73392
70182
96592
78557
89961
47661
99175
27589
23018
35278
81455
64734
94886
6811
1305
38885
62110
49881
88311
64206
38028
45905
63942
74182
20710
64380
32089
45844
24982
13416
56702
61321
99188
82265
37045
42593
58409
2336
96262
16228
81286
56665
59317
38178
14006
90356
40487
63633
61712
9841
78617
48344
17649
68672
26626
15964
3434
76578
83243
65738
49380
31285
83217
14608
36590
14680
97634
12359
15654
5905
47549
73043
58978
10751
6473
59115
37561
63618
46577
94417
37202
4628
18640
10907
3853
97238
66739
17818
39490
19096
74447
75691
89399
18676
42105
12184
80419
69945
69294
6690
7638
5853
19432
4377
78425
31600
53388
65563
64112
24724
17340
34533
31371
89750
4071
79568
50556
50723
27901
66541
71613
56011
70472
33978
29882
35323
48997
72150
32909
23533
93295
38635
35263
89065
28162
91072
1342
44731
41119
15941
74621
98837
10598
61506
22683
25040
39687
5878
36905
6576
63199
40386
30314
66044
36976
86389
98102
37062
71231
35497
36992
16347
85013
62279
5920
2431
75820
46762
33760
34484
70290
99012
21532
11833
46947
76460
22886
25621
60231
90211
85665
12478
64649
78822
27728
10132
59717
73285
99690
53690
61809
56967
84614
2498
65789
87001
85319
54696
57961
60218
88103
4597
12449
15294
64762
82341
78899
94066
51925
27468
25370
15013
4659
74091
4123
10189
39567
78836
51682
64104
82174
88780
86674
40246
22047
53340
12842
93141
11278
96693
77951
3210
66805
42990
2290
75991
72247
30254
81416
1096
56190
32592
27950
18333
48167
73478
32389
48319
22188
67721
94750
38892
28691
54138
8512
51565
60484
6492
12610
70792
53055
86808
45349
71943
64920
78292
56954
69528
61863
39506
79031
76743
61425
70854
87406
70713
38708
4397
38292
2966
86825
55193
9480
24050
1546
24697
8005
33044
79587
36757
3835
61626
57018
8209
71850
67954
50286
51537
4445
15389
73630
96596
54952
67663
77431
76770
39708
24293
83859
15048
920
50670
56487
47575
70302
6836
3583
55140
83888
70078
5270
59192
10809
6217
75500
60061
60660
10360
72631
95697
33429
28770
3363
75699
54501
69541
84169
71302
24097
53934
54367
80799
60525
29720
79078
94846
69160
46699
71940
70698
1809
49945
76884
86709
49481
98131
21320
49788
33937
84716
70608
33990
17891
28001
93397
10214
77077
77488
25446
44678
28200
10087
50137
69494
71587
33060
38095
34463
64254
95018
3408
53276
7345
23467
63770
4260
94714
5280
84192
54842
78904
58061
97181
34737
16531
747
46229
54949
14504
19554
2606
67732
98509
9123
84593
58578
33979
99089
86086
29447
28629
73602
3550
34456
23987
60714
26919
36724
48000
59491
40100
78154
75570
50534
76734
13933
58432
67924
91364
6745
27263
84530
93250
3216
87642
63243
26401
26589
86603
56005
52273
58799
60402
56005
76788
80105
36502
9321
1689
54377
417
10206
96311
36150
71910
78153
97741
76343
17094
28229
80547
29953
19966
48066
64595
64037
81214
76082
60760
31782
18513
3535
77758
26100
20259
42771
28362
4900
10277
23485
46977
68070
97564
80337
56310
82537
29549
3304
15662
94677
67414
64654
97726
53644
83557
15679
82307
7931
84846
19578
52033
90746
49494
26483
55997
66925
84542
50400
380
21404
99464
26376
59445
97842
94127
84486
77478
15208
28137
11845
41416
30855
37576
83820
65462
22662
99433
56306
7225
15364
47756
81828
63452
33558
52294
17042
93522
84808
59491
88685
47326
98952
67302
58578
45472
29441
34206
87410
62128
23480
20486
51006
27793
46403
13331
69083
37610
57769
40851
3051
6354
4536
8868
39659
45584
22934
72477
46895
47978
93557
61907
18923
623
11374
67870
96076
63041
31598
27645
26924
85980
74437
76694
26467
30282
17230
76917
49133
67883
65410
35433
43788
76366
30570
55739
49648
95777
82604
29051
23130
25166
20489
50735
4560
2133
80654
23698
16238
36093
88943
37767
15734
17766
99507
84008
7898
90389
97269
61241
38769
82654
84516
97275
88914
25522
4305
18419
73101
91504
24112
6776
31273
68472
85602
74615
47046
14789
19429
14841
28415
58906
69605
90400
93895
64780
66822
26465
58492
20422
63827
55841
64471
54801
26654
43209
9159
65453
42191
38892
83453
98481
84841
41150
40582
67582
4221
83318
15299
54865
79271
72269
93470
31453
94602
60504
6993
71970
85870
43599
53854
90817
41230
57023
90869
23479
89322
84837
28414
88825
20989
53284
71485
74767
11990
69624
40868
32962
56329
88816
78183
69345
43601
95392
47470
70408
45544
7124
10904
78727
51314
64496
55744
82665
50307
21178
36000
37445
97973
5933
29253
50720
62815
13460
17105
36376
54466
87877
24358
36765
11670
40106
76457
95516
5221
24903
26239
25388
64402
60400
86906
16219
16209
38844
84494
95002
57657
9778
98658
39567
75546
55022
90138
60295
36588
64970
14752
56740
4427
82721
55453
3185
54163
56711
83316
64627
36111
20525
51148
57830
52476
76074
51493
14614
42623
19699
84738
99480
78314
31017
55032
24408
39094
72455
3509
82844
52574
22611
52169
70003
80887
40313
28436
53263
16707
28741
75999
98316
48054
2479
84381
70855
80849
73647
24303
37331
80021
11248
98391
61136
6200
13068
63944
14610
22129
39166
23199
23032
29941
73214
34381
69286
1237
81641
35261
77257
39306
78227
66035
27573
25560
15221
54506
21860
92382
17119
16022
69647
52695
10538
86579
92959
95554
6489
59565
22614
54993
92440
63003
39669
98595
40938
43355
41487
37858
43250
95784
17106
73266
94646
94254
15956
25128
82017
15485
79875
4437
73969
89835
69034
18343
39032
20823
54581
19566
78105
33739
98806
73218
37997
58721
32063
56460
56299
91592
56449
78030
3257
63329
60125
91231
21645
49732
68101
72334
92281
23433
60563
42910
36609
19691
36036
47101
21623
79275
32680
71755
80757
32412
25618
16975
19961
10427
84944
17878
2195
97458
68846
71190
11206
77708
66497
47748
63524
57547
83459
46936
83217
88926
28556
42005
50612
93210
257
67688
95320
6474
51513
3045
46752
24504
42696
67862
73229
23049
53403
17806
88870
17927
12921
12393
58189
44623
2084
18776
53171
11016
44055
38523
68877
66634
25828
88350
98448
40470
37319
43829
56015
719
98820
64443
93682
43717
4141
60855
35876
75626
73865
39418
69923
30201
99744
23857
33749
91661
47860
26909
15314
71045
65221
12383
6929
95310
12060
88490
10125
67263
51496
20783
27439
47436
23484
2306
96181
42440
19970
49367
34366
50393
16949
45215
19056
54016
6184
9803
38194
387
71494
11476
10885
81293
24438
25581
1792
70577
94855
76309
10539
37746
91232
4088
10182
84028
75937
78386
44245
24375
46975
59078
23633
87083
38727
59996
67598
98831
92240
80921
45094
17068
97323
7715
25582
21410
53027
95770
63349
22317
86258
85620
21988
50115
17120
26528
68120
81578
93963
1070
21949
13062
7568
45973
76302
37594
54917
80028
95899
76704
74405
71849
65835
35897
4561
10076
48659
78110
45256
91491
47541
9096
71564
41825
86708
98972
26340
7616
90817
71719
22421
25429
39776
74175
93078
77367
53739
84975
12936
35108
593
38427
59994
14880
32529
78577
21405
66014
66641
65796
24855
73268
51736
77941
57913
29905
67271
74770
51427
40449
7020
66364
92800
26297
66890
12228
74692
3648
86747
95816
42783
13130
93546
98296
5608
69047
88775
69443
45871
31140
57740
83656
16415
45576
99965
51843
4072
2626
16017
61393
84289
71281
3560
67460
43966
29993
98919
5087
8035
60053
41891
12846
60627
69005
74426
79162
62731
93173
50515
18890
86923
51267
61123
95062
95061
92332
57551
1689
63068
95528
68262
44434
22409
31269
67549
24372
5611
8329
92644
16726
8992
8607
7325
25098
22786
29762
78594
33956
4194
36030
68992
83031
31
26553
57148
21690
19348
90607
23442
70599
65213
69658
36230
70640
96294
70342
58037
24484
12117
74775
58594
79129
37098
62044
93423
24842
37714
45914
70378
97198
2245
48054
86320
53182
90452
51524
51526
4965
20140
54796
25495
84117
27758
16094
31386
37769
31743
74656
7442
86362
71316
9342
42035
30201
95855
79066
66284
69832
16417
78923
80912
47674
60718
80742
32975
42162
64159
43659
76288
13325
30426
79100
92100
80560
31260
17644
93922
86002
53555
36329
64344
61768
63610
31994
18177
73620
78716
13121
16963
99988
87429
88987
93461
51061
45168
55318
90411
41323
71517
10680
95557
58924
87931
842
77931
49993
5292
90589
80478
42730
42089
72794
91590
39353
47709
9338
67247
93157
42052
79379
94325
75329
62004
18593
14500
84364
19690
95471
54519
8623
47257
83546
55697
92432
22817
71893
46732
58571
79913
2385
96161
31427
40894
44314
96713
17962
36083
76636
81724
48512
61704
93144
83487
29579
96947
68381
53007
91099
99584
87225
52331
56303
10056
36648
79658
80147
37707
66321
54320
70792
34423
81754
14602
21654
28237
92739
43643
35432
68578
4059
19639
57182
10440
77258
55768
777
1146
21608
55773
47085
25958
38321
46317
44077
35068
26059
14354
62303
73834
17510
92975
19158
39506
58885
94882
12875
40312
96536
10926
54326
10661
96
85345
8620
92832
1306
14910
89451
63851
70474
78645
40796
97706
6674
76215
13542
15963
23642
98081
4054
13666
57507
51411
47569
53239
87521
21032
30154
19841
76808
69972
84736
5643
87219
5638
69724
47848
72888
55025
53257
52194
72013
35702
76077
93415
13248
20074
14386
61198
60763
72137
3110
37153
67137
8016
54675
47969
58889
22979
76383
96588
83502
86487
90288
85562
8933
91169
9586
8037
38410
44028
99927
13922
88702
65802
12593
37834
25513
84619
77863
48158
71561
33808
62281
39400
18945
86281
35971
44083
73636
14452
48370
27939
43970
97732
34723
75825
30636
62508
7918
69645
45289
24307
99486
37757
60245
25956
61847
84017
72509
88313
58450
31691
42739
28680
49539
30416
27645
97401
97447
70489
34161
57333
52346
41611
92416
8474
67626
54037
70563
64819
10903
25479
75968
12477
64411
58865
43964
1443
41961
50427
84283
23894
15494
45558
51788
35134
71660
93076
46336
82790
9396
13600
49044
91906
71931
83576
51118
31408
5630
11453
9395
43214
5224
26144
55597
56225
97853
97889
61634
25317
22531
22403
75342
80749
9197
35089
52877
97384
17502
6380
6
26990
85919
55956
6056
96640
55007
22948
15291
83346
69220
83729
88055
65315
91890
85704
53838
98176
61239
3412
34143
24291
43919
67952
41484
73552
51267
10365
3251
59804
52722
93852
83981
75870
84413
68604
4534
18671
35698
30308
47553
40484
5930
31441
82482
56059
24905
44230
10679
49331
44118
2244
5243
43633
48571
37646
4740
74500
49957
91598
37933
20555
77704
18382
90886
49287
80216
12978
89566
44213
10454
82238
48675
54129
95086
59140
17005
96615
85981
54339
53221
91012
46408
76256
74146
39592
7122
23345
64483
41143
38356
40915
17128
48629
51589
27798
66864
45395
33213
89447
8720
91496
81815
67636
54972
59944
18708
57387
12123
3789
57866
38529
16562
38933
13632
37680
62666
31330
34974
50105
95940
51193
38508
58331
12449
58342
50093
5743
22100
85352
58340
69977
62923
51829
28757
63135
27515
22706
2092
73759
51018
13352
65910
53714
39803
38516
66476
91106
4195
66665
66342
56354
30586
44599
42631
61072
51339
66913
37868
89149
73051
98680
5439
14423
99746
18690
9106
8030
79213
27513
13753
71684
57161
86303
8181
30310
6191
73326
84026
92303
1904
1465
97918
4353
23699
9872
42680
4628
83564
25441
49120
81687
1756
68634
53874
17723
65297
16767
19721
75044
59567
74891
1342
20627
9409
90076
25878
41426
18507
62443
21272
30735
73316
63189
34002
54548
18959
62995
82005
66351
72678
30851
75697
96515
81793
91795
74190
66606
82383
65993
4374
28576
37137
67246
68468
4351
2311
5807
3638
93662
31021
25706
74316
46009
6551
34478
66743
61376
30689
26788
56262
48908
28535
33198
52708
16841
60566
30680
61852
85323
45968
18087
88732
35387
66359
78950
10998
58779
84805
95451
19333
88784
52898
77631
12571
94014
60538
14539
53515
53997
22559
56994
62688
75373
18003
24151
72140
11729
58287
76904
36300
50685
97
77201
28900
12733
13146
55087
61753
83436
76088
46255
41404
52699
9170
45822
92233
73923
36235
92252
20306
79565
71989
2520
68872
6409
14848
7892
44751
32180
69095
96217
24826
24744
25158
89019
99010
90925
69859
52246
66017
66861
93254
44239
84703
27128
16363
61494
70034
92411
12716
25855
16090
27626
59797
70200
31447
4765
43107
97242
66828
86785
28874
63658
1427
94625
54778
93852
21999
87716
94182
22270
50794
69303
63269
58713
60140
32421
378
74935
33198
1754
35123
97647
90256
89916
85489
89400
36848
65281
54296
54959
7406
71546
75746
81057
60893
75389
99118
46417
83536
82085
16318
68878
64989
86695
8040
74319
64004
36225
38381
33269
66137
19349
64851
81932
39671
9961
3039
85573
71940
71665
39966
14011
17620
42186
23079
49804
52932
34802
72587
36861
82751
62833
99839
8875
22519
64675
24904
40273
50866
28433
99271
30137
76602
31857
32388
72385
59503
28705
17726
2407
90344
19224
67195
76557
35844
69447
94426
18191
50356
18650
1321
24130
97764
79440
25672
95844
11990
75020
24868
18378
98213
34527
63652
57040
9148
73282
22784
46312
18511
80337
82833
67873
75535
87139
40746
79197
29070
11143
50243
78223
69546
84029
19141
45001
29977
16692
15086
52579
36744
25822
59852
97122
57332
67276
68767
42908
93332
3723
90798
10390
44393
17910
55653
64513
41768
75755
85268
58273
22037
2415
395
73403
48226
79967
5298
25985
14414
16760
62612
68665
6444
77364
1882
9347
69854
90109
23181
17921
25736
27882
86440
23291
72409
41540
75430
34384
98331
85155
56701
18478
61505
12352
8478
84367
30044
53596
46499
53526
81200
61526
89345
84367
91794
5084
99648
48233
34362
4130
27933
25382
16512
58705
51253
56497
15062
32187
49148
92510
78904
10432
87793
97786
66678
41886
72289
62571
88787
79798
40640
16600
23099
99108
41032
62982
1831
92389
18526
71817
9175
53619
60487
42594
40671
79412
72498
31756
5611
14650
894
70049
54653
98509
90077
8398
14107
53104
36962
54452
66330
82161
21321
51011
46798
44626
23406
30155
77046
73755
27386
64472
49028
19024
19049
70585
57499
53117
1117
69144
56012
32826
60314
35139
5116
74827
19955
24408
53304
9133
8012
94622
48389
90736
85688
86747
29327
14750
73036
75505
78671
11543
16681
37521
90675
94937
16406
9017
86664
15611
66498
39173
86057
81749
97648
55297
14077
68093
29351
97987
49622
32717
71678
23525
91587
28479
60133
5034
64895
84330
41749
98130
30404
11057
7659
22407
32915
1567
73681
6484
40055
10135
65828
4399
17341
81048
99401
83176
57570
92781
94465
27787
51323
70984
86530
98628
90539
23165
8871
36459
29315
28712
62571
6892
68705
83553
24614
75963
74564
52285
66954
25249
24727
91692
22674
42005
79619
59228
8831
67029
32091
81643
68422
84445
32916
39473
71628
3715
28344
74506
87388
58511
78331
43979
94282
65279
826
38687
11172
81702
99051
57721
67274
68499
42321
56400
88415
67870
42221
95255
95308
45188
5974
94931
77715
37230
89752
23597
29173
94925
46710
42706
59410
69867
45057
7837
34411
26372
67361
85230
89806
27228
63401
91473
1705
88438
11957
90677
7258
31834
36599
96820
18602
16825
31533
7987
6646
10242
17792
34005
84409
4551
41806
61887
43750
15884
79820
77140
42795
61373
87619
31636
34132
9031
85203
72313
47874
81180
64060
58193
34893
97907
33346
91520
48018
77329
68751
78110
91615
18501
14401
22545
61024
81145
85272
39229
69717
91720
64913
82268
398
8710
98281
47877
22133
84274
31917
37220
53136
54506
18634
51050
89722
51661
75777
73469
42796
55441
81727
62834
55743
28761
42651
11235
44893
14871
19717
29580
90401
28222
25348
28034
67197
63441
50212
56622
57904
47174
43335
13258
23473
4938
15910
98234
99886
88228
86269
83946
77703
51872
7791
56284
61932
57217
12156
87556
54569
53417
48749
67387
68213
3049
52253
60110
50084
11619
89156
78397
20813
38035
17651
24364
70783
17314
44372
32198
51866
49181
96665
22130
39862
20538
53538
11111
61929
97294
75678
26857
10110
90417
45327
47562
24086
80804
45859
28417
15064
44845
50586
67034
99947
42651
96686
50694
38171
95600
2006
39309
44418
51032
55280
78524
33238
43079
66080
62373
10476
57405
56911
78348
56194
29401
56065
27507
67637
61175
99960
60127
18567
75363
1981
10615
38450
11724
79633
86586
81552
79152
47878
83558
39001
94518
61892
68607
73482
59385
96788
90264
12439
9842
5940
67665
16022
72804
86052
56432
24214
25381
30611
25918
78309
63787
60712
70058
41067
25089
20474
66404
34365
71881
21150
70934
86598
49236
90294
90291
69066
12114
33277
18570
76024
50196
46574
34402
70743
65735
16115
11585
71915
10161
33822
89845
36761
34678
47608
85391
42874
75929
21215
25169
29515
43367
82151
17924
88679
12920
36355
41847
74788
51074
87654
88573
73358
34621
9524
62221
29328
95957
69328
33299
71695
21103
70588
46369
29878
67959
24073
67573
79620
69098
71352
54001
88728
46835
3910
27949
31130
93191
42700
2792
32964
86517
36845
33932
67239
58351
33138
38452
32263
5310
38188
13750
59321
82808
27512
23719
19495
72341
66153
88142
61345
55654
48767
67538
13753
10422
30173
7667
48943
71242
17499
58193
52341
18176
6509
47572
41381
45638
70663
79807
64358
56380
12677
41638
35053
15806
89600
47375
16477
34573
15754
89333
63972
41560
43885
61199
87724
74063
20613
64240
85890
60168
82132
21476
13530
30881
8861
9597
91041
3978
54809
85890
65553
27265
76691
95115
92232
54652
98093
75116
93323
1032
84286
64578
76543
66625
42306
65739
86658
42075
79545
33308
5348
40300
52806
47978
45927
90438
87393
87258
88975
36586
15044
80853
75078
33147
90622
65725
95631
89590
90400
75143
23032
83809
29218
18426
31006
80244
90683
1922
29622
64998
82967
20895
81941
83108
29111
77587
24275
20466
75675
39116
68372
57222
91527
71164
35656
72250
3224
55071
42642
5228
42794
21066
56194
69260
66491
52446
74184
24293
36166
41588
66936
84357
71983
47178
92945
47549
57339
63550
86564
60333
49554
70896
99325
44209
90437
79273
31407
84333
41561
51489
64501
87069
24218
5436
7734
61328
5138
35592
88244
16686
59713
50725
79079
87602
25625
85873
66016
93227
34600
44577
7594
10957
32148
3442
59240
25336
85141
50557
62524
72533
98259
48027
30813
480
78144
92160
90947
89907
48845
79609
25556
676
71187
3939
19323
58692
51712
82858
90840
47908
70425
50267
61065
87970
28543
56319
27439
33302
63769
62387
96757
64256
65673
20972
52170
96810
25939
7365
64125
31847
26160
50442
48093
7349
88018
19637
39995
41857
67096
12720
1852
21050
13817
24930
13805
36597
37126
17678
89249
27326
91308
50449
87349
46896
6211
31153
66875
25224
16565
30443
37964
10036
30126
94271
93741
37730
51388
98921
2182
95982
71428
13225
74971
59071
2822
8011
54379
21866
44998
95753
77321
77731
52252
21788
65577
36175
35807
81254
88717
13093
43855
90618
83634
41946
48757
9967
63169
86652
30433
80429
80318
75341
41829
88600
39463
26693
64434
30553
27168
7515
63367
80576
70326
38620
94264
15257
69897
92722
46453
91612
66833
1872
81180
84193
49860
1552
95800
91002
36617
16099
31666
99114
47226
49384
83911
50633
22951
21611
95226
72236
20605
85709
51427
70044
15195
99893
60092
12779
21058
14261
85133
399
49657
55361
77084
56691
15941
18336
97692
89783
14425
13776
47034
49115
81274
85295
87572
24470
70977
61688
51283
56640
47230
96917
8839
87301
47945
38129
85532
39017
65877
71696
13545
51554
17956
49896
15243
84981
41778
96671
15744
98817
90583
38718
9636
1013
37797
42217
13513
29746
3685
17681
40140
94039
93546
35212
77363
75728
80103
31171
58505
56666
27221
72773
64246
31748
80504
83644
95511
24296
76591
80059
69625
86063
18097
71443
78766
98664
3387
44212
4199
92026
62492
82810
20894
90954
23843
17716
65905
67836
38923
12072
40717
82507
35442
64719
23480
9672
11501
53602
80083
43740
2
92010
53584
26986
39490
82367
82432
4997
91258
70328
19008
44233
36949
78170
8939
21121
3749
41845
12803
51721
73452
1995
83332
98896
22103
18928
92061
85151
38549
53999
41532
25128
51822
93394
36270
71353
18855
21905
94446
35105
58658
34679
5118
95627
73023
95919
56875
13233
67508
58669
93058
18629
99924
80902
9957
85165
14076
60783
63431
83782
75435
27774
26787
22575
19113
40927
51281
80089
89589
75653
15039
28761
65387
12766
96310
20287
72846
31024
95555
89008
89068
51966
76634
94494
30750
19406
71722
51943
42874
91048
10392
39578
9360
19489
94441
81606
26823
62754
52756
2751
67139
85383
23578
7440
22146
49661
73866
61151
24522
27223
57535
84372
27545
88120
49335
64680
91422
22554
41299
37623
57624
65905
84985
63659
93150
95517
41539
57931
15891
37577
78930
59086
76742
49340
57124
24846
7139
21752
61406
58866
63445
50886
14214
63414
83777
23158
28480
39692
81642
50257
69846
8686
79320
20239
17170
50802
26895
63003
72504
19166
92332
36145
20319
12081
40502
81957
80871
10716
5064
4189
56927
15178
22485
80532
31158
23608
10645
4664
15534
4274
48816
19094
31682
91250
56298
64622
25992
81320
98042
50827
9558
95504
20242
95473
61137
45965
89318
7166
22495
52342
60860
24077
69788
86277
59685
47216
18198
93108
96269
59864
5213
51114
54109
91291
79549
79492
57195
32186
75730
70307
82245
91361
32511
52598
40730
87530
74981
84267
37568
62091
27229
91742
82414
53162
73724
22118
918
1016
84145
71364
72516
2512
26234
37727
93040
1104
33480
53302
6388
51873
20404
72003
51750
88248
43558
93805
36696
62119
52628
87456
57328
46876
231
87360
80494
6027
76208
26208
79054
13020
15858
96818
46684
68334
22343
41820
79289
40041
67131
59071
64838
41334
42414
98056
69459
42842
85648
33084
90932
51697
34145
59826
2064
36894
42082
52183
30731
86619
9012
81121
40410
12690
34165
48389
42564
45914
57144
44641
57489
11614
27066
83128
90518
34978
21123
25303
47764
25475
64000
29699
82768
94646
66248
78197
23969
97326
94423
35033
6973
46626
56445
47607
76856
7183
37442
61983
68311
45470
71245
98612
88231
4101
36351
24172
89777
83755
18613
27037
56988
71353
46559
26627
13050
71693
55875
24913
19522
43672
51573
39379
34403
56893
75877
11359
19996
88564
48510
51243
98274
87968
41964
87130
60296
33992
93176
991
18783
11087
92601
89773
21190
92513
35832
64517
88078
19928
197
24590
19005
96385
26304
16559
90148
18519
37898
16611
9030
86162
34637
13770
48056
59895
679
88195
52583
35613
59545
22855
78614
50835
39830
85851
14143
75643
60536
28681
95384
70813
7092
27732
42264
36878
68273
20511
47408
84171
39741
43603
94419
80025
84883
37872
82435
79687
65249
68970
84206
18993
2136
12936
80535
22156
20695
51409
44019
91344
75338
96247
82899
55118
89401
56191
98264
9540
27211
88333
99813
38496
57518
7364
88918
62391
15969
12488
79527
70295
58947
11394
17822
55224
60404
3099
48656
56735
63780
52491
65358
74288
96803
42610
26628
39830
83952
62913
14909
85063
62214
5644
62393
94332
95215
59394
18636
4563
22007
41322
13765
79433
41249
58963
60490
85653
69150
50569
67137
17641
42760
29695
91711
81939
20986
29640
66888
19642
50354
10616
72806
76629
5634
53910
98540
54650
39881
32083
92589
41235
7461
11825
46828
64510
32091
64913
19286
28864
1731
93406
13007
90744
69319
19311
55099
69732
31982
38318
69996
89710
60652
30473
79011
56903
15859
28400
99921
84087
50055
49856
61883
8912
1722
86496
72056
79836
48364
73519
69736
23472
99558
56981
85148
57841
122
94918
43727
11294
46741
1403
8513
2575
41799
92641
79810
45115
896
87395
69664
65414
44081
48168
23019
28750
77722
21065
72905
60923
50181
31880
35565
93286
98027
25896
52926
87152
68171
10287
91613
15729
22653
66539
89869
44457
14400
69166
48669
33386
66994
74638
97070
73
41300
74355
86195
94291
12834
76327
39965
53665
3670
76057
91715
35326
62307
23324
86692
15180
47408
25325
67384
25466
17147
68676
36967
55434
3285
57461
16598
80761
63342
47083
20259
67322
19955
89829
43790
87874
22036
89001
48874
34630
53766
34637
97951
3916
49938
97444
97012
40631
51808
10514
52658
95689
60374
37604
18002
38839
46318
64398
37524
40842
64846
6400
21351
23410
26240
49787
65154
42350
83166
25911
37502
54518
63566
22143
71880
84301
41246
33657
67902
70922
75319
31781
43786
38179
39573
35143
19308
61582
21493
43486
32471
35388
36468
55837
52082
21444
15056
28654
78754
78327
54060
14529
56343
17820
7812
41883
26127
41693
36444
65619
69038
45820
2550
19642
83284
10988
86503
84068
13542
60027
26879
92570
