90269
35453
59322
99989
94569
30133
17653
10973
74026
71758
40444
79775
7574
57687
37331
92909
13750
84927
38108
17509
9380
55066
38914
71438
50814
42764
97592
47199
76497
74841
40565
91830
7230
47558
40801
26158
36893
43603
56482
68402
32345
74836
77365
12525
901
70923
48470
1878
64093
35650
4548
33539
71258
40079
64097
41046
44443
62615
79774
41954
59254
88867
91609
47627
20163
12618
23103
91970
46984
94811
6757
89076
76467
18761
98388
3888
57422
98938
38034
48152
30913
74484
20951
30645
17587
89043
10628
45413
27543
55117
30094
63520
6508
27263
11325
49921
87894
92005
27250
72017
87999
41436
74159
4258
39280
93279
92826
60970
59660
51699
89775
29822
5580
45162
76597
46337
58336
93635
61239
87742
86533
23799
23454
67583
34105
61652
236
70335
18441
11124
31760
55446
92743
5586
63498
14122
25991
90935
85361
51380
49741
97981
40396
46065
55731
48807
12017
34086
10286
28383
38355
9689
53231
23832
30060
11414
6085
57719
8326
97875
88945
40230
43863
74876
69495
3141
91939
62420
63350
32529
4549
62485
11697
83886
12863
36701
38514
62516
97500
59273
21780
59459
79235
11744
24754
20193
14324
44158
93339
41466
53494
88784
22315
42389
66763
81434
21080
26629
3082
66732
93125
76716
526
36700
21726
94031
33217
41039
26170
34782
1958
95028
52886
81814
71354
58098
12814
78652
17639
9202
66592
40594
23
72659
22246
10484
26519
11268
73765
72716
36999
23879
99087
16801
84136
40976
24098
36437
26742
54140
49493
509
80147
84614
80355
7469
55344
86639
17121
72912
51723
56538
57059
58826
87768
53996
39481
25569
91391
69848
52989
12554
34483
28156
19911
8973
27755
79826
47791
41966
13008
72883
75078
18338
29358
13751
792
26952
12376
97857
35739
99741
26240
63146
70855
33660
22757
76287
96733
50816
34460
75885
72996
61707
70105
23909
30343
69309
85769
56508
63887
8680
45498
34868
69380
38029
94711
77482
20623
77910
8194
60280
5642
3458
15369
50226
11291
6793
22663
47134
2332
60971
75703
36876
65559
29412
71075
37932
53091
63741
33688
5962
93125
36589
16783
49850
6915
53617
10557
42410
341
33473
38025
12918
70748
78032
70134
14537
73214
28947
44091
71077
99820
25950
36091
30178
99758
61115
2034
18421
40165
41140
82784
73339
37231
14198
12664
41948
26985
61942
12650
36415
52507
77311
94995
12836
63710
58497
78061
99449
1840
36068
28092
88267
30388
68950
35812
60901
83885
37952
80442
56107
71449
83307
10647
55451
42844
31246
12811
69889
44414
50048
67898
7693
78347
263
67097
32697
10104
30763
65634
11320
91220
27647
1260
86656
57971
28770
5795
78556
50227
1521
99244
8207
67687
19822
85362
56963
24837
72735
73764
33385
51199
62672
60589
17604
12488
91436
35554
72337
60886
74745
43995
27196
16544
86821
38654
50317
43794
70129
24729
49580
87680
41295
53117
80499
88531
28622
96571
53571
46443
96498
64732
13778
28211
17025
48196
25419
58256
31149
51634
74812
74679
52457
40387
66924
65355
69006
90928
63537
76803
44213
83139
94721
25724
48508
28580
85620
51723
23177
28740
97652
21257
67786
90226
36763
75430
47153
19396
70839
78279
39969
62678
23003
30819
98693
16061
42959
37619
33287
31122
42446
80367
50901
17803
42223
10296
45748
76285
1186
29820
55408
43949
87570
5213
90938
96992
76278
88145
37824
91012
11595
93143
96298
71684
96694
77673
71797
18187
74393
84994
90893
11601
61354
29121
97298
8753
54371
96030
67404
34907
22037
89962
97085
16941
38234
29123
93362
29701
39450
95160
2568
42621
18041
5839
89581
27119
52643
42027
47497
5680
46611
56539
74713
97460
59748
35460
28924
47354
68086
65499
36429
67005
98018
19121
24557
64846
63815
13463
40349
38680
78537
32427
79365
83978
20748
70463
9116
29541
79399
62679
87819
64196
47078
50362
41543
79634
92646
18022
87545
60654
77326
48823
12039
75448
42265
22949
47380
77605
44477
80133
71439
28405
79565
79766
41009
44221
14099
66996
66505
72321
82946
38797
43878
47989
42243
80952
92259
47672
32512
16022
9499
9941
95012
82416
36761
63255
26386
55227
23950
91209
65331
7077
60691
52359
8507
53068
23333
51501
90237
82506
84074
61259
64808
50432
27639
51397
45244
47158
15676
47082
28047
15938
40635
2453
55411
75966
80755
48807
31551
68460
16830
60354
50586
53726
71964
42306
76729
82715
74350
30687
4716
69317
57648
23914
60916
88231
77103
72315
57843
68450
48973
53020
50189
19850
94782
30098
39224
69968
32881
1748
91808
188
88771
82851
32468
63033
28335
7014
88715
57078
10949
16026
68423
48859
90025
65876
96490
21272
24494
5558
23763
25328
66456
68101
55367
28221
23852
2613
59782
67617
45394
65147
81538
65062
75873
23535
81654
17918
87480
25009
24762
27719
3617
27061
46385
96652
62143
12676
56206
99085
5322
64568
24120
58700
23028
66940
55962
80040
11701
21386
52127
64522
45194
69954
13838
44698
2927
81453
8612
34367
66893
52594
96082
29891
24123
40995
97495
27725
38768
57078
54168
93206
95577
93994
69530
78174
47145
63658
86947
26074
83741
2548
61191
42216
42031
34170
72195
23327
89537
59068
32753
18297
29473
3514
85711
27239
80641
95271
70351
71354
75588
23833
6886
91968
33621
89368
86855
64482
53132
42211
75524
24255
20953
51786
26039
92546
93449
8291
3706
47155
17185
78839
40677
44088
94952
12163
15610
61665
4375
63610
43279
72077
31711
53025
22735
29900
706
24126
19936
92747
82473
31448
98832
16239
55980
3764
14506
78811
58682
85461
14641
30787
35625
83585
36909
37691
62816
49277
99480
62981
92587
73948
97958
52166
47195
52693
4562
23261
90289
45160
43370
95983
34839
62238
74151
96885
87909
35245
17687
95851
57916
54835
52053
60456
14082
93561
52997
41614
94078
31979
64163
61868
33690
76957
95019
83653
43468
46035
79374
83902
83419
7901
19507
26981
61660
54696
74058
4913
84198
86180
89599
14522
93141
54915
88208
3944
5255
99424
53487
26516
87171
6826
76442
66122
6468
77567
91389
8921
20339
19372
23519
27832
65971
80656
62229
64174
86379
67433
77280
84030
80201
8919
25370
5115
75131
7686
41095
38167
47115
4412
96667
38329
66231
50316
88157
73234
10057
65792
89278
97765
43992
82197
64771
71520
4926
51827
24968
64416
79019
88220
13342
32309
59261
9371
41530
21994
75753
63126
79977
66228
61678
76539
91502
39600
10404
18437
79263
55914
12520
23269
82387
18881
93989
92502
67094
98800
18822
53851
4374
64525
25696
46963
41321
20924
55212
36923
14140
5098
11703
72611
27326
62107
38544
75669
4030
71538
71305
1792
71674
21675
49224
68646
49556
72597
26852
91011
40133
88834
67647
40896
15288
53373
95212
2222
87352
25929
40843
62006
66718
93301
32930
69733
8703
61676
52055
48016
7105
81687
6222
52798
10682
2799
38286
63050
47386
40156
96778
28207
19321
19564
56017
65630
80378
25936
89632
90080
76402
93208
72197
41933
84315
8987
80040
73923
46221
19501
43801
41870
21301
76960
78975
25977
66075
11823
69977
80478
81464
96718
38189
87492
97419
87438
47378
95686
96457
87763
32211
33221
28498
87010
86717
91600
63376
56973
65637
86420
63763
38600
67181
37036
35365
68938
37414
48362
27046
46475
37548
66663
63556
88884
98053
51584
75642
89243
12753
42024
66468
32128
19668
17354
65848
12869
51759
42292
27055
6839
58841
67630
1265
19905
53014
34532
47643
9596
33296
22679
60359
11319
15487
17270
47623
34337
36076
71955
24144
72764
55731
13832
50591
22228
4929
27938
17862
25903
17967
37966
39758
30032
84504
16597
15787
76709
67246
94970
37769
69678
14216
81215
38291
84192
79075
99165
61752
35010
84410
49899
66527
1243
41405
46273
65415
17230
48202
89141
90393
51423
89684
83405
47317
3610
41849
46841
93839
22886
57768
3074
58044
77513
7373
12179
8271
53349
79824
38800
19383
34792
71919
14014
5819
44648
61457
75311
21915
57149
59052
84348
11864
51035
25407
51711
60653
20425
9011
5399
24296
35835
91783
13860
78514
37551
70506
48974
42124
53987
16399
88617
89298
43332
39665
32624
58511
70402
92448
49830
85456
68439
81287
44045
67959
64959
19329
78240
34428
22101
19342
79179
72057
4381
97686
34885
3587
5439
37793
38935
93287
24178
63288
46096
5980
20484
59612
58036
22308
9129
61923
19112
78041
23303
34219
574
46372
54071
82261
54884
1005
23844
49645
99455
74161
74713
85667
13490
35632
36194
63234
70473
19856
68771
90941
86838
74667
90113
97345
83722
80656
76878
72540
30396
3123
85770
52998
77518
87617
27221
35570
79045
2242
15908
63940
13704
12639
30442
90616
72514
90811
15164
19276
80301
78934
8435
28630
27796
64184
29111
23178
3842
17711
4328
19707
57750
29076
38825
64603
32844
76383
35857
40354
59695
85837
15403
72940
15093
78748
3801
95935
75024
67130
27349
21647
12807
31644
2868
93403
47624
78372
63934
14814
72789
81079
53635
99568
62148
73929
4957
69988
38404
75180
4515
31253
83148
89052
19573
67941
35000
69313
94387
11848
36658
96832
53999
51038
28293
77534
81364
2688
37359
57236
6723
9235
55434
14886
87730
24850
45774
48338
57377
26788
69801
64350
79666
49703
14347
60099
56612
13821
70865
48613
41093
74261
48757
12278
7046
60052
51593
729
41063
40345
28475
77811
84559
47717
16952
26177
54108
84898
30998
62876
85181
83751
96222
12933
44972
96337
69427
53428
50789
54981
54254
25613
79364
11717
48195
76646
4835
76189
42375
11073
90434
27948
61588
12598
55472
97967
2667
25730
98434
63555
81421
21757
5308
24625
91766
20278
34278
91579
21328
98346
13111
78298
16045
44015
71500
14172
23434
90761
83972
61712
83277
23730
97201
90506
43966
44413
60008
84660
50214
27608
58420
22692
74526
60094
6638
11081
95581
11029
53193
73799
45438
60811
23382
37886
41100
39121
27820
66427
16249
83664
28073
91128
87300
68943
2199
83903
24910
77609
97829
74756
4864
16950
31340
89896
40415
63902
61595
31525
54774
32245
40309
28800
57774
37675
15647
44896
60336
97402
73665
88435
77697
35814
89165
50145
78773
27556
37008
58824
67715
29042
74203
86587
21842
69729
8360
61529
67763
58004
42463
2689
25798
13957
84235
63846
32766
54782
13124
40014
5255
79093
95571
91568
8309
89652
11518
71001
70493
70242
2481
52811
60950
82230
53769
93978
21080
5491
36195
54476
44472
14126
6874
23057
42096
92428
31949
27302
19490
58451
83196
10638
47077
16300
96029
79478
86200
11625
54929
45319
98509
87973
22809
8801
85966
56688
88064
55930
46370
13886
42769
84639
6924
43990
53681
96421
64011
73383
95055
33109
26628
74339
37460
88982
10396
3557
93914
71869
51476
93505
56154
18963
26973
1360
82822
94569
19001
14476
32005
44834
87572
89237
28125
18012
9708
6181
1159
86133
28113
78505
45623
89003
61147
97801
18088
33171
69077
46458
85732
41500
35730
90641
91542
13082
44723
48491
25273
34588
55740
31294
5491
45896
4318
69473
79615
72401
75775
50210
16635
44163
86035
33039
46324
73526
18463
13736
55758
47366
95778
61667
61415
74253
86140
30881
91364
48512
72729
12262
9997
83142
82511
93126
53647
45784
4848
73035
67824
81806
46514
50899
11706
15668
34673
74075
32071
80165
3628
18343
40878
54560
90979
58406
69570
19878
78524
75263
6571
27935
1489
9776
74914
58609
92477
84746
86075
16940
6438
85100
83052
27109
1289
33892
22063
38907
1828
91648
64877
51554
41313
94323
6345
57863
98729
31322
37657
46617
79372
20963
14923
16366
1216
35605
55335
51641
85021
3469
39511
54625
42564
60474
90497
73689
5136
23301
81853
36520
52129
10643
78956
10948
54555
52358
73232
40671
42071
99726
19087
67085
64207
6184
83487
31030
8964
70851
21634
43197
45278
209
26008
33692
67414
46854
13485
50796
56477
55726
68048
1375
47312
93521
36791
44215
73793
46018
37497
79521
59160
30381
7640
92545
68414
44605
99948
96196
21623
8556
95799
24503
20546
39051
4497
65941
55919
55866
16833
57923
48395
50048
65322
70029
10739
62135
66508
53049
40468
28683
96807
46384
77588
67034
16205
17940
88819
17864
95971
80941
36370
23216
24609
12978
7767
38747
45337
94987
13266
46200
92028
74031
87965
45485
54352
16058
64914
38838
99103
97214
18874
4378
89972
85608
17144
47578
91348
78320
5183
85779
75746
70177
59425
40572
31865
54373
19520
95435
89554
96295
99171
29931
18726
14883
72825
90702
39358
84513
27551
77058
60021
322
29513
90543
46294
92367
49186
85633
74239
11307
72758
88854
77191
11547
81573
68452
61702
53883
29487
49877
57370
50179
25894
19601
70648
91866
70323
47871
47978
19632
33121
82479
90854
20367
36009
98350
77778
65757
85542
70926
88226
73863
74188
75235
578
85908
69759
73108
6950
48699
77457
90980
34308
4667
65833
33845
69002
40855
96876
82692
18193
95281
68509
24970
98585
4294
28237
10003
43404
92234
90691
84979
97303
57025
63309
34714
10544
66935
84120
27252
7401
22908
26944
41115
77750
74846
62805
63913
59931
55925
3135
54120
42455
15111
5728
65398
98998
769
68154
99678
29465
52420
41043
17201
27663
99908
12599
46742
52378
85400
98734
96407
55733
30908
35432
97068
10810
63845
72594
50780
30741
31075
20660
51765
13473
98547
45055
22112
43968
29609
16898
24164
73037
55165
28365
11236
33442
13327
93375
95545
20980
98392
18803
90404
92331
76904
99022
21364
38210
46965
78852
98292
72426
64340
13254
81079
36768
72679
60277
24374
29467
26123
29084
39542
72496
45858
78930
91732
65894
36610
85632
41331
84562
27253
59229
52881
50585
2472
54870
52013
54542
89362
68306
90266
97022
94302
66352
58915
54245
85012
62129
63645
63040
87382
60243
38608
81053
71184
15584
61772
40987
97807
71607
98620
25503
66807
73359
44461
35884
54586
88615
1844
55163
34902
78359
82102
6849
93346
19696
76080
47447
22090
83703
71345
21109
62799
98800
36417
83071
50156
57434
37510
40256
440
82338
19659
60631
50333
4660
57157
32209
9235
41926
65335
12128
5714
17369
49049
18932
4668
88281
31994
71082
63443
93291
84792
5519
41294
93573
50736
99259
21594
26453
76678
73550
18524
15680
57247
27595
4252
1495
56489
16521
93265
2823
48263
51496
69466
82186
45748
56795
38427
47906
59972
8114
98566
88453
39521
14652
34590
76109
69042
90479
77161
37334
64518
94944
21126
58987
24215
49583
56400
81343
69894
14484
98016
85137
96273
30866
29099
98553
65897
70893
17200
75916
72714
99696
99569
46688
91828
85178
87727
25515
13828
40044
6893
83162
10731
9472
23921
93611
76053
18778
36139
94318
46797
63867
54856
3962
82694
17355
46043
7740
25359
12924
2862
38508
20453
87373
31557
58795
8885
63312
51349
34547
14856
91302
68203
64012
18695
25398
72660
13139
19365
28117
55346
56557
12099
67989
29962
4247
29147
89484
51279
52996
4121
18815
66801
42121
78682
16757
6349
20023
47688
95206
46551
93059
98461
19479
67204
87340
88296
16054
49341
56970
29517
60287
30208
74278
35575
20668
2033
56619
46391
55502
49390
13454
69232
95292
62963
87156
50018
77690
16047
29124
35581
89720
78517
40881
688
35711
21887
22821
45573
19512
65293
87284
57269
48485
5658
78608
15674
25799
17083
97445
22577
13338
23476
88855
8213
77545
44241
80531
98105
61788
47997
92059
7798
83639
26523
76112
97274
46189
52879
78786
91124
19649
25
71573
84648
63245
98613
14211
38546
30393
9106
46540
49316
98562
17303
34596
52666
24379
24185
63510
20986
87316
54471
16407
47185
91139
1241
32949
95269
82
9729
37629
3471
7872
92461
89949
9152
88483
98432
67001
26587
45347
69422
86660
88004
20546
63502
59787
61834
80613
91824
79909
24838
73833
66199
39619
75341
16733
71447
58389
71563
40619
3584
40680
80132
21559
66211
52849
19234
16183
20192
13862
2311
16782
8259
13347
83821
97516
34859
6940
8710
86526
61267
99687
56846
98125
21808
57806
9643
64349
58795
77342
83006
78210
8048
72981
69626
42454
46194
97456
40471
82098
70062
58785
81238
90178
52239
32873
82129
7387
26253
5149
2706
1866
23191
55349
79649
39263
6108
22021
21952
23382
79754
91359
54764
60798
72142
41391
70521
34664
41330
86060
71033
97764
49306
1670
69399
38380
72558
13398
74804
78351
64800
3346
10212
23578
42321
41143
36733
12378
63177
27178
24760
97155
33681
1156
28557
2884
34152
75619
98666
38000
28021
12926
40750
17299
14183
11469
64194
4849
73246
49337
54881
74853
82882
28032
87443
77953
89831
49927
76837
51889
26657
99880
22402
95870
53944
8441
35360
88124
98104
40396
3306
66284
91947
2474
84445
80073
64331
13771
25283
39687
59735
90551
24545
10996
16017
76077
32584
27852
69951
9907
24035
23531
91927
62767
8386
6190
20287
94487
6419
91057
1312
72037
95598
23933
42043
66156
70629
58461
63746
56073
70029
49911
36092
95493
2764
29536
91383
49933
65975
90808
39176
48699
43160
15806
40129
52592
153
86680
43618
49753
58308
85227
55986
35682
92759
13300
53258
29616
64741
61994
65000
74521
68340
84921
141
5502
744
1976
32506
21230
25916
56126
46430
89255
97850
19262
66300
66021
98285
36684
44886
95451
46721
93699
29713
7075
79113
335
90614
61654
76634
95086
59805
35230
23740
76870
4761
28768
9690
74872
65241
41491
25113
95824
26115
30142
49912
77753
13500
94121
8687
70889
40493
71081
24662
86264
30444
4263
71252
37106
11362
68245
48021
15906
565
10636
54733
31527
47033
3591
938
179
97666
35404
95076
20140
84113
47383
89804
19770
40714
97274
48913
77896
19152
90489
70253
90972
62322
15065
21216
93567
32532
77290
7515
47346
63518
81754
85110
55263
71849
34337
54768
25562
33512
18528
21641
1226
10251
27251
70522
48622
20368
19283
90629
29579
82144
70770
13974
4878
1375
28805
12011
204
68131
76947
65444
51404
23422
56285
65635
47227
88781
31712
12874
87763
4128
22069
80859
47963
16877
10603
8442
29771
12018
39883
83158
62859
15674
32007
74371
58921
37278
94311
60098
44043
27198
66744
16115
43837
25343
53272
89372
62599
79534
73439
10342
94005
27810
55124
53357
17435
75485
4900
95495
65900
32629
89360
89314
15195
8273
87690
99402
66436
65989
23145
13141
54893
41814
67382
76557
76022
99192
72548
84939
93139
27410
16515
69104
86436
92054
2086
48860
70626
95650
30908
13094
32594
90735
22112
36361
42427
98586
33650
64892
64471
69893
78417
73005
73114
572
90348
32153
57974
24884
49787
44544
85400
25332
36545
50363
14968
38087
91524
80378
78210
96768
77246
78132
99862
34067
32313
96137
13031
39063
53358
76938
81054
98566
39987
28640
48456
47469
89068
44551
70006
97318
16516
19281
57162
47654
46321
19726
44226
67734
63010
37331
47925
77695
58437
1414
44253
54845
56258
50992
95323
15072
7644
6329
79358
85909
14360
10717
49410
1759
8043
9914
7617
92383
71115
99788
99097
3023
51618
63555
8784
83035
47139
61063
93429
26181
13781
52739
19157
21666
59765
40672
87311
63381
51278
9127
36673
13626
58274
97044
50908
91022
35311
81519
43623
39329
27607
14689
40455
47671
15073
60120
48136
80865
5760
94067
87203
70393
462
38172
72395
39878
61055
30254
51200
2076
66488
72576
42321
92298
64998
74270
76972
9492
98790
53413
77157
9987
82192
45169
37736
29943
89182
27573
64114
39594
96873
24791
64298
35394
82360
92566
73008
75382
44429
97990
25565
62150
48562
64599
20281
72142
90296
78937
91633
55448
36833
32570
33381
71548
43556
3818
54887
48859
97368
47404
93524
2219
23065
92525
87320
54956
65311
76561
57380
76691
30964
75668
57538
27266
38902
51984
41320
73119
55594
80694
74874
64590
58203
82234
45207
441
14610
19852
96721
86327
56001
60148
90378
89432
63997
4342
97289
54370
74596
68681
98092
63774
9894
63646
61267
1115
77017
4766
67165
71952
56498
64076
99186
76102
54405
89818
41937
32900
84511
55270
70814
46426
50915
70819
50226
41676
89406
42604
74936
42900
56011
55719
33831
21650
14298
39006
1793
12756
77623
89193
84859
52102
75658
45654
40744
71720
49216
63515
59782
80352
47540
46796
5558
17320
92668
21414
57620
40487
78082
26187
16412
12382
90111
72271
9730
65393
14003
82701
18420
97577
97284
91473
82778
20475
33348
42885
69354
54909
48871
822
27336
48627
73129
16147
5096
13360
81766
55667
71876
88570
33412
38376
94731
6718
99350
36212
80555
97649
44962
15716
37565
38130
51381
28310
83453
73296
86234
55776
80174
79095
48922
97238
45079
276
51178
23034
96139
56399
28822
24189
46710
40516
20786
5265
38441
61859
82113
41386
47278
81306
61889
37422
23352
44394
71581
89507
90716
65456
89759
62470
8540
62304
29142
51451
4655
60620
1631
62418
13288
55875
61236
55614
74
16312
98315
27696
27100
41369
63264
97829
46857
65950
8490
51192
8933
27124
12417
59340
53739
68860
91100
79180
14895
54119
94145
29636
93601
39390
13561
56531
41695
80077
53814
23822
68006
13829
56902
23106
70445
26506
42416
95437
79267
80602
99700
62281
23110
35537
6792
67830
30557
62403
66975
92490
84507
78268
23837
65858
78768
79684
4306
52979
73731
36301
26091
62699
56337
2425
68215
47816
32090
73998
53407
9601
39107
53606
7330
90046
8977
99780
11280
48221
38799
72418
95143
75192
75995
2164
27056
23650
28106
43757
62714
94585
87404
62640
19798
9773
94077
12508
8200
18375
82933
3216
40843
9547
60305
61604
84883
38502
65348
33733
3740
32096
32384
50721
89744
42871
38947
86722
39718
25025
42703
55782
98922
71883
3032
30896
70707
5024
1738
28258
15894
50847
49953
30477
7696
99764
69079
47524
87935
36647
57467
96425
2279
80700
46255
6612
4984
95043
80626
6570
89202
93638
81980
41585
38080
2392
79780
91734
79978
26536
61259
50016
63007
40419
6861
68740
63632
25837
93093
77332
21884
20492
96633
99291
2009
92430
7378
87297
28513
42161
4251
28254
6312
85627
76296
46027
8390
62436
71795
8846
21048
7402
8448
5089
79472
81268
40428
49950
29790
5346
99645
50670
51369
67947
44293
65172
9102
88904
22475
45991
37407
36553
17891
8225
59855
33358
554
86976
44272
47397
41557
25805
76911
72078
20915
19164
98630
69414
33318
45924
87291
58910
39575
2051
31959
19054
32512
14637
26664
50561
72961
98811
54906
71390
36395
68977
34990
7657
96033
6223
49158
31651
11098
86061
44506
82846
50493
20294
75642
51538
25782
69961
1142
85387
95288
47179
37334
35685
35532
11613
87769
19047
3719
46676
56938
93888
30133
30394
20140
15561
58280
75473
97669
68386
57926
24595
79996
88725
42086
31278
69875
32406
79836
97085
38884
16177
33610
66390
29772
99782
9512
61537
78233
54961
20017
24181
81795
10628
57863
45251
3353
12202
64344
54593
59563
13011
68994
25992
26329
41079
99331
79293
35102
34728
65496
71508
59600
87926
19439
68699
52942
91088
37464
45226
64427
60689
28098
13199
78825
5570
43573
93259
91114
20463
99141
37398
40833
51778
37398
18901
95821
1721
76535
79591
62281
11330
38732
78423
60631
27583
48777
91183
47371
68599
36159
32171
46088
93226
77538
79496
9733
64126
25337
24364
60568
44448
53647
40409
6836
73889
4400
82459
99245
19189
78780
52835
27024
972
241
63952
47085
12775
50910
39839
24402
38043
9250
93359
55661
18491
54340
52437
48422
6066
72505
99727
36250
6811
89674
26704
51252
55251
59144
55912
65398
16818
77361
54009
73131
1063
63554
39525
76218
67070
52779
93906
84931
36046
47996
62638
62379
84295
52377
42833
80753
84643
69847
10686
17650
58230
60609
78488
23443
65283
56720
55310
13196
32966
19088
30689
14794
9346
67906
85683
20084
12803
7719
3470
91232
70805
12351
13971
92824
8119
47665
51682
63420
5170
53804
28548
96565
37626
90168
28659
7863
73692
383
31154
46298
28665
14021
94109
63276
81503
49296
83577
41057
76611
9576
84606
34266
48830
59977
6969
25757
92702
61039
25775
9468
4582
59308
80990
8536
60226
73255
46953
76602
8607
68567
47154
77076
52230
33393
70032
3222
13069
51439
3374
17956
10232
85706
9337
47383
54596
80742
55392
813
26605
86922
51004
88931
34630
4086
57846
82913
7526
4300
72138
90225
68851
8159
14363
97699
56012
3843
93420
55052
98041
74208
50940
10105
68632
87571
88648
20452
79472
44470
18011
86144
50557
23759
20737
77650
59392
46311
77620
22403
82288
22436
48372
23712
27855
71250
58918
95834
24695
24690
96237
62195
72512
1494
4842
61870
9498
88281
46679
68419
17895
66859
17265
80952
79590
6675
61330
12808
23092
14808
54606
62396
47714
7606
17808
49010
94222
54432
7468
91866
35716
94682
60308
19996
34502
95407
19724
52038
29632
49050
44522
73426
64584
27271
54351
72563
65084
18755
6984
40631
69618
77058
26531
36156
14172
2089
10838
42042
16892
32762
38702
53306
35608
99104
95309
39706
98634
55029
31772
58470
12159
70725
7553
20846
25817
57444
42555
53538
2751
24733
77193
22200
19505
89792
82523
47107
37087
54464
26051
8461
67889
65372
84704
68625
35268
16716
67131
79765
75679
10500
77243
76658
40722
41984
74484
18205
86743
4328
1554
28751
30496
74054
21274
77252
41234
47255
52450
41921
95544
24278
48523
87598
44789
3716
17739
57080
77799
35540
36919
87653
11452
9061
94693
91184
20382
17202
83643
20355
55674
46426
41900
6819
47754
80428
68821
79766
46842
52939
66477
32013
27920
35812
59098
91446
51199
25258
94422
8652
66920
29004
38284
24127
31637
89919
66163
98050
7759
6984
5256
44685
68154
81132
80706
54831
79700
15122
96929
39902
29449
41675
10446
6332
33285
94048
26371
71621
1630
45440
49818
90478
57795
13460
7027
81872
25070
27927
76057
45093
30305
17984
11894
93115
44102
19279
2882
5728
54754
1111
19906
16860
45917
31434
17006
95984
32360
5791
8325
27110
73646
69944
45156
92689
28735
78701
29251
90827
6562
17178
76677
20210
84274
46798
59373
51041
3254
43776
95899
14417
75829
51827
66792
17074
53472
91562
29649
24226
49751
70012
781
57728
63898
10926
98347
91967
88207
86103
1338
93474
52662
84504
93434
90880
27147
55168
67137
37224
43883
47884
53941
7878
30427
3301
98353
29702
64422
33042
62509
7267
2166
12577
78365
4494
45822
80053
24808
54228
44383
73267
48394
95979
59075
51419
82826
57020
83659
1076
8960
94199
22390
89404
62899
12920
25926
89115
43407
94586
27501
42257
57601
68388
16988
74542
75543
99600
37818
2870
12460
41117
15263
47855
74020
53368
77484
7607
65739
63307
79271
67470
75628
54675
33924
40925
44390
84038
20126
78401
79012
70988
59763
37944
36070
29302
8097
92953
60475
23068
42949
33967
3206
41889
39127
99135
26669
74617
61843
93778
15870
54910
30230
27329
43410
90199
13222
31016
10220
1069
58224
53802
34115
54138
38950
73256
80765
12308
94465
75647
3359
60054
28920
93991
41138
92377
15297
97084
4791
21879
61584
61385
85772
67314
25157
18884
5805
14924
94128
77763
13542
19988
52140
38367
61698
95487
66478
12836
74710
90481
72470
17264
61832
69541
51230
68223
27457
97212
62242
10919
20257
17096
69641
40634
89501
21981
92894
12274
49315
23328
1863
55384
44026
98329
56316
38891
66764
57456
13161
86571
36263
30678
28333
29054
68078
50361
27119
97480
35860
18764
98777
64360
94100
79328
49930
85523
44196
57655
1959
73669
28969
92948
62493
98142
93491
26378
71482
74730
87391
15421
54882
87573
47577
8989
42126
84088
80709
95168
29591
30157
44646
9230
12460
45872
25595
30098
98897
7567
26816
73290
10723
62703
673
10510
26040
27860
62989
90595
70321
97476
74795
45523
32749
49733
63824
58128
74997
96466
56952
99369
12392
44485
8029
30320
93463
17087
31795
25833
96681
178
17107
55296
31090
97392
13687
78128
95067
64644
58955
76548
73091
79376
63508
55633
15195
99731
93611
82436
14322
45534
96104
63530
13404
66828
99897
80371
72986
39925
1437
34394
54530
18121
54809
89399
44724
21167
14626
53912
20062
63546
69004
51570
22444
23164
75923
61897
52643
32192
40688
82149
48574
8194
41574
45857
12079
73564
2529
90453
48511
71675
21235
54372
91755
17008
31701
49174
26378
57458
37777
4895
86972
81629
4260
56658
53704
7764
87174
60000
51576
55454
31437
42142
48586
87799
32771
23952
21968
12821
69845
29788
57670
76336
53100
5712
66751
57294
49447
1688
31891
4570
70192
61014
24711
77338
55686
42500
3916
25914
70671
52881
91642
34234
82191
63748
53787
64534
69979
77026
74432
12328
79687
86962
28633
16130
95554
23413
3690
69013
32032
97684
21050
24309
48479
77790
94434
58853
43468
15814
17879
49001
85585
7461
23449
79566
69559
41055
88921
36306
2477
39902
70938
88038
35017
81950
18599
59155
42976
33554
567
24812
45136
536
89571
99727
33211
42438
30231
91171
83875
10448
12011
98364
4630
29830
53407
97194
3477
61446
25945
5697
46544
99057
5095
98019
67662
99067
80001
81993
93328
96611
90753
1749
69484
72902
58640
93037
1728
32559
75346
82941
10200
65851
68409
95467
11827
59322
40962
59120
30653
22947
77920
75864
98205
84938
21824
57155
39778
61157
62044
61290
61302
27441
70298
80710
21345
59390
4837
79097
86089
91334
75260
51308
59943
98423
64075
19940
31977
98971
9302
62452
99068
9528
58625
140
91465
84667
46791
27771
22585
89198
65480
36870
2942
51598
62637
9162
68232
72116
80752
13836
95361
90493
77809
26662
65017
27719
11475
68452
4342
12974
85467
72092
94576
97304
27277
44664
63461
42906
70124
33260
45499
98861
46666
16384
15626
8903
61642
34407
70616
44302
64204
56205
19154
6480
23057
30722
79227
12536
47839
78281
90012
4815
69394
29716
35562
49215
58484
3752
40057
20360
76131
4201
13466
45167
73650
88852
27528
98405
58875
69654
38543
77958
86207
81733
27612
1318
56819
21668
54701
868
61475
13376
74739
88626
37465
26311
19507
89384
19858
26710
9066
46880
52274
3384
43827
44117
89783
76420
31909
87713
37125
27512
6320
66949
46145
59138
71608
61181
66290
18129
96420
78669
86706
84167
68406
72764
53187
54567
62204
79985
29765
2181
76144
19148
88336
8616
47704
13228
5476
20607
645
16934
48072
45249
75949
16703
29285
84074
93720
59763
48653
67318
93015
22909
91983
17843
62206
42263
25900
83218
41343
16221
32092
44014
74463
15794
41772
49830
96331
1127
37092
8663
86104
84112
24486
40186
49489
52658
18593
28105
51788
15327
45509
26308
74779
40258
97514
28680
68151
65614
77740
1544
39429
44584
68693
81633
99091
23269
52267
65023
3904
47170
88881
40335
80288
94736
23821
56714
21687
92887
518
5204
72781
94692
46246
31753
11569
25224
8541
63638
71514
57019
691
25659
90276
72680
2347
83467
43621
65639
66023
54215
13695
32037
11662
91707
60217
3381
65175
23418
74005
45014
80991
72732
14182
28260
70135
4368
10286
64728
81253
51141
76887
72665
65389
25727
47471
83878
74396
1259
19121
32054
40083
20006
43615
16783
54353
77053
41948
57921
7861
45394
58943
79190
45532
83194
48085
56966
20488
18531
70250
47818
8888
92127
5259
79276
32204
81916
24413
93016
68046
54143
59424
15308
98959
20729
43349
65093
83411
94578
56675
26542
16959
62250
10826
72079
16034
16269
95516
26408
50752
6435
78868
31626
53888
19706
89890
92858
65836
4424
41298
29274
73227
86403
83161
88113
10531
84716
2744
75037
23549
36298
48300
81747
9084
83405
9382
10265
3941
98013
82756
28285
40509
94957
31755
29727
67880
80107
66331
76031
38308
75457
34382
83579
82146
8151
15431
42284
49071
94593
24290
59751
20729
36008
27715
10966
4521
43184
81484
32928
58560
61003
81322
63067
87811
46307
72321
6365
11534
97768
15171
9474
7261
17776
23032
84189
20513
26961
15835
10191
69532
38783
58356
92619
39511
7629
8437
35183
45137
38415
43366
28530
79315
56155
31201
2737
33854
28942
85318
47956
57086
29934
60249
6889
49062
39771
33481
60232
37663
78710
70776
14786
85723
51079
6800
58573
14873
5728
38904
81142
39823
3746
15183
48791
46370
15429
15222
87001
45821
12091
88395
31612
67704
82517
53353
86792
94291
23538
6770
55868
79397
90364
5173
98020
94874
69601
83760
95460
21349
50534
49219
86872
14901
91894
52650
6227
13626
44919
69944
84635
77627
67730
69183
81722
59216
11880
93587
49247
54282
94367
5386
38291
5911
74856
91851
66981
87968
49996
61596
68219
80283
68815
49159
37636
48562
78831
71553
70086
77912
96506
47696
38213
36229
85921
81700
99187
7604
25210
8468
9284
50895
722
35168
98994
98562
17490
49737
26643
14238
28522
39242
93920
23181
95523
37889
4762
95364
43270
62426
66337
10331
30904
51747
71970
91219
21193
24140
11609
81254
94055
47195
31431
45579
64173
5254
22149
15976
38698
20413
68140
67248
28125
54740
68200
77227
53681
28281
65337
36709
2464
13262
59190
25833
86972
62701
70057
174
47035
82767
66060
46450
96205
99490
65762
39878
2218
20251
69101
9430
77992
87781
28876
77604
78869
14303
85650
67469
62439
74630
41131
19403
32695
13643
43735
21206
68092
41989
55407
50628
10459
62569
15869
88854
27314
66615
98725
94749
47861
3010
91727
44460
78954
98679
69992
69349
57729
10361
52661
16557
1354
74842
56782
43076
85945
91653
64539
10851
14108
97358
8286
56157
99393
75199
20706
30468
62923
24412
94197
775
60972
96196
50977
95095
52842
85546
63342
1374
20537
31153
63237
56407
32641
16995
63777
46953
16309
13357
13302
48692
65200
67250
24252
52206
40608
77897
24516
39299
15056
44041
87024
52278
6842
76820
91688
60804
24021
44432
13955
30655
41902
87229
27050
24735
36721
40205
93277
48141
33524
30964
26570
33233
97281
93043
73519
24778
13769
88679
69827
64780
79164
24890
18543
80661
47886
43675
10147
1146
45162
41283
35685
91825
13623
59959
84767
20744
91638
17799
84285
83890
184
8687
5707
95098
14792
70811
49315
57117
94404
8484
82202
42598
16313
52011
30156
63753
81979
35211
70465
26103
7737
10766
66519
94549
99863
64055
33075
63595
90140
61282
87384
75192
34071
49066
63764
11602
17924
63910
20536
40524
47274
59568
70925
12073
82876
19448
85053
9772
73557
8209
4661
50306
35503
33867
61419
18205
26807
64521
62755
32205
35556
70487
16639
18334
81954
74864
39017
34013
38786
26283
22038
91904
79017
28096
54093
99444
91874
3128
494
67764
95920
99421
37703
52911
58080
80874
28805
95686
67529
92177
5106
12912
7748
32065
9167
22308
73020
18916
47430
82217
94236
76391
26352
8424
90546
5109
80607
86518
94368
84862
99578
43687
96873
34301
83295
28950
30261
82563
450
42951
34612
4225
28814
194
97504
33213
20777
57556
91564
87867
90246
12721
5937
72045
90581
71644
70761
55344
3303
29222
95618
74213
28617
11498
90395
14033
43199
61702
1563
44343
56970
37677
26213
97314
89108
14890
21079
3770
99733
2656
88926
45549
80572
57239
7286
74369
18049
49471
49058
11942
24858
23577
18487
26589
27943
37751
23692
74589
68798
71657
10591
91728
48067
48068
12380
54396
71929
1113
71252
98910
71812
644
82677
91933
58585
28305
79635
29687
78372
70974
26264
28794
52003
45248
67004
32627
25497
17017
23825
4502
97724
13217
39368
84192
78207
20881
99238
78642
5623
15865
50263
51694
42941
32892
89574
73562
62973
80369
49510
34243
14321
44931
52074
90602
52682
89477
65473
63486
54860
95126
445
83640
96916
28101
94085
17315
2924
66106
96091
90851
77729
30767
49766
95516
78425
17063
31944
16008
86537
42475
70009
69996
59221
31082
65427
53056
10752
34585
61178
98941
8689
97825
59683
74782
62157
58259
13342
94875
23564
51817
10414
73027
3269
1006
80684
67486
3775
81588
95116
30477
88127
49781
31453
46578
28771
32966
46972
83358
42702
12271
26012
43569
27338
601
20319
96411
81917
91675
80384
35766
87157
6954
68554
56789
42481
38812
8219
62714
30929
32949
34663
60061
8997
32745
88075
70582
6751
20011
77525
55517
52687
95029
13193
15528
47393
54481
92679
40397
38552
27709
53966
59657
7715
48852
52727
46132
38130
51986
35064
45298
85788
39729
71795
41308
34577
98778
97325
36855
54477
93260
89260
71575
47219
66119
91114
29338
52568
37624
51412
56563
67972
37412
17410
94288
24116
87663
84371
65411
24867
74220
28840
87201
918
78757
4928
31683
27741
46620
23908
64402
94894
18782
87806
46619
77860
3774
18246
23932
54364
59260
93142
25909
63749
48324
13176
19690
98892
62918
26185
91322
28899
11455
20794
8596
16438
55857
64675
32282
71598
10164
70343
40017
22964
91312
59629
72257
26860
1445
11251
27298
79607
20747
51440
77398
51336
41693
97671
44510
81340
36462
64890
29549
80542
60640
66017
57801
26366
31863
89006
6129
58163
82677
52791
34572
6177
89921
87166
9791
35201
96515
73748
96113
52959
2387
15596
32648
98926
98689
60909
20521
2905
62539
78977
70961
19123
32465
96743
73465
90716
51876
48484
52506
71348
11705
62459
46073
48775
8514
89058
8015
98384
95569
86006
1566
97281
35123
94683
16430
50832
93453
1890
51327
28717
97455
49875
72411
34039
1602
55890
93482
47976
66136
54787
59273
42286
49902
7365
93642
94623
5431
8092
17813
98067
1687
841
55426
74209
35502
77163
97476
82697
33225
56078
39338
1961
96540
562
24424
45230
20304
76735
67936
74696
74700
35466
64283
12667
12451
45140
34871
81931
36167
11442
74942
77422
52308
43239
47159
98183
11841
79405
83276
59323
22356
70943
4058
35105
52391
79479
31996
35657
92028
63409
59334
70851
70315
16895
77551
12908
64500
29754
54985
70237
8862
40988
40868
72829
88599
50806
57481
2261
41935
13630
7441
37627
8593
79908
44014
32335
72484
40917
2262
8161
76154
88109
22844
53084
55299
56358
54119
76869
85088
76606
71102
28442
57690
79004
21731
7167
60003
10423
66040
68500
80777
88603
48564
12955
8971
34784
27109
92725
89889
47553
23675
27831
6841
71172
42752
111
79379
48458
63135
50056
99259
21008
33351
99766
56191
13758
24877
51484
6588
9948
75819
92131
5637
2074
99144
80266
58313
47880
31188
81327
35496
56032
83698
20542
38748
98919
82552
91510
20213
53624
72479
66447
9180
72317
39492
21682
13583
42319
53548
97136
13648
71916
18160
92536
3481
88917
45734
48861
67888
86556
40313
20860
12446
70193
20792
16193
40745
73502
38101
31289
60093
42672
17911
96552
61838
58119
33858
74235
26278
23512
92154
84367
49740
60644
54554
6633
77408
91554
43389
80444
53863
88177
93334
12371
44626
37977
61883
4859
29827
26891
28618
38149
59270
22730
32313
81063
54480
92155
1789
27355
58051
41971
86169
28645
16990
76290
72538
86588
13562
41338
95107
82688
29921
3584
42991
92908
71230
6982
27616
66088
21009
48641
43259
31256
50188
1651
63948
44899
34489
23168
62970
99136
42116
9103
17463
67252
83596
6671
66596
23278
34286
61131
68442
10451
52609
46285
30592
24302
23361
47658
83450
11568
84229
86246
60407
72677
32156
15469
55746
38617
31989
49709
23499
47107
651
16407
34679
24879
28773
86222
45331
99159
53046
28158
54457
14413
55371
72006
16831
87237
78574
45665
33358
62695
34419
13569
76669
17230
88231
35861
19837
41223
768
72491
13485
78831
76128
75941
98417
94149
94221
64391
53858
42442
58001
19708
35756
20158
49568
99358
49744
25261
13721
5121
91457
16881
61435
25528
68017
92489
81897
4949
69092
85977
34001
76544
70306
92674
27501
41210
80171
13843
66492
92649
94112
97955
17788
72638
51511
15295
53454
43757
10885
72773
72415
65764
44470
18418
53358
93591
9895
58878
90017
54890
99693
63974
30993
18079
59846
30130
92769
76322
31208
74114
59221
73837
51485
39869
78653
51246
2858
63603
51002
63260
87690
90358
72859
32210
77571
89671
41923
47266
3025
31584
13042
38327
98851
55931
69870
17045
83396
51872
93592
91529
71658
24105
15106
2284
50386
99812
97902
85506
24138
20160
69721
66977
89496
57785
48951
33670
37547
129
36033
45227
37568
52318
7009
60861
83516
60889
31929
89775
99756
58135
86765
92705
29308
89400
67011
62991
38839
84318
65251
4130
47552
99805
7936
92448
77609
93128
31006
15642
6305
85471
45239
68025
58878
58427
73351
83341
67420
12438
65028
71634
12918
63202
27357
74593
86204
84808
91159
59163
57274
44887
78932
43354
2304
65541
78646
34782
73221
50278
58239
72671
51576
17912
12882
29293
38131
40186
36599
36197
4387
92696
25555
1882
94356
63057
78822
96979
35467
73217
47124
25401
93975
40046
35988
82556
48599
13423
41371
51152
6275
63456
25779
11241
62021
27141
45897
42895
73378
48992
75155
1281
23556
89907
79033
45189
20880
58211
77754
83952
7008
18942
88403
48248
21700
25670
85700
78224
31689
38360
78419
55092
87237
59651
36460
21509
57844
81932
38618
50543
73970
3522
20107
56787
99301
21350
48573
34098
69399
45555
9702
64730
31042
40244
17457
25284
58062
60575
60893
91894
90288
61977
22951
98296
54144
60267
39005
78157
63641
75768
68831
44771
56576
60080
14404
58531
41005
69058
3581
44157
40473
5006
3019
10630
48916
66557
95085
73562
75383
3751
24475
21856
44179
63089
20175
41308
63290
7550
50053
26734
77786
81604
47831
68046
90199
69891
3666
27952
1137
39036
87237
22492
30452
86872
88767
17449
72502
18052
9105
61137
17382
85153
16006
20966
60687
98076
16868
45251
60547
6867
88200
19263
98753
10135
3623
94958
75512
69754
3456
16529
1248
86006
63164
16159
86224
96941
84391
32906
81918
93048
10357
51434
27030
38897
24824
82143
82101
56359
4630
47759
37167
91243
95613
92446
16250
19074
40963
35192
22346
73889
60710
51242
23246
25322
70997
9321
50246
95890
5758
60998
55002
39291
38624
73369
44122
86729
84164
17844
29711
95943
30450
4408
34833
81037
95997
1764
7684
84036
40861
92426
75909
99005
32524
58703
11554
27618
20441
18097
43313
80597
9292
32423
96111
40317
78614
42925
97528
25541
81037
10172
13401
42180
29667
46872
50682
53391
9375
33785
54794
51542
34370
45501
18991
52900
46491
97291
22247
54926
63326
5964
84781
52601
86957
21624
6018
52233
10324
78877
24159
33543
78916
22390
15208
10003
88391
39557
87603
91458
51766
52128
26206
59843
49102
92211
29278
2986
86245
59744
57899
90828
83269
48260
89230
46092
92767
33515
52094
33849
41811
510
10395
44240
39586
17695
54597
87689
56346
88543
81646
57837
42833
85040
79458
46034
10626
67013
40821
27581
74115
87486
53627
71213
68286
48229
28514
40815
50418
79351
1550
79796
9348
11282
58395
60688
19638
34373
37850
45854
8719
51374
61230
18747
19612
52976
92190
17900
15099
47224
44304
54569
94677
47314
65084
88825
1022
75306
54402
50431
81501
87348
71227
29382
88793
41497
10735
45215
91248
55167
63566
48715
26120
35819
5214
34733
86561
89505
15772
68473
98039
42659
80518
9684
31227
36855
33287
48076
83971
97887
5934
39873
40230
20323
47044
5855
41110
24012
9694
21025
64404
76696
25928
51987
37922
24447
71132
66638
80726
50330
94913
98658
46110
43747
23256
4615
26069
82083
81964
57834
92267
34697
41355
49548
68936
95647
52444
55129
74819
14067
76825
75357
82335
16900
2702
4057
92776
19274
40005
33952
59742
79228
8643
86625
43881
82279
19629
16776
32832
84467
41599
42471
95889
93527
85100
38317
49304
72199
96206
88062
79067
23215
45772
97769
85728
75333
40178
46888
37643
76156
49329
61066
28925
66659
75967
87315
66955
60740
40771
86898
6568
18170
55114
28090
7642
70564
99614
71620
4111
92429
42640
40584
90885
70575
53180
43308
90753
45153
80582
23883
93429
9562
71604
85325
32001
67682
52919
13491
77552
70180
76160
64586
80311
36266
86941
39592
72038
5254
40618
81591
96095
21217
6175
3645
97467
99745
99269
33382
56290
90968
34818
73580
16151
17165
22365
18055
34279
84666
80831
90542
98079
9997
25308
54732
92895
33752
45876
45463
23505
68258
89974
65511
92782
26454
46814
5275
56969
67783
81258
17095
12219
10111
92647
73762
81166
64587
13555
55848
17156
17036
10059
74189
43641
90344
22638
92721
45041
60429
56208
73865
88023
30773
18443
22615
67189
4431
25726
85181
36296
25742
82494
57155
13373
88615
60044
61531
79629
44524
69772
26586
19271
40168
72644
90680
67884
7309
11730
54660
51657
45350
92532
4588
65459
3832
7871
24444
96950
76771
49755
44435
66108
80754
95737
98517
67495
44740
85166
60116
84561
6957
4251
13105
48957
92026
14240
29435
83186
22419
61107
67138
19115
45530
53172
59698
57993
42662
89946
71457
85613
64411
30654
24536
10783
18385
61758
95097
45465
84918
81564
23624
13321
60749
22066
17824
64921
6500
56840
66844
17349
19873
92339
36848
86611
73943
77133
30735
83504
88995
95797
24881
91446
45357
40895
63806
63015
19802
38475
89396
19250
10496
82514
44520
5741
47694
5519
74513
16141
69525
44026
79668
38242
9634
22245
22946
67982
78613
25017
475
68863
94395
45042
80577
57734
47428
81348
6544
79829
8765
67354
45017
25401
95375
13164
45478
47489
42228
72427
83774
80257
34987
25637
76580
15400
78589
66180
18856
91530
62804
69948
10784
85624
24355
25828
86493
34653
32006
78452
90246
54066
45714
25917
94225
42281
85419
9730
89220
41287
33648
26870
98772
89460
49886
54445
97336
14482
46581
91888
39412
44404
65899
68793
20952
94339
74662
17758
26907
424
8968
40932
76212
48695
75906
75175
2294
1742
6778
60400
63075
27354
1601
65532
627
30894
49164
72570
15547
59347
88833
71654
9035
16583
54642
77354
85814
72225
49983
14862
16674
35334
60164
89878
49591
64716
29234
94364
54527
95794
44583
29499
20994
42451
10695
29154
67218
79195
28320
72771
81682
52932
89270
85255
87115
8699
64190
80485
17730
852
14615
94634
41197
4229
34052
40806
79494
30890
60876
85078
90094
10680
96819
44343
40103
91457
12358
22800
14945
46450
47321
53998
97249
2375
73297
53426
2594
38041
75325
33097
93263
67806
48814
34128
68477
78855
54114
8539
17882
4318
67828
99900
6960
38615
1864
85852
87637
44265
54087
94289
78960
43716
26441
45929
33009
53161
4591
70873
3815
17744
8005
36794
31595
88605
16557
7638
89079
58341
58925
50412
64182
67979
61743
76622
47193
30620
93527
57821
84624
90210
49660
73383
57379
41500
43657
1003
79264
18695
73168
24121
74155
42867
58026
34181
18976
77875
33254
65149
25198
25548
73263
80631
62112
75915
49825
76515
63534
96553
28539
98720
14194
38399
75025
38983
34530
68821
41403
42698
27044
48237
96210
29909
73777
15180
82664
5311
97470
51899
15042
38433
8581
58771
65547
81491
73231
51834
4957
68302
64094
2296
15034
50962
29460
77952
36692
12956
19172
17252
21318
31717
63159
61415
43163
3373
75189
97893
27410
96058
24178
32407
28774
81942
61707
44718
94294
17467
38370
52696
90353
99230
99390
57150
303
3597
3284
93032
46398
51733
21075
22144
60816
94373
86181
27760
43884
75893
84013
9388
96664
93244
90077
22302
16973
11012
14694
47043
58094
25455
7444
95072
24834
88853
45528
75572
58904
39512
39854
87159
24633
81586
6948
27587
29371
85819
74503
72830
97078
35311
75377
81552
38317
84947
64287
28524
7532
43493
92069
28493
83939
66664
17240
85743
54795
88504
65139
48889
96939
94947
62400
94009
83198
90626
29729
70851
96202
65621
50414
68809
66826
41835
45689
56298
7674
86499
43306
17844
13892
88586
81426
8662
3413
4164
52941
75864
99039
42275
44318
58293
53471
80532
17645
88296
83386
32907
54909
75922
86864
92728
30477
14536
24180
56168
2496
37714
78115
18009
49083
58485
1304
57317
20607
94330
93628
58217
6480
37457
32247
91487
27651
8739
15194
70111
23645
82076
37639
62495
16182
47378
6304
94910
57786
81152
70884
63763
23109
84482
76853
89079
92279
94367
83375
47389
35502
53952
71202
9737
61011
15171
52917
77875
50920
43338
66041
54088
99069
37968
42872
36181
29120
32303
10358
65749
56526
13931
8468
37530
28090
43056
56712
13353
81266
12034
15564
95112
10509
13772
11880
60659
64073
90837
25809
81683
61505
52227
38573
18670
94364
91902
99899
42512
6088
54041
69732
65550
13622
47099
62869
95859
88937
32390
8941
43617
99120
79174
1056
92545
47076
71311
72751
43983
48966
9441
65684
88472
32445
65744
85170
81887
95894
90444
69368
19079
89373
5786
79676
58460
82478
78591
46939
33828
91483
49755
76381
66476
83251
40605
52065
82519
6685
62825
47897
71742
77958
28712
22831
37345
60511
93375
39760
81961
4945
48327
83170
55216
97126
84646
70624
38873
84370
94419
8941
70074
84994
69653
79848
46982
57679
68464
87672
90653
40901
3244
47587
50648
57954
45100
22824
99530
2545
906
16211
54509
87247
47732
75700
43379
2019
28404
85482
61374
40281
2331
45270
61795
70678
57337
21381
87512
59054
79556
78805
36459
82096
61790
57682
96735
34863
38772
18611
22930
22150
69937
55082
71722
72987
38321
62433
28052
35455
64611
74407
46271
73823
83436
15216
58164
77104
14962
73874
78804
25414
68913
94771
52055
16501
4465
80119
30704
58024
55182
31851
74040
20178
51116
13622
5925
72818
92037
80648
35550
57057
2416
33636
56896
92031
19256
76609
86236
43596
84296
95997
50203
74500
70268
22417
87481
51681
62907
33126
14437
29454
80964
74763
38017
14881
57597
24749
58305
68745
73311
36128
72490
96771
65385
83621
59170
93846
41504
22413
54484
57946
66710
94034
47375
61775
90898
77295
96334
60669
7522
75954
28116
53866
41671
44699
31390
9126
87507
96289
49172
37705
50335
27787
92190
60330
22373
71533
22621
73374
83228
98874
47143
17863
83683
65821
78044
36389
54712
19817
42405
68199
9553
25187
56800
77943
30240
5788
43212
43851
76384
64975
92905
96477
68952
35245
84995
4734
89335
62935
80131
97496
24385
36449
12648
42520
7037
66110
75975
12177
2501
27804
66079
80459
80323
91590
65176
45494
36390
27804
3213
21317
59777
6675
56383
51587
91853
25828
2516
37987
82290
92234
63655
70309
2547
44852
55313
69911
41940
83528
57442
83720
28696
16634
47627
44622
26524
34391
60570
21897
49586
65324
57797
13668
27012
81353
89016
25756
83434
45169
90785
35720
39003
9387
65878
47637
49280
71273
22312
5297
32207
80267
77356
40888
14421
46175
40729
87036
34847
13287
5042
26225
99653
56454
4331
52274
45359
59923
6542
28350
35585
43887
8963
23741
18103
57571
50106
17702
65480
60102
60725
90165
20267
87313
30095
16090
38106
45986
95477
57791
43941
43595
13402
23431
825
20359
40181
91241
17319
81773
81223
26028
88422
57615
87785
90114
27220
88712
53290
55549
6721
93276
42814
52885
81648
41085
54706
968
76771
3107
28609
87314
86149
98584
20444
98425
83686
71773
83174
46237
45061
61538
20529
7768
11263
43779
15565
84275
84554
5733
12829
59169
7005
41273
1020
95157
80870
60826
51687
30841
76634
63923
96754
4229
6046
11080
16983
17629
59204
89241
2638
76557
92705
14130
19501
47980
28820
18193
45236
54510
39697
23160
71103
58062
27828
85046
2627
37320
83461
3015
3482
70090
3936
88451
35494
9514
25900
82901
15716
55958
79422
25009
98344
80094
27937
23089
11004
44513
72364
32791
56943
68873
72464
9976
3713
14882
19398
90713
35833
3086
17837
87133
47902
64082
89239
81515
81550
58368
24477
67120
81540
57094
61444
70824
59896
9211
98301
79091
21372
13551
61102
5802
71879
48246
58309
15852
90033
77160
97181
65863
75684
27245
71794
85673
84446
10692
16498
80873
16474
73851
94998
16857
93222
70373
84647
29842
84921
45088
34978
90138
18888
76700
3638
73444
50841
61938
53335
97283
93674
19896
6847
45064
21456
55431
79544
29238
31355
20480
94804
78845
76307
90860
84455
9395
7613
79267
88919
11982
66651
56561
79715
50855
82558
58085
23213
20829
2874
76792
62615
64045
17453
13873
87434
6936
71184
76853
39794
54148
24007
8735
50620
7733
48649
27280
72002
56829
51702
91229
8626
91979
52150
81097
81147
55000
28149
64308
18130
45008
95562
55940
29447
25159
98425
79423
77043
20621
66261
69469
23874
80402
41953
66992
21738
46919
78720
70216
82137
20366
85541
56538
88670
26318
41378
22390
37761
24819
66888
60145
12307
64402
79142
38186
89007
67853
95171
65685
21063
96962
16566
63800
33734
20943
68569
97846
73486
24525
82635
45214
46028
46233
1800
46243
93966
74393
68795
90272
5692
87447
58590
14844
82041
15927
4471
59566
62276
70757
35741
37708
5680
99373
15019
26762
76814
80675
13509
77013
82167
30709
68288
32026
82535
8612
84641
71756
61337
50045
50870
43696
6440
20483
13525
56631
1897
58987
33399
15072
36737
73959
1768
88456
53654
7048
29868
36513
98875
702
50286
19310
32061
8119
93886
6390
45486
48120
70478
34137
41203
53077
6566
41537
56987
14572
96972
11869
21782
89668
60358
28882
14831
61462
36605
54465
12438
52460
3835
37008
55270
56572
91123
80585
64753
72553
73532
98831
92911
8073
77334
10350
53914
80089
69307
82475
57741
64959
25223
56403
73181
26763
88071
89296
10951
89584
73664
65652
5544
9545
79145
57432
33452
47782
69852
68284
38582
88428
87648
1332
14167
63016
6186
52796
99918
60339
75791
16356
55658
71055
51008
23632
47385
26895
6552
3652
87151
18973
4481
41276
91414
93556
76166
18356
43846
90715
9783
72343
16593
6342
23750
97918
56953
58393
80659
4790
83406
31943
73710
9890
2112
80040
36814
19696
80769
26768
74523
211
76340
73438
81131
61881
66058
22196
98835
90274
27199
42973
43101
85298
28305
80788
47718
15150
48073
94810
38147
76527
50049
40284
67764
65029
14213
49565
83449
19448
77455
939
25719
89984
45881
70234
2993
61451
33055
96585
62460
96361
57168
96759
273
88998
32762
47732
35727
58450
12719
44893
4900
31821
76318
96121
98262
89203
80072
74625
30750
82885
10829
89437
58283
46867
85183
38828
43800
81259
19018
99774
71542
96851
80448
26737
67233
79668
57508
19202
36790
21620
58785
17707
82944
78530
40608
45912
36901
80698
4016
78742
78423
48168
43222
23544
24707
79732
32230
71688
43530
5367
98917
29848
54650
2142
72146
24256
87256
49930
91066
24695
69096
2767
56735
89663
99711
11675
11767
65513
91445
37655
8427
1331
21499
87781
8396
89827
75269
7694
36857
13918
78166
16895
94097
84827
913
25169
93396
83509
31506
43541
23116
89392
69639
57191
7915
32066
84496
49666
54415
16085
87203
59790
79615
34383
60142
83746
96685
75562
39386
32559
49469
1441
83171
56413
9506
1553
68074
61872
50137
87705
89695
11485
74613
44087
29320
26003
71633
71881
13362
40606
9975
43362
88437
30518
88939
40174
18260
51449
54041
67781
17226
57610
2665
93287
59553
9505
2307
54835
203
5744
50920
87578
79032
37867
93595
99474
72
88992
48186
92438
83387
2055
52250
47204
86853
24228
81607
42960
77547
52168
79438
13185
87977
62983
67489
22954
41151
94365
82325
59358
55120
14690
76046
87421
16695
28428
16111
53744
12048
4983
71524
77631
76741
19132
92848
80521
5870
28399
57133
52197
40225
7212
11200
24961
56676
23465
89179
40015
36422
50886
53771
29327
71488
30930
70954
38689
43345
85170
38972
45135
89629
72042
12011
95318
2588
5910
41346
82847
48065
92869
87168
50268
2395
95933
91478
37470
32725
52117
28183
75034
21170
34775
1266
2838
41140
70934
98478
82308
47476
64306
20891
15821
62396
94333
93761
99572
74367
33417
7850
61852
76362
13217
40888
69360
43932
7446
8210
14473
22414
6096
8597
44060
42715
22299
42710
75083
63340
34395
76502
91896
69742
22415
31631
66413
97413
59246
65785
2306
62929
4245
13492
91848
63773
71384
68971
89419
98646
44881
51835
52241
57274
85032
7779
14279
74896
79580
33330
21353
686
21621
11358
33443
67426
44371
70893
36764
70534
28561
67672
2437
49500
27925
87891
8783
8120
23359
39840
1308
60801
66444
59916
86685
40054
25964
47975
70509
15724
72959
3792
93875
75858
97579
83285
79502
88021
50882
70355
15353
51806
36854
40765
42213
45649
68766
71555
9938
97971
12879
81502
72199
91886
7543
81009
12564
95267
96418
14789
98134
93928
88201
58869
81957
7420
24478
47694
69904
69642
19960
5988
80699
65383
79325
42857
8162
75358
57375
86337
15134
63626
10350
48694
58834
77644
51933
49471
22336
22666
62220
79280
9682
62615
88408
43986
34712
67701
26555
68563
423
63753
3747
27981
66201
72849
77605
38916
88201
55007
30228
44512
83741
21653
8104
8661
86643
8493
97101
308
62352
2088
77899
61640
56672
26173
94894
56627
11311
69578
32022
55515
91458
4488
13024
65986
63755
10900
48157
21707
38092
55824
55375
83311
55523
71932
20243
44766
6122
87970
82890
516
81775
52388
58663
78380
37924
10948
31257
47616
93514
40266
7965
44532
74813
17917
93096
43757
41459
67765
99898
70038
95717
43103
29428
66597
49021
34777
84458
33321
75124
75777
81004
25587
33668
26407
70690
13389
25695
95706
12743
44856
26181
89131
49612
25872
3989
36956
89369
27285
14405
31674
67793
89519
51732
14545
69666
34694
80411
28559
79862
94957
26783
21513
57276
46825
79329
78631
88277
88695
97872
68646
86511
55747
14906
25615
71874
69401
86365
72286
46090
36330
90393
66307
7540
39776
64840
64822
43041
46609
84711
95914
15223
77754
88600
86658
99752
91236
87568
88006
44230
43947
72374
12002
63238
55001
8199
74306
29676
32795
80468
41689
99684
44833
88389
89436
23636
36360
94032
83602
22607
51628
20409
56495
27422
11197
21786
37419
49337
29433
19602
49742
5676
82414
30495
86797
52102
88612
91312
85512
91368
68303
83149
1883
46705
49810
28077
79565
28282
65319
27209
89384
77169
24572
14043
34192
92091
22249
23446
67012
89796
81347
23413
96565
81772
57832
67064
48971
22163
83870
79736
11776
74556
65681
50975
60829
52864
18001
5081
22852
85910
56880
47993
41293
17827
58453
85922
70495
75475
76837
76121
73189
82348
48290
96275
54409
20443
10629
67286
16708
95851
40883
21798
79140
80368
14731
36780
83092
31581
34491
55611
1445
20071
67520
19375
74014
34573
6562
22840
75131
4973
94449
21955
96054
26658
49390
23732
3147
43767
48095
23521
63850
4353
38777
90777
86913
26363
46940
35201
4103
42477
9230
63906
23156
46730
53655
62251
52113
94017
49113
32300
61304
38478
84274
64399
30097
54119
82763
54405
49381
72323
3112
12032
63856
99735
20201
35008
93074
35568
99238
41003
97446
91829
38643
10795
8124
35685
71588
87904
74830
94206
45996
93922
96291
83350
25836
4310
68487
61254
80921
80249
24595
16638
57876
87143
69499
77708
449
35981
2516
44081
68552
87815
6768
78324
99509
57992
4730
78466
64938
59919
56300
17402
55381
57697
86711
64922
88735
52832
64194
84342
26820
55755
31577
10634
87983
43813
79074
88949
50361
97591
95735
8519
43519
5762
57206
19384
490
41586
46878
78016
75927
55499
83968
67032
47942
8854
70413
39235
68414
29302
39407
10426
17782
87051
81969
14981
67215
7614
57440
46487
68314
75146
36479
6321
23354
4648
79719
37471
44288
50580
94930
72249
66572
61573
6394
88972
98792
81678
33495
3490
44173
66636
16261
89955
28063
67869
81570
20362
70671
84501
51554
98287
1722
90559
87487
81908
13823
24543
71650
59235
27020
36650
82201
80977
96744
50617
97172
23947
52004
8410
83675
79376
33568
73173
35208
62199
505
45450
37273
18995
7111
14016
1518
65228
78389
92899
75134
4188
96554
45019
81812
74869
97559
23077
37277
27936
87965
24877
57736
27469
57924
90213
95225
62397
70683
95848
60863
35581
62214
3629
10271
19943
1199
26018
50196
42974
9765
4487
69961
81207
84766
20613
26458
73180
71513
57793
98825
26758
80573
32880
28112
71441
77949
15580
52714
98471
46206
72618
25766
41943
51632
30143
79448
91289
58273
71668
75394
91740
53174
76049
33061
64057
46142
64139
47046
4494
72331
38546
18738
12420
85312
46240
26912
15186
11618
36956
12949
30267
88928
74963
96214
61594
15935
14245
54220
37420
72855
86089
54710
24526
10356
41582
4594
58633
32837
52901
73432
89439
45007
90206
67778
79455
60341
58522
9056
14804
48821
39768
46603
34076
98206
999
75579
4302
62752
49221
88998
61927
88575
35002
65748
92667
60076
95647
67828
29002
72489
25711
15643
8590
53290
54042
68661
70424
29809
20061
35192
85803
81451
93114
84723
18526
42052
25833
13011
83037
84093
77934
74011
55159
67274
49180
81517
13519
58416
93873
86056
62581
2784
8927
63321
99773
17342
8652
41250
82630
2978
49757
47406
43218
92889
90757
14556
70094
60703
46186
98003
71187
76181
25761
67952
57223
12492
75678
66771
72492
90782
84414
3862
51650
61622
47118
85038
47097
35581
46606
32690
92739
42273
61622
79134
55258
1494
8217
11808
60356
79784
91169
36002
66393
77836
45850
38562
80100
77121
21386
13436
26389
51933
5658
24305
85164
49632
46283
79895
5412
10605
58582
16702
3229
52040
76447
45704
76284
25493
67348
55005
34712
56982
14054
74005
5136
28736
87437
32688
90174
36791
7702
14753
53007
22092
85188
16064
82894
60530
87448
41304
96845
62770
25100
49569
32038
12478
25243
8029
74581
74818
23929
42410
43646
11217
49772
73012
48550
34320
36639
88071
90531
26406
5036
7574
71387
82591
82796
34443
47846
99566
41892
2703
71049
9843
48635
39122
48318
7880
14099
59877
64979
22033
37053
3957
89925
48314
18065
18591
27366
17437
84894
26343
98733
74817
60891
11469
91858
99215
52861
76035
14775
88319
36344
47723
83269
81741
16556
51530
13923
74448
45836
10305
78862
91171
36053
36455
51101
13672
8870
47295
21718
64312
19739
97380
35760
97994
31557
8839
38714
24423
49374
62637
72397
47369
92991
20928
89134
51110
54972
66171
79163
83658
50925
23391
62800
56502
53649
45907
32584
88433
38616
63838
84229
82230
95337
72785
25249
27700
71168
10424
83779
65860
35992
61305
14791
74379
21269
32669
89642
79472
7664
65137
68123
11276
60
86667
92811
28158
54855
34107
70935
54118
96392
82308
77494
91751
23077
68606
70381
60086
85890
79122
51600
2419
55029
91330
26608
9765
89097
93820
41791
34546
64344
66403
78968
25257
46930
38840
50770
23141
3069
55516
41288
34037
66533
39036
20876
16983
93877
21950
3507
18416
36347
22474
93460
48157
23170
77682
3438
59540
77423
43757
83651
56680
66910
26161
60369
92955
80569
75872
58312
3309
38627
28171
44563
47965
71728
52703
23110
47975
39709
62583
33832
99787
50141
91511
59789
43388
18084
67188
10296
39679
37493
70487
6008
73839
46400
51053
93220
78803
9208
26585
31481
33171
48525
43077
9890
33232
65185
5018
16428
71825
66675
81557
26841
35497
46952
64507
53669
68003
66885
72912
59013
1132
30327
57558
53775
40708
31809
44656
25044
25850
92116
22383
95003
44148
20675
98273
57141
77859
56677
84177
71575
62868
23190
67041
29974
5725
50069
62307
41165
39116
828
77833
32845
709
81174
63439
15013
84986
1030
13362
53916
14519
51493
75004
15360
92918
68677
76417
62947
85968
43285
71029
27840
77905
74706
44182
26123
67690
42660
87651
58661
11760
22574
70810
70227
58935
17364
6011
35803
98249
65662
76349
81402
15746
81291
82830
90736
36350
19039
96321
44338
34302
49351
24416
391
43973
55284
13368
97955
25310
6843
87178
41272
48458
68794
97200
53223
68182
85921
26598
42368
2594
9199
93988
95339
79260
83719
82822
31497
60284
47820
72204
16816
37323
83031
80083
68847
21304
12738
11898
73237
80477
79373
44003
70339
49511
53886
34309
24845
14372
84221
7284
67091
69462
63055
26527
58700
87382
70873
98845
8578
40291
8846
1204
18765
46386
13879
73754
30378
20630
69851
33189
27845
36497
48965
82533
96815
57861
79200
26313
17573
85048
7426
1379
21199
10256
96952
98428
35286
81138
49377
50274
53973
52538
54843
88207
35540
87648
39164
38667
38423
76795
67559
96285
34924
47700
