73950
81449
51079
52965
28276
73629
24804
99655
56579
19286
63139
57001
52974
55956
9682
79738
74640
19599
89346
9672
65840
62640
39078
75981
52075
72231
37937
8874
90802
39365
87608
29743
61978
66873
6215
85705
8666
84964
91216
26070
8819
71124
14791
30310
85967
98155
79255
36154
53130
98542
6200
81409
21851
20159
9052
30284
7975
66868
32135
79787
93142
28021
28729
93075
40744
35972
97495
63963
10919
57774
53998
36531
83369
8635
20137
91822
80097
95033
77013
63933
11623
61848
97761
5025
19762
12331
34334
69409
98321
55678
35529
24343
64435
27447
7296
82994
14294
4162
16443
60577
11725
3086
79608
1703
94978
71783
25965
38699
70413
80406
28659
16340
93929
67944
58055
21006
37912
65059
90235
71102
33967
31100
12869
24379
73285
65156
70024
13850
93994
57396
37736
21682
58600
28646
59726
57241
1136
29254
50352
84408
38882
25813
99549
94061
13157
56314
4526
11100
3813
94367
10032
20989
88503
7781
22218
57494
17740
4722
11383
98666
29192
8566
71296
16532
5415
68458
88102
14368
92986
41642
23893
98584
78315
21890
71988
50497
65950
62767
61346
99581
59426
3097
67047
40159
81513
26460
9480
78468
31857
42323
69564
80169
48686
92236
56215
82303
48755
26587
96488
60840
17255
66642
13915
27690
49431
4820
98172
52184
38772
85731
60367
97953
72986
9394
82453
93195
38326
89647
28630
24981
22617
30139
33516
89797
86235
18464
33624
47279
30590
85869
37819
96308
72088
94717
90483
18434
45817
83307
52252
47388
6784
7000
16484
94788
95665
49464
56585
35656
51211
60631
40074
57118
80875
68895
39980
30476
12841
3084
71179
8949
48651
42874
39534
66908
73122
28994
53217
61022
71313
52761
12227
66751
84183
90732
63576
86102
1632
82784
44601
56936
43370
27577
81659
96162
67147
41842
19764
15889
69983
97086
1551
74840
60517
89644
27072
48611
79005
33486
2657
72274
53930
59247
86492
68892
78177
85770
85838
70990
85984
67198
34039
38591
43958
61346
33234
56255
755
60500
31094
13831
29258
65117
29369
19098
73207
64785
15266
8007
91660
58601
47159
40562
30753
75096
19023
23048
37023
5364
84567
94701
76377
74929
73211
76140
70142
42781
79658
95530
46926
37360
74050
15105
8328
79181
3994
83746
61739
2106
44110
6809
22520
64318
14179
69394
96948
17952
63682
53464
71712
48379
47798
58455
64538
83897
30454
52736
60908
87216
52993
54319
96883
47162
83195
53761
49682
59163
12900
50159
90227
98437
62658
36571
23666
28117
94756
11848
58515
18323
8680
69056
6114
89947
18007
95462
73738
23729
7742
7857
16543
31298
28285
73945
32738
26462
14730
51051
21900
89766
99525
1492
57342
27341
4232
44552
39298
84326
66827
21817
51340
25488
59012
56098
7912
85108
82848
60660
15211
44418
8669
46072
7288
77388
84708
17175
54905
48665
14570
87115
9017
57970
85423
44022
92601
78711
58032
77919
20300
55946
38077
40899
24871
27526
76525
29231
48928
68612
6530
19765
67946
36635
83813
67944
26909
62959
95811
40227
97786
76709
71632
50002
80270
88367
5575
76519
17602
99949
72232
52661
9040
77654
90078
44822
35003
88601
45135
72506
67364
51474
96145
39379
5135
72595
44970
49828
47278
5437
4743
28109
89759
51181
67818
20906
69188
9689
42566
6573
76352
57979
80392
21174
28668
41923
10012
22402
94981
78861
6052
89587
58981
21342
64477
73860
80485
989
97676
41065
25280
66362
36757
13018
31904
76542
82843
41373
75083
47924
49241
37662
93557
41572
28640
31822
6100
77153
93157
4278
13299
53014
3364
82046
81261
39205
9037
39676
46181
30014
88061
79279
20581
74401
39635
849
72119
86374
68618
67722
16112
70250
49041
86362
72420
45207
52787
39480
86888
81409
20151
60439
82446
76512
45226
74301
43205
32518
41344
96468
48289
70882
14771
16739
13447
79797
79476
21970
63324
16960
3183
54963
31781
82329
87223
46694
73988
4786
34200
16140
86729
54629
87305
36950
38701
29085
42689
95892
29405
40335
84233
61717
71880
67356
97524
6018
86627
24803
37747
39631
98802
49163
99408
62244
19745
46713
50832
2347
96296
62409
85381
85035
76205
37408
44731
9422
90859
71237
22932
12189
14064
98873
5023
3800
85171
33725
37784
8131
10850
84758
33082
47311
64203
11602
41647
29194
53551
57398
73952
40997
92665
17336
15082
85550
55101
88261
11863
11583
47029
27728
97394
54569
91927
96111
93017
56724
51237
51618
54983
4777
78907
27730
45330
17447
86305
96136
33711
32735
13989
87380
72610
42459
42120
58197
7365
53001
38263
91514
14153
80662
75520
6370
78049
14464
10957
85579
95527
44987
78639
11092
23236
57755
72490
90391
66223
34186
56337
50900
96725
54889
12370
13106
70537
36592
47147
4073
406
22751
4086
97723
73924
68807
21321
99486
18741
20303
20505
91052
27223
50132
3927
94667
56161
72467
65957
86493
26873
10291
19802
68139
20894
79243
91572
87414
20368
53280
69013
27976
76301
69244
83151
10970
37813
64021
31536
10407
80057
98641
2837
47340
12403
72752
17118
7422
49587
50367
17593
10332
25525
76821
44371
14765
86617
40646
40570
19729
5474
85797
10954
6355
84734
7709
91525
29275
70319
67477
2423
47032
8818
56412
65598
64036
10413
1004
9452
98687
93875
75733
14964
64089
61111
99116
93072
64404
63372
86146
39228
13311
45386
43552
65650
61483
25970
97121
53578
94548
95129
88409
56800
11539
45002
40137
3016
52041
93942
68300
22576
62816
24663
70999
3231
1572
94904
91669
37912
25898
33605
45564
46096
75900
58277
92317
99870
30807
82436
89437
15053
30370
20876
68494
94958
63327
22353
11881
27028
56588
82498
80622
50780
38728
32676
52129
81183
34517
59043
70044
14119
30202
11620
17208
90211
19468
57986
93376
67303
62434
94763
74239
86256
8664
26004
45653
72372
56290
26948
7887
46259
31147
87491
36782
14728
93590
6524
77423
21059
49381
26976
76612
89686
23654
15617
62961
31662
74717
71664
47389
98447
30459
29163
66250
54571
53777
75161
82022
88607
50988
40246
75651
39994
52614
39632
18525
18310
8889
16157
17788
23544
68084
80258
45626
17543
27039
79504
74772
6678
40827
17149
41644
7498
93047
45779
28501
45496
36880
91824
16641
77203
67000
16639
52543
65028
5394
88607
71711
47030
17947
3770
29963
63678
99928
37673
19012
4390
12832
48742
54679
79146
62166
73984
15104
91873
12797
32723
99133
23589
26547
38133
2729
66130
53823
44889
47772
32676
46302
510
66502
20397
98873
71587
56205
77459
88261
45936
68828
33674
9503
78012
16198
28711
94682
97070
91254
288
79033
64439
96838
22501
25626
21485
72070
44043
21512
15073
53857
59325
91627
68098
78381
72854
78399
71149
91620
55938
40710
70665
39279
73447
22348
22077
6296
41821
18452
69397
85322
51354
50930
47673
6360
22562
3581
26689
7056
79709
15335
11050
5837
38640
70015
41173
68907
20929
96994
7496
88420
34107
10075
93692
19297
34084
72051
59441
86795
49123
66880
5761
33531
97672
94872
8146
91648
30665
82767
66898
98938
8284
37653
32061
62134
94783
52249
56711
36243
42395
8233
53160
69067
96296
12400
76724
34866
15299
88932
1084
12348
65247
63133
94672
28168
10251
89276
19424
37941
45200
95115
43644
6505
49729
61660
12141
28560
92609
46967
29571
83822
80278
35729
46357
90743
89813
45313
49616
15832
86178
84073
29380
4102
47419
18371
89821
80064
12612
33698
38303
42222
64582
29790
40312
25169
89259
31829
25549
16232
38003
48956
85749
99877
73977
37675
63062
25243
22238
63387
13611
9022
61048
58074
87186
84194
53671
45914
38234
8622
52504
18349
37573
927
21078
72687
57345
30469
74772
71087
78597
50812
71180
1830
32999
60340
27785
80643
74398
21945
49879
10579
75166
99986
56591
85373
98208
84277
65542
22284
17716
48989
11910
84163
43879
93125
78539
67391
57008
8385
95774
86969
16977
19705
61612
79444
34169
87813
6854
23653
20634
45837
40282
74940
54379
31470
52664
97268
31120
73045
45161
9485
6505
70585
59296
38563
81842
57503
81239
2928
57080
24143
12319
23659
4611
4412
26923
25997
35743
27406
65015
90748
10418
34760
47948
24324
4045
48244
2017
51433
77142
53819
51170
80998
33895
49489
5992
68620
3556
22937
21888
56763
74817
90343
87155
72990
49684
61317
82847
20358
97838
40923
55427
37508
87330
88020
42029
41698
40530
76269
54531
6926
61588
47199
16334
94787
25216
74338
99693
72722
76456
69208
93288
89081
39008
45633
84720
72443
66070
51336
97019
15809
69750
25416
45805
39616
54706
76174
40098
67369
58165
98340
64706
52814
7929
32251
32426
32576
28892
86055
78016
94851
33217
90933
65387
91355
7736
53508
59070
11220
8257
92226
3506
15469
16202
40847
27436
88669
70320
90119
92346
40805
80854
67221
58381
35909
33064
75018
60280
74949
79459
54182
95144
8655
75507
39028
99412
7558
18611
95725
79261
54341
75454
48338
9740
83965
42349
315
89394
31123
69521
10745
67196
95555
16623
56867
79550
50057
64558
65291
89722
63979
41239
21927
94951
86643
61894
89329
48920
17866
73166
23565
24617
26837
8739
92952
31969
23104
38611
25689
63375
24926
39558
97015
4592
68152
62469
30030
65698
27125
62225
72235
19879
64186
21112
55199
92264
3615
48723
73504
7121
24233
74644
96880
4486
55628
49180
13308
95779
55153
88375
62547
85796
52911
25296
45103
31889
92326
23199
27412
76577
82922
11413
76358
86303
55102
55824
30456
63196
73274
90500
11889
29804
61577
64042
57272
86636
96565
99067
4801
20593
9800
7107
785
1757
67307
48038
6721
24546
58244
28376
36968
97362
4698
19704
92631
40310
5148
63718
99923
15168
69270
42050
44862
90228
37442
51660
85207
93267
12197
87755
99278
6770
81232
8039
44883
467
48532
46305
6830
77280
77207
16769
82983
59346
39759
42130
88929
95955
88905
11013
88238
9010
16588
92635
25585
85784
6322
12839
31251
75302
73296
70764
36328
37464
15841
86389
37836
87854
12095
83472
46775
74255
92238
17435
95910
27724
44485
9504
82564
45835
54374
54464
24566
26337
29189
26933
93918
99605
57727
53712
59339
19102
65382
47736
18479
80471
72902
22118
48369
99175
13342
53237
58507
43805
53114
75836
88522
29894
51006
38398
85245
78911
19646
89917
61092
22521
25530
8053
87712
71454
55902
74055
92900
49967
97723
64369
29962
16006
71432
26904
3902
36576
88625
19665
16303
4124
72086
13205
65884
97116
96457
50778
33030
94870
50488
27422
45442
73098
11084
47448
9112
15597
61274
61326
71257
72381
87445
54665
41322
15507
29358
53814
65816
86245
68270
91779
67388
55795
51383
36386
72987
99551
83609
35176
95457
22205
3662
98405
88044
61070
1221
95751
61066
24271
3838
88984
59314
64013
85700
87733
8970
28702
20047
70623
50159
9246
19069
27798
83520
85922
24438
95376
19141
24685
22127
17840
58458
41536
18696
16475
8475
80093
90908
21592
18374
4668
31409
47079
93853
58343
7633
2424
65281
95394
8302
10508
23397
67993
19313
22904
63986
92218
21986
25518
60522
55919
94355
28125
31881
24682
16078
56577
77967
46100
78557
17776
77364
25018
68106
99555
31608
77824
70175
29921
92639
38374
75783
28048
47917
64642
53188
36031
59074
80386
45382
2950
94460
98106
47902
22497
21485
44347
74685
10301
72236
79320
16227
86419
2657
35259
58056
97813
9342
76903
62273
86039
42452
80538
25956
16307
5700
62317
33070
82274
12763
75764
44970
4733
93974
50000
61197
91608
54567
39797
30087
92212
19072
86802
76492
512
80670
78673
32802
30680
43364
67273
5656
20516
27739
45473
98691
85295
68417
65871
18317
80376
43369
88397
43070
6486
29960
57148
50792
96547
46933
40610
35591
20477
22378
59161
39093
54339
96758
53144
78040
80756
48391
54230
36191
72405
4245
94147
84482
85405
15453
30650
39941
53152
37705
32000
28552
52447
21029
77933
64871
63637
37006
5990
26460
64726
23429
81926
43356
72036
83728
90275
93989
72452
65576
66718
89365
93106
48267
22551
58854
88654
22083
37589
17377
77604
5899
23306
54314
54935
19183
50295
16283
30663
71694
27746
48512
47724
93390
12290
26385
97819
10425
64542
58969
71705
24933
4661
99022
20797
35237
89162
14740
86535
66702
72188
7775
90216
95921
36698
23296
23111
83462
9328
83332
29723
72628
87556
54503
48928
20407
66081
98243
81916
78491
91419
76482
17380
22907
20169
40276
10788
72833
96988
1027
7378
27500
51388
54160
49742
10438
89786
42484
1573
81399
68715
1529
38151
71522
449
52157
96907
20475
38588
79944
69240
22377
69580
67600
19701
86702
93310
95068
66262
30016
79101
59256
51023
50634
34295
58692
48830
68422
18693
63362
6386
51009
78872
16612
18413
64649
8310
13318
58587
62660
4734
24625
21770
56478
1046
84497
42718
55166
49584
11545
68036
35394
54903
63876
44585
28888
28226
48390
41411
90463
72738
67072
41858
47416
27859
35640
80162
49144
74659
7250
98084
29105
65093
6885
56364
10354
18572
62777
54017
15279
5616
44254
84584
37655
44113
44941
50404
8051
73200
78923
83159
53512
43578
18060
65270
83489
84119
6375
75876
15066
53770
23859
95547
11202
81449
61323
67782
73330
7469
96064
17919
50465
27882
19573
4044
54219
87681
5951
80365
79191
66415
17071
71986
24462
20282
65009
10718
17466
36247
14123
18299
88454
20920
88161
14397
75610
54957
32429
35283
25172
43001
66855
75721
79379
62737
8209
29277
8980
20476
23535
93667
49137
89891
25254
65095
31789
98735
13979
18190
13281
65292
20470
72779
55343
71639
30461
46126
40374
61248
94899
17542
18569
20367
23971
63624
29061
30979
5783
57496
72222
32864
53721
26297
27633
21751
9377
39302
83027
641
1762
34202
41250
2300
62030
87490
25780
2993
4120
87093
89903
89969
42006
23026
57928
73487
752
11534
94012
58162
83139
44634
37397
26628
50791
58407
17851
18613
80990
33758
63613
67976
27384
28714
28900
63396
83304
97643
98176
35223
5448
40787
55634
93834
92188
61937
39618
62869
35792
73788
28737
3219
49344
29790
80496
81313
71443
52201
46266
85338
86595
91615
99989
72726
5391
28794
56880
36879
95484
24734
51778
15807
99590
70268
56405
42724
23244
83665
21136
4948
66305
68934
24256
54095
18667
90655
96807
32613
62748
57609
36365
39762
60648
28619
21760
33869
98066
91827
14238
71424
52367
73434
65098
34383
71733
47916
91894
14060
57771
52012
60581
12674
25799
90033
70451
4815
6823
9738
7711
6930
29041
46291
52633
53000
14193
90927
6552
93626
25504
21589
63112
54191
89208
7140
30148
76079
19280
76350
43020
18765
26592
402
13437
97309
45713
7054
96721
81434
90656
8574
81114
43166
8079
8847
43098
56935
79456
85372
33487
60343
12296
56952
88611
24692
70828
13271
90508
17119
82419
38241
32244
25771
42482
98246
99663
20054
80994
812
67288
30277
74878
11004
15071
46403
24163
19887
84055
81939
4651
42637
39497
29795
20296
32087
29022
1291
60231
69270
94417
44155
35807
12685
58335
55805
43704
27163
78877
89314
62122
38057
76926
53572
24676
74734
17005
5129
99116
5937
33585
31223
24131
79509
10351
81892
84561
55327
48594
2913
66174
74579
4900
92335
80373
29281
61745
12216
51648
36575
89415
82605
397
48641
67522
66786
82808
46545
65582
54100
89456
41124
51924
59592
1420
30819
47758
24898
45962
8634
12598
7660
55335
20820
87900
70479
18902
54318
79129
62345
67175
76730
59809
56704
54514
38385
11880
44101
2389
9620
20194
44737
23946
80046
29705
55985
3258
2555
53771
52347
79406
17689
52598
95033
91477
32078
80959
71180
59195
29783
46919
20258
63428
48111
10815
61097
52398
30179
14523
67039
61180
87120
14785
70899
5747
14426
98583
31421
10125
5604
97812
19744
90736
67093
98288
33679
11809
20316
28749
14473
37089
67159
37084
99649
24813
23035
79899
51101
35844
2832
56363
31178
54997
17843
62083
89228
59627
68540
34757
62544
42270
78724
57133
75275
65609
56379
28197
89182
52141
91330
36449
47254
95207
96260
67799
33715
38792
53840
18752
10175
28506
19242
36397
74343
2190
21768
65859
36161
40193
38975
91632
94940
57782
27261
4092
80222
37699
57059
332
8777
67669
90890
72152
24782
28363
10629
51620
98203
47621
92734
96413
14568
44543
70454
24272
40999
85337
85740
36799
47166
56377
56941
77732
55532
76162
4460
7555
78520
42331
22946
74869
75105
86791
69609
95275
69118
36316
97270
86126
26237
44483
96155
14381
82750
67490
13212
92082
62630
98228
83185
45437
48132
98353
16459
57873
62717
71243
9131
31011
90413
84574
36903
1534
13994
7717
60980
69153
11942
42117
43945
17065
57338
20941
42472
9585
51073
40156
80575
37340
43841
67053
92914
60759
50448
75848
52747
25568
10950
35896
29751
78427
38309
58047
62736
77679
31628
96454
35365
7875
2620
31242
9135
98326
77092
95810
14710
22038
96063
69975
59627
69118
92092
31763
95935
51330
30770
62239
4256
66492
81663
61076
34495
45662
91915
40773
2891
1129
55196
129
47072
82203
19241
32988
47853
21537
68896
86797
84428
72776
88267
39347
81045
48793
22609
38975
36313
98975
57846
28896
58082
53560
55519
34748
81241
54657
23004
85166
77256
32628
53701
15575
1056
73467
101
48073
11296
55484
61510
79624
12554
67467
3412
35464
80194
20177
97157
61779
20964
10438
18242
51019
19624
89578
55681
41292
11097
6539
65545
73749
45504
16763
48852
98418
86484
77017
38008
44718
58528
2327
53177
62014
52138
98646
76292
62987
2236
81400
14225
79048
98993
6956
93618
82033
78288
26830
6780
40723
43011
23243
57130
22140
28304
27283
76557
5264
68753
29439
25093
95552
48364
78405
13386
9715
18288
90716
50195
25077
28523
93408
44191
36147
83774
86242
59883
19191
81221
29431
27823
14754
74796
1865
86230
22169
57712
5630
39341
93426
38252
82788
83894
84955
79476
57077
49420
86110
3054
69966
46778
79640
7660
17012
16384
68728
8741
73281
52300
34774
76878
78703
39929
61370
34766
47879
88008
88663
30472
22882
99594
59375
62541
91835
86125
91296
63879
90005
99391
63632
56108
10725
73857
23820
96382
23756
45800
83761
77198
21059
9629
48917
59700
97208
97938
5871
5929
43223
12728
88510
99005
55155
4403
16796
45682
20715
24516
13548
50918
97104
76838
91477
65346
62247
74095
83155
73740
96183
72809
62824
11165
69229
68270
59167
70128
5343
64988
249
19813
36863
60339
68925
76227
65981
39842
81254
13231
52827
77103
81142
44768
8373
83623
95100
51087
61748
25402
78844
2192
79606
7320
5155
49458
16316
42969
61970
86268
20319
21074
33695
68647
9933
70296
52233
12450
57712
59329
94098
36832
74786
60700
86614
57639
64993
13981
30942
68702
64093
58864
1010
24977
52730
8735
45558
6472
83705
70571
30518
99420
13634
49885
50161
3010
63901
12043
51140
86134
62415
2552
87532
90945
87582
88449
7723
21339
43442
70555
1949
71519
15884
10808
97127
96939
65468
99805
54256
64599
68136
40710
25359
15524
53477
75871
2504
17138
61184
16028
33266
1137
6267
69928
22627
33204
76423
21824
45904
2618
50736
4572
39297
12199
47266
64990
69286
85388
9016
14478
24764
59694
55759
79711
33151
9336
55413
67509
60862
68310
86117
4540
93714
3249
13053
71275
32637
63454
92104
44892
68594
26738
20788
43052
98621
18122
32954
41668
3966
69735
49051
61172
54674
3925
7945
75731
20179
71627
93117
97479
20650
35984
60891
13626
96459
71407
88993
90174
31285
12823
71997
72183
19525
12754
39311
95613
2667
62438
17205
54331
73090
6886
90038
56909
75005
84781
50656
89131
30111
1394
78862
33088
89373
53722
19479
58410
76655
26484
97046
99185
93937
58482
23305
10217
90753
69338
22711
99506
55229
67094
74485
14575
55901
11538
65434
55324
5394
55202
7289
57548
27151
43336
53199
30335
55296
74131
37043
38704
70909
62676
25001
27625
87818
31676
93953
47124
266
10286
84766
39572
93530
18998
40714
50120
26968
99107
58064
12299
37257
8976
20133
14037
56390
4411
35923
87337
40511
41716
13300
38823
83734
40730
42470
39880
99914
90850
69718
55757
26038
56052
16695
3294
72184
40189
5563
40635
76760
73449
11019
97958
29023
91804
24856
83397
45441
34900
9564
88122
58776
7609
72806
20111
90836
6968
27563
78744
37655
11301
91194
32726
6429
42471
62930
18362
81943
85891
57458
95207
54536
18611
38465
59035
98258
5884
70839
16915
28204
62349
58931
97718
61701
5627
32806
39828
51473
1847
52627
89159
64250
99409
46365
98954
81307
5866
93733
90990
21470
14925
72471
87337
8847
80007
66411
36843
40298
35040
93935
47230
98839
3716
32594
88229
19086
21293
84936
77431
27893
40446
7173
31825
89049
73402
4003
65719
13194
62900
9500
49671
13247
4683
47849
11635
97424
52148
40985
879
12058
32815
99762
10143
55587
75741
32868
95236
43658
70023
78860
24886
97958
22812
6806
55522
98133
92458
47712
90698
66750
78124
68276
23086
19846
10058
99206
62657
73709
73314
26682
78766
32587
56604
22246
43780
11383
65658
65151
90369
87297
35773
26465
56959
59773
70349
81796
40575
14362
18450
80453
28854
32192
36428
12458
30293
4438
10159
85852
37542
99007
88683
68570
39450
43941
10577
12167
13502
16010
2355
50995
5518
49053
28234
10878
34825
17649
63233
78872
27094
38996
53806
24297
92066
78563
86877
24728
56459
88927
68436
34130
12085
97442
92009
63615
14446
2006
14340
95158
72089
77760
61418
87372
26491
95834
22391
59617
18605
72403
59771
30763
46541
58052
17937
35139
5792
52987
93915
80717
18685
99973
18400
43352
87572
66045
59151
47574
83306
11562
35511
47340
17226
60683
69470
66384
96956
58217
8322
95815
3310
64617
8071
63672
25938
39484
73928
23983
15790
67420
28304
59251
90924
17315
62324
83710
75390
34654
32539
8376
74112
89739
97082
10442
97481
89332
88147
3146
96247
35530
55381
43801
91995
12845
8276
71723
21872
11992
1133
75585
78830
2207
95259
14600
24892
15075
12061
99327
66864
43310
43046
89810
21006
81938
35126
94342
49009
76290
22864
98660
29634
71941
98573
84136
32984
97695
2704
58011
25199
74512
87724
20119
70841
90633
4032
99364
64421
75718
36376
30423
96235
50903
28879
44670
18293
74822
80094
89836
93073
9513
89915
42942
87601
52866
68527
26169
64203
66748
58948
36251
29374
43586
50235
21957
56308
36047
54679
89664
63189
66525
70784
82805
81915
42117
61412
4965
513
86875
19040
851
87016
43174
39421
77426
56268
25149
18470
9409
64628
79172
40994
68569
98347
36046
91655
15538
19769
24439
93653
16063
32555
50704
78411
69219
80073
75173
22043
36347
40857
56796
58223
64364
16114
35254
72476
99881
34727
15291
81955
70837
53525
53442
39001
32270
20413
83003
96547
78175
83592
18716
69907
71157
16254
38365
72350
85499
95436
60386
29087
60617
7567
98797
53149
16036
58935
71529
85967
28323
13720
19806
69826
77020
55920
28460
16085
25574
7085
11883
42443
10785
79278
35782
89127
95708
33859
41737
46604
95200
75040
30437
66193
92782
76354
45960
50015
81398
46691
80145
82461
52068
10005
88879
90918
24347
52813
42337
20994
72820
48749
19163
93975
3841
10225
77095
16723
95723
40572
61881
10893
537
43500
34916
27296
82745
15044
21861
68988
65281
53558
28845
33273
88475
76448
32051
23861
33306
19059
37116
93563
64497
70409
47098
33353
38870
37123
63513
79750
47924
86469
98763
19981
2775
47889
38161
21921
62331
56758
38600
48926
89662
58920
57710
28942
7077
38884
79405
22618
76213
52210
89236
2323
68250
78408
73620
68618
85970
43676
44665
21692
63441
57609
95934
90341
63360
6744
16318
98101
69493
44142
14604
12891
65314
58704
64990
58544
43654
89518
38469
17894
32976
82935
95723
33764
80161
76752
18937
48316
72436
10066
35180
12558
56925
84979
49152
27740
31739
74132
56186
79754
10442
68424
74416
80729
47473
58530
75121
41398
66051
91805
14101
85764
714
74514
78587
54517
18796
54220
35967
52198
2222
27215
37525
60802
22456
50745
41435
98337
14515
80243
60881
7803
86000
88765
49663
56549
46322
93902
72740
63478
91369
46577
87511
42238
37137
17810
22380
8049
8199
62722
52201
38996
45812
91960
66218
35646
58620
57636
71355
35295
28610
22668
84706
75269
53027
25269
10399
70263
23589
13407
43
19116
37017
58047
61589
94024
42337
30886
43459
69028
4759
99175
66195
12961
72636
88901
14220
98261
53376
40431
62262
12433
78586
51470
40728
63112
86782
6677
49347
41707
401
78127
83725
27404
51069
78326
30349
10669
36848
62349
59579
22871
93804
61139
5829
9970
26532
17423
98908
72658
40718
38171
81826
43684
88333
78709
49973
93046
92895
93128
90451
93290
25177
29810
26728
49679
73099
1665
69574
38280
81376
89887
4111
58080
30901
43221
88777
91545
25899
99184
3456
47850
5995
50077
24506
57981
57086
2380
18251
94362
65688
20384
75816
13835
53203
29914
89399
28583
5319
72372
3263
97290
73365
20400
51813
98452
29087
72676
33552
86640
60489
88952
61730
12856
43607
31284
17054
62648
80059
83484
31679
92893
77031
13506
25064
59695
14202
47356
20381
15502
84275
36180
89007
88500
33176
97734
61404
97419
37124
37017
34334
62062
89287
76223
47204
28421
99193
69136
19227
62929
9657
26616
71487
70618
51809
42875
43495
76164
77661
6736
45745
39973
52286
90701
86229
3725
75167
39870
19565
68938
30122
31164
24697
67254
82983
36563
64662
95185
10783
21173
45893
87952
41751
55899
23964
7547
66036
16312
61518
59354
16880
59929
24383
94671
45100
32884
55262
31889
32265
76826
36730
14502
3120
36634
66821
99196
63922
33228
28536
91948
22257
47818
69280
12711
63783
37941
69610
35949
63219
48477
49109
86282
41177
17889
35124
48021
55940
27938
63618
82982
18843
72325
86787
69333
15955
96978
41755
69680
58189
29132
37511
26408
1802
33235
44966
46803
7752
43650
89941
80388
3291
48919
18329
88719
65203
11235
69401
32601
50438
69864
86627
2905
19968
91537
85115
48055
14674
66803
1538
50564
14821
56417
87735
81777
94033
86094
94623
11276
44831
24997
10119
57383
4053
58420
6895
74084
68730
32214
22357
72239
37247
7590
74938
10676
31873
13831
23326
29673
75364
49943
78854
97451
74679
32945
24704
17547
22371
53277
45225
25920
15650
1226
78177
93651
42062
80102
57622
80259
25819
81398
34162
99377
38074
54359
97093
80966
19839
53321
75102
67837
16692
20381
88822
74110
62328
45800
75355
75333
57809
7454
60044
86258
72879
75962
99467
33381
63942
69328
86429
70023
8719
76228
94243
51937
78289
45543
11609
5079
18024
58524
75995
12792
43483
92745
16369
65275
30844
95775
69148
12282
99769
53947
56566
82768
19765
17999
21959
47525
15824
91169
85471
43456
92284
77041
21018
92411
8135
21308
40279
16560
47284
85476
7496
48714
78563
38547
41860
98529
89962
11538
93198
23380
24202
63027
89710
82608
48001
33130
68557
30753
27446
56861
27351
71073
77769
76725
3021
3778
40307
93260
13295
39660
20393
6529
2198
71721
86263
40970
35071
9476
44309
63603
44750
33717
51000
4492
97462
15349
916
29385
34155
6440
45110
66405
71536
25919
6656
3932
3649
84344
82090
1000
70678
48551
98819
73232
18674
93379
49030
69593
15933
27457
35557
8654
79257
67499
61724
68052
12537
11954
17473
2521
57354
6875
54471
65084
59265
53391
74207
44226
26068
38243
19101
83906
94913
85484
90842
98157
37738
8989
98940
14998
43413
90425
44755
87159
73974
81215
74127
30427
66625
90410
60420
16416
2658
40948
33296
38117
50903
49644
39402
37119
67437
95431
2287
46262
37241
12502
65365
18656
22952
1406
79877
47723
17501
49630
55587
13294
72996
66785
89892
76510
20203
77063
99365
78000
51611
53989
77541
33362
81746
34048
28810
84698
39813
82057
43868
40591
79523
64966
20966
2932
50227
90562
39550
82518
35855
828
63416
67075
42090
48246
51435
97631
98265
54067
92062
41849
29597
91139
6584
25982
32965
20613
6732
4278
48409
12509
94512
77898
53932
29624
68573
61660
16590
3108
35066
7218
10251
60232
99410
94214
98513
49270
53460
95478
80708
66790
57330
79740
51329
79222
85000
20132
61286
51057
28784
72871
69441
92998
67437
19926
75880
3752
89633
77798
91918
95177
78215
55319
53937
93130
53890
54588
1552
9280
51903
49030
5840
9669
13741
38694
94286
70160
20051
37047
92200
42401
16596
85717
547
99396
23588
86160
84297
8971
94413
17432
7242
5108
83185
14013
96610
65689
32710
29787
45893
46288
76065
53159
43529
86682
79056
51478
71737
83695
8011
19744
11016
6424
17884
8462
88780
90469
62329
54863
59002
9821
97305
45078
52632
97009
2099
54464
24219
54813
99950
24587
93144
24452
26078
79008
28869
92899
28450
38880
93015
35578
46767
80726
50414
15615
94128
65176
54492
70384
98343
98694
44457
13649
39323
12688
36562
12369
76143
17084
49492
78534
68058
63742
9738
73097
82758
5429
79105
3005
65492
61207
98207
24785
56739
79638
53079
46388
98747
80019
81758
35790
17479
31827
31140
72020
76000
76246
85753
49589
48287
14633
84326
36529
3803
14971
32722
4117
69442
37209
73638
97018
2134
51785
30032
94290
46759
10785
14022
13019
13625
6580
67881
84780
21602
84123
93613
24968
15612
13613
58193
78369
20735
64312
23440
35824
84767
46621
16789
94170
76454
27421
72446
60199
26315
89704
91659
18502
30733
70424
65333
935
73804
43400
84091
51041
51234
47761
43708
497
4713
84014
4241
63428
56001
43051
91243
66274
45035
43855
49964
40692
8329
4821
67058
1624
14283
26030
7924
22186
42439
44183
18497
25498
3563
29001
32490
28772
70451
86772
22347
71327
50519
12868
69176
5245
25215
10175
53226
14356
54231
12500
3248
6210
58111
1719
60463
68810
9445
96496
49264
53987
3532
12608
6950
63049
64354
99274
75429
62852
85221
4189
36600
44473
49024
32426
33673
81468
48544
28168
70774
88274
12269
17150
67367
62768
87843
90652
97701
56707
88383
88028
76789
64590
30619
74425
24135
68273
86080
77041
51087
12286
90521
15537
28766
40821
48480
68456
29616
37762
81233
4229
1761
97533
67238
61179
33474
1738
69334
36898
34269
95205
82699
33252
56795
47345
31368
57349
58302
31
730
22280
4030
90792
11979
17649
4677
73693
13269
11692
99319
11701
61357
90966
97409
573
15340
4814
45247
81322
79081
34048
91182
64635
90748
92989
31561
38835
19438
24745
30520
69772
20777
41062
87098
50627
22723
72556
39394
72538
88891
78701
50315
37320
78530
25855
59679
57790
6319
39500
79692
4755
83824
56297
97161
29076
54634
53585
9259
39224
3362
9398
47016
29845
22525
44418
47031
50786
94096
81824
5940
74834
99739
64195
81054
69220
41881
79475
9528
58522
62864
21017
68260
76219
1896
36702
97599
55281
29372
68688
16247
74660
94084
45989
42124
45444
48612
28779
97445
96598
95252
9397
93817
30871
81631
99317
49001
69977
78587
98526
66191
61374
10235
62590
64499
17828
97135
98570
94532
39423
55640
23415
1902
18919
34146
86233
35627
82336
62306
18551
68958
78552
97922
4849
35377
19025
43976
97924
58248
95487
35051
1667
11317
31543
67782
70767
20410
93514
36286
82324
45434
27928
66591
96932
36327
68333
40355
54405
62543
65382
34347
86715
72438
93826
84434
56345
15255
66235
64583
23355
50099
25455
681
93070
42966
15832
25357
5511
71037
6873
78124
94464
18347
69767
15400
84135
25921
6190
53077
15330
57337
96374
85524
38562
44234
5621
58572
6929
70464
78070
5428
15755
16476
55656
2835
52905
4434
16628
11971
42287
13579
296
78136
42930
84460
38230
79107
28984
69635
1370
70525
60830
15264
55912
68013
61851
85797
89121
18088
10799
22533
47659
29566
81654
17308
17803
30827
79318
66425
6623
98183
23170
78933
6442
54626
56044
62085
43987
54177
48776
6759
96492
72616
89190
54460
13776
59454
60587
49193
59980
89756
96568
65478
14454
8192
46119
83301
61758
81426
71571
92679
47455
70553
55430
41412
13783
20044
67029
52272
24781
6752
97003
72842
46796
48479
19557
92124
18712
32640
51493
4705
69886
34903
40527
77828
66673
90748
7497
93062
69329
2778
16069
33343
4137
11039
3136
96746
35158
66126
14460
48271
35614
39329
74777
86194
22142
94081
54340
55782
47971
89504
3765
85101
67345
7548
98688
96536
5679
61128
37881
35398
61648
160
85125
35822
83249
247
17146
85248
33470
12185
61405
34924
28631
49051
41584
88874
47909
8925
89670
92418
69371
92628
87080
87825
752
67798
21012
54450
10121
63204
84373
97946
23228
97823
19254
80510
71137
6087
43019
48619
51184
35087
84772
49618
33029
1564
68483
42177
46274
60576
5774
43015
67559
49037
59901
68402
19214
75783
85888
15722
2911
40540
68147
29437
41
81176
26028
11093
67712
34738
91487
31331
9363
99976
7611
89725
96693
85253
93259
7835
21090
24909
64516
8005
50058
27144
44625
51972
32412
47751
89930
8639
18579
95175
61256
13401
99236
13091
99182
86511
81583
53595
56441
12921
18871
12166
27677
21996
97108
76871
3978
470
36850
30121
55073
97645
38661
10056
6733
52088
74822
40095
39226
89486
83566
44787
80753
25842
22153
76098
17
22426
39233
60716
92286
79814
75898
97525
10132
51086
96489
80738
92435
87516
2123
67377
47562
1271
34570
38055
69375
43401
98708
53355
87852
7890
87393
42103
1495
6977
90188
36523
80531
36276
44902
40150
11827
61959
38515
30631
14447
28710
8918
51194
19896
43657
91420
52104
35286
88400
76338
81692
62767
47015
61199
80190
93771
67711
34452
31189
25983
68373
32421
55869
24830
5616
8080
31114
81741
18800
47665
2738
60271
93806
47984
98456
69511
556
47779
90495
49402
39312
26718
80833
50525
94719
61023
39795
4748
57237
92200
86432
85015
51680
94039
53170
34669
23489
59012
78127
44320
53957
30553
33747
49317
2536
33295
49949
75501
34672
63823
20985
37652
12878
17151
62746
77772
99152
12573
9367
36665
45967
4880
66781
43997
50614
87155
86149
16676
78456
17493
21318
41641
54142
99906
21834
95305
41290
67716
62039
72873
52524
36649
88031
9582
53830
8216
86827
39663
5849
88593
64465
92739
95827
29591
89652
74059
28635
25751
90987
98844
71241
18946
52467
22348
56295
79477
44034
90702
72032
33778
24548
43587
81572
63681
41691
78377
74322
42455
74184
91714
8985
12725
84012
31395
92068
40929
9343
80400
75906
98048
13581
26283
32891
24255
85292
90109
37753
29606
60541
30899
1242
18546
18890
13717
92681
82349
32922
84049
57759
21046
98042
60484
38822
50223
35429
53138
44533
75504
42012
61632
35043
50768
37589
71812
76263
17209
7728
5788
47822
51612
68226
51304
78311
66879
82700
4841
6520
87472
48322
87470
31392
20284
13390
58527
36480
30935
5221
62621
9146
9150
69789
96433
19769
8678
3012
17872
25304
22058
56970
32556
96200
19992
29029
1539
21627
76279
42864
42649
81171
67845
29324
57529
12850
20417
45374
72579
48410
24711
71184
94069
74480
13618
3707
79200
81559
62928
10463
42731
75757
15645
91574
72842
83124
52312
88487
91886
33752
49506
62804
38952
10820
50494
80481
71883
11827
35914
3300
36241
5053
87573
86265
52637
26462
96779
38127
33852
30107
67375
82355
19163
19039
3155
54721
38361
37193
53493
99337
16766
51355
61417
73954
82721
49565
45924
24683
95315
70469
1645
12218
10539
81671
77494
39585
85028
7256
38861
56152
81965
63245
88045
32862
87307
47170
13700
33685
4951
80016
68139
90411
18397
82551
34984
96734
22516
80593
43360
63937
28084
83073
87130
89419
302
967
94022
62303
55180
62241
45252
63691
94494
2833
39186
73066
3750
19849
93333
66047
49380
32705
87675
3106
36458
67981
20660
87297
77282
84797
62492
75233
83873
49578
12607
33562
11982
18022
37137
66082
89524
99339
51596
41064
72108
12308
68831
2619
38493
34744
95079
69871
98539
45667
13035
44336
65067
81727
55233
41453
21035
17490
61083
45789
42577
566
56335
43932
59229
33387
1746
6266
16937
64704
78064
82856
99527
86868
27017
21623
99232
53401
51729
62717
82365
27274
57817
8145
10755
14100
3027
41385
75877
29061
91373
96722
82337
45105
56793
68529
2132
93075
88361
23435
49233
17051
14421
49689
23720
37
86344
71104
25980
93690
53580
12150
73716
50030
81044
25688
72696
79621
759
895
54402
66303
82758
12053
98611
99915
55166
75298
13135
38487
86098
20321
3592
81355
86119
35643
85825
24907
16970
23707
35715
5295
33828
17607
2082
61322
85391
21508
85899
27298
25736
60933
49170
36378
12468
24644
49002
65759
23957
13814
4797
90041
28658
29039
77232
7133
70108
1530
4775
48085
40278
15477
14966
11222
4737
63484
75364
84334
8510
15464
59386
18823
28518
57748
90265
65374
28583
65037
66214
88536
74946
47211
55857
96091
71751
71369
20869
87505
12124
14752
74877
66290
42563
39916
79786
93397
31790
63506
38207
65288
95504
50182
76042
39052
25803
25637
14462
54755
22417
57880
66548
9914
82231
38220
97555
79021
16290
14846
52812
55394
88479
99811
29401
80635
30170
52631
56150
40846
97643
24228
72575
32372
92902
76921
17792
51751
86052
24455
10307
13810
17953
34346
15226
7214
35979
61651
26819
89269
80525
46367
81883
39333
3728
71817
41221
90339
1052
96716
6510
55857
66328
32909
60963
16449
73273
35883
1665
3734
31809
76425
33262
88351
36150
8942
82965
46153
5520
24919
55132
71447
72468
91274
15754
48988
82934
43724
43896
16716
18546
77320
24540
29608
81658
95875
97440
58120
99999
99148
12948
47861
18660
60731
91538
96312
5783
99120
91648
14847
94027
87288
85806
87012
852
1051
17856
78286
83984
16122
1923
97141
289
17156
50827
58810
55416
77664
17488
79364
137
38881
16941
82363
16807
81359
53039
68339
71479
97374
58780
85385
78741
41363
35659
17110
55874
89634
31370
63651
76448
13298
34409
65691
43405
74533
59522
43312
10116
43131
94891
64223
95509
4761
94079
13242
89567
50393
46728
5524
76699
29299
42977
60201
83458
19386
21460
50070
55444
46569
66706
68473
75927
85747
47200
34251
26974
8159
51741
49535
67267
2518
60074
69654
17255
24057
2978
77398
49787
70140
51518
59503
25465
34289
39837
43420
98606
70649
65376
84326
85332
61256
85709
69568
84588
48961
53594
27774
23968
88492
30917
61989
1152
40049
84197
79397
60168
94181
59432
5839
91330
78295
37337
92965
31407
21535
78733
28033
47627
95931
6539
52843
85765
77177
8756
60218
69342
87832
27604
13366
33159
96812
32336
43085
36952
47166
19103
83642
50153
91681
97625
99511
16855
35822
20452
77701
52867
85973
803
31446
2471
48016
8789
57976
70406
26908
4666
74008
11991
76050
82580
64802
52213
86611
58747
73430
24241
19589
64514
89148
17662
75695
72694
44893
88148
20860
22327
43368
84937
62505
27875
43283
28378
94182
56852
96637
99067
87560
60851
35213
2647
23703
88119
5879
49720
19245
21017
93793
57617
63772
17052
85111
68833
43662
77968
24509
86356
48284
80360
43925
33922
94542
11230
9850
52909
160
92284
18894
48499
64382
89184
17229
84313
12754
51629
8349
8147
62099
30967
52529
55462
91486
93292
20734
77558
41261
68593
51304
78805
22404
27745
14593
38901
1982
71582
22080
48842
59487
46444
56203
58954
16786
20561
74087
15082
94598
99193
88488
16162
32717
21341
5892
86245
65579
88295
21419
9630
22097
74398
54321
51428
89459
87604
13352
74615
67262
43380
62886
61442
57528
98990
1598
33097
85688
64612
3521
6444
57075
33790
73578
15247
79540
76241
57667
75499
57941
27477
11960
7571
41928
26131
57830
90619
87600
63268
37901
83345
43565
63807
6919
1809
35758
1583
25095
51131
28464
96338
43360
32468
74288
80482
59030
12869
80131
23242
65511
62746
30949
17287
59249
3497
54360
4511
3357
48943
32089
57461
1502
53573
57555
43472
31341
43264
32598
98268
98075
9574
52462
13865
97068
27412
63336
50548
75316
36557
61813
59233
88885
56462
59590
54604
50759
57425
1803
45581
40821
43013
49433
40920
61280
26681
96510
76479
4722
83929
76830
52617
83394
99388
91421
26598
60180
75405
99386
7719
13613
51684
5280
54800
40860
66086
87095
3219
89193
48854
11977
56726
1229
33980
41651
2148
78503
94020
42125
90206
66735
2403
66777
30523
18694
12237
72691
30590
99724
76370
52548
51547
9217
6262
11537
76745
75588
13416
364
14105
26577
97040
59290
8316
615
72049
97726
47661
17545
94788
66371
13411
23078
57880
16638
90538
53544
30742
15862
86265
27875
18687
71108
78421
24152
14129
73526
82588
15972
24010
12368
99240
54074
20910
22873
64595
43397
25036
85195
17628
73600
81172
40188
74624
22988
84402
14126
92726
56323
19726
14957
31065
38524
47014
65076
93968
81886
59051
1951
51882
13163
19303
86479
91863
98048
71062
77799
72105
19236
67685
30988
52056
90767
21247
18676
44614
73323
84717
9256
21945
67271
90874
31564
26761
29838
49743
89456
99361
60949
2111
18416
24563
40427
94558
50064
12233
75409
21688
41785
60757
99705
51930
62401
67782
2223
49259
67867
49172
20452
53543
29573
61856
67288
70265
48399
70391
54225
25877
75459
33270
81923
21134
87892
90744
34928
69410
72112
8096
93618
88012
74652
35770
52067
59000
45305
49858
79419
13910
21811
90254
30846
60770
35941
21007
25643
56558
56619
19771
93578
82572
82452
97194
4691
86173
14405
87277
7431
48779
46550
15817
26529
69019
43408
64494
56679
55877
51020
76350
65131
29637
54867
2735
58832
41454
51279
57364
59145
90522
48882
83178
17024
3141
18950
79392
14600
33379
43
86212
37758
72978
57508
50138
21837
83418
51985
66447
94494
50164
53086
71632
42671
62155
13325
29412
77818
79818
91265
98483
36714
41364
38543
63427
3268
82441
4467
24505
30538
77867
5067
95391
30931
95632
11980
42055
71613
22920
68116
3522
66332
5581
22794
46307
1257
79806
62409
67306
24248
77951
9415
32372
64159
90095
26121
41411
45701
60068
47738
42788
80668
91144
44858
18529
40178
87396
15145
79105
29957
96513
32561
24884
52861
252
44072
54865
92675
22852
23017
30743
69298
11342
18997
19423
52462
65525
22968
84591
41662
75805
83910
27637
5940
95721
95278
75181
30477
22036
52847
56287
70432
91780
2053
84511
83257
7499
81553
9696
25577
95028
52876
62452
72347
78691
88696
88350
67246
73829
71200
88089
10519
52803
49636
32415
34271
59634
45238
62131
83012
9779
84702
34358
90595
13837
76070
13210
38695
83017
35419
44194
28438
20767
52852
43740
34194
83325
78472
15556
58540
3185
94641
95966
70568
51105
1396
48724
62301
15726
35638
73130
11496
2244
81814
33011
28541
54691
8177
36494
14376
80387
31154
95881
91634
47314
26641
97867
57697
79972
42255
84847
59147
74465
30101
50601
9474
58222
56002
74460
71173
15383
97305
82894
7801
43466
61617
83422
21156
43830
80401
11713
65299
93559
61501
39130
82854
94085
73106
47392
22224
66501
59603
22110
11329
39789
6632
55488
1556
45574
48898
83871
10153
55440
65235
67851
83331
93974
82020
60109
17900
25575
55507
96737
2403
63647
35078
62641
23406
69228
36834
83866
4592
3628
15400
45017
82792
79659
16473
90651
48041
55861
49062
79383
36867
29529
52985
31795
36797
77097
1077
82473
79626
98735
41104
296
84258
84424
24582
80137
30350
74377
19121
12219
51151
41334
69486
92293
29312
42221
32744
55778
24548
64161
69011
8620
16819
8383
68872
8325
29406
25505
94857
96676
66625
21866
87403
9833
62090
95526
46213
1807
19824
87628
29432
53125
15467
87246
30511
41218
77519
26189
53508
12552
28058
35817
11296
87305
77060
3017
72750
84196
71966
85194
76596
30917
59783
27351
37749
90420
94602
17420
69142
87792
36815
55864
33184
97609
55249
97780
13449
96856
15231
75738
63776
67581
94031
63730
38145
87977
78808
30714
5648
76798
50683
4910
32028
6245
72658
21368
6417
29109
95899
22156
17374
75082
24834
25126
64561
96929
87286
85921
48024
88749
91826
47330
29829
57686
65511
2682
51808
6160
92676
9008
23495
88980
59262
12240
98744
86172
35151
15452
45593
32879
1581
12683
6577
32420
43336
14643
26507
18284
10558
74073
23440
4755
24756
84379
32643
39357
47009
2149
47921
4806
4920
88476
91479
21299
11596
41309
13371
21601
92268
99607
65437
46293
96698
74792
94629
90911
72280
59651
52749
14243
24594
51618
33205
59240
91856
29505
76153
25404
31601
61748
89304
59921
77447
36204
45194
96379
73495
15881
20005
10193
37232
20753
33585
6264
41614
80375
43749
88198
24440
33534
30097
12114
1700
53758
94534
14011
26873
40803
99642
67770
38147
28988
2354
35213
83864
94578
29572
75173
86878
35272
34656
44052
12893
5594
86955
57754
38209
22201
81623
1050
29342
99517
72703
62744
90455
14850
54977
98213
72352
24676
98544
50176
33579
17927
27493
61553
66837
95996
84511
14878
71907
46184
56813
19786
63431
6759
76922
31649
16412
23850
44207
54589
58218
46402
35023
74322
97332
82236
29221
63695
9055
77295
87643
37620
64263
65345
34629
23568
40703
21103
77418
69013
33028
94843
74069
90475
86563
68707
43771
60245
79185
49163
26864
94738
2903
61018
68114
94728
84513
94629
64437
93224
68361
5560
47475
29766
97021
50098
83872
54169
83926
64416
57320
61378
36192
66884
17945
5662
47102
4629
72875
58961
78700
92338
88679
29907
70162
42883
81820
65895
11121
16655
61708
61754
18554
4675
27211
76476
20158
41775
28117
54504
76854
71651
93083
92545
69259
80049
62907
15428
57389
86086
50376
96315
75232
88524
35896
30385
27566
50033
28130
60466
74636
50902
24014
78524
40274
27265
53714
75879
49132
8896
42691
82717
23595
22707
36666
87126
23340
41420
54435
76446
10399
59708
90778
66980
41264
51923
79993
54729
91922
57970
71187
51139
45762
18835
60159
61088
60415
91211
1774
57055
88951
95187
61772
80826
72290
60166
99677
4816
26712
32616
90748
36994
78105
75783
23780
37690
39804
97073
56728
39696
47080
14397
21367
54776
61834
40094
72393
66690
18251
26768
44060
66929
43133
27531
23386
22561
3701
11094
74043
3679
96223
13184
35600
90019
56429
40699
67044
75447
41844
74920
39122
73939
50114
71661
81124
3557
67118
42461
34167
54541
43722
49385
66302
18036
538
1945
62541
3053
84039
59476
20876
12642
92677
17577
24528
31143
19445
97198
87864
69892
18062
9679
52676
368
4572
64286
78907
79115
13824
52540
85947
36077
72910
74417
4011
1258
38657
97178
41691
73066
31070
67730
4805
8954
21442
38322
44318
45204
35088
29747
32827
13344
69715
61005
15017
70536
73341
72890
52031
36509
64849
47896
40969
7930
22381
88746
30819
98410
82205
86364
90606
18894
49887
46388
70117
79183
8659
52477
69223
30961
73957
97673
73527
5344
66554
79578
25074
71310
1249
12144
60137
49704
45793
34387
80146
84583
42742
734
52960
57088
14210
98376
49142
87664
25245
84848
75054
47846
92189
5231
75507
18693
6223
10874
2290
54682
63563
90554
2128
1348
79863
35421
46331
8886
52772
3479
39616
10147
85896
79596
16974
50681
77233
6370
36468
87841
95696
84420
30615
33822
22088
16736
46833
17960
13325
45625
81885
66719
29423
97911
48877
44874
53104
6397
61377
53881
65858
87954
61700
61158
66062
50744
73621
32340
21670
51352
53554
92962
28994
93276
44740
77135
88765
49944
62339
26370
35686
92151
35301
283
89410
55999
45271
15145
90261
37711
65727
88431
94060
72372
17433
79740
61955
98294
65323
15832
76076
98444
51069
45922
32765
33031
80689
88005
62983
34801
39174
37369
80681
37306
49059
48471
93741
97095
62995
1551
1839
17677
28072
46363
45106
81436
95357
67673
97132
17768
68604
567
19911
6820
53716
46385
80737
46654
11441
79755
94234
73833
36166
49117
85030
36030
18827
58888
92230
17523
88570
26585
86979
23328
93327
43298
61545
80244
60988
32840
14442
62313
24469
86263
65347
54166
85979
49952
13530
76869
51615
94873
79121
91785
30688
38849
19306
57350
77104
91946
42495
8684
88001
50555
11754
40394
67220
33745
80883
63684
42957
94642
4710
30833
76427
67300
57918
35851
13817
27273
96351
24830
79085
42299
79638
51125
28677
63054
39177
66710
43362
33695
74552
68320
99457
71677
24255
5875
44516
65496
82726
58734
52677
27104
79450
9394
36132
56286
63006
46296
60454
5921
69889
82476
14795
22278
67357
52864
57745
81694
65541
21803
55075
58020
40410
54368
37513
97656
3724
23616
59674
22570
82474
65971
99240
10699
76644
95267
56779
89422
99629
91595
95435
1021
20792
44779
93000
30112
39757
78855
1889
928
50405
37200
67143
29771
36865
2935
97042
82825
71149
27232
69028
90056
11305
2166
90432
94696
13342
48404
47672
41050
27239
19007
98464
73300
11293
188
80234
47631
79647
98220
24411
16091
77889
99614
25355
738
71219
69875
36427
47180
91567
99765
57314
71417
83514
29814
55827
52007
25474
37449
50745
42067
23983
66949
12136
82089
95833
90700
36877
55684
14600
15203
4760
79949
10820
42211
12220
81408
5985
51275
91106
34573
71403
65292
31121
29640
7243
42524
50899
46434
2268
14098
16849
40700
65159
76167
71599
37365
12205
73217
16326
4322
92739
54954
94261
53305
81592
27227
81966
17632
17408
39215
99167
6213
46267
71731
20174
5658
20719
20543
96874
75682
42827
30427
88133
21961
65666
80564
6949
48186
89272
5728
3461
4550
34345
9096
57598
14708
71121
8289
44511
92166
11089
78931
48401
70067
53343
93183
23168
73013
36248
26859
91615
37440
99112
56599
9404
19225
70749
44382
41616
54237
38702
26742
80041
71034
39580
90122
40029
50918
46893
68377
63497
3339
45114
58741
78522
45486
88470
35153
82677
51177
68684
66608
50147
58402
43248
53054
18193
73477
43461
45952
53714
47520
16125
12899
92295
9254
97983
75160
83364
75677
25480
34136
61808
31168
77946
93930
75840
4344
92581
94847
75999
12157
41080
13770
62219
1589
32440
43270
32587
52911
9404
85163
26333
88356
40841
15985
52906
2173
68872
31804
8343
55596
73724
11937
2222
54995
3895
71372
61968
5618
42497
27045
2711
76560
71085
69069
28791
646
3201
63625
35463
83063
11563
62070
12513
56337
50831
19289
62360
65587
37871
49620
69647
21623
67688
82807
22180
25064
64654
86133
12172
93633
4832
32290
96291
24993
14102
75786
60918
4565
15385
48535
25485
48274
34779
7497
30355
19343
81497
92174
66178
74522
55727
64903
90989
1547
17028
23428
62866
93409
24140
56624
4120
60355
8784
79041
40207
63455
12966
44258
44520
93892
48426
21981
11787
18485
34859
85994
60582
55464
15459
33587
80030
92795
80361
66786
98730
42363
46578
88299
31433
39488
18632
64335
32539
38713
44825
28114
50854
30774
31511
86746
53145
93549
21630
70611
52408
40043
30473
39925
36944
24051
11802
94061
50318
62669
80404
2517
7464
27352
78909
68972
60852
70258
15772
82397
59163
62037
70746
76275
5329
28723
46860
89909
35573
19293
11261
92720
16966
94525
93054
88940
89231
93202
20749
96259
38515
48456
81692
3047
88939
31457
47095
56392
19803
49981
57131
87652
69892
47442
57039
32184
31025
29062
11640
66418
71188
17469
76350
4540
54488
9874
90572
46697
18430
98025
80546
45022
59305
66378
96762
33917
38855
85933
81556
22873
81474
61907
1725
90807
1726
53300
93916
35390
66825
50750
79317
84447
61293
66002
47905
68599
42339
79066
36110
82979
38881
22019
40311
43267
2706
60060
64728
29852
81599
99591
64027
60249
46755
95323
41507
17985
50948
51806
98764
1589
37749
64050
4559
86432
84652
88169
26035
30241
47998
25462
58301
85499
40265
7244
16418
13211
85632
78102
28850
65017
43325
10311
14872
47255
35544
31204
36681
50926
21753
35210
94924
93610
62627
85855
40337
27715
65056
98306
87176
16353
17028
95422
81243
39490
4478
70392
80809
19753
73132
78879
5771
48510
14520
68552
68128
83315
81169
95113
2339
91858
65572
81944
61785
1636
37447
38015
14745
86462
48001
88281
25958
71379
44509
10190
13883
24102
34691
74174
78890
17971
15115
49776
6300
29413
32261
5636
78181
41728
95596
94505
59522
28408
20213
21923
84617
57297
36660
73225
65402
57328
35807
77081
8477
66529
84774
31818
11892
42423
34438
9299
4646
34380
64673
16712
90172
38817
43739
63883
63164
11018
11793
61326
24804
39243
58573
98479
59226
80542
73828
83179
99369
50182
26595
95957
79875
36165
39258
15405
67929
30541
90954
70576
78482
28885
75830
36130
3283
79758
46035
78817
85583
63954
40156
56793
94457
73345
52812
37762
48295
88794
21505
32273
77513
11540
77245
85931
77188
72894
97714
26806
58691
87126
98660
20374
88004
59762
81241
46593
35549
34354
15753
13234
82327
20629
57119
62775
66477
33017
93997
50664
81042
28330
96348
58312
45349
35214
23656
26745
54471
70411
16599
13359
5204
99399
94306
47448
97742
32176
89015
83564
9854
69756
56505
99104
78153
39471
75493
77501
75032
7338
55168
40727
10967
26564
24098
68678
43900
11409
57616
61965
71856
12746
6397
47437
98170
93780
62458
29955
55222
30328
83378
79495
20452
81142
42197
47782
69463
23961
78653
70538
34727
34808
11078
90283
39557
64910
25592
7797
61949
41820
63120
15404
55095
24714
93946
43025
17399
53850
72106
75957
74900
71002
76998
39403
34890
46675
77699
79046
19731
30351
26962
428
4379
61650
61308
11387
10147
23299
63910
13365
49908
79650
74316
87185
43907
49697
37994
84634
98156
37749
61451
71871
48571
42493
41103
11512
65563
56457
90941
52223
34965
65487
93410
82112
54657
3799
58882
85724
70985
82620
36651
25225
67332
95276
6517
73369
59807
50592
33878
51403
38369
85032
99707
31739
89833
92136
84689
35882
68383
30926
37361
46170
5101
49468
39799
32984
77948
18576
75292
79160
23831
84944
10203
89863
90537
5269
68066
75872
43937
78316
4369
91875
30889
36799
10339
83477
9067
73969
48405
15714
54962
15103
85476
4610
87989
10254
60061
136
38444
11818
68134
79739
66352
31785
35364
53495
53739
90511
29097
40195
32814
52667
80434
82824
4081
63788
91845
22223
60830
57629
10486
89970
10210
44389
29072
63073
88117
32147
27733
7710
45059
29686
96701
67886
31025
76725
13370
50738
53481
6071
80355
44861
48642
394
1171
19901
85736
59033
62683
78852
98007
2724
52250
8078
89106
24396
96209
30401
68376
9500
15682
57410
42198
13316
88360
34929
3870
3102
2661
64187
16765
19204
32479
20438
44739
89012
93155
57535
24418
72528
41394
21467
69225
90291
8564
34726
97033
57588
76085
31660
87964
61308
94150
89944
91095
52046
84634
74587
10635
47684
10095
5283
5998
39465
36146
47197
18840
4545
69195
91305
86323
21968
28204
97588
33419
59836
55691
26589
22453
54637
64581
48911
81127
76728
90916
64625
17239
4056
41274
52002
23948
27068
28488
71643
82742
262
7470
97150
86698
98070
3677
34050
17638
72426
29711
43537
25467
21766
71092
9037
98614
98759
37433
73228
29790
54994
70403
42240
62755
30562
66690
17279
26185
97605
92520
43994
74159
26762
50512
83610
41781
89861
10499
2354
51580
94972
51555
44256
40398
64370
69096
80247
18112
46877
55540
13355
38709
68290
38869
14335
89821
45649
2139
42721
68511
71683
73798
11554
85097
59484
91847
75816
54344
87550
36618
94850
56414
68773
10474
62377
89863
76911
36802
57693
93897
95658
28961
57814
67238
29553
33708
69113
2630
89473
87345
7279
15172
82906
65154
4894
37119
65539
1891
77227
52469
33223
90468
3083
51500
90298
98562
33495
85073
26426
22252
17808
84045
88549
6010
64488
18821
8561
53720
14763
90822
70428
19945
30132
69512
52995
60061
45510
5929
95686
44955
97860
85459
67964
74661
39219
19517
52791
79384
60024
6827
99952
34487
20062
42537
74027
16633
58729
43420
65990
53024
17050
27597
603
11540
7937
87889
44169
1585
38942
68840
84427
78112
46273
97167
98728
46494
23121
77198
59110
77896
60252
25102
59497
79899
32883
59252
60132
13504
12922
28154
63278
2918
6549
49013
16685
16625
2002
95118
44661
91582
50973
25046
81456
91092
88783
31697
22498
5771
17234
43494
92830
44976
50425
63445
76216
99138
64202
64598
51458
69343
14084
57169
2298
38646
92405
56891
19959
72549
84032
34724
24340
55812
71077
47135
50879
22409
93011
35938
51576
97125
17424
46651
97038
69553
513
75498
33877
29567
15519
23862
17277
66639
85773
81886
16455
2170
88002
58469
78687
53066
13247
47892
62422
20185
34849
83594
22048
49961
26034
44207
17351
82108
50868
48569
82661
70819
41331
56041
25390
24523
73406
14445
81437
59889
98537
58483
49085
19737
51615
32938
86137
69595
98397
84501
9900
99515
69050
56464
93551
71375
52623
35345
27672
46496
93029
22845
90575
17094
24838
5249
10848
37870
55867
50893
6668
44424
27100
28341
59141
92990
81011
8252
60781
40396
93023
67891
83310
21356
39255
50556
41540
85334
16049
63432
86557
6497
58072
95138
44269
33767
84221
83265
68525
44338
6976
90212
51599
45294
20298
55818
50620
58193
78314
98173
78679
77613
30148
63611
71900
99148
33067
85606
51348
85950
71063
29349
76813
6102
34475
61316
86648
31325
80730
41569
70395
94318
70595
28579
36474
14879
33469
94850
81876
4065
49420
30597
33370
50287
8200
20175
64716
8642
90887
3736
64122
95821
58411
57597
46244
73154
11403
1564
59545
88110
22975
8130
14253
23037
59554
12016
45888
64493
44309
20170
93062
65162
49558
39761
15957
21364
69954
64001
70594
20252
80202
54178
48233
76388
28050
44285
23581
15169
67887
20010
37426
34444
28945
4678
49006
4597
49045
61895
69102
62849
17937
47431
26710
34658
12768
74170
13315
82569
49155
97640
54546
23981
60677
36605
21813
15830
53758
90868
37348
69949
95037
53546
45476
67744
32811
77653
523
43843
54299
3803
28118
93987
9977
32722
32793
45430
1410
70860
39383
24760
52379
77713
46592
47749
94864
47388
89707
97859
63356
6920
56554
23561
71831
20794
79712
56950
48789
30671
77530
13365
88196
18801
90022
2281
95922
37733
25441
91163
98397
37710
635
33384
1837
62577
85184
77999
69471
51953
83561
89248
70011
3385
68449
46900
76718
2425
42558
8650
72134
28841
13082
61348
81120
84776
26165
56038
15858
23829
69188
53629
51329
74260
30319
27182
93159
79629
45892
15234
71467
64432
7744
31633
38229
35264
4673
63963
33280
32294
70209
54495
67398
17879
18240
41699
44257
6463
27922
52886
34601
90419
33050
56084
70724
46083
37048
59126
680
19554
52684
83602
68338
17150
41551
19331
85690
88907
64251
55651
85277
23071
47020
57868
35857
52507
13365
76717
27162
76140
32285
29281
62224
69712
51258
27083
89482
12734
24562
5664
43487
85285
75657
71895
5833
1395
36362
65158
14244
61857
81391
18042
89640
20556
50438
65086
30672
29660
40771
63484
7591
75305
6474
63101
55277
9607
99425
27376
87614
77852
64391
7115
60365
68422
79640
67364
1905
82218
99991
655
29566
37444
35089
38825
66549
81492
25844
74310
87991
21222
20711
91221
2112
78320
38099
58588
69924
71663
29021
64612
25011
6666
14162
71347
64644
39635
62124
11361
24466
17894
34910
91604
73210
47228
89096
81218
63503
38918
36472
89208
50842
17022
50316
61730
93205
77136
59232
35228
66748
68756
33567
42699
53253
2946
99623
69233
22239
3555
27255
40036
22933
27752
24148
71638
39556
68975
75092
96148
81319
76186
59868
11973
98809
9923
50427
75549
37349
4572
16166
65120
17456
22992
9536
71175
8880
94424
6298
45798
94753
25013
48239
74963
98388
47005
44528
73315
35044
84231
65776
94394
42028
78781
96808
28012
76785
35218
26823
14638
69177
32205
36957
81165
88924
78787
11316
95554
50106
1778
35187
98512
65465
41334
32148
39758
8524
30342
46406
97910
92705
52482
30481
32038
22652
61219
47907
96942
28587
90355
85919
38570
42042
21272
53156
22122
16388
75968
47982
60442
49367
10487
21950
69372
3862
46844
35409
72152
60251
22337
81625
84416
71282
67650
93275
16584
61668
67369
84006
40941
24786
4738
38820
81369
89075
57597
70782
67354
41362
80404
25974
88546
25068
29996
95962
9986
31150
30305
19518
3117
68033
33011
77665
70166
84925
73583
93549
56999
30544
21519
80594
24079
27413
13858
54247
99140
80926
48392
63298
23973
5796
96793
6401
86777
10548
45569
94017
77705
23134
96606
3487
40363
70073
91807
32761
80846
70763
27376
13337
22683
83277
97979
18243
64403
60867
2076
20384
20546
49428
80948
18071
54112
39837
95873
7779
93298
12910
43510
3191
54826
68184
94148
79645
67308
64200
49466
27033
63502
38209
95274
42035
57736
83765
62629
48176
18596
70005
36376
98710
67887
14428
71291
40171
51003
307
83206
13336
5743
70030
56099
93339
73324
45335
95307
84231
73740
37579
34030
98741
9160
85863
98529
57941
14447
81076
58343
66514
33049
14749
92319
80480
88680
28401
53922
10009
92085
69168
62741
81298
99344
84252
39443
40550
9984
95099
93326
80193
29825
82898
36489
95725
52162
6844
73697
68137
8314
74392
22759
93291
77971
32374
74029
80311
82611
3526
4313
49384
10274
77999
5
79331
74780
25056
39907
70232
48072
11911
55177
96129
73345
70874
99706
80072
67081
75001
84834
46362
26869
17618
5374
18645
80299
46094
8361
69339
88542
27725
17877
80663
63280
70111
87075
30127
12931
88534
86272
44756
49109
575
11916
86666
99044
32799
71447
80547
41016
83641
25255
55640
72998
55343
47829
14954
62146
8308
62335
99273
3591
91021
20816
63929
67893
45041
93954
18993
43634
97204
16686
63806
66934
83296
42537
96445
17628
83895
95340
90130
7118
40122
51565
36056
53398
66461
25552
3356
57401
98191
88761
21630
84387
60705
81841
97690
41807
49333
95235
63964
27210
26684
95502
10051
68616
67791
81549
12565
29690
49574
11199
56773
72681
19780
30087
91728
70614
15880
17661
64137
42098
51487
69360
57745
15893
68655
51975
19525
56964
85350
81549
74656
27515
13480
29895
8477
6074
81746
10613
46788
77325
65850
1542
30596
77890
47619
98208
44213
54602
72158
24478
45620
94431
34090
75381
56098
19020
64506
22046
48730
83788
1898
24441
62116
9994
58957
22822
82610
7884
91687
92247
40921
46756
95112
63524
31766
24943
92207
21674
83779
49779
43798
50353
91973
32787
79198
46856
3643
99351
74195
63428
86591
37709
36416
30305
73293
82521
25017
55922
86577
21274
9456
1756
70778
55376
27395
72208
51909
32321
33394
92291
84592
50217
33579
80942
39385
41192
54025
32016
5693
74797
2767
36376
91410
28662
11179
68042
4674
16849
87758
29045
66999
10694
69066
14899
3742
36298
46770
73843
23384
64965
51672
37844
22657
19616
9762
44110
5247
56130
88969
36287
67678
60281
65984
14600
15300
79806
66522
98805
51916
93738
95572
48933
48957
35974
92007
37542
98202
17178
39857
24336
76805
23308
86717
51096
21940
59832
12094
30317
90003
47085
4571
96648
950
71684
91650
8812
51241
1008
20229
95575
9658
84544
15387
26036
67344
8926
33298
51561
96642
24501
56080
71649
78702
94854
12607
11399
42414
97333
91826
31368
96378
55278
35371
985
53239
13598
34725
47213
66132
64220
81921
55671
6903
84233
62594
2684
37559
41012
50848
41916
60884
81039
43481
8995
79465
42506
14902
18935
79326
59447
64133
52922
5257
24363
22564
24464
72603
38486
27680
98244
78452
34530
73114
80078
51193
17513
88174
60104
25765
31652
18020
60698
20751
44828
25421
58088
5120
17254
90895
96926
39697
23268
49081
69080
19168
87289
49054
26894
80416
4931
24943
72528
33475
65114
76842
71361
53234
28402
21919
4335
17152
66356
68934
28274
25734
62719
35318
64936
19324
39654
34960
98933
66877
62329
3201
23481
61319
61048
29585
71173
94449
19611
9840
11385
97200
86589
25137
28671
8469
96451
85279
22274
76030
39946
26237
27548
12806
93262
12156
20995
92426
19348
4019
41694
31930
57906
88447
93106
99847
61211
89160
65016
57590
10526
80818
27835
47267
61716
32004
80406
79304
55825
49638
84814
17283
34815
72038
87062
121
84740
15700
11818
24398
41840
