92461
12191
47650
65697
23028
54113
85239
29990
23242
57527
82820
77103
55589
3696
42990
58214
52114
75170
34445
96619
70855
47161
70529
33722
66899
96515
9690
10471
64377
57476
87734
53469
1330
63391
98044
52532
28962
25026
24534
8782
62052
70683
57032
72440
58737
42377
40433
10894
36081
9906
47116
62525
91312
97826
56991
10524
5940
76469
67459
7492
23422
63014
11172
8428
71060
13794
68165
47141
93575
42786
67265
63867
46462
71935
66402
83990
48989
20817
2795
96021
97883
35029
34864
62995
91218
50144
31475
17760
71682
45685
74610
82520
4764
31328
44787
91944
17967
76698
85226
91744
2189
66874
62244
55825
32896
86440
10829
50176
68394
54609
88979
726
91602
44178
42032
50496
28163
19051
17057
29857
8238
92032
43275
17561
76067
34914
29944
63860
85329
35626
75547
61037
86230
85189
51867
93695
41045
64369
18738
96032
83550
74542
59203
78176
72443
75683
15265
92015
16225
90607
6754
35562
89771
44788
88393
20471
77881
64087
1182
81074
31563
74729
13221
89766
33733
27836
97213
90844
91851
67495
67472
97114
28064
48427
64255
32627
26601
93289
75576
44350
37532
41544
23171
58044
71565
14442
79984
80377
82506
93310
47053
56546
9866
9684
71677
28441
47391
44049
98859
216
21778
37038
82688
61412
15054
65859
56306
19253
30694
35387
46462
18658
11815
67865
19518
5333
84871
67577
89809
80730
7319
57180
71879
38620
25169
50894
6375
53695
42439
96820
62256
18719
82409
20925
43306
70484
16013
7405
96000
59838
40199
3491
28842
13368
25527
81248
95632
1542
13371
39067
56451
29614
69974
33542
13479
89190
78837
85191
68771
45593
59385
4996
42379
5165
76249
75015
10153
74100
7200
34256
26973
92976
92982
83654
4832
47776
6517
58535
89547
93692
90185
22571
84788
96810
14610
49586
35348
77193
32608
39965
76322
27671
79592
12851
90185
38604
99589
35153
48074
10363
80277
20581
73099
86659
42253
75271
12730
14564
32358
37479
58167
94698
30087
163
11745
58164
1071
43441
44744
26883
33284
65372
46746
54189
20651
19798
7526
51342
82108
7776
19009
63841
41701
4357
79504
64414
82957
21391
69030
20749
4248
39695
15682
19636
23447
61457
42013
34151
46046
53147
75320
22112
55282
27919
36003
40807
11084
91141
54044
99123
86220
41431
40205
42127
42579
50217
36447
5816
37737
23751
82673
10434
4651
71745
16999
96127
95500
29106
50468
34145
54671
51667
51545
3310
27154
49537
38404
15961
4943
15937
54941
4222
27821
35195
83659
10065
89810
97632
53722
82806
5788
26790
1574
67687
3327
55379
37652
95471
70348
8392
52889
26021
80973
14746
27841
48646
2141
33805
62448
84714
93640
89568
62449
26548
35793
5810
58785
36380
48584
43137
10322
29359
102
79491
21909
42335
74653
3014
8066
86431
49738
79505
91129
25331
93763
11576
41963
24510
84325
75909
25595
90613
81921
16650
98711
29770
3757
18946
19566
17521
5979
74846
31590
69549
4269
11502
40021
253
60454
92337
25304
34135
92239
30996
369
77902
925
40520
4296
88476
46175
82316
19781
45031
25710
24243
63983
12804
96014
26309
1671
3918
3654
15527
9402
54705
84172
45895
69019
75651
85144
86484
6325
37216
5286
14913
13559
99338
9984
43762
86861
71486
10242
19832
41886
4228
88542
82283
84019
75680
2738
43740
83358
36210
93552
82337
5969
17531
79420
9367
67565
57419
60978
34206
55091
60091
45491
1458
55250
81523
91667
84349
46752
56412
79302
81193
34302
9869
39042
29359
28000
75047
9261
92512
95926
86081
64090
21802
22571
28545
25232
67092
48682
36933
64526
24994
52413
77384
95931
33876
6712
29450
11149
56583
32935
8734
72260
94826
60763
82477
91260
29473
48397
78536
37490
78165
39603
55476
58657
53175
68614
11987
43978
94706
62299
84808
82763
78670
34608
24918
47827
86253
90015
80588
62625
68704
10957
42638
50270
82546
8279
23122
62369
56465
26122
86043
22182
56043
56675
54721
73098
5477
76478
42867
97137
19530
14382
80040
79756
5086
68026
89326
30333
7480
58065
83469
39650
83070
85093
57012
62280
41689
61593
99562
78919
34696
66047
23899
66900
587
94942
2779
95371
2330
5142
38866
50770
18078
79387
62932
65139
91618
99217
40835
64969
57364
81134
11867
67821
56021
8300
59333
78174
71778
17443
19946
38561
81874
86695
56211
46856
65085
39161
871
61254
63762
55560
71047
66671
26193
10587
61376
11891
4975
46894
92244
81975
41962
1915
27192
6622
17108
68581
23160
33237
89262
36712
16101
49548
27135
54293
72638
39482
54599
97835
17155
88613
98221
324
32202
64066
73156
16532
10254
33904
53212
30476
46338
25223
24194
31610
3316
92870
19567
13333
46256
96940
72839
70930
13473
64631
10568
99508
95130
61567
53988
21975
68213
4007
35552
79166
75118
22569
31525
94559
34112
41608
63724
49857
38695
66971
40437
31951
64905
96512
32600
51529
5740
5213
21812
18864
34104
13210
61195
75531
3705
74457
83096
90158
16000
38945
74483
68639
890
47674
8180
29221
26413
34168
1259
6083
8609
28067
12486
90271
85148
23537
19966
90545
2577
73493
38035
22383
73395
41260
18023
5270
49325
11448
76499
74707
18056
16257
40141
84460
69166
62351
88567
47399
2208
97526
47378
72071
47348
28204
25144
20243
97513
1370
40725
67975
94026
89967
50077
43468
37362
68592
83747
4670
89583
43709
15263
45954
41502
97841
25531
5344
89073
21433
39288
26673
85797
11895
91030
16262
66872
8158
90095
12872
42521
45009
56955
78818
45402
34075
37803
12170
635
65357
83571
11426
88339
52837
45615
4413
32034
83096
76074
78010
86961
43810
6066
12976
90874
80278
51791
23366
94594
20890
27030
43222
98026
43398
12109
5030
13906
164
87765
81825
37948
55414
34613
92430
68
62285
28799
25400
64367
42399
72536
58438
38934
51199
51538
53063
23659
76292
55167
8461
12678
44550
7751
82818
58387
73696
41735
96965
15741
93844
15680
60273
69013
2431
11847
1503
7444
2133
55360
8479
71917
47596
24360
24711
45660
26620
78621
10585
54259
35867
50845
84177
53531
39304
78839
74696
93004
15447
93588
46998
47271
82478
70341
57747
8586
74383
31633
75129
57259
95964
22827
41241
37164
23203
93240
45871
38969
51514
27144
46073
15847
98566
9274
68858
40595
23825
2507
8414
16432
28931
99275
22769
20456
96139
67652
64911
49379
26517
85821
18660
2397
43615
58394
51517
26350
6968
87446
1737
132
28639
32156
75995
54888
26377
97095
58098
86528
7928
66153
31645
59596
55760
21881
47378
30272
54589
87635
16813
41507
60222
60611
72314
46531
48514
50400
37870
83334
69620
40519
35841
45959
5027
54963
4793
84278
60223
84652
31636
74755
37464
45873
87808
9393
77137
19909
96536
37064
85533
29058
27438
2122
21167
49202
32084
48602
82323
32795
35072
20992
34653
23697
80540
21151
85881
99915
37531
89455
95979
56396
91212
16272
32829
4381
26489
98204
76616
63978
3296
43268
62686
53947
67741
95055
17854
12598
94521
58515
98277
1080
62664
94077
68016
25902
51893
53554
32706
5424
90570
88139
52085
11003
40871
42238
76085
34034
50954
66679
13661
59811
18917
9464
50105
26488
98754
60524
74491
76823
28666
85232
69932
72427
62005
35201
8153
3521
43768
96415
36809
85227
76380
15877
18892
46655
66876
90932
39407
2995
55466
60359
15337
12867
52265
13656
38350
74216
41355
65134
88697
81358
29354
84258
72872
89925
1264
96866
29997
58542
14124
88927
73018
65464
64530
82651
61208
78731
64338
50616
32835
58719
66084
40771
20590
79480
98237
62106
26181
79193
4862
7177
16327
29947
21809
56224
53367
92658
41645
99743
88712
8593
31988
41145
82727
22539
92346
85822
52591
33389
25196
47973
94296
91184
92287
27338
57159
7589
15848
61300
17493
54395
95571
27191
39591
59541
94055
66272
28555
48724
28138
1170
51265
44256
56886
52669
6524
43078
35021
73624
59716
86911
54093
39242
87793
93030
50679
65916
6547
67861
10803
33647
8311
55956
51632
16051
33972
67611
40969
96493
44373
92694
16913
442
98304
39574
17326
60561
11152
95263
87443
10135
53735
64622
51222
41334
94432
76750
30432
17050
29123
18153
7898
82510
57207
46244
6818
36057
72806
64226
48234
90240
97187
83650
36615
59820
48941
33965
65424
8486
3906
30733
94082
6557
84588
1794
59214
29981
86040
33317
57714
10118
83382
32387
12695
35510
71401
46924
64275
24935
46471
56277
31586
93885
41660
40798
45779
26370
12532
37010
93760
70885
84404
40662
41926
44092
23541
63318
55239
39483
13281
17534
44179
68301
49190
32885
74631
14070
66470
42815
22943
98568
24496
84438
32084
68908
745
64764
4367
72468
41373
73258
94856
94121
50193
39911
73247
3169
38313
75884
52871
87360
96644
38962
70965
49462
88313
59365
8458
8032
94240
55408
88135
62802
92157
7594
48342
43145
94989
5843
22014
9283
92459
83332
77105
84355
67763
25407
63431
22131
2818
73072
61726
27649
21645
73230
89405
78130
56208
68528
34452
14469
67056
73223
25906
52245
37077
26601
28381
12504
81656
25539
5671
79059
41365
23324
27524
71238
95641
28359
91312
36897
58916
24362
96951
31728
65951
15959
12435
85946
15638
1890
96211
27337
66936
89854
33631
87486
13581
41764
29107
12145
12680
12131
9905
83093
917
36406
27426
14474
78112
55749
14982
28250
91741
34727
57033
37699
72194
94281
49964
97281
95476
50909
28543
13585
99241
95008
9070
51636
67412
60553
80219
2370
41751
51215
50531
48424
29691
72246
52276
87744
69408
32884
45461
34254
82464
80401
78270
52699
47345
36971
57421
95363
87477
5477
50853
38181
96397
34688
81352
84544
33531
31376
84432
7454
66205
73817
69793
28115
85741
88526
84305
46486
15549
9571
23692
41698
53572
76853
70447
66676
634
99492
38686
97421
5741
27561
48144
47693
94264
43985
8783
10935
70470
55314
25280
49486
83750
93189
93576
745
78283
98286
98708
86720
5218
75412
14879
81282
67892
41130
32082
71027
24052
10407
18856
76982
42632
1869
49567
43747
18737
89071
77472
53077
64646
94276
19512
93465
32852
68039
57271
24293
4135
6032
89742
19993
47336
31502
12436
21313
68144
45846
93147
43693
10843
77856
13738
78109
95558
33653
33194
71491
49838
6898
8543
62739
52778
12972
75009
21213
51240
36264
2870
92506
10601
43280
51889
16320
30045
96251
83181
99475
26834
62465
50394
89341
80844
28470
89843
21019
19277
37897
93152
88703
16827
84109
35211
68658
71402
23413
28039
91140
41100
82252
34568
41520
74129
92241
77101
17459
89203
19107
62969
36020
4043
79310
5402
22051
59713
41580
6697
92362
70673
91108
25029
87185
95248
86952
41848
65241
96120
47081
74311
28095
58753
24192
56509
64579
20276
26687
6053
4141
55910
40858
18691
35945
71596
92142
7722
69155
41507
50277
55080
15945
93597
3901
34546
3199
10598
5177
47299
96592
9135
98278
38420
38978
97995
26823
19219
90812
83035
96158
93639
55640
58231
68822
25492
65496
83362
51295
88995
81707
81462
76418
32776
30210
36921
71912
4080
22612
25242
17378
50085
9397
64787
43016
45081
35592
67786
78191
53558
82584
89705
43153
54988
43134
75842
79708
69006
24369
31341
38643
50743
51658
30346
26149
30213
18658
84382
88174
13450
75773
44714
69461
5889
21598
46221
28256
99896
25851
60338
49779
7288
81253
77846
15172
86590
40807
40481
69279
12519
6221
33565
50332
72722
89767
9313
37693
64216
32328
87944
31046
27666
19548
55757
63769
85128
44365
27513
4049
38406
92072
72559
11876
16637
73521
11110
49703
57231
59728
20286
36822
39904
37326
30948
10052
51544
39850
35645
3251
68304
38557
88522
826
16166
99659
72090
94268
91872
70697
93593
11830
64094
70591
98837
29539
11309
61138
21305
55784
23790
25214
30748
95831
40691
6038
13097
45742
15287
50559
36607
93774
44709
9865
4032
79602
31397
91000
67995
22111
36657
43690
76845
11184
77065
42802
27814
28489
5248
72746
3069
90588
1203
22079
41954
47528
20319
31699
93416
23970
38823
91985
55913
7377
19160
33105
13292
74194
12167
63160
78961
59141
21349
13998
95162
70448
45070
89555
10169
79003
9470
60864
37354
12715
79835
84977
64235
37822
65031
99147
36233
77157
82901
30722
39648
76362
36794
93857
92308
31762
58725
75920
62328
31657
4066
88028
86337
7145
11083
72332
65544
87824
66058
72784
94347
50098
33570
25955
42453
74088
74906
31537
43741
79812
89801
12951
63770
90770
26520
3105
58718
20292
43710
53816
57605
14312
39780
48683
45268
93238
50787
52886
13017
70251
72175
43365
72884
24548
67911
47913
99213
72070
91937
5381
98259
62373
43445
77676
96880
83157
76895
91194
38633
24303
97512
67889
46100
9744
22277
33186
24841
5781
90011
87731
23887
93118
20405
93746
46626
20258
48805
28475
46504
20106
54683
76501
55219
25090
33451
91402
53049
44617
43243
77574
70750
35037
9063
28374
98620
33072
71212
32145
80797
12754
81545
44154
55817
80250
12105
29331
1617
87854
46356
86982
64746
73378
35266
83994
34893
83682
19724
8315
21478
77491
17994
56320
68193
55151
90076
64743
16946
30424
46606
95972
55725
28883
16513
56887
9132
34408
99820
98663
92426
23887
63759
78153
21050
23609
9033
92554
96007
37720
22353
70257
14933
903
2800
46076
87833
59206
57275
5697
47823
39190
50086
2917
74659
75765
29120
63395
67447
87334
12310
32328
43055
36076
24889
68804
42496
67997
37666
65218
10906
27108
85933
43492
26944
41905
5023
62541
94197
40303
81776
41813
48623
82821
99449
45990
43487
85941
78345
59242
60087
20154
30044
69377
37439
15578
90821
48913
35898
22464
57216
35580
33593
31396
50207
74771
71481
52754
9300
67875
48738
33321
38804
23949
98719
88114
3833
18513
75461
89203
27660
76218
98442
56980
3221
72340
96252
11791
40733
11777
28453
78113
90735
58194
88241
18821
35833
49797
80131
75359
95633
15897
19199
88299
91813
37669
59682
17468
27333
42801
1268
45490
91693
24287
61048
69999
67745
99346
96735
19757
57075
5398
93405
13716
27022
45648
99357
13399
54665
6691
29386
29635
5722
17187
14750
7344
88078
16334
58653
95844
44271
96491
73916
67680
55169
13066
48502
31380
21797
54043
12178
97733
31992
66848
24560
57073
75450
36464
39270
69857
10868
20205
80249
82061
28296
6282
6435
57685
47681
67697
15374
54751
77877
90763
97673
27999
11413
12615
95081
93308
5135
44448
5921
72926
45013
12694
72940
75412
37076
17911
57960
58586
75369
45217
78506
65190
99787
64078
35025
49594
41868
89466
95637
57294
7288
33328
42711
8305
14901
85094
50111
29712
42190
93703
50171
12410
54142
93836
78111
33288
99392
59105
51833
6619
72409
88021
57054
76681
92000
24561
2289
74276
85600
24180
63311
9935
12995
15296
27415
75167
84275
83611
29596
18356
98670
35310
35573
68728
94177
26271
39326
56687
28261
12414
3805
91629
3448
87970
39401
31837
54049
31096
22080
74127
70548
64404
23181
80060
42092
14997
52399
21911
45993
35121
81865
66373
18679
46428
28781
12453
30625
13547
54134
81607
51071
10692
69017
12573
46636
22592
9586
38230
43123
5746
23015
24107
14324
66630
1704
75971
63364
91325
36998
25785
23265
84043
71855
89174
73068
99154
68990
81616
42909
9242
88400
2304
4446
92649
18215
77311
57880
41355
72697
18981
56798
53431
32625
69169
91911
87539
13748
26886
39367
19751
7635
44072
50080
81433
95407
35177
81489
33860
49847
40408
42601
55201
52082
9343
22518
12188
10610
18026
71939
37994
47791
35422
60545
4421
77812
95507
60016
39645
43124
5921
59641
96710
50219
18742
73186
52581
25677
7366
75603
20337
35911
94780
6525
21632
47587
69391
39778
95279
43638
53888
25853
12891
79058
6066
2080
26399
16781
84976
13694
95705
92735
71545
71207
65334
68085
84433
58421
90132
11434
26074
17181
82953
74829
52691
8129
58798
60282
51657
88799
34132
93185
73606
50345
14436
74574
29686
6312
42739
38094
14484
82895
57395
4730
2034
72480
71154
13731
90651
97415
50897
16469
22297
95445
97248
34777
15692
41553
17403
75021
83593
94146
17725
25227
556
31232
35170
56004
98127
80413
63850
25603
29425
44618
44654
75958
26375
24607
26998
39915
24288
40591
21011
31165
64685
94701
2053
73723
31348
3136
77199
80987
27597
36547
45944
94870
36056
90007
94365
23090
95620
9942
29494
42063
66953
45857
99271
51102
25331
71680
42826
65265
28546
84543
29508
60214
37988
90607
71609
7792
16481
50309
97577
21575
32034
36536
49489
2309
64067
19036
39535
9100
70920
7601
57411
24069
71439
73878
57608
14159
64550
85102
7863
26092
65797
88508
75921
99795
54279
14121
36934
32057
81456
86875
90145
93257
88131
24901
91180
72306
74902
36157
70174
97866
39775
62029
67052
35657
16834
3164
63671
55279
87141
54737
5103
85919
44853
1784
54399
58787
42044
22099
67392
96894
72079
8646
7063
65623
51112
59932
22066
54070
68169
51170
13591
33901
66985
42967
8938
28317
71028
96564
32701
56499
40815
57858
7078
69902
6088
9387
83184
84611
95258
56017
99137
40835
37218
48136
22645
73567
2496
44430
49857
28743
83919
99686
76382
30824
24885
81318
48533
42718
24648
97055
42759
34251
80242
12962
53359
1034
67111
74848
61446
69410
36654
38667
49169
45737
80690
65913
44472
19225
34702
99881
77821
86310
19226
96740
78858
38960
37787
60425
1930
4124
25766
83431
78913
64335
52470
12262
48422
78453
98015
76182
18281
50480
27679
34099
21797
62950
2006
2332
15127
53489
13166
77528
71013
63044
53082
2053
48468
50303
57021
57115
73961
32385
792
70672
54277
13178
40513
30773
17808
99236
24303
836
51202
97522
35094
45543
71242
22630
92340
19186
42028
95945
18852
18736
54545
66820
35020
47664
52660
34382
77900
19881
98657
94832
16065
35227
21900
31878
25586
15641
36329
66338
678
40875
15260
23827
77856
88502
655
62562
47788
36768
70059
13843
31579
62814
34524
51097
34597
89203
49177
4016
34414
26673
25337
48927
2119
21015
49284
98352
67656
27586
49486
28625
98542
67698
82037
6564
86376
793
3582
42742
70199
87447
32512
34762
21269
45341
82130
55696
88776
49801
94589
30227
64224
33931
63835
81627
89470
13559
179
94475
50270
93626
35193
34441
17718
56044
51114
57271
73783
71060
53223
90891
574
19589
51202
26861
87002
11896
30794
92135
84043
17696
2502
96193
5939
19576
9029
16992
32266
412
13174
58867
23094
37514
11023
58072
83061
48981
23775
54985
64450
77230
34021
30253
5216
77758
3268
70467
73130
18927
15851
7089
37688
14121
47409
69699
48439
47444
91206
69567
53811
6211
45130
38787
74620
68735
41238
50921
26457
55911
42819
36626
45836
39352
5878
79134
75367
53691
21876
30086
2003
70926
26781
67191
45819
92811
28412
33623
47958
41562
39878
53456
93210
68144
32722
47629
22234
57468
86576
46684
20559
27831
37047
27789
66690
70234
42422
78660
17560
10187
37134
16963
22527
96384
21587
72007
22883
42705
65325
89449
53837
20413
22334
44471
66464
68676
72766
88245
35201
942
34309
31642
78027
62204
77418
16135
29023
62689
18068
13553
72629
11148
69175
26579
76745
34402
54664
36542
73383
67347
89849
42777
96290
72192
45303
36326
82936
5267
74854
5141
31437
19781
66794
40065
52512
83155
57445
79558
99290
99356
7403
92648
26298
17287
97362
42950
38719
75973
58331
68880
45007
81252
46606
18330
56895
49094
35067
71424
1167
40002
1121
97579
91932
96316
59439
65000
65840
46130
58790
49410
90233
82505
69244
24621
47371
94267
16220
44416
94758
67314
25289
91427
2308
3058
16098
46120
67238
48060
76542
9188
50825
35629
25444
45224
58852
71384
62395
86942
33124
35040
7020
96176
91801
36879
14661
22875
31750
29839
49196
48572
58841
35289
50187
87428
56604
98737
896
40533
97174
31760
51634
75442
64833
56946
98705
81479
73686
24313
77147
70273
16070
2691
25775
90175
48114
53066
36017
49620
15222
43795
24564
16445
47605
70893
36095
10009
37591
94168
71472
69346
19839
9355
26971
6572
67920
58306
69410
60784
83566
15
45966
39135
26060
16838
95096
86830
21283
20670
57167
51316
73280
66412
37515
23831
14864
74223
23146
84502
32528
75515
7008
51143
27280
48536
377
99445
56609
94970
76434
41329
19525
59924
5269
29190
48660
39942
65869
17780
24616
90458
99532
47591
28129
86235
70306
88464
82594
5267
9139
34457
79882
22184
60077
52098
8229
8182
17147
36318
95400
85524
44080
32153
52170
83938
6000
66035
17218
75579
49595
62402
92731
75496
98890
38592
48222
84816
62524
16083
57310
99711
72262
98522
25048
5088
56749
13276
43477
43035
7830
84782
45862
10905
6642
871
56823
33235
32086
45524
30954
39845
86528
49184
73846
30374
60489
94327
27730
33021
56003
83459
57502
14293
6025
25975
50875
49251
68193
88802
21568
40747
74402
17208
47065
64127
64451
38928
53403
62860
55026
31071
84669
99815
83684
55945
52204
60693
88557
46605
92050
76215
38547
14565
66977
31508
52537
45671
83191
11800
95667
57223
91590
64637
88473
60575
3680
62009
18157
73973
89310
68130
66222
20185
2875
90876
38276
24625
84232
3574
45888
91324
72206
89186
30839
43680
59651
32940
80650
66104
39045
68450
29689
80150
70905
25353
43038
8003
34342
50373
95132
9401
39156
67826
95220
56752
78729
39075
13226
69340
43493
20666
80732
18736
30373
43523
95375
89018
23979
97523
9525
7212
95854
10184
3977
9608
25416
80522
72718
44447
22005
17421
29769
87844
84033
30002
65161
52544
63649
25014
21743
60026
55653
27054
50101
69730
46054
64584
13200
36862
71770
86582
66303
52298
35940
34897
91017
42421
71687
20102
24613
87878
85039
9757
34312
82542
31233
88366
80513
32070
58896
21649
71936
51063
58208
10543
8339
45270
82769
63007
70546
77281
23654
81400
81937
96858
14772
53405
13339
19649
10125
31026
66583
47146
18378
86641
57850
84019
95732
4830
3756
71294
26689
83244
11467
90063
82784
78914
17967
73170
27090
97906
89619
77158
13378
2123
28898
76057
97179
62170
97029
58123
72927
2112
49857
58219
1241
97143
77475
29102
32204
54522
34877
35858
43491
63689
4297
51482
18800
25594
58882
70043
75475
49915
42214
87686
60569
28331
17156
86775
46508
92746
27813
72069
10914
60774
37878
36154
59398
60861
81850
59059
80949
26364
58810
22657
37709
67952
30504
72923
3931
75318
63979
37086
85142
40294
86450
15797
11225
61156
76936
34200
20088
47036
77621
62339
3925
13814
66518
84576
34957
72482
5285
84106
35176
45110
24596
43297
33384
44624
44164
1413
85351
77387
12526
52913
84848
89150
21553
88626
65405
94037
86295
20946
97956
41948
54862
28472
48790
14704
49577
50618
23902
49043
35572
67625
68492
22633
33795
24290
84014
87104
90098
49953
42343
4970
34961
66017
67184
36174
38449
8062
58619
39027
34816
45659
59012
98231
50772
27573
46090
82870
58696
1831
91035
35359
41569
17124
38266
64205
97824
83374
51507
52465
56946
50481
50470
3323
73763
12937
38990
69051
51754
15073
70231
14873
52481
12068
71174
62364
84418
40540
63275
38130
25704
3682
70809
97510
95082
35960
62828
53768
87473
66396
81601
67114
73799
98060
70733
83302
49186
83420
71478
7444
33226
15585
23253
83028
9696
49156
87422
90270
81834
22418
13210
54629
41248
38336
53961
66029
845
54287
82142
68022
8886
30579
31957
65807
84352
76382
36582
61214
28731
47375
64178
29469
72328
56584
92284
4584
49803
65349
86849
18104
1254
93009
17860
55618
929
73963
63773
21421
51357
85573
84100
41490
4493
18184
83130
67996
54853
5886
88219
15605
40232
87541
85631
57299
9552
73536
72290
51037
77700
66650
91169
51717
92597
72717
74550
96896
63152
59678
23334
64610
10535
88164
57233
55443
35822
72306
39463
63404
73268
61795
71377
24481
10508
43522
23889
53635
26744
26156
57470
20100
17606
38067
81025
77288
93355
38087
28560
92465
53166
7224
30619
22888
24112
8288
21570
56330
96633
76329
21244
66521
66800
26428
78178
49303
27262
78414
52800
80454
55802
75568
66625
31488
47431
64576
77010
61099
17095
1622
66799
90379
93306
30455
43179
62119
18335
92784
51646
80334
47394
19030
5371
55888
53220
91473
84677
45636
29768
87880
17167
48641
19235
54265
97275
65313
70648
89637
81233
87344
87082
43441
25161
5902
56936
81726
12383
84507
49059
47663
49797
36674
47596
42293
85647
5793
76198
4827
12040
79627
13392
52016
21931
7007
5645
67255
95599
73341
59420
69390
16442
78302
98310
47420
87963
59782
65029
85871
59869
11619
10420
83142
25294
24086
49926
38012
98700
55030
24780
47089
95463
3732
62704
40674
32361
17325
2525
4937
98211
44067
56603
48957
49288
6646
12475
72829
74357
39006
14260
83317
66211
661
86421
69466
29168
15469
29096
6332
33503
87998
42656
12031
20127
40175
16915
9176
91385
47331
90516
75773
63223
64980
66652
58266
2910
33283
46536
79422
41654
68437
10594
13076
99859
50606
67577
1405
18844
71899
10595
94866
98505
80184
23067
61087
49710
25736
4542
12438
38773
55707
11458
9994
81232
63559
47409
53116
84796
58951
90982
14196
74056
32810
80321
12120
6195
70573
52725
78774
36994
61486
8825
55700
1277
5843
92311
68045
41909
7793
13567
46809
48850
81652
837
13565
39337
61937
49902
92672
23159
35112
40408
9187
62035
3307
72317
85150
85503
5110
4505
26389
16088
99263
81387
63882
22250
89617
34631
54079
36266
7822
53790
53718
86259
79048
16352
89993
28780
97835
22904
19054
74894
78434
25625
12694
97214
20955
34671
31032
83048
94888
21837
48550
81015
92420
66641
14502
58856
1790
70745
82948
83264
44557
45279
11594
3953
22140
27424
41751
9331
41299
84783
14243
80720
33472
74976
48839
40674
98952
43076
74889
42705
57826
5936
95274
94864
66670
25596
13164
62805
20046
9514
15610
83936
59989
87744
72052
93171
59704
98782
29615
98032
96434
57750
67996
30217
35302
1469
59666
53955
77067
68534
74262
65411
21395
30826
84812
15053
67377
85190
71480
99026
58820
61271
3257
30694
24865
55646
30059
12806
57168
39053
89390
44285
16337
89576
59041
89708
4556
93437
97236
23805
79826
26252
37137
74813
15430
80189
18488
62753
25383
36656
6243
68595
74429
52841
62127
59990
3748
17752
72974
46594
26965
97677
32934
38136
70633
66819
90182
8290
37705
28256
29460
80052
71559
9587
10882
61688
28904
51602
79474
96472
28590
183
31559
85691
33219
99032
85674
48905
9816
84235
33181
34015
12584
87189
85442
46433
55501
74391
13000
51048
38900
15783
5337
99913
51393
10999
52204
79120
28186
11231
89984
99683
24793
9140
78572
3708
98190
50933
3490
78282
17138
56439
62889
14308
78646
89327
96751
97485
42622
53715
68415
38827
10409
31375
44416
27851
49742
79712
17617
62865
19124
93539
56747
88317
87964
31269
11385
68364
16786
76865
36620
57175
32032
6633
17257
63072
26340
56718
61886
52513
70650
78599
29287
80978
96771
53463
64586
37685
84736
59150
67014
45829
9760
66195
47331
18267
13685
25775
14644
61001
20585
86393
55775
4004
29589
8128
58248
48445
69187
93225
14604
93517
77616
57925
77067
71197
36464
97922
79782
35871
17256
8746
48556
996
3790
77741
46422
39729
15312
4063
13651
57911
66688
7409
34477
94600
19859
86269
8517
35756
42810
28373
34210
53184
91920
17695
24993
2965
19385
45067
29225
84398
66565
95383
97604
14870
39289
7056
43917
83971
17149
2862
66535
51617
6407
22938
90213
50671
55634
66867
18490
8284
69475
805
45418
84787
83558
31706
20840
25583
70614
73742
92703
36735
57901
75772
86228
77691
35075
22939
76080
13549
92003
94636
70743
8008
59886
57434
67343
7991
36726
50859
82398
99994
61736
70957
63565
81372
18629
14004
60197
82562
51648
79119
15246
36146
96888
41529
93512
58891
35899
79229
7810
70486
81241
89886
252
52894
70565
12268
43545
72913
12998
84789
9619
73805
22706
5748
60743
77722
79941
56368
47986
54467
21060
28900
47945
40479
8682
2610
29053
52246
17233
35892
84376
91330
39728
17798
56330
15687
26498
56440
28249
13985
85943
85273
21174
6193
55001
36807
86452
24401
66812
40759
15535
68890
21147
84606
43707
93424
66997
60145
91810
28651
73855
7241
73423
67870
1237
4175
63291
50814
15087
53475
24161
92796
65062
57425
72498
2229
38592
62261
17433
87877
18424
44091
85804
98738
57382
67763
20155
37546
57487
43625
99345
71878
58299
5385
35413
74656
94731
55535
23718
54071
28130
87644
6543
34634
72518
5204
98795
14144
84300
17094
1191
42122
87789
89589
81345
66194
83836
89972
46932
45200
53248
95331
60591
90407
5860
26537
77586
75533
74200
48498
27382
67916
25719
59098
30345
68466
77006
97657
56561
345
4161
18659
8210
36702
2590
91638
70787
7386
41694
29865
62947
22022
94624
19282
98785
80233
31921
2710
80863
83110
44908
3340
6308
27091
41651
65499
65957
27608
20603
40879
38229
30589
73846
6349
21219
96721
64489
18925
62196
19629
73706
42088
22992
94561
75724
36807
57995
94186
63689
43717
9875
95491
15647
72122
82679
7290
69932
92504
36278
96915
24908
68240
16995
66192
14721
28294
98837
10807
97536
23224
36435
81200
87966
54273
95536
8216
960
69313
99623
17992
31675
3203
68557
47971
37025
87834
95382
73291
7189
64888
71088
79
44153
35470
29089
46693
39355
4026
70945
53929
95582
36480
70153
53
24534
14035
91519
87779
55224
16212
56567
48478
11119
64517
20022
95330
38184
95412
81995
33027
30655
89641
78094
31093
74823
93786
83863
87399
85714
67386
37040
31423
84392
21305
92744
90136
15909
99803
74667
84988
10212
54642
85512
96218
76258
79030
66866
36580
30766
54414
71888
64198
53869
83937
5207
53270
83627
6342
94479
17154
39513
15650
27887
98674
39233
33642
43393
99143
86691
48397
37589
85721
77371
98171
81784
74230
20416
56806
32879
31931
11092
8605
67412
82711
32352
57982
8523
75213
9134
25860
43639
64573
473
17857
94754
74451
68052
79400
32472
78950
44898
66484
80097
77821
76952
8102
55081
39268
57084
88015
56576
23118
32830
10741
40393
67565
79949
19863
94040
48775
36311
23056
58794
27709
53736
90193
88693
73471
93576
10174
59971
51861
7686
8611
85919
54625
40781
90890
21817
89196
25640
37937
7129
19213
78243
94550
42025
92220
17009
60593
15539
80360
9933
20513
53086
32899
10286
75783
21628
34076
36069
12212
69066
15113
88995
93065
65221
82444
18718
47591
17829
46518
21727
94036
60483
35496
56842
15155
97331
83452
86706
62636
63594
44165
72929
57307
74625
38632
64361
38606
1574
30480
52311
48176
89372
36866
64907
6347
844
27980
16267
48885
80279
46288
55337
66942
26614
42379
33008
80265
86310
63899
41230
84144
66713
74240
9693
35778
21570
93907
60552
6033
95229
45792
10317
85528
30519
10745
84685
45613
86460
3247
34963
10268
43967
97917
29977
61451
9142
8163
40655
67414
81594
60758
12916
44803
55132
80461
5443
97336
22958
15295
88041
17351
28173
44814
4020
37068
22635
165
14876
86490
22400
55801
57507
23787
23084
24780
56070
84210
17659
82260
68413
74236
98285
60290
23641
13061
68880
81316
4954
33143
97849
2387
61859
68281
72369
46904
62159
62313
71201
13682
55884
86560
78529
65511
21643
92902
87687
454
85943
86328
14076
11194
31821
66177
52379
26843
69027
47918
83573
28567
83767
2231
91446
1455
20316
6016
23864
44222
83567
14728
13906
23543
46938
52769
39598
39433
88770
70342
22534
58199
2560
29287
52800
96237
37390
82996
44419
73916
59073
5771
92129
60069
76287
96089
70765
59910
91158
56382
26616
13891
81934
79781
26530
2272
30796
30531
80060
40664
60867
45864
34846
50642
29275
42799
61178
96675
18007
30742
73171
50256
10922
44093
64807
71001
88885
24283
78524
73278
71919
70629
54474
99343
73625
57012
66237
58018
66834
63891
50603
55847
60012
29043
79820
41788
93754
91849
362
93631
31749
23332
88492
42662
785
82071
77532
84320
61130
37159
13127
16419
14540
84037
55827
99316
96110
67362
85200
13687
78950
72565
97089
47039
37555
29198
47581
45060
16823
57737
54150
77055
28381
67248
22623
15483
19776
65163
6009
26046
86078
87040
44552
32993
431
56843
21723
56524
83694
75855
46338
75016
77773
30247
18325
99526
96471
37364
95003
71155
85842
7168
51378
49447
117
41057
32432
72877
79160
23401
72454
9281
33758
39946
91451
50136
2446
63810
60458
80844
49824
52480
72016
47596
4431
87611
38211
33155
32380
93665
30099
17109
18388
83162
56327
32833
27804
89579
86576
22581
75723
19229
75009
35533
94766
77290
44153
23510
1917
35309
19872
93646
74245
93265
34324
49701
84862
39282
77785
76688
59409
18882
34853
59645
97179
72850
87203
42765
77093
83362
66697
10671
71841
81022
58898
2103
41491
29788
35249
61764
40818
84516
17406
19668
54856
55483
82374
51601
67177
56048
63807
30071
86607
32426
9653
72826
45361
54532
60797
54762
26347
38447
7349
76606
17667
36962
89969
92175
62976
83001
42723
14791
17648
87455
58322
36659
78400
71947
73206
24878
29183
64188
21500
5503
44819
79260
73621
92074
3525
93800
25925
70595
20929
99982
69574
53258
85322
96508
13552
53467
79705
17419
89234
81352
62103
99249
93996
3514
62500
27766
83858
737
2149
10201
44992
84274
18017
98988
24395
87384
56724
29755
85620
66478
33993
8599
59266
77386
72996
23861
95452
60136
24147
87549
17858
14163
23139
74802
20099
35517
71977
94785
5135
97147
73330
74015
64757
61651
86762
44659
48896
47122
88073
79324
10368
76768
58308
89859
24773
19203
94948
57593
21357
32036
96315
91266
86450
47791
22824
14946
29842
72907
89948
52418
68444
82814
65322
24854
42730
42447
87677
51997
7215
70703
3973
36376
64675
87766
75108
75746
68080
46820
75122
99772
46279
40394
63593
76619
15858
73684
57241
41948
2171
44947
62394
22275
48179
89854
31450
9804
41644
58637
16500
24240
78185
53136
50608
993
82161
19888
34757
73234
83141
62522
88037
95148
35184
51699
83253
30436
21943
60991
68993
24917
96557
51554
50577
1969
93042
40462
72574
51986
70849
20979
51184
62474
84789
16098
18872
74478
12636
82735
68979
46359
46821
42523
44496
3679
47428
52185
98886
72277
76734
58099
4469
70046
2886
51022
39720
88102
92342
41440
55552
75874
62713
44305
95450
6722
5541
97148
30948
118
76141
95977
63229
91073
24788
41113
96267
73208
2203
17886
70051
65111
36323
82802
26300
53405
36396
82653
51182
33133
68838
3022
20362
90227
11930
38022
26048
44438
21949
41833
70234
20136
37868
93750
38928
12090
49552
40702
63811
84270
78801
31243
27716
63088
45733
17519
22308
54891
832
72066
19723
14387
67538
90542
57383
38918
23187
34201
60509
17959
96476
20255
93034
57297
90739
92631
92620
54214
26044
57431
77706
42111
11240
44976
40750
77789
32056
44182
18532
47774
62449
16616
6228
11215
57823
30883
92752
95256
5112
56343
74241
48401
14960
32907
13888
87667
42570
79426
14081
93437
44379
43702
86787
79492
59055
47845
66742
3784
59889
11406
23715
53376
27754
21300
56542
75776
69124
32680
74768
11099
80206
93654
67174
54997
322
29051
63543
71609
95655
76139
38228
41313
63186
53604
24985
61862
3036
71820
18109
5835
38137
53950
47645
82983
26003
52454
78435
41913
24906
43213
20642
79923
28854
56485
58063
29864
81820
80470
58960
92027
84465
12667
65715
78123
34213
75372
23196
15163
92581
7814
7054
74754
87485
89150
40035
68334
50350
92938
22862
21295
46027
12435
62414
75088
51972
95343
43995
56894
20093
56446
5629
36581
17956
65978
60302
1509
35551
45203
29220
86835
8147
2186
29941
37561
43746
60458
12361
61408
85266
27300
27961
33340
36330
62975
8055
35915
2089
16298
46842
79581
13668
88160
26691
18692
89259
20739
2186
67845
92590
39127
45806
83192
34783
82331
96123
88432
65255
14930
71363
90248
76562
95234
46933
17770
74500
96113
85113
69373
48174
71604
53276
39499
44650
73628
40869
93516
87171
57467
18246
6476
68697
98757
98385
26691
70717
95296
69574
45142
68759
76753
68750
9498
24247
9144
46725
83699
68389
55722
92445
35727
22342
95362
45103
30160
63031
70521
81189
96788
12606
30140
31436
96486
50093
47437
83165
17483
55095
36118
37949
33128
66190
69894
48563
59335
22122
12898
53999
62026
43364
98505
26996
38897
22380
46907
35275
59376
60367
70380
77409
45356
60575
67655
94346
80350
52696
32003
30369
57012
24019
21620
977
50067
80709
97361
14755
89314
60690
45632
16150
64896
64947
40264
79682
97665
576
59677
10513
40927
56051
36466
87662
80790
8263
37377
5495
94211
97079
81145
67548
50856
80868
17135
22441
73312
41109
65357
18414
60885
59926
53106
61196
49453
51281
13917
17496
8362
86209
32383
32176
8335
44879
55785
64074
1379
69689
65111
23662
66117
55650
56610
50004
55636
83185
15791
55024
33299
82335
60684
89789
51836
39372
34293
68854
41856
93111
2804
83979
93120
68105
3688
11418
38226
30386
70374
58641
52033
99963
39449
82779
3230
5209
61214
16744
16982
55545
50281
55205
30792
90715
3335
81420
30008
26474
22581
86919
67681
10659
76238
70937
89982
74294
11361
62740
83254
9678
37615
13395
42412
30865
35847
49049
74481
58736
69087
15605
91227
53495
57699
86060
69717
31578
87965
82692
27080
61281
82624
68626
65385
61651
2266
52857
31073
85189
64124
43775
93955
56482
61413
42300
40022
8529
55607
47571
98438
92932
76105
91927
64437
78214
28098
55802
84532
65880
17168
76539
78738
853
36131
37269
75183
52712
9026
50833
50604
97092
51917
29066
8223
69397
78847
2123
65109
7148
51128
21928
33253
72539
5903
57565
98036
7438
34739
55183
40908
97685
42849
26007
6088
97191
39333
16236
27101
36059
71337
4091
39712
67340
30587
32804
58495
93132
7735
56647
37286
13167
8469
47378
26501
64537
39541
2926
85243
30504
60831
11914
56559
34029
95413
28595
15290
76151
72020
34971
22892
51839
93291
71050
13628
82723
47147
67096
75297
52992
84707
55357
27211
92173
3869
56427
22656
43227
51122
14897
50759
13236
42690
5295
59818
77708
60744
70574
72058
26806
21668
96546
73808
12828
86730
84093
28309
53231
60927
46981
55137
11646
41941
91259
36610
34789
28541
98607
63026
61880
40064
25978
58875
75246
13329
60138
87560
90823
98344
84516
95458
65026
23503
21803
19320
79666
70129
32315
93601
19965
52333
25822
42919
73084
5099
52144
25753
66183
44164
531
65905
80446
97771
72862
66188
90216
47772
23092
13644
22858
87378
15777
85196
35785
54087
39933
24333
32804
88465
77
21162
12696
28168
86940
60183
43085
33914
4004
4486
31170
5876
68299
24302
2572
6102
45210
30428
90986
80226
64391
16805
95257
73139
74405
66832
45275
26442
45412
67767
86930
31026
2201
1847
96161
61294
97466
33972
50673
25242
65843
26328
1870
95350
21843
13617
48759
70917
68420
70607
46320
41487
55424
94812
62060
36631
24853
46934
22608
14707
72859
21970
38331
66536
85623
60286
96833
27829
6868
21788
31579
62363
93563
78418
49488
19312
46661
93079
34425
52915
9796
1409
71668
91740
54357
39618
50868
30464
64258
59279
20047
72813
20135
50967
79678
40045
50384
96500
77996
97296
33142
73848
93583
99671
41515
20430
30558
52060
59384
79255
43558
52955
80202
28826
8714
7085
67679
66259
40875
72441
91934
14032
34146
70908
83775
84547
66006
12478
9868
91534
93436
32926
17928
92050
74585
68232
26311
80187
20572
31239
8445
38875
9243
86649
61846
19447
43323
23169
13692
41399
32377
47831
56236
49527
93569
3620
75633
57529
85796
69972
20842
78879
80997
31017
40010
69697
26185
32503
26205
57208
73159
91565
26089
98773
25850
41428
68754
50512
67344
8298
20133
70159
36403
28410
61803
78768
7651
45445
17826
42852
90945
72812
63239
14222
86484
60593
64126
28692
2891
40846
83783
34946
89226
41168
27018
79566
71824
36561
41144
85839
82965
57738
61697
79858
57232
30672
46912
10197
56011
62544
34954
23053
4331
71776
43252
28560
12971
78851
11431
38613
40880
80781
77175
68683
19420
50909
14637
92479
61767
90800
2540
34229
95454
21945
70653
13171
96397
77271
55170
13630
29358
32149
60960
2280
93311
45072
34753
75266
73562
62642
29657
5347
59019
44317
81515
51790
30673
41119
21775
93668
87316
47387
89565
58909
42656
27365
21756
95012
53199
79137
22083
73149
11816
5916
5489
64526
4666
60169
18885
60986
95912
75479
4188
80813
29129
18274
51089
49843
10487
41350
8415
89315
37790
1831
26087
14233
34489
6488
79720
96105
19504
920
40879
98086
28505
50597
55807
27494
86509
66609
91379
11436
52389
55218
16155
78910
46904
35516
44959
80355
26319
95023
8959
59309
28924
98604
75626
22425
9682
82314
11362
69659
36730
84459
56879
25546
6480
70602
87464
91109
41018
79555
82935
32749
47569
20621
86746
49178
66984
67960
24470
47487
78199
11322
27415
4570
77906
55293
51295
11112
67313
38908
69979
22428
13767
77597
27943
13163
10822
1494
96093
9165
63415
10358
6422
80624
12045
86994
32281
51986
24723
94477
39650
96137
84765
31855
87260
96565
89552
33328
18156
96399
56685
23997
65717
41004
29478
47445
90506
30233
7969
18606
44022
41173
21908
69429
3574
68172
49087
35210
9021
96238
7669
47553
63393
44762
48390
28854
45664
39854
1338
54893
10853
28549
68403
59612
43440
71695
59866
31265
19303
48325
63440
46412
66950
42500
62933
80723
8725
59616
1635
76491
2805
6235
72891
3495
46818
33895
37146
12721
88910
46717
7446
93060
84968
64568
93253
29242
49991
81754
65461
8797
47560
48692
29399
99820
41470
63449
83201
54143
94361
95173
69681
44869
56574
34302
56013
73232
93504
27337
20209
48085
90609
7447
59323
67835
91838
58879
64803
1882
79396
14180
26447
41468
13781
15840
79023
31061
90880
32113
2270
30543
33663
69604
7218
29735
14137
35902
81100
66216
45131
89520
71799
99975
17895
18227
934
47370
83217
24493
16844
80570
32701
69847
58070
96143
41435
91782
12292
70667
25487
39713
1221
47077
98620
44777
37007
17062
65287
63932
39221
82877
94419
15034
82267
31540
92922
32621
71995
29952
40338
24066
48717
65218
38286
92405
9133
83748
53364
26495
68636
54153
30653
54345
85026
17650
93492
25040
98016
9066
61598
3981
2309
15484
7110
38561
55491
59713
23405
17887
6222
55627
52832
63003
63643
41986
2844
9542
85260
96624
72498
87783
82658
4720
85046
15555
76878
18109
41916
55164
16307
24021
2123
9282
6081
28171
40256
99220
87993
80750
62898
29177
82405
39381
42812
97209
30308
92239
91278
31381
84701
86217
19835
40653
72363
53889
21830
99021
21757
42637
62603
20699
18220
75650
64428
49794
85811
88906
74622
41833
16881
86729
11532
65671
25310
33623
81299
576
52892
54737
9216
50194
99486
85987
92154
92750
65916
96150
51350
84145
50655
29755
82410
3067
10010
46181
86568
67363
19164
74371
37399
98928
374
83058
5547
61663
95420
98857
44034
88162
48953
77600
88014
16465
45393
95719
76523
51159
55012
39634
33957
84860
48674
37682
42175
27730
63660
54318
96483
92249
68749
53759
61476
86428
50648
56593
95286
53028
77683
96345
618
62125
50317
81805
57097
99230
8810
96215
91708
11166
85270
64507
79699
52557
30398
28384
93810
6770
88698
25428
86201
85961
97637
27545
69454
87413
24081
17583
42079
28696
59322
21408
77902
91275
88954
6840
36613
70526
55583
78128
24148
88717
89951
54481
80622
87618
68789
31116
46608
65954
45575
45309
53775
94133
67632
47009
49692
66944
5723
62335
90119
26400
83168
8676
95989
16945
68476
77858
20574
58148
78502
7353
82118
69220
44351
61837
58040
17784
40718
96312
9785
13846
55206
86451
64344
59822
33693
26505
49738
75252
75127
57666
12869
86190
74613
75975
90204
54636
570
44973
86959
56070
62780
52940
58110
67173
74123
37393
23169
60920
69657
37248
51923
13550
51407
55212
5473
35395
62498
11538
11416
774
94654
56670
26598
87037
59380
45774
53800
61475
57636
34022
99401
4099
15518
48670
97393
67526
98164
21295
86278
4972
37586
18816
28586
48827
26425
65525
43698
95758
60581
15999
92652
91962
32048
40940
35068
12724
6991
69227
80574
81484
3116
47714
74538
25432
57858
52895
57322
88664
58529
37659
64166
22464
29630
43259
39193
232
12815
49255
62880
50589
71698
44962
14286
8745
27622
52048
31053
40915
52465
82535
91616
71970
84086
84925
42678
14373
77035
43007
7777
71348
85549
94479
46476
77159
51489
18887
63003
19630
50893
14336
88836
25681
99785
31786
56100
94932
38768
19709
5368
2294
14393
3125
23717
30366
14621
22807
88292
32132
9318
35346
97727
12722
65168
12039
45996
43885
32083
30620
54262
2085
60352
21894
70136
87835
61993
33645
17390
26772
21519
85402
41254
41502
34507
46051
46751
48007
792
1457
51401
36235
8050
78851
1659
73301
88331
9001
26877
75556
73318
46776
52246
31961
95417
84044
67018
20237
34558
40229
42571
88801
65976
18437
34243
10412
56901
91340
92164
16934
47717
25484
94800
75748
13061
55647
97762
24008
43787
40026
30147
84501
53809
34603
59636
25240
81996
19169
15046
9543
12239
4800
74844
62993
68351
28715
63572
31007
76618
44232
57615
83033
95099
54834
93796
37441
61528
80700
91524
1104
19007
53118
30189
51577
2747
8374
50401
36595
34687
14836
22972
32910
63908
72501
2587
10919
4255
58831
5174
20142
5854
20150
41560
937
49719
22036
45186
78253
34012
86046
42479
31059
83932
93811
59270
47001
27364
4750
82090
38299
11087
76342
53570
19851
97833
60469
48438
86491
66979
27206
3888
51050
64114
57444
72702
757
2731
52540
57744
88292
31104
79446
65694
80741
39267
87792
72037
89413
96510
30582
37496
46588
10262
64122
64635
66100
43696
91663
70605
7482
26695
41607
58256
48320
7118
9587
34548
14162
58271
73347
58650
60915
50359
82084
52984
74014
52080
63105
7254
28946
85791
50782
63434
43430
35996
44711
74593
35005
92114
45775
71459
14957
11053
98074
91795
16502
46535
96405
88323
29451
54723
73440
61630
22550
60872
33943
9727
65494
33267
14463
86025
17377
89777
32572
9109
92716
19501
25330
73086
35840
25714
14107
54589
91569
13538
92582
15188
27393
1399
27162
18939
83493
79133
20595
97036
24044
38955
85519
10223
7680
86738
70468
47856
78948
90238
13718
51034
54862
33999
28998
16176
71486
63697
58806
70963
44982
81922
87554
63925
69635
86688
70169
88754
82291
54484
23896
89716
73837
32534
88068
77436
25821
159
87506
39089
14622
42596
4870
32856
74911
42169
79692
67604
69500
13814
23918
96185
76061
37781
3007
61390
97788
10783
710
91556
87858
18343
16539
75063
16325
6902
3948
90289
16811
81076
10191
47837
10587
33751
4818
6885
15342
73999
68779
85108
2526
99377
17160
31255
21630
78042
78074
60663
91362
66359
86076
87318
39205
16773
88904
62847
23457
14514
83948
90015
10061
10194
9806
48002
47174
91707
29157
97929
19
68364
2032
99227
5305
92449
42499
3982
19062
49346
61492
31167
40379
70202
50492
22838
48365
96560
80566
22498
13932
66394
55629
83872
5881
36094
30820
6816
87900
92642
30194
27970
38429
79102
22410
81842
52307
84484
4592
36234
29797
8828
5983
7134
78996
90560
78259
7033
55103
65306
60911
79637
94686
47791
68617
11834
58825
7604
17865
47138
62016
83234
5725
57373
92835
78946
31082
92305
6520
32099
25324
21466
82175
72684
92063
72855
31791
11243
84520
19454
63775
85509
94500
47831
73940
33719
10283
88670
71061
15865
83971
27702
9656
80662
92278
74160
1873
28290
45723
18747
30291
29189
20308
11463
26528
10904
69824
58949
80602
20875
98752
10602
21070
76394
72266
20787
85904
12540
29176
57725
501
19859
30233
22642
65579
12999
54514
27043
64377
28441
34237
43808
12758
28304
25919
9940
45438
69030
67659
49775
31462
32815
51635
98918
58653
91782
45407
50023
21629
48506
31276
78660
21228
30385
3451
35884
23113
51760
10326
51055
46002
59454
12979
16825
76667
84988
86257
59006
3254
35729
34801
80826
19702
94285
3997
50577
46817
93111
38263
19473
64080
51993
88093
42896
40092
95725
28845
8312
28396
28787
66348
92399
11592
5079
23665
18573
54159
71415
37762
59682
95882
92525
60301
54122
9119
44818
60666
57469
82559
88192
67094
24304
50171
11667
85972
81538
75433
83257
51738
1517
43379
96233
14416
39544
4166
11249
33354
69157
89461
31120
86773
78096
10390
96223
48768
48621
79041
85554
45769
37570
62985
67352
19129
65195
14290
68373
82071
4977
84107
61865
92972
92049
13442
33286
40581
78573
78619
64322
11276
93315
28956
39806
44095
69061
54770
15516
86197
47230
27940
19012
61110
78504
4693
41108
58519
90727
15343
50470
34875
52707
87777
93491
89930
8339
99426
46605
50780
29249
54698
49600
34684
7794
87046
61899
18828
75722
57019
75503
93896
15922
86513
24353
84394
29829
33558
11427
51168
11474
31475
44412
87660
20340
3795
74997
76280
59578
27045
81896
29714
22166
30827
55745
44965
29232
94247
43831
55555
14246
67528
93942
53749
12134
99703
86419
12009
42225
14703
75625
46146
11119
60079
990
7328
48053
94209
70529
22746
40560
98771
94027
12119
19683
49721
88642
30145
72732
45496
94070
24507
58681
63292
24170
45015
68524
97947
79790
4017
5699
12018
42598
25734
66904
47661
29573
87987
77608
95529
93860
37269
18820
29586
57576
76292
85964
2558
10074
58020
25631
89121
33833
43573
12874
57494
37409
66106
5238
40884
20258
22440
38619
84631
76103
90519
63081
3081
66939
71375
66473
39146
45325
16819
89909
98118
79679
48733
94918
95949
78797
11868
56120
27592
9138
570
5164
43933
20695
30643
53185
73923
28221
72090
99351
70566
2865
86851
71199
86465
3197
56955
71047
5648
17268
90567
98870
35998
24883
28126
74324
15925
69835
11550
19229
29535
52184
20920
99187
77575
40946
79808
83707
21670
42882
7586
92691
28648
10058
47685
10866
94012
93595
93733
25868
82568
57195
82144
97691
37508
15235
14657
89790
6336
40454
55559
86846
76461
32204
1735
11465
36391
16014
35949
15815
16173
23180
26473
9824
25802
98210
38395
93275
34706
86852
64847
28222
16671
51606
76025
90848
92118
61792
48541
79594
17723
50406
51988
59434
24109
19228
75562
69471
90438
14797
12016
20054
3025
21506
18731
64038
28899
30746
17106
33315
56962
87093
76747
69291
33538
38988
5283
30766
33922
51028
43134
18555
40240
52121
24718
43208
45473
67817
21288
1017
99271
6206
8851
19868
21432
21933
36176
95575
11542
83563
74764
16500
51662
68646
85483
80191
58158
7112
55070
16096
21379
23225
31919
89003
29921
8563
19313
54627
59625
93388
50534
20126
77995
34020
92223
28620
57782
79556
5169
85502
51667
37054
92648
52572
95763
40067
63160
32976
44237
16916
87465
38292
62669
89103
31231
7069
1907
19503
88323
81808
32166
49894
18910
26237
40488
42745
87476
21954
47650
34905
10939
53561
60143
23089
51071
15576
73958
32978
6449
235
90905
89064
67726
77940
16824
54124
11929
11104
42418
98050
68796
46250
44959
3313
60474
78765
94207
38867
51042
71485
89693
29677
91982
13877
43745
5180
64001
53768
49520
47006
17381
29181
36966
76311
42631
93472
73184
97993
77868
53554
82848
29057
56094
66708
56904
30034
60324
37767
99445
83308
73272
59707
62069
36150
72486
74062
82202
77259
12475
4978
83235
83387
22472
76682
12092
61446
47508
51519
72237
25983
27265
70031
14266
44568
51514
93604
90691
57637
76526
41876
40044
1717
98746
2446
55742
22862
88488
91706
60021
95015
8594
24521
18712
75645
69056
63678
17014
52605
20536
64550
37398
35033
11324
57500
87199
15896
57134
71829
40777
17609
1946
61746
5215
83340
17576
80545
64625
18318
9356
34847
66341
21849
96224
65727
26218
83357
80000
19148
61856
57172
87475
14650
73242
6259
76082
43450
83820
86244
73043
31961
82679
55109
21998
7188
11776
70356
63330
34565
36073
41257
72408
54260
94103
89444
25841
62246
44611
48260
3393
63814
26560
24787
10851
77754
46041
62834
26865
41466
4634
3278
40998
87750
67672
52691
3453
63548
77821
51512
90756
74487
89439
74524
21979
95127
58902
77961
21306
25388
37774
49309
57643
7442
52075
87494
62764
95306
94057
15578
7344
83478
80131
90551
52108
20244
24666
93849
8484
52856
69484
9538
23440
2928
67675
31735
86265
53447
4034
85634
61044
30442
65376
36622
80420
78503
61536
29448
94055
30754
83652
34607
39062
23892
83769
78200
49339
23471
21320
53198
43072
15107
86143
43379
87365
68466
15262
63722
8216
50711
86912
85867
98622
75183
66173
78153
33278
60901
86482
60428
55559
3483
87275
67226
95272
70972
8962
23396
8084
82300
17703
42392
47998
22654
45882
63153
44235
57490
62729
1272
3221
13937
98686
75471
28916
6784
58574
28099
29287
96161
51781
5010
59878
16376
70237
7284
31629
49263
72239
18800
52171
52873
29942
15534
87595
75916
95663
68565
66194
38760
81661
93488
4240
13035
87548
41596
56453
34253
98793
56487
92443
66852
34668
38556
86044
67716
19124
85045
36178
72462
25784
19020
28818
72789
52729
34065
19712
80268
80334
30348
25864
33369
12064
30388
92036
71451
91709
55241
1026
86152
81246
49702
20560
41068
75523
1582
49771
26159
87401
98586
92274
25531
96885
40864
98732
63229
54285
62012
88320
47102
45152
14213
99602
53102
50456
75041
79160
49343
55484
4476
78683
95646
23202
86997
725
73458
33539
9043
89594
14458
3803
78382
92941
81550
76682
55302
18176
3045
74929
87547
30731
16201
74684
49242
20814
84823
21461
2484
64794
1225
12699
16238
35077
27355
44857
26764
98490
71871
78976
96473
30145
10245
13232
95884
38935
79017
83388
99065
43491
60175
24565
31366
64306
33490
54205
23804
86483
12760
32918
27508
66333
95654
19696
17367
23131
50020
9634
54225
13786
29649
45731
64524
47366
95861
37601
65894
36526
69423
2694
2932
92548
97673
62621
98338
37927
26957
55277
7268
37533
36336
10936
4905
30236
45058
60725
36806
6155
68500
17568
8087
94460
87015
20239
86714
57915
74315
51585
38026
22915
21370
15920
4544
91966
63882
63350
35794
34231
42023
99814
71225
5430
25497
27567
2499
20839
84947
79585
36523
37721
94481
60402
32081
55132
76694
61470
3993
97985
9219
84548
2863
41166
92771
80968
72726
81150
92852
6331
6472
26953
92328
70664
11163
1931
34538
35525
28476
29130
71962
7370
47318
37835
55011
69180
86900
57593
55465
85516
46836
12020
78458
791
5035
76633
11015
85827
11474
50190
5135
42930
888
86052
97794
9730
64276
36844
27878
30875
93558
49601
44772
45286
90052
44697
69967
84688
56230
79012
96833
1267
35881
66000
76158
74554
25711
39634
31597
50683
71197
3811
67687
26449
48715
95065
90874
39852
48169
46472
64140
89509
33372
10985
1194
82686
37232
77356
52823
31968
8624
63552
41873
22366
97994
54118
48562
82031
8425
17574
26585
58684
83231
76468
62493
41792
71872
56478
57374
2716
22418
51129
67141
71625
72216
62049
24219
3011
1585
72891
58068
60532
8560
13754
63582
23407
70909
12008
58870
76668
33297
31385
82231
59692
98432
75735
66341
7321
52724
9412
15525
40301
81853
49934
48763
23976
95917
13987
80844
25941
37665
85126
50215
74906
63121
48038
37290
37487
92237
8369
83018
69402
30069
48120
20674
11742
49864
61855
44059
68722
90928
80875
41545
91913
64233
76527
71700
1544
8897
2547
96936
68482
61040
91258
19354
79300
63816
38824
84237
82558
35581
41435
81027
19315
5413
90133
9666
62800
70008
95689
74279
79786
9636
4842
13300
83377
9978
5841
22089
79685
20930
20601
13566
10553
37741
6051
45776
92643
50929
66945
34381
40459
81225
94819
12263
91739
78303
27770
753
72015
30563
10037
74889
18524
79241
8982
83370
77530
22
66760
9562
84625
78131
18503
63057
20108
33629
18591
56889
941
25922
191
57133
37965
87544
35158
55455
62385
67422
99193
36511
45945
45664
31896
89558
24985
49662
96411
37745
57743
18469
17158
7447
47231
45507
61616
65886
68702
7588
36334
42235
91129
23008
14697
3822
37500
36359
60162
51403
52542
73873
82344
63935
77647
63237
96852
88858
45438
99122
87734
95040
66808
76579
49857
24655
49837
93533
13728
13443
85406
67560
42434
70138
92506
84217
44665
32707
49750
54180
92006
93179
10145
76442
5254
20728
38654
53021
22272
42370
15011
53166
72122
40166
27450
44847
71738
93962
7164
5670
70615
74226
13820
61673
80744
66308
47135
2129
68422
73076
47042
44968
51449
2164
39159
49571
94252
90734
18192
88838
52121
44379
34668
41043
56827
8796
660
33082
93666
8568
66965
48572
61390
52484
22278
82088
64552
80658
91118
957
94975
35029
68543
86595
98327
83682
52541
80693
25228
71104
52812
85218
15943
58749
64724
92098
30722
21686
10419
20377
53963
34916
86174
80623
62728
7358
25302
10720
44840
11146
56701
75937
94437
19188
82260
92519
87115
33072
54517
15921
55780
59407
88341
16302
70754
65912
10660
2615
1690
5191
41526
99047
86885
26632
31938
18053
2930
65986
56432
95257
6151
59950
65132
51552
31977
37366
33950
32490
49527
85179
32220
27762
26048
21169
99882
13684
59685
86522
62186
62973
94329
70976
20923
30678
49852
37050
46953
1506
13385
25914
92989
44931
82207
2588
63250
79487
99311
47473
46240
65971
94468
42046
15034
84274
50698
36275
45063
4096
6341
78451
45498
76230
88735
9123
49039
74770
44018
24742
6799
17017
26293
59665
37318
3065
64805
9465
35057
79112
50701
25682
32688
87057
25868
13244
36927
29980
50041
25121
61194
20209
61521
82919
43938
57036
6548
43837
53769
52803
43683
61400
53808
28592
89737
39414
89983
979
56757
51891
78170
93950
47556
95005
41847
18445
64336
76145
36628
91329
55906
86137
34397
32871
75961
69039
41034
13903
78378
41733
23270
55167
40347
69842
52812
94086
36011
69815
36837
62613
51782
37821
88281
34157
89239
35943
8929
93662
39186
72003
10558
98279
2154
53791
31745
20008
42568
35952
18775
34293
60507
5067
22991
64396
82950
11273
70566
72440
41443
45706
56652
76916
53021
6109
29501
83341
7933
36417
78817
27287
1981
43574
66970
91001
67669
66219
56726
16881
7394
88950
61639
42009
4981
29336
77972
97369
67401
68642
54736
98507
47387
70043
27392
89055
89717
78372
37421
96069
43058
88440
59921
62847
53401
82980
52477
38053
58616
62522
55
60179
51201
63952
10687
95359
84302
56759
87748
75601
48894
21220
58482
76423
41190
27677
99045
67469
10891
67032
32727
56837
74200
14567
99178
97482
76427
79521
15868
49013
78462
9976
87788
27331
47968
17724
42078
19459
99274
86340
47013
60844
33867
9633
77996
92200
43553
83633
5928
51377
70433
77748
74603
85165
28868
6645
55430
83506
16402
75142
30025
66753
44551
23212
70664
63764
47229
90250
45995
38869
6198
13028
22338
69143
90427
91622
2615
16224
52461
78228
67444
7599
91623
29491
37864
78778
18867
229
42124
34576
89679
8519
61474
63611
18447
63354
54273
81185
63345
6805
77579
22075
24854
68397
22272
66638
63084
60567
3957
39449
76337
53143
46025
56124
11199
18878
65724
58554
16617
74456
72544
76616
96460
5445
75385
11950
38612
79863
8982
75396
39320
75525
67545
69466
85006
50024
90485
75093
70330
53116
61615
54634
87466
83969
93099
50444
35484
90090
32950
44285
84676
97241
57572
23142
26128
17728
64695
94157
46304
86113
776
67322
80761
43668
13735
26528
12512
19876
48024
95192
20466
70510
70195
4969
78822
51558
3701
15152
20295
19652
58781
75483
93077
35119
51108
1219
39281
79965
14569
28966
35044
68290
84450
7479
26454
3946
20436
47162
17741
83629
16432
47753
28851
85976
59959
74580
94209
72739
61396
1752
729
63808
84369
35702
21793
84521
47733
9846
30899
61613
11168
29190
32110
38169
4823
40920
36226
10675
37372
77697
17334
58762
72333
79952
6527
14797
88742
96137
61021
11025
48873
17707
92864
97999
56238
77617
68832
49817
10189
37700
36462
22631
27926
84104
44561
7212
82084
28659
20920
40599
46444
18808
11351
5623
23569
4853
18997
9238
38485
79004
72422
48510
33249
63447
38125
29252
92199
30935
44058
67854
23846
8580
23400
30322
53528
53069
53252
81409
79954
72183
40079
64694
37282
78228
75318
11383
14328
23756
87378
35027
16092
1371
86929
58207
99277
3039
12297
16825
32717
88970
14448
72911
14628
77848
56996
9506
54461
15644
55509
66485
35042
41951
9604
29143
72170
58976
60550
24602
63618
34200
23495
86912
65444
40611
5468
77010
11244
95230
53661
32934
38227
76256
7774
8810
2627
92072
25848
84604
10818
84886
42557
52229
95290
26247
78782
77560
98757
22106
91444
21779
94430
35257
58962
45588
57997
25748
44409
15578
14199
57235
60380
99217
19333
337
96072
33149
19386
32118
30420
76987
72057
35139
84196
77332
82092
57194
82662
42705
33489
62382
42255
22027
66615
4676
50175
81693
65045
42677
3931
13445
29500
54313
76977
93226
9194
99521
53335
44660
36970
7405
40353
82472
55995
31434
57337
615
9005
47041
57742
5364
65570
77620
57831
58713
46070
88666
56172
44747
97
12754
34137
12972
49301
5030
53538
12096
20642
75462
86770
21420
6756
67245
33526
73951
37411
80599
46176
60415
18290
18663
51903
16097
84731
37728
7126
80107
91289
46071
55254
82453
49174
60949
4263
79293
56191
76280
62204
65568
47344
26065
49391
70429
65531
29941
78061
87405
42866
9544
27910
10821
81480
5464
59730
76708
20295
4324
89239
71711
47487
25432
78218
5194
4212
47856
80596
38133
76249
82763
76735
34939
8239
61451
89729
42056
75461
49834
60073
36753
93726
2367
79186
23629
873
82936
19477
85520
4628
29027
19548
93824
84068
31310
31910
24751
26487
56414
68395
79574
78024
92703
37575
38199
30832
98035
40806
72557
46079
75957
21861
18974
74829
16102
1104
41718
23534
1230
80632
29204
95937
985
78376
31358
24680
5070
29764
99087
84658
64771
31583
3636
97612
36690
38209
16464
25528
45041
10532
97264
86774
30164
30795
81343
53591
46297
48469
29423
32699
50501
21604
60623
5839
11020
7548
20314
22943
82550
49464
54416
63433
30018
36651
7878
55370
99972
20629
90073
47237
58607
11148
41170
18474
51775
9880
64880
29113
24188
95262
83819
63797
52003
59777
16338
14336
52164
32735
48647
13246
3719
72600
62561
44842
56365
32213
19100
28453
83655
79584
62734
61977
26440
67503
45304
874
50531
67297
80056
35145
99159
38134
43509
55900
9017
53904
57287
19788
93549
13496
50571
56832
37821
61055
69237
93070
7136
9729
17728
47544
26134
63665
93132
6910
78862
16732
93592
27212
82092
37572
79846
12963
56318
85746
72265
52646
64988
69056
27615
15156
25618
25765
58720
68545
22172
98199
91553
88546
25073
50307
27817
45827
38426
84069
98801
16580
61752
8681
21608
2463
45953
11153
1677
77149
54835
4597
90946
36070
9040
30852
591
90393
46423
7382
19711
86612
54475
92596
40111
4381
63451
95012
64433
22248
67324
20498
60823
78209
73
82978
9772
5951
20011
92994
78878
24462
4063
49103
33366
6713
41911
98008
83428
92571
57354
18009
74647
96185
32958
97919
67303
65175
21935
94540
25300
35810
65475
78399
37344
42839
1392
91717
6227
15176
56549
75751
22488
64873
63147
22241
34121
96718
97905
9607
82611
62641
58909
61935
29558
67960
19093
64995
26069
33107
50712
475
43842
93609
66484
11369
787
60758
63301
64998
87554
63187
29433
17006
87864
70103
48538
31653
34813
27706
30945
21214
84075
64076
85320
37587
20537
16632
21799
46128
47904
50881
72630
50240
37524
18563
90818
86330
67935
89503
5083
79357
26055
84200
81967
25406
21943
88674
50773
52045
38320
14110
1964
39577
74134
67245
53524
54992
53094
65312
43836
88415
24908
39648
79352
7465
12075
26636
47823
6939
34665
19973
57907
93027
18942
83188
