68816
55188
67038
85563
58979
8020
64331
42267
77762
24930
52309
89672
61366
76469
35836
39588
76735
87901
18134
2600
98871
75668
3246
39775
93775
61927
39393
62010
21421
78785
85510
75643
21233
59529
25091
90848
72828
93941
47779
16010
30388
53536
61137
3738
7030
60382
98201
37251
35297
68644
3974
83113
40596
35639
12313
72676
51583
97705
41576
68909
97262
12047
17061
22181
93100
12379
62314
18144
16655
60317
31944
31123
82612
63635
81820
15455
7631
81641
77290
86884
47668
81477
97352
49791
80373
56164
95525
55254
49049
46861
66112
11104
62328
79222
98838
8003
7910
45695
94125
87084
40021
34902
91300
65987
7879
42438
54769
85257
25315
91548
34256
54222
23210
17251
81806
6238
18901
70673
84784
79390
91142
81393
20799
73223
78023
19895
11769
66773
20232
80965
14444
32915
87336
23425
12853
59104
80782
45908
20595
7237
93393
17194
52444
20954
29359
21807
91229
19536
24285
68362
18744
71143
69118
77163
32401
438
31195
10851
93022
92253
59170
71680
80822
93264
65149
89861
63415
98358
34292
90360
42524
58366
37651
12402
21462
90686
33321
15114
27837
96648
92571
51525
78027
81574
10492
57872
46845
25983
27765
68492
10111
11931
3128
40336
20115
55334
81947
32184
30614
73393
42082
66138
36889
69992
62810
6448
73821
75582
9881
4968
36500
25339
38334
65756
98677
39984
63241
86868
96589
78102
25628
85891
84127
41156
37467
78723
51941
60280
91980
58106
11106
85104
46373
31358
71813
57217
84627
66076
48849
88444
3976
11602
70377
85969
895
34497
42242
98982
93049
20111
47944
38083
97066
29184
41984
51846
14334
56444
37980
61207
67767
69363
92050
80543
81067
98051
39427
4506
50584
97127
13237
12436
58090
89574
57183
53810
66445
20081
16390
24778
32924
71741
86143
50414
76647
6345
11370
85928
47569
12847
3500
42120
13577
30092
8670
8385
57073
33266
76172
83897
84059
6418
30573
235
13259
42694
87362
82140
7248
24402
96746
86203
80047
35037
36571
7560
48169
30317
55912
86724
17012
8014
19365
84459
26905
84897
79567
42868
48700
7244
11426
64216
6621
95307
98709
43232
97438
32864
76524
69212
10760
17034
64437
87558
28961
83680
21141
34423
36504
58528
39558
30251
2891
79344
58820
86067
36531
91583
87279
39733
29701
50280
2264
64950
41381
55145
45700
98552
6938
62666
31149
96845
63316
99511
78655
48921
83163
43013
77297
15944
56963
75203
3348
66823
4371
21559
53627
34586
9697
76583
45079
91928
59970
42906
94580
91406
13134
95185
78614
78073
28652
51032
31167
46024
46726
88294
83043
2812
28296
38808
20008
91505
99978
72120
61018
69994
34542
2544
43787
98786
87888
31788
6978
18688
39714
55020
6979
16850
7456
72467
23477
5263
48244
878
5683
87068
32977
83666
69985
4515
57848
52237
172
25049
34467
68383
58488
41597
53098
77531
84607
37719
95988
11217
63421
70198
74282
24728
74649
65496
77362
72014
15849
67683
47405
31093
34155
64347
68861
87135
50838
87785
76391
26662
41795
63983
14400
13416
89078
87773
24951
37634
81842
60753
7879
90448
82080
85038
82089
41214
97162
22791
73023
78899
88674
75862
6832
44219
3294
94536
22280
79935
95634
81689
42949
81594
49914
24046
89411
14213
32915
63155
73634
51845
8443
32480
45031
21560
32252
67703
47249
73091
55942
95846
10741
91700
5871
24327
56976
92381
23890
83482
16715
31941
26045
91458
62849
27457
84628
38653
28244
84161
2745
47142
94695
5755
26907
79111
38907
93628
65955
24709
15933
80623
64027
11570
73849
37916
62452
4747
78015
60155
90805
12643
83723
19670
68483
44626
24166
31695
74745
61616
73845
39428
32451
567
41412
10291
86777
43684
48716
55502
2110
93084
35163
63985
39300
30238
45796
59966
98122
61040
67007
27420
47095
61142
18274
7727
8768
34597
76121
93357
71276
87497
4410
24573
2736
22681
82735
6638
3966
62098
6387
15159
8848
63286
33826
16194
94626
85920
6598
44191
74902
22603
65633
24283
71540
65224
69782
17470
12253
36566
62187
44205
30801
46035
5042
28120
174
78323
78120
82663
90424
28648
66749
5684
72703
49197
98770
5034
27317
49821
39983
55284
644
80767
78078
91336
19514
41537
81750
54042
36890
92480
24334
43407
54534
10775
5660
59905
28874
44949
37420
96208
75619
81579
19441
25559
75049
25532
98488
95173
64416
59183
34338
26381
85373
5494
5922
34201
85905
73384
48372
81542
53968
85966
17782
81707
65678
43685
18918
1269
34097
60210
62810
7388
99640
15630
24919
34213
4595
5624
4701
39394
72007
1328
30678
31290
22738
33455
59216
13936
35368
85042
67355
44571
88075
66003
60337
76032
56090
94414
22589
23270
15817
63032
53709
67120
84708
16754
54971
61191
98077
51409
8798
13927
1647
54546
59906
56660
6187
93660
91253
4478
3126
11019
51486
63936
68078
6714
4224
4043
44615
61130
72954
17956
97632
38574
9666
45563
24156
47601
43852
13314
34980
94533
57066
87279
4590
3917
41781
94840
8401
32529
38584
81272
37454
60779
54472
93282
45191
82686
96272
42575
90563
50168
83811
32030
15505
61433
26828
70776
509
8074
5527
80997
97601
20975
45365
26892
91191
66080
69913
23794
32680
9184
15037
91872
46532
63439
78115
44424
85207
39833
18455
87057
66081
99187
6155
53934
27096
59880
47497
56960
90393
81017
57441
38133
13958
22605
40940
70609
32173
96958
35687
1510
27207
97474
78806
95196
95081
49360
83386
29314
72307
12501
42809
76705
9456
26169
50921
34933
28831
74123
88556
35122
44283
9268
90468
57871
2784
8477
62764
2394
24302
92244
31970
5778
27325
89127
89499
40795
86304
67311
115
52847
53400
55944
17449
43842
70644
57025
32213
30654
64075
55623
53881
11847
19978
33112
26729
18978
40116
64205
48070
91627
9048
56382
34830
99386
31206
13093
45656
22582
31401
20782
87046
94121
54190
75834
61128
90976
11948
83469
63826
71747
42098
68085
35903
72553
83983
68280
88039
74529
54772
82486
12960
77696
15552
65316
4968
44267
8984
59447
77095
92450
32021
20703
92317
72146
28845
69085
10431
30227
78416
17780
98332
86960
43322
69909
7447
93742
25894
51205
92527
5124
83838
44888
31213
80123
72601
61649
56136
91646
50354
16068
3588
82465
70060
68768
6093
65078
19988
58418
2122
59258
27130
72173
2808
58069
67347
77012
97903
64549
51960
57850
4025
34837
9051
49226
773
26739
88539
6859
28453
60056
96273
52559
40185
22025
95250
77725
81987
62992
45132
79835
1398
33272
61955
25041
58789
62116
16723
48406
88810
64878
13843
44552
27023
27058
81120
92254
30723
63886
31368
68933
63825
68105
16592
47444
97982
84236
86381
66723
39543
6555
29799
93276
84055
50523
8259
37552
40868
24316
79368
47452
65037
32820
98644
17804
76348
62314
99254
49831
13726
77138
3021
2786
66753
39127
9728
55514
16821
56928
156
12014
13952
94947
34635
220
57714
30343
89728
97148
90051
57883
46545
48838
5337
99254
92134
10952
97396
27969
84809
57123
48056
97070
69299
64155
16244
65088
72318
64749
82097
4481
74572
73349
75342
17776
46149
36223
60482
62628
64159
21625
83484
65913
33630
35779
6679
98604
93159
88481
30502
53639
32630
80498
93613
93560
37116
34661
71568
6257
56334
44459
46312
46717
43537
82026
94386
37731
19165
27336
54829
98855
20608
38245
88261
91901
17202
62378
79358
72035
82345
96396
70439
29489
91053
91343
88283
28323
7470
8794
71573
2945
11746
74505
57073
56575
57635
90740
99096
88121
3024
65250
46897
49225
86299
4363
84606
58469
45422
59642
12888
61908
27653
88079
66227
60681
16877
62032
17634
45184
98459
39759
53511
27282
7879
51787
63054
74617
46641
81186
42506
84347
45603
17446
64288
97828
62212
43559
32881
1552
61569
94459
52481
55543
84485
44363
83545
43894
92807
49460
4366
98881
83881
43674
91616
26217
54140
71266
59137
41795
99340
11654
85829
99092
21417
36232
50190
97891
92873
88988
11688
63920
91725
9050
14247
39099
97293
71219
9956
24254
75579
82105
60235
37323
53224
59157
44807
90276
3931
54812
31340
30795
44743
19943
9683
48652
85894
52464
73435
38793
5830
52017
12502
45648
54525
78993
76845
66016
50960
23488
93162
56719
94305
64169
92550
20367
33002
14722
70933
55109
74938
53039
16367
88966
77404
39716
86648
3571
34626
59581
71460
93831
55476
97843
49862
96355
50483
10205
34819
60626
2134
85092
32761
55144
12625
84883
97385
60798
45613
38615
17744
52933
97865
38898
63192
13890
35399
46648
40971
66572
45264
90419
65023
71339
59743
30299
27736
69809
13298
89880
51586
36979
57357
20825
40301
11283
9287
16796
81058
6639
11919
85524
96517
74094
31077
92394
33516
51203
37387
34743
49823
24879
87014
33929
29585
45130
50578
5438
67279
90601
76262
3971
98759
83619
84857
11309
2377
55378
43444
11235
66076
98164
21939
71357
33930
65015
98583
17877
46679
29489
62102
78713
50183
14019
87754
76269
68693
91837
59294
97328
41858
67059
81949
209
81357
65776
441
83693
29635
23909
936
6433
77873
3171
73601
54257
88359
64564
90411
75644
51815
48502
49577
75765
65434
19156
85374
63651
87282
69304
62696
1602
61901
54111
1307
45791
44492
38039
81250
26642
14718
10928
67061
34687
61033
89243
16840
44506
36338
57587
71340
10670
85827
12353
63889
24433
11163
58687
25253
57817
67697
17560
73055
90698
36086
94279
62514
42309
29279
36030
32138
19708
67881
49355
11861
32441
96148
31457
46874
11749
61986
53955
15795
68472
53455
34159
4823
77386
93862
99583
75561
97734
1908
46277
1250
70077
46230
49623
11494
66734
8884
39428
71699
83421
21003
17318
22406
92352
34933
61431
42974
99185
51055
18005
15082
91326
83025
84992
24014
96669
63871
83178
29300
63274
34334
75824
90487
26007
54050
58086
16324
73044
92463
56978
52821
61830
88342
74964
21957
35481
19668
81857
51332
62563
79478
70520
54259
43649
76702
65201
3008
12584
84047
13193
64094
57986
66890
59092
34753
46540
30795
37009
37497
90372
98778
17946
21052
65671
73366
80789
58613
2681
34625
39702
47301
10066
5924
46652
91918
69853
76544
91949
72067
57594
22949
39606
55985
23487
59849
14340
64319
62359
84235
19976
98210
88280
29722
12391
63396
43698
62534
48139
91431
92712
46940
51707
30817
21418
44318
5421
37631
60893
59865
59445
64971
85266
286
47591
57083
9818
23991
50805
64615
90513
66958
46194
14651
91832
1771
44962
60148
54482
83721
44905
4881
37031
79329
6729
15081
10004
9715
80421
35985
76855
86160
53548
83877
16155
2693
60126
19213
57179
57492
60986
31720
90214
18531
63478
88169
71196
12019
90783
82184
99612
92100
33212
98488
44999
68692
18024
14631
46444
64650
7455
267
23137
42292
30631
41201
90733
14497
30681
36348
53688
63410
50959
49479
77336
89129
69125
37743
70525
97585
92015
61579
65487
11132
96574
61918
67124
58975
3571
99666
40671
24828
20484
43425
92022
30205
64762
90497
77368
40799
1578
58276
29414
31362
28437
67020
21090
84985
73331
44051
87248
95004
75933
29320
67313
67602
95050
47110
82359
65249
25885
69327
80797
37669
78767
82496
66273
1913
24882
79419
78433
19107
67523
6573
99960
80885
62045
29041
91411
27693
34740
83883
11470
69839
88845
2846
8779
36022
16653
11481
48985
78967
8147
14777
69066
66899
65301
42822
45835
45405
22581
62661
58004
34909
7833
96185
85756
64984
65379
43090
10923
49840
18815
23687
77734
2877
93339
38589
4240
2804
70952
70381
51445
29338
33553
33986
24621
77742
57055
30121
53539
35537
76148
14501
20202
19470
95662
37466
82107
94283
10473
5039
5710
56222
1914
13336
78489
45056
6738
27793
97987
60491
11112
58634
20145
78334
62922
93379
53243
22054
53411
59649
54935
13646
62132
62352
96297
93246
61080
64918
65532
42972
5335
88348
31849
23193
35939
86115
94659
40248
74703
13250
81708
36097
86940
41035
67328
81485
67940
93457
99288
95208
10883
20657
44530
8075
41897
17030
69394
63833
92836
61301
99879
99426
7184
47987
21366
67055
16040
60188
57477
88710
84072
30789
96048
184
70515
61120
88135
92878
37181
35030
86813
96920
88204
89429
55632
52499
89469
28089
99403
7543
29986
40541
43502
60877
40408
16086
68066
94402
95880
52934
90053
91901
86152
31334
38852
85109
8626
7994
25970
46838
46649
48613
36998
89755
69152
53943
28082
33300
61646
3346
2655
47039
85524
72142
54587
33733
35411
29768
53684
41316
75824
36415
82422
59826
57281
71687
26552
1862
77823
30193
23920
47332
83196
51632
22048
12200
72799
79300
69981
47847
8293
96410
45155
15400
67268
9421
74817
36751
65661
78953
32088
38818
6726
33168
12260
68143
42498
60550
11746
75304
83451
92720
42564
25940
58848
17876
53101
56111
15891
24999
16460
16934
99080
33755
22152
13967
87922
87742
41303
43270
75796
1674
69762
17716
20502
87248
13088
22635
21585
74161
44468
64972
48055
78209
63357
65137
11338
60655
58731
34093
92423
16607
37328
95818
87195
2755
32398
1716
71282
75501
17706
2936
16620
99389
85175
92395
68669
20747
47944
62144
54928
34453
37885
31977
41207
50448
81022
6060
84625
21769
4351
20613
39219
86630
18331
69583
74494
48230
27704
47403
81006
38165
22580
55017
33190
32867
40908
81235
89460
28803
68580
61250
86684
32453
75363
36975
29988
11916
62590
35431
11208
27566
93518
82392
98720
42625
21137
17496
40426
57516
78056
93132
57961
10268
2618
64149
43052
73298
53063
31336
23074
92373
27835
77108
26819
78463
69403
67109
64099
67086
2544
68646
18088
90655
37841
36313
99890
56386
40138
47796
32819
48821
55198
24105
18733
88747
63891
46305
50727
62859
13479
3098
47612
80989
1670
62601
96068
21898
91617
28778
49621
30140
51669
62685
4106
73897
86143
24524
6922
22530
4514
66617
79141
70501
58826
62301
22578
51974
85746
66708
7656
38847
60129
81540
71237
67512
92916
14394
83286
14787
34868
8994
88706
40719
41571
33152
69401
90558
80919
82626
36716
90266
56756
52237
31961
41635
16714
19771
62348
69683
12593
27629
27196
89932
71904
4008
22977
36896
40518
16982
86644
69574
86229
78956
71192
24046
55615
75488
83773
35898
41144
9091
85959
32936
28455
25559
88937
4049
71437
27881
93605
98466
91202
63404
90750
33992
80963
56205
4043
25516
95834
797
20691
12884
35734
98359
52841
86442
3117
61239
89751
50326
62973
13591
23741
910
57545
30364
9064
67952
71392
75860
71744
69083
50669
25373
45149
81739
17233
18966
94529
7521
20946
60224
88170
82962
15557
34877
13423
51629
75176
42004
71104
43981
94512
49386
29045
1444
36839
14135
12063
53120
66931
66889
11365
19609
83742
4139
39968
4605
60659
66294
21240
89406
73675
17031
3908
74562
98561
75753
24929
81314
41761
10910
51147
14720
6287
15666
24159
46474
9060
95865
53452
58894
67361
4068
24158
48437
32083
6587
88573
88166
65725
61674
25512
21730
24846
47854
62340
15045
41908
71403
13880
43863
13300
70089
82299
69019
4229
25537
93593
64634
56576
10305
96604
36240
58017
38803
96719
78565
19770
74999
93668
27708
88436
99547
87741
70666
14299
68085
46352
91470
22506
4925
12760
50703
44928
7799
44876
92464
64527
70579
19179
96993
95424
25815
26772
38935
32725
25112
71746
78103
47919
12626
73850
84844
13749
46451
19863
14947
85433
26396
52452
83933
4667
54009
72392
27905
98853
1433
88605
61293
83671
43625
58863
74979
5733
59179
10093
8432
29049
48635
55768
44006
43729
19406
9980
15357
75943
26322
17213
85973
16258
11315
47518
26368
57262
27360
8680
12148
85902
41430
30771
49198
23304
54366
60008
65552
2904
24361
76396
85192
29737
58729
57494
40009
72354
48324
21553
3048
74031
63105
57121
30323
79395
9735
78171
85609
92641
10951
24453
18591
94027
78873
32653
61229
17946
38928
75376
52895
75764
59331
55364
84968
15463
24368
74581
89861
93609
7127
19553
85736
49421
76819
18009
90776
7335
87584
91148
55868
22447
36659
70383
75181
97811
29270
16891
98131
68500
87064
40424
58891
60908
86772
61072
60500
50587
79018
31782
67958
85495
53655
72702
52794
54970
13369
48345
86614
70114
6419
83447
61173
11132
60141
37034
55778
14111
2213
79863
24304
64280
75273
71608
85664
22044
31297
60453
79689
53691
90454
48370
81357
52779
66
29287
54160
61425
33973
59650
85413
50058
69534
67619
53944
45167
72998
86666
18273
54362
40278
45221
42425
21613
53390
4720
35861
15668
7192
93431
48695
73812
57560
3557
98569
94226
94989
12452
24395
76670
8012
14568
61476
56673
97134
89845
23316
14037
74386
91942
35165
87865
11753
62328
97659
95033
16764
97286
46191
34917
85481
84964
3274
42752
4901
87296
76653
81135
83550
6078
53546
56501
84344
41693
23579
85376
69341
70658
71103
89198
48668
70324
89678
42006
75966
11374
42971
82270
78
71519
16867
29891
26141
60095
63101
30926
81572
7227
90912
50116
60191
23238
66003
94265
32592
53219
56861
18873
3497
20773
87651
77703
73205
53726
3302
42779
3020
37207
64669
44809
87668
37437
2319
33893
38478
48049
516
13708
34990
51050
52161
56780
2741
87190
57819
89009
23342
98987
23933
73171
13032
46525
55409
72253
43057
71832
49270
97660
72278
27802
91866
34046
48444
58100
23220
98818
53979
61971
55250
65024
47748
40891
99061
85514
90341
2656
49683
8994
4783
97123
96407
68
98043
25169
76865
37701
52573
68386
34695
90409
51570
10919
44962
48856
51841
27423
6947
37182
2696
35893
71103
66840
53203
75148
32143
25954
87848
37036
75490
29161
42965
66336
35787
69602
39739
23029
13371
63089
63136
46730
76432
74458
18460
2716
22806
37702
35823
56094
42110
91289
62416
81161
13071
30825
78449
83886
1981
45138
4245
57644
73466
39544
77256
43952
60048
59795
75507
25033
13347
26664
62650
69966
61119
93356
35871
72629
96846
51349
49839
98086
54914
33210
5141
17569
89126
54366
93322
39994
40141
71734
48027
44666
51278
78221
17540
35076
59792
45575
67720
7589
71922
81587
97405
64721
74196
82676
88423
35310
70307
17920
27637
93773
94157
23022
29864
79092
10648
20218
57443
1317
12620
88898
26306
76390
19366
8063
1861
31236
73336
30432
92256
60668
56930
57188
50163
76568
76114
26370
59155
19940
9785
96032
31301
59848
75257
25455
36232
36917
50521
79557
76951
17127
90830
75062
70059
60374
13109
10082
42278
95190
38578
21174
71979
34711
51657
81934
78125
19074
6945
89677
92343
18220
19708
79262
62422
91115
43415
50579
32788
31555
1812
85382
63395
17699
36849
1483
68164
38027
40335
49908
7627
27022
22581
95408
88730
24136
6550
97487
84976
98689
52747
77649
11229
82997
16562
11751
33090
37790
75442
91279
20998
78685
55589
58209
98309
3689
27784
78051
62167
32251
39935
36596
96098
68152
1420
33375
54035
32182
97973
57084
36717
12689
57669
47639
4897
10692
4927
38234
79792
29144
5483
82178
42783
78114
59955
66304
73560
37510
84561
78488
69036
37939
21131
69354
83194
84322
82633
65702
18166
91896
63531
38555
26837
86540
30004
28654
6189
92011
56243
92642
69953
33642
23485
21760
26937
61136
16565
64067
94117
77101
95815
50823
57259
15192
18925
17548
59646
15418
56228
54133
94370
84371
19439
47775
75230
41541
73713
77023
84953
49067
69557
51862
323
57143
68691
2553
33610
79971
73656
78596
21653
64508
68945
91075
18103
27963
56517
52222
77947
71943
64945
17307
9755
56822
31158
44140
19485
60271
70094
89417
72237
75790
36045
20863
88188
68453
81000
77350
16293
25029
44721
30086
87910
99478
32463
29243
34250
54782
40050
74963
93575
10139
94124
46239
17616
45456
52664
82909
21089
59797
75911
3272
35853
61036
91633
16931
72048
43005
9377
54258
37773
3314
31320
48765
93299
59994
72883
30263
30242
82566
77713
49172
53915
31554
52841
72193
1375
41742
54500
80024
1573
71305
87118
61672
15805
29727
82546
99940
50726
61842
73931
52039
91637
72432
73863
21891
90500
3423
97317
63370
65935
89794
52427
51401
53174
46660
25769
59095
2585
20078
43502
14065
63304
94208
50037
33499
7350
23960
79911
90400
77311
50928
78520
9577
13351
1292
26567
19320
12028
17935
58638
19717
19378
41386
47097
4636
43807
4412
38483
92598
40790
79582
15852
63751
36999
81737
71914
17222
62022
93385
34815
7308
45440
5548
94181
52659
17679
90833
51427
64067
75861
58192
43802
58411
95187
99328
30034
81344
53788
17539
23726
92082
26049
47454
69696
84107
61103
54037
23843
80082
45802
45178
24222
56359
30692
98947
89046
11839
46668
51331
68814
75540
77136
43386
78790
67019
86873
86255
45877
92040
25688
77725
30931
93483
91369
72398
78636
8123
8590
32260
25708
30931
2858
3195
17097
67687
32885
30314
82894
990
30771
8107
24979
42792
37391
88191
23179
28546
78296
54322
75411
47692
81394
97729
69458
37997
43946
87439
20414
95266
59430
73951
8292
58397
16492
67181
41221
88010
27492
80530
98108
20049
79086
10581
72827
99864
54422
80708
59585
42451
50783
19026
69512
73807
13098
30580
79098
664
28252
11987
62160
39897
65751
11228
5647
49741
29437
72228
35202
93672
33261
61411
59218
51055
10988
41699
23596
66199
65103
10462
30962
70863
59379
89231
35571
44905
93379
56326
17868
16425
7516
59366
84379
53916
42483
83954
42603
97495
62975
81275
78494
40917
544
27630
94569
73573
10904
46708
4029
59117
98087
55191
4941
8230
81709
58557
21596
29547
15619
98348
58506
18068
64127
79472
72676
73630
53454
96281
40912
53272
91573
85897
13490
6492
74148
40162
48421
28132
2489
96777
33694
76965
23468
87476
44240
60704
44398
96020
95688
1823
45896
47124
75540
30611
15506
55109
73917
10319
82885
95878
75887
73196
54229
57256
49541
44684
1454
74516
86437
1909
25878
10620
81836
33769
29320
26981
83782
56620
74108
42963
48860
60205
97537
73196
14598
58175
74451
85066
62034
93896
76800
93415
87267
68435
80111
21639
55895
28663
40963
32897
92230
56557
15826
23216
18773
18734
72274
40089
20028
57184
54645
70026
8173
35922
3816
31490
2149
20899
27816
61012
23228
72456
58669
95045
60520
7337
42580
87377
46133
50098
89264
56400
61146
13179
58090
20035
37583
64556
16431
3181
47511
18550
22817
79985
78433
93657
86616
55843
90184
15636
95149
70240
88669
28508
17368
19156
96162
96654
98984
67807
65086
11797
16473
56559
26664
49017
47024
41631
79202
93921
64244
23395
72486
39826
96393
91926
61820
39629
98308
24171
18184
38513
46172
54386
54704
833
84708
91135
27051
97368
31461
3158
28649
72095
54501
37760
45521
82492
38028
60412
42446
3748
43430
5985
66564
39723
27871
96462
52835
91118
94696
63320
28894
68497
36819
38378
4008
65228
6700
2528
90637
81393
86768
12291
59127
58940
9779
71929
40085
26304
56465
26136
47149
16390
80112
6061
72828
23484
18865
18371
60683
18138
55537
27034
13692
44674
57076
57227
36452
40715
21967
4388
5137
76842
39997
46005
423
72328
3891
81055
21370
64917
2947
39862
63250
85358
24741
60717
27687
30854
81706
33902
44853
86580
21086
21291
99025
67534
38857
73716
47731
44800
74072
86601
91239
24202
44485
94607
66585
41568
30457
70520
83942
213
58221
13962
87021
51495
99770
51951
92559
41222
44638
99602
22567
81134
14239
60554
83858
35939
54342
59297
15080
6079
15410
66403
49822
90500
44970
31114
27585
36744
13446
32717
99669
70123
55966
91238
13477
47765
47578
21478
75522
686
54297
94341
4708
23783
15187
82369
79093
73841
9134
88145
70865
87688
69052
33025
87771
24691
25093
68258
87790
37823
57686
36272
32726
31399
92058
12393
51920
22874
45174
46428
48223
12769
88767
2760
1963
83507
93280
85034
33583
40838
62679
86530
21142
34191
99923
16390
3299
71672
90551
60481
60205
5987
40587
18165
84640
66033
53332
45972
11266
44902
37710
78450
34872
96657
41375
48358
31191
49321
81747
4227
38319
35966
13151
76662
85432
35406
5976
8904
50300
85685
70522
49407
60476
2082
98916
38407
74919
59780
994
70645
59328
44155
5404
53712
27241
68667
69366
41559
96195
58076
12683
16038
52599
43793
11167
5722
59423
16076
6114
70702
38894
96961
29826
32626
11468
39805
28344
68888
35189
63591
83567
18847
79856
35608
44394
33744
26835
35392
20067
58725
26059
99010
21890
67785
80400
88057
8928
96393
53748
56331
54017
50118
52519
95983
99950
7070
35931
84784
50235
52283
48368
86791
31195
4044
61141
66633
19262
31128
2226
21177
32733
27113
83689
12050
59299
78355
40422
2475
83642
45987
37137
63594
53308
66601
87693
44756
77179
12202
74833
50754
35584
23203
37396
62003
7290
84175
995
39515
21510
72892
99019
95753
32259
86740
89507
8276
81758
76223
43424
56718
11072
83627
95524
80603
74094
91614
77079
77600
63028
33321
53370
51132
5992
94121
74347
51090
66266
36340
38063
20122
82573
37552
15303
81090
3883
35576
52502
98740
53982
15325
96614
71882
81919
34534
5424
30193
86497
82204
37903
83910
38973
77223
35463
82256
87019
33897
27173
58732
43616
93566
95035
20060
58827
31579
36285
8817
23551
67173
20791
68086
94176
98287
96130
67719
37862
62884
88305
29814
78305
76459
44684
78665
65619
72608
4380
71980
773
67870
57223
35604
14632
64777
1971
21026
76411
19895
97880
30231
70514
58045
19432
45309
58824
24017
98673
28487
47577
78646
39775
47033
79581
36660
48069
85809
64313
81822
3917
53561
52371
69130
5116
73511
48429
8738
12026
69795
8025
10886
5967
19974
1206
71995
11970
69732
14376
55197
62815
49269
58425
49910
55559
31420
6592
46198
29386
13262
56872
70780
64739
77032
99636
15029
78379
84880
82608
22393
3629
74622
83685
77485
79040
63066
37707
21712
94811
56387
48941
16938
87717
16509
12381
30026
59407
78124
7334
47121
53302
99855
27496
33322
65404
36533
14439
95658
94501
53168
85922
73597
56184
70964
56755
48518
7161
19228
30297
42179
82429
42192
46484
72561
38794
21051
78295
94407
17703
36204
49316
3675
98163
13823
49410
2306
19464
64695
54313
81965
54519
80325
10841
39412
78877
58749
44545
86181
14645
57315
21201
33731
91006
55760
82654
83898
66047
93156
26182
65193
52071
13932
30911
57307
85661
22656
13981
95294
18763
86244
74468
52064
55053
12714
55918
25212
23852
9486
51286
76967
24259
2001
92997
4460
87087
7647
24415
53588
95207
27236
77614
33325
5389
65039
57964
50216
99424
35323
8322
7171
75085
70030
19356
53170
32628
69184
74440
72732
56433
85899
32579
64433
61506
7964
56522
23810
95597
58358
65141
10748
28898
81432
13705
45444
21819
49275
99955
70118
70898
24383
12700
93656
75807
73069
46941
98574
59777
21131
83632
61528
8484
38735
44919
71246
44331
72994
48950
1909
55181
10197
36032
58527
38818
46472
59446
50968
2329
77511
6910
1848
43122
60357
28321
12722
28615
91178
94674
4651
54153
88352
79516
4336
74407
40606
23785
38861
13558
87744
96056
97512
65545
91986
65887
95246
51935
26715
87061
69014
50449
58249
33507
85379
77743
88336
49233
96145
12565
26757
97784
21082
65
57419
57377
74004
24434
62804
1719
30317
87956
53611
69349
12846
48290
46940
64846
27503
53303
99481
4270
7471
11158
64356
34227
37226
54097
5611
41661
51709
87675
88232
37415
54527
56231
84176
85723
50839
83180
31489
34795
22462
16692
21193
16794
74959
2847
96469
10163
75878
85005
12653
86564
92667
83096
80353
41652
38475
22781
53194
68349
10711
65595
80249
52985
78219
56861
67456
44530
70305
72656
12836
30113
48457
10961
77913
27698
65609
21330
35539
93663
80877
38214
10993
63390
35091
88965
60537
78340
95642
22187
69472
83641
3805
33558
57659
31818
67475
56944
53683
58733
65649
26257
82947
81884
80808
80483
19053
43601
68283
81924
36631
85588
67691
77237
47436
18040
15624
19994
71931
36920
99581
29075
25288
32084
99251
30307
30197
7674
37611
66189
26309
46933
24165
79177
93494
66316
65199
41998
13840
23268
82038
75559
95173
14940
68851
1014
5193
87570
92341
40740
65426
63988
48353
23014
99754
70326
86548
96165
90782
96167
66284
46720
32330
83830
70073
60739
55118
6152
97549
65297
38207
2518
91870
62092
17459
61682
20655
68636
99242
57020
42264
32959
24113
26622
41977
54923
31532
19519
33772
37037
42235
5499
87821
3705
37730
91798
79934
45383
76755
17993
95650
51149
99312
45394
78796
38525
14203
64604
54527
22074
56121
9442
24274
86443
71456
5667
736
12124
48179
13781
68036
31651
85428
351
61104
46593
79805
31063
21149
67534
47459
94982
8635
28992
24402
51815
55248
96122
46086
33112
97420
70616
5987
2976
9266
68405
74873
76514
70718
35252
76800
90161
41801
43713
39673
59783
91
17931
84525
4634
93477
81901
82298
97199
46109
18870
60750
44380
9367
51932
28801
17191
65057
37494
31153
56189
13908
87579
33042
25969
27958
55900
32748
69701
11173
96339
63827
96230
59025
29282
70771
18441
66037
34779
257
6878
73620
16837
18987
34748
61120
16977
17022
68250
62169
6212
37539
71014
36456
52234
51540
53272
8046
36792
32100
47535
74016
99893
69327
40572
88831
20587
12835
19373
77091
95814
39125
70306
3623
49660
79808
19846
33731
52539
12096
32631
71698
18515
70144
18631
93413
57536
38693
4273
28566
89463
58528
24589
316
16392
94248
70821
88772
63210
66234
44976
11820
14912
8028
29367
72432
61634
75104
79357
91593
26957
75794
28918
15712
24365
39885
73892
42776
36459
96350
34135
24237
26797
48586
64865
64593
14730
27517
37723
78552
73315
70584
92494
64412
44132
40010
90541
34985
5973
90480
24993
85351
25760
58434
8360
27292
19754
4671
95667
66352
90329
23806
31042
41882
15587
75101
10661
56923
16219
57634
83416
39783
47854
67780
45884
8299
9910
33973
81060
53927
50538
74604
24854
58982
49008
3620
90757
70341
49679
97103
80821
71325
79844
99911
15345
62290
86520
76925
17597
74921
88224
71135
89732
12519
21175
32419
39616
35201
22965
46440
59752
58070
88809
19538
35471
48810
28077
17619
67367
78425
66936
80222
32129
84813
79137
56243
81508
60938
82158
67253
12208
62628
92233
29667
25358
16875
9945
97580
13413
26987
31155
10578
80796
32555
45286
77139
44163
66151
81413
8792
61877
44345
33946
35175
9407
76393
80258
39326
15547
57839
32099
74973
64335
7780
31425
35265
34409
92743
8686
42391
35307
58035
54458
33606
91345
24297
62323
84841
36022
27675
90294
10959
23753
52875
72941
47576
25862
39660
89925
21546
31954
51785
38111
14309
46561
72631
28990
19680
28483
63143
36027
25544
8200
65509
94846
96665
4167
9548
41330
95487
99027
83779
20691
12207
20900
78342
79215
98003
97780
8139
36974
16695
14058
7449
13161
89253
30884
46473
44556
49279
63691
99368
25966
92703
96859
74978
93055
13616
21117
25702
20378
73994
66019
21541
51385
8301
87340
20518
89219
18491
20449
56319
67061
24325
21554
82729
86870
59383
72869
25996
29070
16513
8878
11905
80391
90558
36779
65407
29029
34649
19665
42334
5858
50120
18848
6713
56015
78926
48183
4516
15330
31479
78722
24552
62444
26529
15308
47104
40171
37102
85346
36149
40683
11193
95359
1790
73034
81168
16448
78645
54858
3403
68467
61308
19433
33543
78097
17176
31974
82595
48041
57900
1846
61924
56463
83252
45287
12628
17288
2814
70433
29036
47883
24360
3094
83430
17347
33124
77949
75480
6691
17177
25980
82447
92277
25037
95843
56988
94878
57330
32141
70941
52073
15204
4680
79284
6748
6189
77118
79838
12809
83733
71714
71993
77136
84391
18251
71068
97084
44046
469
64299
40365
37963
83839
61040
70358
57124
5953
67144
79476
26108
53394
9774
66423
44300
79881
85156
99011
2383
50078
11958
35776
52243
13696
71212
10835
31180
62594
3675
62025
71636
88677
94687
68998
4177
69744
76921
51783
82075
97451
42616
99841
43619
54309
61739
11741
81082
74401
37636
90924
74235
14720
8170
82522
79328
19739
41139
20232
52468
1502
31003
19190
85726
56861
54023
54739
26869
14985
57441
81033
43340
26313
62781
78342
73255
47504
46945
71617
16638
88449
83218
6413
14422
93677
32361
1428
45817
74048
18719
71871
78904
76797
70921
21852
42205
4081
35504
4032
75962
88035
56616
53312
91193
34721
71634
17743
89495
34805
78123
24556
38833
11493
51434
13094
94860
7864
41512
65494
42326
49632
2196
46172
97695
44951
12619
79160
71055
21230
34989
35376
2786
88252
87349
45024
80680
33372
51181
89307
24398
81869
52340
72566
2643
89541
54333
97503
96843
17491
87812
27459
7842
78734
83627
70477
80667
76326
66561
25576
58472
5520
89579
41068
20717
30957
41505
61786
7827
81659
39402
81071
27837
73546
51726
82255
73871
24834
92303
28502
56273
70901
39238
98874
38859
67911
90507
19132
71524
71415
28901
21597
29703
79800
47130
38738
18363
50383
33310
71661
67365
35877
18440
16846
82875
53728
43578
27835
74375
91845
47356
3282
36926
80320
41996
97365
77267
42869
9981
55702
90939
43567
20273
7129
21703
38301
19986
98310
74406
70948
75625
10825
74591
99971
9033
11133
80526
11534
12943
55109
48649
88358
29503
27599
1668
43526
3713
59872
17287
37473
68728
60577
29913
61828
98089
5081
77361
88810
5998
66980
50510
94589
99025
42217
51322
78350
92944
27390
25635
87408
11425
26316
80516
79284
41989
42119
44517
17129
12494
66156
60534
38372
18085
736
62568
25699
43450
42874
96826
14136
75991
67581
80742
43749
31127
12399
1496
87613
53575
63251
76699
53642
10393
81595
44425
9011
84850
74635
68041
14942
52625
7521
32989
85213
53931
54762
53800
55680
32166
82036
20563
37917
65027
28977
95708
37688
67315
85640
62333
81006
76971
3163
10271
51195
28407
18091
56201
88978
68190
63195
22638
91640
38003
62686
48136
5637
44080
58329
84420
92452
38803
48900
64226
7204
13288
20229
51412
70753
24310
63179
68431
2547
8614
68293
33441
25246
27234
3648
76890
56447
59782
40869
61287
28834
21037
57099
13906
12654
79397
6476
33335
94183
31233
25881
76561
21948
19391
69476
12330
66224
45224
10950
91316
84610
27728
99212
93051
72572
85728
45264
98363
59297
86753
49073
84245
80386
45269
21578
89714
7302
88463
74048
81290
3388
23812
56726
41820
67630
43058
16383
88022
90375
2675
91631
26476
13121
97249
56843
43290
80854
46974
38807
17130
67415
94401
76725
43457
51127
813
10231
40418
86646
56192
6883
20562
34878
89474
43205
72887
19090
95312
63895
70418
13751
55344
89076
16880
6755
46925
77126
12468
51587
57748
46394
22449
51729
63609
11561
25517
9254
88033
19967
22718
35969
8553
40276
61335
63178
52319
22020
44085
13801
38811
74160
20957
56800
76940
83810
80456
78520
82443
2322
60439
92791
37119
53502
25134
19355
93731
1195
56329
70813
35347
98844
30434
92613
37250
55555
59460
37448
98084
91290
52892
33406
2937
13033
98139
17935
19150
65774
33418
69303
91069
90997
48657
865
50284
89266
71546
19218
58864
51823
48890
2369
28985
45153
98501
9470
50455
89042
70373
17145
95410
66501
19800
89778
66945
26965
9543
43828
80797
93320
13330
87998
97976
21777
30681
93317
35188
90210
97010
76727
63747
17792
70485
67958
79241
55719
56657
87530
55893
93916
11859
66931
87539
73140
48893
93836
95012
73318
62152
47706
79987
2629
68958
28931
60236
53308
95873
749
60484
8874
40717
48858
33395
16427
84644
71470
73147
991
9803
41445
77474
54061
19345
45993
7853
83088
61158
77927
20513
150
43408
5511
50624
97897
73812
63918
68379
61943
20672
41499
49470
47557
77901
97107
30759
19232
45705
80834
64679
76860
37900
86970
33651
31839
89949
62704
54631
9021
99464
684
29593
7165
96151
38180
23338
9158
17638
7355
3453
16393
94423
70009
49995
46976
44844
65209
42498
6065
34868
62677
89476
39151
78641
10011
53735
61031
26434
63824
94380
44778
51086
63622
98328
49867
28267
30850
94929
398
94839
28723
87833
40733
75697
86756
84012
68071
49318
10458
50944
60870
5216
19558
97641
15508
28392
37842
20164
5284
70931
91363
93935
99993
69205
62033
60414
53819
12353
1297
46821
74314
2511
54500
81810
83265
630
61799
29865
97279
54677
56392
35674
90672
77608
61649
33872
16455
86822
17326
29101
48307
56821
4528
40441
1029
93436
22277
95001
26026
36126
54588
11750
90267
29647
17903
45001
8531
52755
2822
75925
280
93865
82597
81214
6875
1058
3480
56101
57035
54321
47422
201
34812
36616
30337
72407
67041
19881
89123
1554
55321
56705
47720
3964
1088
42691
3860
63470
21649
20302
35266
16808
21806
3808
3294
85279
74243
66564
65996
61642
91498
22766
36632
13653
3547
40613
10254
59347
6787
82385
3749
91914
70716
81948
9976
26651
63338
12586
20679
51372
40281
32991
77558
64272
86025
17493
8815
11200
57717
44553
27605
69671
46727
81069
7194
3857
32111
74106
32041
12844
68971
95833
99700
2750
73902
51719
77358
66227
55112
5713
43846
87538
83411
44468
14311
86274
18861
16018
12612
20723
60964
55507
21195
87157
65057
22196
88820
28426
99800
42518
41804
79212
49126
30427
52395
28376
18862
76216
28891
52025
43409
51810
239
70381
17666
69388
82443
74188
28730
33157
97872
59675
59829
95984
60674
63983
56363
37095
41328
76190
50661
3654
69287
56363
29533
44857
70163
55665
13143
87471
49997
77159
83228
69530
28516
26207
71405
66709
99369
64726
5463
58965
88994
13830
8589
24654
53467
93370
15782
88013
49697
83612
12919
72779
95883
47938
58758
58269
84387
59335
33591
19516
72251
15783
51791
89832
53094
57007
42102
46013
37057
85251
84545
86328
34254
26619
61156
92350
33707
57944
74217
76112
68648
19227
26908
73397
5044
43224
3883
10843
94163
77897
23022
30330
89729
47651
31588
78496
83657
18352
70387
28756
60236
35557
28538
73438
80861
19449
46869
65792
71448
82268
26841
67344
89186
69023
81657
87102
62506
53350
50942
67157
78381
23771
17547
78324
34493
9837
41812
4244
47232
14202
3315
57331
30548
25363
13897
54935
75141
92850
84222
97541
41784
75462
53596
63847
22086
3453
87376
21368
48888
59291
49230
13168
74309
87732
87299
81744
27100
18486
21663
48897
90407
70148
23100
44091
79352
767
32289
11547
73798
74200
92462
81086
60271
15869
33385
12189
19485
78785
15093
70641
83642
15391
23065
85859
59125
56324
49918
99909
38575
8823
1954
3369
16995
12964
40423
26523
93217
15899
78494
84936
69875
68341
30379
97838
70545
90960
66143
52440
23211
66057
21069
64026
62162
47366
81104
66973
64944
59957
79217
14213
51127
72087
72455
30682
20437
66654
54602
81874
76479
946
9683
91502
33481
42702
96272
8243
48452
15679
68368
36269
92098
93160
20855
54501
11046
75427
34194
86256
3852
51042
24738
54437
20110
89519
944
79715
75369
25413
9946
73032
18284
91296
20967
43548
59067
23486
98366
7654
41569
86148
73211
18583
21316
59836
46346
67512
81462
97748
36657
50546
56004
15117
63548
97633
65030
6052
80965
2801
57288
2008
7229
85304
48840
79548
12172
30199
80019
10093
33317
95580
8267
8310
93722
74862
69114
70230
54402
40149
70158
46154
12307
26413
99661
23767
66414
61753
83262
27127
12416
61768
99704
10008
26094
82204
39275
82583
95931
1305
19995
68296
55426
74180
29028
67293
97786
82198
13053
90618
51779
85414
13310
22925
19858
99751
36336
75667
58771
56461
30393
86022
45578
72014
7935
50444
19219
93141
91402
87971
15889
91035
99937
82844
89938
67917
49277
50075
5115
20292
23149
49575
42774
52385
2526
65917
3459
15621
34176
24309
53341
4498
33000
85362
77202
72467
68275
36026
61258
5505
35658
54513
75956
78694
826
63563
63479
9034
25133
60985
39785
44446
29922
73876
65792
31833
47151
2247
30429
90797
45143
56328
95037
11820
26977
48931
62327
77713
56284
93260
93379
61332
95436
54259
23894
4982
64308
57443
59882
91627
7616
64832
82636
32470
25028
52094
14400
92564
50451
50337
53128
26437
36612
80049
95428
56498
78664
49392
51428
95560
51344
15448
89223
78796
82481
70057
80315
52798
44070
12763
33527
43421
38799
65943
30266
4557
77428
76929
38102
76308
68720
41816
84588
39168
92304
21551
58941
68363
22399
73287
69431
28850
80117
38543
83447
40040
24730
29765
28813
3291
44663
58349
2050
64250
16501
80308
97265
12536
10667
97371
8726
46673
52220
99240
72442
32963
16909
48611
30007
97518
4009
87474
88752
22382
94760
47507
66400
47768
12017
58179
87804
61095
85091
24851
42319
34713
57517
4815
80808
58538
69235
98504
20251
55575
55427
31668
51275
62728
30575
35960
60322
82733
6985
27344
72501
60266
83204
85003
18634
17674
95115
39367
99696
62199
57092
13246
99772
38346
10380
78431
1633
60419
47319
87394
91309
18145
37559
93928
93904
99457
134
16643
79604
35194
49569
99295
96314
88207
73252
8373
90164
14902
69084
5728
13443
17075
55991
32909
56095
1009
15239
88065
89085
5916
12590
39171
21715
51834
50847
27786
96846
27738
67975
50396
79775
69218
59408
85762
16827
72260
15041
36974
48785
28505
7128
92425
24536
58067
89416
62868
49999
30140
36423
7575
68767
38753
55041
44119
64436
73819
9425
43031
17624
4788
79112
39160
41099
30135
50013
4759
53656
17694
94440
65784
49602
73133
19189
38970
44384
76027
71427
49273
26617
80755
23395
19412
99507
99913
99902
43803
51131
82066
12351
89876
57046
68485
17787
5615
74615
7231
8262
65658
83124
36860
34941
51235
92312
20933
29348
40417
56551
82900
3954
94686
98322
22640
65911
84499
99020
59329
26576
29076
74478
37544
45719
27915
42617
53217
71443
97673
22260
74372
21771
52697
39188
53529
98188
95799
6914
19474
82993
96388
43680
30595
12059
84044
44661
10508
44428
56448
12739
46742
53584
12709
84479
62111
26552
93205
72800
70542
74097
32098
39406
25522
59485
89742
22192
72570
3501
19710
78205
71671
18999
74615
2430
78022
91561
28222
29333
13230
40826
85681
84624
30859
71083
56777
69934
77307
71488
59496
66040
1090
29992
40732
1243
50526
70715
5788
48885
46720
51836
22205
55596
76921
1837
8967
44280
96405
10432
40252
89189
86317
493
40602
84128
35309
1883
55451
86847
59515
40797
30545
64772
28913
76434
93139
29036
98589
32692
45672
14778
48646
27990
27425
89424
18861
49381
86259
41451
73884
85417
40249
41244
8714
46455
63561
87999
2828
60186
27049
34668
13781
44937
89462
81185
57451
12564
44492
41527
12143
60387
33765
95842
7772
93092
57585
1552
24185
28109
65874
66951
33103
5294
47003
67861
9251
62005
37627
14385
86342
76934
33821
84849
83765
40301
27165
41193
67161
74864
48734
36777
28011
53760
53737
81020
18301
88378
67557
54439
33648
10610
29658
67079
36416
28272
69555
45223
5178
45431
86550
68230
36568
64823
92245
78343
40714
12139
74891
91990
66393
53169
4504
61440
94933
79653
68319
88671
29214
90326
99152
41086
29851
47140
58311
82104
3336
10109
26503
63628
20049
60957
4111
82457
4778
88978
14593
97384
91721
63062
33857
51779
49275
11257
55216
15028
86938
92858
33261
72490
13867
5164
46314
39435
45804
72436
66395
98673
39131
72907
90043
35246
26021
84247
96064
35487
28130
72514
22705
71049
71775
37431
56
5647
91112
49626
73219
7860
95679
47854
41943
40113
12360
33041
16980
74668
86433
18354
60642
53506
33260
86695
16082
30683
27233
20986
34739
38914
65545
94941
65491
72808
77217
62271
55801
14023
39659
55324
96704
34148
72982
72672
96061
11371
66396
19516
80248
55812
17742
67204
66879
95418
72096
6901
6555
97745
95801
11740
11331
38966
85893
2085
8969
64633
34505
56882
59689
87434
41880
84631
22800
82156
84463
38789
75528
11390
34407
4267
6694
43767
38424
99239
44258
62630
8731
3375
41398
28362
27583
42851
17604
88097
64391
54146
78367
58143
39235
23538
15938
96966
90624
44371
58948
51648
94017
9116
84312
14072
12510
15976
16579
43862
65621
65519
12956
66993
77175
96947
79045
43934
78099
55786
9548
89659
4416
20115
44672
62267
49605
26226
97054
31951
21515
26262
2701
22890
20253
68889
51752
44989
31234
19150
61761
22949
57921
92989
14316
18492
51937
25647
78700
16819
59731
49986
5475
24792
81595
46633
99297
35932
51368
23961
99069
17165
899
5194
76609
2256
19527
51263
51360
66688
73311
67681
68896
24056
68852
40616
29926
13728
44624
80545
16117
78363
93977
94137
53497
38188
5559
31493
80531
10193
29610
157
60473
6179
32937
88426
9209
2371
45688
82633
8092
50959
43172
81818
67003
27080
13176
12302
79788
28507
92954
39447
41784
21942
91951
5108
25910
31306
4327
35734
25505
83480
35511
38831
7988
57678
54126
43274
85933
38773
46100
83927
96328
20668
54346
50882
23820
67334
84784
79037
17872
84656
58341
34481
25234
6094
94369
45197
49585
77790
79314
83776
54884
33649
86991
67686
69089
26704
73710
22746
11427
82273
32668
53235
13435
81432
52693
12321
75274
15532
82420
99620
64878
80007
10020
67808
6163
76045
17228
67418
26094
33563
53144
87164
24447
515
75450
41216
83320
55582
49467
21864
67089
96596
24368
93025
84173
6844
38217
71434
33204
2432
99756
65878
76297
69209
57101
40048
68188
92650
29629
75947
79298
35556
62963
56019
70188
16947
50655
5213
89135
41550
39492
81722
40946
1238
52855
61931
89220
29811
82298
99877
45256
33271
94705
72739
56851
56937
62902
47010
20078
12949
83860
92691
64295
67755
3764
5362
56157
44882
41554
95852
95309
19679
17813
47329
2578
93938
990
11823
17431
75177
47334
51138
53349
97677
84604
47452
79481
66526
48902
910
98459
53796
90996
47340
51237
51839
47311
6101
8945
56949
85462
69434
64693
48384
74213
93645
91399
36129
30651
25781
16849
54052
2531
34492
72179
47512
60473
5426
80812
26076
37770
15301
99223
22244
12555
96147
35519
53675
13819
70110
48086
46301
82763
85109
48154
94662
84679
83085
45933
62587
6617
52735
45882
68787
56734
45712
41997
85946
6434
23878
77627
16937
78586
19635
89559
13232
74717
61041
3271
51939
7208
42329
67128
82731
24774
39947
74590
25092
26187
74557
74962
72986
49713
24642
10211
94087
3185
47320
95346
96133
4623
2709
7949
96189
85013
83564
60649
81732
40864
25436
28922
48346
56321
48015
40196
7256
76930
20390
55635
12515
58839
12351
50298
62807
30490
19783
57071
78989
21420
91407
99977
56665
250
77478
98828
45627
58153
48979
89851
2129
56590
25442
38123
75082
75326
4577
79206
5081
64716
79271
58390
73222
61689
75730
61375
11046
4793
22894
4259
69213
68973
48874
22639
59223
47739
33727
98022
71891
77198
43957
24098
73724
58253
55848
32779
61222
91138
18824
34976
51900
30874
68360
80820
20420
47137
75451
89847
8557
33195
33414
51814
30231
24827
30171
12420
73565
11842
13574
10765
94381
91647
14019
42878
80543
86704
96449
65587
72010
15074
22860
94329
44955
527
8811
23822
19583
28235
52430
73525
38633
52787
7236
39795
64968
79571
25924
48629
10378
22429
95226
61481
95366
37278
51498
82731
55527
25446
8413
34194
22312
3434
21726
96950
34363
14755
26270
91307
56407
45701
73927
60768
71243
35665
78654
31134
24009
86606
2943
59283
38182
8851
81813
22895
30032
86238
76252
79982
98552
3750
34624
34472
35295
50605
47072
70267
27246
12713
32326
43900
44926
88452
29808
44708
60230
43256
84335
16005
83694
45569
45571
5826
59172
45013
7927
76193
804
18703
7499
85704
75414
54720
48689
51295
53414
80058
37116
71630
46776
86135
29581
69809
59660
79443
10411
4911
50804
74901
54939
89576
17221
33932
19987
21852
98077
36042
25266
45582
98309
59124
43301
36644
3190
55868
15609
42533
34221
78567
27244
8473
85769
95702
9128
12382
46108
40181
36980
8621
4324
53131
6631
97348
12885
82813
79308
99470
23632
81045
32147
71507
89521
19873
66938
79190
31784
32256
32714
44929
75809
24404
83042
4969
40459
18488
51978
61786
19786
56591
23971
92035
64639
46392
25332
14536
63714
11940
24115
49873
39907
20183
75691
67233
57600
65281
70541
25961
45862
32527
2990
98119
61001
15754
42992
3049
35133
24299
87594
86820
65766
64510
4095
14121
27843
40557
79796
16825
87644
46357
74982
49080
35303
68484
99077
24295
85249
54154
1883
32795
44952
23970
43015
63175
2197
71905
86096
80223
41775
95436
2817
46343
49284
62468
75441
18881
6106
4819
35055
5350
26759
54929
55960
63028
24509
81880
84626
86707
58718
26114
53414
96250
10707
17560
49599
59261
64661
53873
16013
87855
3728
10655
53339
90581
70111
30375
28472
2394
8560
97762
46161
89588
93953
43349
74703
40291
28580
78478
74573
39775
44834
95797
63496
9974
64484
11922
56798
51290
74185
29319
98061
95930
9776
6007
13767
9075
9322
48245
68799
64053
3332
41421
73774
66404
11522
67062
39987
10838
49580
20442
51241
92205
17146
72704
89501
80143
35985
96772
44548
84665
54649
14261
69285
36921
18599
66176
12836
88386
55618
92836
35979
86222
37886
12711
21352
86519
63098
23741
77956
94035
54915
35476
65419
22913
12588
81196
81082
59424
73626
29293
34909
48333
59791
80040
32815
96934
30160
46569
70987
7841
80569
18919
26819
35337
26429
24560
68525
76827
85054
93099
29277
23085
36404
10423
89217
43861
53525
77255
86101
80403
81565
93590
96563
13305
10024
18085
74844
94156
59415
30742
12454
70871
57736
26134
5419
53398
6906
48563
55526
78271
32126
96751
37858
69097
48569
38958
56714
76936
84951
70998
25198
5992
99486
20356
85063
21341
68146
81276
97161
25616
54338
74330
60310
86186
46819
94291
43165
83340
3639
68182
16381
63960
22623
18692
22095
13423
60247
76001
67692
34758
54768
75931
83487
35615
83652
7828
18393
14974
43452
7456
21745
56015
42041
44948
24073
46784
74345
61967
45237
47425
41331
52878
65214
26265
31968
69706
69491
19033
34221
70100
78134
61718
35352
25529
75895
73508
90668
66341
74819
82640
49762
21238
14635
63194
11820
1721
67936
10106
70083
95744
46457
1149
62741
60453
1631
67191
90677
31859
28156
74919
33789
34240
94907
88571
11071
83320
89117
78174
90836
76055
47787
99290
11686
801
78836
90705
40006
22809
26419
32203
17082
98102
3780
12352
83050
43474
70454
93384
69226
24511
80260
87845
47586
32351
24520
82793
62840
18673
64666
71741
44058
85079
61356
59084
8101
77128
62592
30068
44572
93528
8357
56787
68541
71896
17659
44858
33160
28569
30897
62088
50208
13447
82706
99551
28219
84463
14652
53595
48998
93408
40657
59135
57498
3253
87445
63108
27984
75238
99086
70376
31261
22823
86419
33258
20518
4290
12100
6314
33042
31346
4870
6067
6953
84243
28969
94219
37429
87496
32772
71663
73940
55419
10470
9143
8875
20712
14015
63880
56563
55747
96492
96137
31321
77598
9923
12876
61931
75767
6379
18912
2151
42988
21986
82079
78431
68429
47940
24198
88826
92140
5013
65270
1067
4609
90731
76808
18334
77654
56648
60563
58648
25444
60930
45318
22382
34682
80565
30951
14153
42114
56984
31672
65212
59236
54343
54260
6744
59743
78349
12427
94908
7478
6460
93161
33051
84218
23870
96602
32202
58886
64478
17066
22607
33049
6412
42427
43355
76939
19664
34591
41275
92519
95393
42678
16724
1924
99132
99636
87100
76146
43382
87239
15455
55645
65421
73252
87453
46720
51555
77600
67089
99309
87745
38661
6008
84335
68392
44170
24680
21787
76728
12933
63168
23025
22384
65307
22524
86436
1367
35166
61875
3916
99326
70661
44764
82896
89329
48541
66888
6319
19270
11577
6977
74574
34940
74994
50331
54594
77332
9681
51359
98731
42352
73830
20407
62922
64201
38295
49234
72577
13768
9813
61693
21182
49589
19032
18390
53495
51820
24517
74907
72455
26702
30722
25925
17245
50704
81095
91386
98025
30400
38948
66652
16631
93534
31043
38458
71858
89626
44104
2136
48439
81096
59583
18700
28118
36831
63294
7851
1249
69482
36498
24524
61161
48634
6275
67398
29876
53730
60316
16311
24068
80821
94928
87920
33881
66235
60700
52310
70674
17493
37339
15241
29725
45910
97417
27900
13635
63207
36025
6068
24206
36256
94430
27452
45383
28425
41997
63434
48118
55303
52164
97332
97444
45347
3657
18105
69047
2594
16613
94901
93654
18854
67780
90916
46633
96851
1879
74114
2760
8615
61728
71165
37519
38831
12579
26408
3749
1310
36660
98822
68300
78725
51819
56495
75496
52587
39973
15390
6025
32565
49120
13107
78502
37277
78642
19454
89000
26577
18768
80905
3738
93651
8374
81015
17960
18539
21103
7388
97583
95712
80796
84228
94209
98874
47914
91700
41695
85930
92441
16980
95745
28917
91958
3945
2
73958
76646
62246
82365
45071
47114
31142
17102
60274
51152
70545
36900
64238
73933
73257
12224
8666
87420
81564
10731
10822
63985
32584
35445
3213
78440
62553
88248
81850
56906
94663
92700
30867
57173
31099
18356
55614
87209
15125
22385
6599
7546
19353
62954
81615
90637
61530
8068
86267
8350
29339
55940
76445
2027
98413
20499
21010
97751
91253
92580
24463
58318
88910
27780
5725
80054
57964
58734
29273
99081
92095
74889
61429
31524
51678
9838
16259
55770
81991
47556
64216
68951
25474
91203
60769
84989
55377
69984
28813
93267
80467
20517
83272
47452
39412
21128
43505
99701
59518
10375
63325
39071
56538
27365
14105
50785
93546
67327
34242
83491
22832
41065
34723
99648
6534
65385
50870
81275
5688
77570
36397
83514
50704
88519
28814
28004
95471
79736
52683
9211
30314
90551
52591
44542
24345
53142
21539
35450
25644
75614
16898
92053
2936
94959
39251
93074
49352
38436
41278
47164
37031
34084
75980
68561
13113
27905
44398
76443
8709
84820
14929
8154
53232
40591
60886
91011
51436
49710
21042
40954
34369
96330
60108
45869
43471
19057
64154
57345
38398
30661
15329
31812
21060
89113
6828
52798
11627
19728
81312
61189
52712
98448
23900
21873
44057
70146
97667
80963
37910
51280
90791
1664
7228
63708
21487
37009
68340
30865
4706
78052
8312
3443
15504
83040
50891
93199
59025
47522
89388
98282
8632
44682
35754
33716
34538
45830
6608
28371
757
93710
64591
95882
41450
88287
57622
48171
65321
89930
79876
97796
80103
33306
40891
89107
69213
51503
58391
23399
46155
70786
42815
66075
73273
72975
77639
67834
40158
17565
19096
69286
81687
4573
60311
34820
5283
77850
24378
45085
20437
71785
37433
26710
84861
31031
14005
16527
3929
56658
41762
68379
37925
99253
50073
91430
23680
33055
55579
59428
88454
94886
41135
36109
78478
51331
48404
42965
35215
23127
34459
4425
2653
5085
6069
14073
32603
24888
69312
46903
6481
10419
47846
40215
48474
56824
90358
50416
78863
18542
95278
35997
10626
85870
78118
83264
49382
73575
6643
43843
86330
89491
41826
80882
55925
93278
17661
83139
25240
84154
42202
73786
10141
74769
52746
60053
90201
57419
2681
70762
38678
68293
6351
95589
40304
87795
6045
59425
78893
50502
51915
7259
46031
69231
51976
41046
71634
22487
18700
90952
58673
49572
39865
46790
47093
9500
14464
25751
81083
35961
5060
35923
47958
35022
6539
93953
68593
91220
78330
54258
12482
8704
51118
61099
12097
39329
9623
41465
50184
66236
20248
85925
59497
94290
84100
9843
74070
93286
86886
88767
33114
70540
6691
71932
33118
27436
47775
86028
84447
92426
29102
70176
61374
65124
88485
79166
49328
85958
23337
5143
68829
19262
25801
94614
44783
39009
71706
61895
34826
47146
16335
58103
90699
68942
49944
69633
16541
58704
70619
40721
76643
42710
15394
28985
86552
28142
33337
22245
73458
2699
69775
1411
86773
98426
40583
52650
4236
384
41239
89862
24319
61416
50100
73803
64115
16564
10844
72957
64514
15244
23975
99026
41581
90821
7257
25088
82077
56978
91998
1397
37168
56788
35719
41897
71807
50545
61286
9820
54105
91121
39298
48565
87854
85971
11921
570
63838
74248
70487
75791
76195
33755
6821
9035
30597
43157
31841
96040
69779
31529
69345
6675
13214
99491
51222
97266
20495
98240
41675
7156
5314
84058
88570
88541
54025
44519
60122
26221
16655
3677
80546
81611
26620
9393
84537
85145
84380
82185
42435
15483
68223
75554
10108
18220
41782
52841
95031
65133
96623
23936
51039
92180
77514
26746
51795
90900
87738
60721
37578
24168
36470
68381
31102
44247
7688
95312
74904
37394
36006
61230
64784
9533
35367
27313
49831
1909
86755
40489
24168
26747
16796
4550
64580
65519
73938
72527
57287
31937
77509
12594
82849
95906
73331
337
79609
49940
38178
47745
31342
78600
57110
52690
67717
47271
26843
15611
67766
33102
82877
5033
61505
88653
8556
62977
26803
49648
1101
76543
97529
31541
83535
74393
56052
82887
44475
62536
6129
71961
95921
68737
35677
73714
26668
84807
29781
80113
34194
82068
89474
49011
51674
70214
47081
14830
94168
41747
51489
64036
18820
6540
27358
82688
89690
76817
16574
21749
21321
22379
80077
95617
40626
16807
70884
34691
86516
51471
33909
65381
78290
46035
8792
56914
81947
66740
55279
16852
86254
82774
65435
62238
56932
57322
8246
11012
32383
85180
33710
49886
80995
2449
84258
59595
11683
53652
91469
42795
36324
96327
15639
33625
48416
22753
91822
64840
68839
17587
78444
77702
54274
57493
70232
91109
86874
31190
97887
58329
32065
27134
78467
85221
9891
12258
47934
812
34127
37366
34029
62797
48949
45122
61023
42766
55025
3884
61414
60585
41454
66005
58621
80370
20241
25688
32375
85773
2221
49595
63434
37603
66901
37857
98467
60256
47802
87704
88610
95692
65752
43317
11771
60206
96866
11143
28473
11876
67783
56211
80324
76243
10907
69324
76887
81237
94587
4393
15949
93269
75029
27044
13150
10504
64055
10714
40702
91281
42503
27610
75249
29866
15863
44701
99524
31929
1606
14851
97903
65775
15885
94952
89784
94129
35822
97817
70335
73166
5986
91626
66896
30071
6151
71635
34764
16652
35257
78605
33876
20256
86729
18146
20518
95508
11795
2597
74191
75574
37109
95237
54642
38326
35068
34922
89605
28876
58436
81705
46425
34145
56340
69232
60105
98497
21349
28327
72913
86491
27658
30972
28866
29989
46498
15809
60002
82628
91335
50671
24790
22733
23182
31138
2880
46782
19797
32943
63433
93524
32320
29311
39354
17089
7412
30325
54215
52146
24419
38226
32755
58400
31673
57531
28763
70545
13052
33502
79037
80550
45687
42676
96410
65947
55135
13789
36068
61768
75451
34258
57132
68027
94268
39819
10888
54074
68505
46211
37865
77656
20515
187
15687
32845
92741
57852
67328
92122
37413
1066
25943
50137
97246
88095
83220
94970
74211
54548
46502
32640
97833
20786
81155
19145
13416
56314
71405
46365
94971
27856
78245
61845
84395
10317
45041
37684
93411
65376
19904
1405
89104
92207
48312
50091
91633
46848
69765
86489
56425
39389
34836
91010
62993
97073
67143
39319
60338
45118
61588
38080
48672
61718
92831
6549
50684
51684
78789
16886
80623
47951
62783
56257
92049
17607
317
30885
20488
77072
18968
45029
388
54229
84983
40146
37513
22533
2092
73495
33178
50706
38502
81289
9676
85174
83346
27975
614
71733
96410
45411
81674
68107
50075
36222
97271
47109
90945
10748
78905
4309
73043
81525
33005
43686
77658
8774
89299
48560
62052
92318
56145
87895
11759
62410
27923
29994
82029
29170
46989
18246
35500
25562
13132
64417
8840
55610
86135
90949
57592
69777
64947
71222
55796
37700
79131
53275
62010
15915
25492
37870
306
49984
37532
85508
11978
1951
39749
82231
47601
25585
75135
61841
34521
47364
68955
65165
73251
72698
30324
24622
23459
37907
98448
87939
68274
5398
54419
51143
14219
45250
14312
526
37171
17900
76007
69566
43344
48455
33010
10412
65771
41327
98718
12353
48273
1629
73093
49582
5502
9247
6788
88559
2611
70784
68089
80172
79346
23884
90665
99379
38614
48692
1590
48939
2222
24488
72761
84075
96784
73331
20370
27067
33541
31540
43300
91982
63254
83948
70372
73756
12487
26427
62260
81164
5794
279
90277
98032
92223
46212
50129
54500
43405
93351
70015
48242
78206
93070
20171
79855
84579
49192
76511
84382
83515
40162
63741
68627
91441
48026
26687
45956
71214
39983
99171
75148
75985
54497
21520
87003
26710
82090
66664
42591
35847
38125
32473
13666
20570
98877
98598
76989
98820
2726
82654
93396
48634
22538
85935
76139
87732
33646
53071
9979
50335
55906
2280
16789
5318
81696
49124
62720
55363
17397
3378
68513
59961
37115
68011
816
52205
15137
82191
55764
36158
82939
79893
23904
97111
50765
21630
31619
62948
83388
83463
34533
56027
21988
1624
80910
76139
99488
88795
41043
44516
7911
83734
76895
23962
82072
54262
17559
5652
4167
88200
49330
81163
61536
58409
62087
16502
25959
9056
3847
62935
28404
19250
51517
15244
1065
75168
13862
96292
95538
37505
73169
39040
44645
94797
1207
73721
60037
53179
2699
56876
51709
71688
51748
78106
92411
626
9949
16798
50580
25859
2220
38747
25823
8821
99558
73559
42328
28222
35587
83471
74075
95707
40344
47272
2564
9010
80639
72169
66974
7756
24901
64939
68212
43991
61344
21169
93581
11559
69009
61964
76011
78715
2458
94575
1619
55000
72167
20997
86313
9307
96583
66067
57357
44541
81459
58865
34570
94032
45243
21149
97382
86720
41694
8791
25138
21451
48653
13289
2454
25236
84126
17033
70222
48049
486
64673
60626
96798
82404
32498
42929
42445
51841
43175
40901
33634
6439
99799
9836
54378
84594
7499
71747
1710
19874
15923
63238
6338
5443
12424
55670
34851
40934
73090
56243
59684
57446
82807
21444
97533
21349
83610
24587
65182
6522
59283
4188
67706
47489
8820
32423
61984
68608
16206
94652
41848
90476
67931
44867
75368
56434
76450
33906
10981
70769
28948
86932
34184
78167
85527
87132
90200
15242
10067
49019
8424
49672
35712
14448
10624
34492
15799
85856
80245
74903
44667
99286
65945
34280
775
31136
49652
51445
18495
63016
32828
38702
44592
68837
12144
21096
73719
16474
17920
8823
39254
32901
38293
37617
79382
61645
50670
35616
56152
17955
8840
60620
18409
33685
64903
56459
44436
27024
93525
52840
73816
64888
89087
46564
65255
85995
61737
34492
76233
16380
6308
1374
2919
84049
48584
22081
81846
49342
10462
9284
75648
38722
29411
13394
49741
70721
36598
77915
39212
87305
48512
23947
80918
84446
83336
57946
48748
10512
74206
58920
49741
21722
75175
7815
82423
53048
3886
5823
2400
8347
98524
67307
12464
967
97483
94589
36614
74242
33333
54876
19168
53342
24889
18147
79608
98527
38635
91564
37815
44366
39762
51225
85127
72986
206
57627
23130
78247
93539
93583
52045
25740
79689
76712
59937
20295
68154
5100
51426
25868
36237
64559
76007
89440
13301
99107
54896
84680
82868
84395
18700
4
68615
20001
64960
10259
98527
45402
47118
23167
47206
21974
35865
28404
73730
88268
6039
42844
58197
39174
21781
91552
22027
37563
39656
10941
18543
87090
50366
12309
45012
61246
31950
36885
22664
25110
40812
68182
82306
23362
4314
49599
82440
74381
26211
46862
37639
4899
20494
27337
76173
85476
24766
49449
29426
71350
32060
20517
74046
71914
50732
67130
27505
81619
84631
66862
77645
42548
73720
9935
80988
45762
80151
69578
84214
38256
99044
94304
75966
5391
46223
44824
65038
71110
31449
42862
82173
64117
3022
98455
42907
3585
38360
46246
98200
18474
96596
81866
48809
26148
37022
57417
45472
32804
94758
43633
53749
81349
99676
50403
41401
74068
41576
61819
22389
20025
72302
91970
66030
90327
15256
77024
29382
94924
45271
89411
4148
24548
13290
66175
40917
52347
33772
48595
18241
43933
57460
89594
7259
63997
10749
62020
79974
46936
69560
59847
66405
11520
96640
7774
71078
40265
30560
23083
6542
44560
6318
9935
4082
85727
99860
16882
13726
27242
39189
93522
25639
12344
74326
24493
78097
81280
51333
40038
4111
59303
9079
57327
3468
88582
