20216
66849
73686
84638
11211
76445
61165
78826
96468
79908
91327
33582
72068
78236
40820
88419
66232
59410
56047
83726
23719
46986
19015
62055
32637
15429
79559
52391
40729
3136
23848
62065
11328
44386
75088
23902
38448
40331
62850
44980
2443
13362
11700
87615
41300
4783
8060
70606
68361
62097
84260
98640
75486
22903
81315
38776
32404
93960
442
56721
52554
3950
66553
32601
60070
91755
12554
29303
27498
69650
42312
36654
29348
20446
1550
28674
60391
40633
51834
2791
96716
82755
79466
63295
90984
15805
79977
81915
5398
16954
62506
84537
54511
913
19258
83307
92588
46581
11027
91441
77114
14272
36502
82696
17138
7768
64531
90830
25717
53099
13183
37148
16345
31980
69519
73856
36432
33461
95036
86689
56085
60182
55282
6155
22747
40768
53926
76569
99434
84490
92720
24562
51926
26435
7482
38658
76233
47628
88494
81877
84322
26167
10147
26874
46484
11009
10975
70194
17993
89715
89407
81579
64435
57629
35091
84044
90297
97758
72835
42420
20350
71331
51304
99350
61837
51559
12441
84861
40790
39309
68402
854
90655
66973
94257
11639
94409
35253
28275
15011
72929
1162
20120
46763
34696
52160
3049
13333
89309
31200
27793
10245
17919
14555
40623
91156
61496
8554
69352
97264
32044
33227
89663
75162
1571
31056
5086
76549
97116
52140
60386
77044
78351
44332
84916
51326
48178
26220
63439
41792
46825
98926
17277
27285
45378
89828
86941
61514
48213
7131
1760
1937
42493
6370
9747
52281
53351
91306
84551
75514
40947
51413
65949
90046
7000
50299
40296
76771
35563
48400
46587
6556
69180
27488
39154
88206
70637
13614
63751
2197
81743
57116
59744
70697
9834
59153
82860
26573
5113
87452
23420
57157
87786
74570
59725
68500
1018
831
32579
11008
69870
35751
35472
93299
77728
31316
66772
6649
70578
61389
54266
34166
28604
3996
3903
3404
32883
31796
87326
3347
43903
94811
85606
80497
41312
99721
89291
29747
99083
95050
64755
84672
1857
88633
56687
55002
36330
11345
51896
78372
22496
38653
92933
26749
81729
49862
50359
40083
37390
39146
85609
25386
23262
26604
85226
94950
92003
99957
97831
98761
99004
72151
41472
32732
92942
18958
61160
48922
49740
57400
7543
40819
25562
4893
31674
66162
15158
70081
93417
84572
19376
40319
38078
72428
44344
97218
5547
29891
1426
66836
99586
72247
44525
55349
39291
82785
98090
94577
27264
90313
53882
51592
79215
16997
3984
74531
15733
83999
19008
32272
22119
52947
78373
59879
23735
96876
56959
32742
58920
27693
74005
73573
66618
81434
40102
25530
32630
52021
36989
90319
63126
45808
57085
12203
33309
92849
24872
57219
57588
26144
54078
2675
84596
78265
72257
44825
39134
60755
69787
75761
15532
70351
80427
54971
6631
89489
4753
57448
85816
92916
36014
43745
9439
17145
65228
93653
92897
30533
84386
87624
4746
84483
40038
975
64927
75858
28637
99248
85103
51983
31347
83162
40969
41283
5850
95538
61636
79976
95926
28973
43163
38243
18021
92461
77644
43457
50626
48950
22163
81018
99043
77404
58898
95405
81497
58705
45373
74590
93821
13968
76190
89769
92859
65109
50470
45044
57952
3196
97246
37814
37797
74139
16491
58624
16944
85491
21270
73170
92323
27583
5862
24673
37410
26396
41089
83999
43010
26985
75923
24374
64580
98029
20708
8641
47573
64017
53711
87616
53774
63703
79513
95933
77769
78994
54727
78980
4471
88053
49998
22819
80338
37803
55276
50086
92341
98817
33959
79176
4372
1719
51111
55977
29852
44544
88431
37986
84182
13531
49837
19149
7831
76778
39140
36437
3145
40961
90424
7275
65648
39260
91469
86902
99017
1008
96462
4523
62829
46719
216
36581
69977
49538
63767
14433
42213
65469
87935
66661
87636
92394
8096
18578
25686
4564
8243
33216
65078
61534
22971
34570
5081
12018
62530
59998
32538
83953
49750
74020
26719
90136
95438
4963
72081
4769
94063
71379
39491
43695
71459
68245
33318
14095
24119
52953
40377
78464
96074
49875
38638
76765
79537
64999
53935
67230
77049
67514
8038
99110
15721
85693
33912
35544
25245
16130
9879
27618
99983
17579
57475
25870
79407
7009
72978
85764
30118
27762
72591
60100
32956
86953
66142
13760
66711
9490
40424
79109
22540
48199
55738
32291
66925
21229
43
56470
87593
18602
72391
73544
52272
46806
37575
88789
10292
63272
51610
51644
71470
54292
5803
13418
1301
42988
70035
60819
33333
61835
83406
52758
40754
97110
25833
14699
20050
12107
5720
34700
32809
10320
5406
14569
23493
44125
53444
91535
76519
5571
70237
14451
1788
9448
23446
13781
17378
98720
59662
54146
18924
85965
74702
74455
50900
4375
20053
71448
11528
72231
9664
95222
32765
97797
19414
33531
82393
31927
7484
69575
93772
10587
19731
70866
62789
97770
19881
21875
12837
40603
88080
12205
51157
76403
17920
37020
43846
46448
28068
8064
11152
58060
22690
89624
17956
23364
61596
49861
76333
50121
33643
19627
40263
59093
67424
47155
48501
81799
72790
29302
46692
54874
80443
95723
81
33891
96425
98528
82032
94959
22994
53078
58252
32003
32064
28497
90630
76637
37866
90683
92090
87220
70149
82034
74698
46654
63206
76898
45262
93096
7973
27722
8683
73297
26676
15418
90505
82040
40409
10723
94877
46531
54742
42756
43135
63011
43577
89350
5126
5888
82052
57527
46709
42551
87321
87075
33282
98509
6140
51240
17873
93786
5198
9509
75984
3237
26838
36488
58379
45818
16100
5817
19773
81685
93516
74860
5104
25918
64747
89893
53155
70758
44735
3833
66269
67281
31788
21261
93586
4486
6056
54495
83226
56884
43649
17214
78802
62865
99952
45777
55352
85354
33444
58125
22716
22520
37494
36582
96815
95321
30368
33935
23882
92723
35460
68165
53767
88780
96732
76929
55872
31296
60794
40588
80780
270
49843
42321
30828
25657
67048
80095
78815
14256
36716
75524
34636
37692
37362
92744
68947
89567
51407
58561
43715
22180
75260
44035
74605
29137
37905
3320
52652
62692
45847
51951
5391
2114
91468
35976
10136
8543
36622
13151
3982
84702
59370
70964
75945
32809
42200
88832
42935
16314
64326
384
98988
88676
44998
21996
55752
49596
52309
86250
9175
46114
62393
10232
32617
45980
53698
61121
50345
61074
43787
62646
12243
70926
48140
61931
20275
18910
60220
46000
14069
32138
55875
83601
66444
81598
48248
66491
86485
36476
15965
48928
62503
35860
96678
59657
25108
83670
83989
14572
84302
48342
13840
31178
1642
3151
25788
74317
68165
62724
85728
93646
45552
33201
94144
96914
63275
60646
72232
94422
92665
35974
48702
79676
3667
70571
40885
76827
22957
21220
77397
77515
69336
11862
96675
80574
78431
68362
70441
62715
96156
77144
50472
78607
77568
15141
57702
88050
15439
48636
63043
33166
6987
53311
83911
20109
25336
10120
9930
81042
50523
25927
59170
41348
28308
1558
16164
18576
13792
72105
18557
48972
97220
13658
59888
26660
87921
97509
45200
34506
9294
68941
97557
15751
65892
19780
98091
25825
32992
61782
56187
58922
6960
43903
4889
79861
40719
73411
81073
41686
60617
5281
94847
72056
57348
70327
91826
29476
83390
51046
28591
17225
77818
43880
74274
85437
96072
1444
10778
48412
65701
71757
82729
34895
6151
41627
35264
52127
82264
31782
44735
70118
56554
32034
2864
89930
29976
32077
89742
59301
58886
6237
91627
41336
56603
88442
39129
57031
56163
32240
86322
52422
17630
86160
72222
75080
83493
28633
35407
80387
63559
55679
95480
89716
64023
22794
95214
32448
52970
1046
94149
93425
24351
79483
92293
81219
98260
77979
55907
39738
1698
75432
44709
71396
23422
17100
38760
6742
21518
70930
9808
9803
31641
85350
48657
99954
78440
49722
10016
36005
82688
90929
57026
54980
98617
22272
77107
46446
10986
70295
65105
91598
58084
39288
18269
72490
89386
38945
48298
80486
67458
41867
84893
82518
96246
73996
4767
95933
93039
85395
91930
1607
13399
31765
4967
10740
45406
33776
81777
19465
2725
81225
29732
55033
79648
71812
98595
94728
96262
16004
7109
67463
522
45659
97614
32924
41881
96400
74817
26298
2179
34430
94985
60883
62872
30433
44426
89871
5758
65368
65150
31804
81294
97429
2789
14222
92365
23930
13299
67729
92222
18157
68726
47227
18861
70658
13829
53406
38453
14672
61359
4542
31556
522
20187
26396
47712
52522
31128
82425
6448
86171
40139
93509
96626
54372
65383
71084
3355
62429
50150
35743
90329
41530
82248
92556
7429
43508
17026
70079
25780
65801
91061
30767
66950
33803
30845
84632
60061
12420
73189
67724
65739
29399
96264
83750
41186
97936
91778
81281
34101
24409
42685
57120
52940
14286
19759
46580
26342
56022
23238
21788
36704
40760
53318
3540
91878
1095
34947
50837
6161
50333
819
33798
65170
306
32079
58300
95700
99393
52646
97996
49247
48184
92555
24332
96210
74284
11877
95878
45916
47014
16145
5738
81241
63320
11490
40387
70308
65539
24600
83985
14878
98853
18336
59193
69827
45321
48624
96002
6344
21331
65748
22803
69590
62717
86270
74985
27638
98485
33992
45419
45414
76921
77296
55554
61508
14787
73982
52953
52214
31110
32373
78737
72363
93795
58712
43094
15715
1899
66609
84262
29178
75535
31922
75440
81724
36281
42661
17138
65737
77638
46630
41061
42113
10195
58881
56336
72060
59490
32075
29915
7203
29125
20641
51031
996
75760
76415
35606
30276
83166
82253
95466
22011
83208
96128
70214
74659
76535
1464
74854
47357
59210
15876
99385
37611
42486
33038
12753
63792
50528
96620
91197
67299
56904
17335
90260
17479
61019
94330
44329
89192
64237
39511
38119
20732
22763
34313
58168
26335
83041
64850
55302
53646
59690
15088
53864
6910
19967
20879
59582
40333
56561
82717
67091
58807
34817
58525
98862
59907
23600
89729
71515
5840
2592
20865
74604
30787
59485
5886
87471
90448
81114
64890
28266
56217
50488
91931
2512
98699
33555
76958
88867
89176
73884
98637
21996
89315
8690
10366
26478
84254
8435
90756
69869
86135
68211
11575
99688
19545
76202
77427
5722
38464
69890
78313
22085
92711
81165
20193
51584
22498
92224
77007
50887
10228
9334
13324
74514
89622
25431
80710
795
90704
67444
78449
60807
59994
39723
69746
76746
59941
90857
27759
22280
66848
29684
91475
34919
94650
89609
62022
35119
38097
37268
92336
22323
49855
4774
70184
63468
68199
59656
13339
97813
72454
53416
49211
91781
96785
10571
10271
17127
68540
90177
16128
72499
47636
12874
19841
52910
18166
98320
91676
13715
9376
41836
81198
56704
35075
19645
9130
69906
87772
15038
75795
65167
1169
87609
4367
81556
62584
42927
30680
62771
87959
17464
99059
44538
97830
99385
25569
66268
13804
59708
39032
55258
59541
25212
39931
72181
94726
28850
92277
31644
20402
66307
45743
72732
14044
15881
27032
1055
68049
50122
20237
67730
86717
4553
2416
53928
94757
50873
39824
1021
45036
88981
59629
86921
46033
90173
32619
90678
82252
94586
12706
80624
6062
35534
56362
42324
40252
58993
87731
79096
75635
17500
62368
73178
10835
5983
99991
10535
85740
62364
32100
7596
5081
31132
57502
2303
27263
41252
7687
45168
43128
36536
37850
55564
78331
79330
33586
68473
98823
18822
56248
79982
56970
96776
37021
74521
56128
30203
85330
40779
41587
36074
36808
38246
58357
22400
80034
29579
92388
43323
49146
89079
36951
78499
31434
2791
63534
64937
29349
64726
85517
30123
98229
89217
3568
99334
49144
53338
97509
83220
65295
26210
60064
69666
62738
71139
85844
4636
4268
40779
10440
56899
57761
2
19053
67978
92815
95582
67825
65724
66883
77612
77945
73247
13870
66278
79025
19049
99081
81298
30918
37726
68639
68222
4642
59286
44012
74811
20082
76992
1986
18244
41793
95029
46332
97167
41240
65498
39011
12224
98516
21122
9710
47356
81263
9049
67760
28315
17907
64353
84041
8592
35659
62517
67304
92838
18107
1466
96049
82197
4501
81823
74809
241
39384
96402
83643
9554
29632
94090
95605
27456
77964
24643
37271
75777
39553
19359
49678
45519
68020
85331
98464
52238
67407
85662
48335
18579
94431
59463
48462
45289
3546
27203
68507
27541
74691
13188
84892
79160
55643
31844
59547
15368
34268
76102
19968
26726
99669
23110
59978
56332
80843
98380
16243
78837
56723
25422
39419
11421
45724
37796
36829
8701
90126
60453
41448
32365
86789
97231
66814
73423
18061
37917
77406
90102
38497
72770
7328
76696
33219
79044
63697
15947
22795
29848
32123
2686
23910
64580
58251
12407
45275
25760
49393
53567
13125
38633
9546
38747
25351
39842
94323
93700
66706
97952
54540
88364
21060
50319
95405
82760
90454
90373
26955
70939
90239
49474
46193
30408
45691
40029
93239
51576
63567
5159
42290
4937
5131
33565
12391
1782
54607
36879
24130
28649
45803
63037
46562
46867
48617
84455
22746
30576
79352
83822
62582
72225
4392
73973
25902
35554
44147
81765
25160
28201
55058
44477
5892
68371
77940
8674
25655
20920
46927
9387
22847
464
13750
72349
92646
68986
10517
25633
12516
12772
3963
73514
58790
97487
88288
897
15906
93959
16101
57088
38529
84637
40031
94163
86124
83379
6694
78207
76025
18667
47655
8593
10552
90270
43177
27656
51306
35871
10057
47239
95680
21131
3303
98485
40988
26409
60738
99205
30828
16071
82044
34479
21982
23894
41133
7128
21008
94887
89553
87016
95546
44091
13060
52730
82760
29518
75613
84901
28134
46754
22732
22129
95612
49742
93608
13390
17631
23698
53998
77850
12488
73161
89589
14986
11256
15563
80792
11411
82439
79258
74901
44809
76670
24825
35813
60411
83828
17408
23808
95072
43873
66753
4178
3631
70447
98998
40371
34909
24611
79724
82603
39839
65818
89853
5726
73618
97449
35183
97375
89584
85500
2571
87758
5218
19474
55415
63131
19869
43653
2310
33552
82503
64242
23701
86079
16981
9006
33908
7681
99820
53874
55496
53570
21157
1126
86206
51741
63015
3927
11389
72751
67050
75492
64800
8259
30335
58387
64063
92494
63553
62929
63694
57414
12417
24777
26625
74127
52114
15303
36936
32503
46166
73377
76003
82148
20382
54193
57699
46171
89339
16142
87618
95439
14665
4983
7133
51136
13924
97314
38421
63104
42485
75430
3947
24510
91762
54987
24855
264
4419
32956
58758
74529
926
43642
16501
14069
895
65020
88534
68692
18538
765
31477
5309
77578
59554
92059
74097
45609
79879
11862
73438
66361
10152
95897
91511
63140
7174
45754
35113
24921
23356
81256
85388
89941
5315
53247
43924
33930
73878
85458
3376
7258
8837
30960
20681
42036
39286
62178
27762
97225
59639
35242
13992
21331
97943
54315
77088
81561
86357
52096
54351
362
71458
47430
17539
99144
8988
5756
23207
61136
75371
24694
54642
16356
82736
39579
20407
32090
21788
77958
51885
46242
2377
4991
82229
65218
9877
62053
72155
54565
23344
27968
57356
43857
2564
38014
2941
53880
74523
49662
22224
2512
24691
90408
35459
49866
9561
69777
96063
26596
40597
11215
33818
79289
28114
94810
80525
4988
30941
18196
26762
72163
78973
69856
94496
54164
96759
96384
42155
41873
59643
47709
12923
36480
2785
65156
28495
50742
81873
47989
6950
57258
35981
85217
85400
70464
45616
39356
79873
76678
23614
16682
99587
20075
30823
97677
98786
54181
88189
88652
34808
33465
34172
84226
62151
15511
60615
59845
50322
77402
45434
63113
90451
90329
40428
37282
51577
99576
14196
29228
30419
71969
23389
2419
66713
6700
83336
50535
94586
22996
72974
857
81442
48489
95858
22291
30388
63013
58361
73603
33529
71779
86888
45692
95886
65124
55292
71285
79637
28430
12138
71753
35259
52736
94495
2012
65798
74056
77362
27464
95552
89682
19477
76996
79650
84085
52749
59060
2604
38869
18386
68323
7443
16898
47769
26490
27728
7792
28134
82593
71367
81437
86757
43103
87224
52632
73240
22812
12820
7829
34665
82485
41890
58764
99902
95453
39725
11797
85026
93422
70480
80017
43598
60236
72454
6531
91325
78560
21423
91552
68578
81779
18410
46333
70878
93697
53870
61481
5170
27195
37166
25340
29754
52200
15663
7926
94936
7702
19442
76845
95541
64022
96268
11998
38125
35503
61043
28574
94048
90085
32195
34020
83039
56928
44387
31544
92792
12026
86915
95847
2966
30844
92765
34309
12033
99140
37272
45300
23666
60470
62516
91888
47798
65773
60324
88162
77501
6566
64156
77002
12537
14759
993
20690
501
40661
92221
54168
51488
3153
70046
55705
81544
17949
7061
53978
92888
14659
39735
46270
59356
55262
46304
97622
61287
38522
84727
63748
57168
53962
35932
12
87698
95255
53826
6413
35623
86538
55654
19709
38637
57277
7110
78005
43268
81039
93417
89057
34322
77064
56467
49854
16957
54558
19146
55095
79523
74652
15338
33069
92576
30650
30483
62987
51104
54203
11320
49632
87451
36066
69591
48619
60037
28481
2843
58732
11891
19999
2834
13862
63475
15467
4762
95134
30641
89796
90414
10634
35023
56713
91368
97197
35184
24668
97904
21183
85947
33418
71169
55267
91531
81002
36237
90910
67110
54667
86882
18884
43522
80400
31435
10056
56438
72240
68044
43191
82342
87853
48387
77157
17726
55974
16449
45084
13930
79369
47687
16491
88684
90872
84304
5469
76881
58903
73072
4974
679
41694
41732
41250
11317
10268
19548
30040
68897
76393
87699
14557
87455
99862
28506
77547
87708
67369
79554
68888
13828
26216
95170
8290
56017
47552
50360
93415
79796
38090
24017
15978
73003
79311
97537
18877
53555
69844
54629
71580
94965
50322
64525
13344
20922
55104
51221
82815
91709
12880
84130
57216
78672
14195
99825
22579
99447
99887
36200
83743
56662
10260
99986
92182
89673
7997
5485
20395
8533
36916
32692
32692
78914
12023
30131
65025
62187
44554
64735
14134
88950
78583
1391
25387
45609
65148
40137
67803
35215
91859
43119
92246
21413
28664
25991
89295
73311
19972
7575
65504
1507
9094
612
55940
41195
29553
55213
6449
80525
42647
53977
62489
51690
42204
60289
92033
40285
57110
94325
72793
93317
28628
28642
44681
97911
36243
21516
58184
90615
48174
96732
38989
18698
27950
90830
806
91619
77064
15298
90515
12563
96232
3578
73071
49725
15021
2331
30719
81502
15762
51711
29745
74085
54132
34167
25080
13592
15780
54537
75853
76089
75641
30405
2166
58417
9953
92905
11494
70958
3077
60952
69208
71338
50136
20912
18570
39655
81937
15109
25070
33382
4020
63241
35984
3128
17970
32255
12075
62262
88518
7993
34379
75803
60427
46610
67793
69291
29461
12462
53288
6009
49831
64074
65925
28399
32012
23661
33056
72394
33641
20222
36785
2861
69316
22206
9801
71681
57232
9688
97077
89598
50449
24314
75908
90618
13060
60693
33529
45790
43476
7330
28577
95800
78094
61970
31287
57770
92453
37624
76175
54199
66853
71402
87804
55038
29746
44176
44558
42261
58383
24798
98481
19956
39210
11711
25578
82671
733
80745
30112
32184
35497
29098
73826
80340
7570
25395
45543
13376
79693
24640
23546
96711
1185
94461
76860
11357
69712
25337
17385
8769
23584
95954
1368
34044
30936
55286
28326
12345
85928
91914
31785
38993
90658
39349
9459
79633
90061
56677
45618
4181
48513
71203
56223
41330
40913
4720
93313
85279
25321
57019
96025
14171
45497
89205
42126
25907
36154
20366
27535
72286
96115
86516
17684
80729
74300
40791
99309
55918
89070
92190
30802
1804
45095
20778
66844
28259
89152
93733
81879
38161
75537
85902
56090
31754
70154
68572
97888
74204
14926
62961
76546
44567
51459
40877
2600
7098
89843
70114
9139
23831
45850
78741
60799
34007
37712
12373
81766
75699
1162
45450
40510
76196
27623
50406
21294
69713
88578
55591
4953
98834
87273
56625
84558
37719
30005
89771
38028
52288
93473
83689
26876
46238
84662
57724
91918
70872
41468
37665
2038
99598
80291
17214
95678
38735
85863
56894
31798
87205
34173
560
15669
45129
67867
39682
99399
33133
30037
41365
42477
51208
4203
59807
62786
50770
89840
45119
69995
85438
84960
59583
64963
32238
48073
61559
40411
24863
97373
86652
19249
5116
17959
73771
61300
27516
8077
9190
88516
16428
37674
28617
57708
46871
35406
49016
8591
25005
8918
23094
55062
83504
86966
41862
55781
36869
3217
22839
94581
15012
30039
21374
79995
58603
169
46711
2748
90963
40169
15229
9450
55696
1402
89861
83972
24365
35673
901
34253
30838
86194
71868
42272
26110
72307
6553
58951
1421
60745
92799
38565
44875
60709
49123
14582
89727
69743
44324
79382
4872
42827
23564
63562
75405
78346
8218
38770
21557
59863
92546
78200
77323
40650
53835
84641
70051
37142
79995
8085
21311
74831
88599
65108
58390
69889
9019
55339
280
42477
89668
82587
88725
1629
74859
42467
36501
57700
34022
70002
24301
74494
40129
38540
13921
34078
96210
95030
75840
50186
60543
81344
87861
86801
40602
22505
67406
10473
68264
94699
78607
31031
39464
76112
10178
37323
44472
46628
4333
10518
81821
50291
47156
82213
8109
40850
1918
48295
27130
14710
49763
17314
13590
58722
7119
38226
19789
9570
64857
31543
89087
55020
70460
78767
45970
58345
61406
39376
47151
67819
72317
71019
74131
84919
90698
79478
53389
76837
72450
1059
68470
17215
13773
27793
21228
6494
45290
20014
37623
29886
33170
69019
10887
43347
44428
42485
47030
6734
67689
3254
70105
33162
37329
87383
45176
99918
74430
106
51059
59414
22951
3957
4354
31339
76088
23476
43276
97851
68014
74956
21653
32840
77084
60174
9623
12979
66587
83656
70686
99170
81951
14829
74372
45821
36733
14177
83804
88661
1453
75414
63458
25314
61121
43845
10013
85280
72757
26555
59923
57168
5815
76870
28695
91522
71574
55018
12605
48089
13886
58476
66298
26740
44177
4476
58052
57277
38315
13135
48621
62384
11505
8972
632
18833
68556
83860
22322
10950
61563
14134
17959
64578
61705
97819
26736
60187
86741
91408
15558
89721
10543
62347
64077
58439
27169
27723
58633
72073
89168
54060
26430
14325
31956
83723
40507
32746
41889
95938
84752
34457
45647
13113
18101
23153
30322
52221
20039
5204
36104
81837
55022
13456
43267
94384
5052
5197
84582
75715
76016
39726
74468
92726
92602
85316
33568
55287
82111
74820
72260
28860
29085
62082
62795
97645
71617
83965
31178
13770
26530
4838
41648
92538
71135
79671
2113
62456
39487
93393
49578
45403
74747
55570
80908
34874
9692
35257
40247
46738
48050
584
87295
70653
99516
9312
39237
24999
65320
58162
98615
41031
21091
10368
122
47105
3471
40183
45201
33106
12642
38555
59065
59758
51054
98203
93262
33238
10366
3673
49012
75545
78460
39508
93354
37179
89405
86873
84543
16047
70703
78105
76617
98159
68434
64302
11135
23617
45440
23291
29391
18512
18651
78056
63358
35171
78732
62604
72083
58860
9364
30882
91458
59354
61300
2266
24319
86303
18991
5619
36415
54543
62844
95065
25464
20758
61649
31331
684
90586
36438
79095
8251
20321
62648
28517
10133
77352
60494
94423
79271
15764
57851
40575
67597
26611
4668
28860
83248
97056
82852
18503
57732
62746
95928
2895
32215
26159
41639
4144
43821
47292
39370
5027
18808
6637
40836
2764
49100
33017
65019
37087
58147
44151
98278
61865
57029
24189
20254
66074
52717
45366
78008
66784
99998
87561
90886
16729
59962
51417
79003
93587
60192
98226
2942
59847
92321
92102
93836
1092
83279
71090
59491
92712
12541
78733
24478
87396
3450
38337
51042
47838
23105
11930
82552
20184
17219
32884
33283
40705
13332
52383
925
57194
11222
57306
90764
67851
75164
75637
57089
19497
56569
27097
3346
50829
64328
87774
84151
42180
63930
85941
60517
23918
50143
56056
11792
72741
65452
99300
93890
195
91021
52914
4778
66067
83528
87935
47392
94686
32417
51278
20759
17185
73179
33403
81964
9215
95320
67292
5091
21764
11999
74221
92644
91870
75911
83165
73387
20075
50526
34824
51374
41406
60544
64047
94981
21107
48825
20570
28676
37691
44297
50181
62493
18539
94079
36965
36231
37758
99435
89044
45790
78605
25305
88092
20340
29583
16813
28477
78557
93099
44766
61789
34201
68480
15481
33749
87762
94970
95048
88980
37615
40759
73820
6173
57016
83724
30683
7216
25800
23346
83629
89950
2689
69936
64593
56846
2498
26171
46453
76291
84859
65649
35257
34758
70364
14289
89398
60835
76106
57679
62887
23510
56055
42699
6665
76833
73702
22519
68543
97071
71580
82816
14744
79758
53951
90353
63188
67114
10342
33021
35178
74748
48843
35578
31268
62445
54482
52727
46454
14682
5491
3417
67720
80576
17649
3320
85038
41940
25345
98365
77789
3319
20678
77034
38416
20715
44460
6050
64098
91834
36817
11144
46601
41342
19101
83670
93636
33983
46890
65871
35658
13893
28816
83148
55456
55542
90083
46880
56753
34774
24474
33614
2811
22559
52518
33832
17788
46753
15458
39454
19973
96022
96294
74799
14805
1699
68436
34470
83617
41844
52451
35953
81527
34561
4081
60323
17421
38776
84943
10900
38165
49344
37695
15194
30940
79934
91929
68318
69108
71573
16557
73627
75454
52221
41886
54465
70489
67759
23232
81309
30267
14826
49264
79289
35896
5284
12911
99035
52037
19689
94914
67045
13492
17584
83138
76573
49067
87281
51646
57273
33291
6904
26919
95141
70374
47872
96340
18229
22534
11498
40156
88748
76461
92836
39747
5632
32656
64548
76846
73942
31122
54293
52728
28394
21183
90004
3089
86409
68112
85913
56092
30441
7514
81555
65823
6102
30294
5905
99442
96705
20255
99281
40939
87338
78017
70938
63643
68964
69530
26503
31657
24524
24849
85550
78627
26959
63031
32032
5453
34441
66838
67271
32757
9233
34016
87639
76311
70151
80337
81995
37221
20133
96331
30910
66014
78395
49476
79177
62714
13162
52205
32876
54459
72558
44712
45512
92034
98232
13774
34726
3117
40116
85015
91477
65741
2179
78886
67883
25335
65453
34038
17410
9186
11716
72753
1821
72584
74966
49604
59101
7506
38856
71334
70804
6621
90700
52872
38232
49724
64225
18424
22401
77490
78690
98497
93465
40446
63436
17841
68210
69729
78199
6408
93372
59876
56625
19886
12065
27457
83670
77559
99085
96864
50548
22788
50815
26122
47970
43034
28948
71915
77552
19932
75909
5569
1036
43516
77197
76936
14700
67060
43831
97570
3988
52869
80906
67319
79959
72244
99597
71266
79853
52976
8740
64191
47218
15450
76056
81145
38846
14896
42045
5058
72035
37343
38798
84442
18016
55495
47191
61915
21151
91331
94627
10291
19711
11675
81804
52700
13381
40605
71208
7068
20689
79420
31000
17703
72807
95896
13371
23105
67356
67166
21036
67765
39585
40643
14623
85050
84296
60933
65377
66434
15562
9285
3739
19127
11283
24711
63756
58418
59354
71271
69055
80781
69229
77767
25395
22886
5568
92779
10169
71576
69484
92644
18188
47232
15514
83916
34546
69245
45656
89528
37388
70030
40805
78997
17919
6910
87760
99755
10295
18192
24560
93883
29814
70889
48582
60440
94215
66413
90830
58256
32301
46694
93420
67408
94003
74561
29968
70204
56454
86998
47933
77850
56480
67396
88505
87726
63340
71155
59186
60661
36694
49676
40257
35468
82998
6210
17773
51221
27479
85872
47286
46141
87537
79780
17402
29103
49933
16495
77934
46470
35821
12846
78482
32345
47326
56076
43926
50573
20335
37308
31279
36200
82043
4117
68968
4701
79823
33576
94999
59426
12468
89182
6462
69862
340
62139
72103
92528
45750
94979
11898
13020
15273
58595
68529
15848
95605
10434
49190
80889
50159
91492
24007
74683
34976
47934
96186
62043
25450
94790
91185
41411
24739
14229
75890
5623
89194
84222
42217
7179
17268
67368
50375
61605
72792
43958
85043
36054
13299
19850
3603
23955
78549
38777
11836
6817
60299
58486
60946
94255
77820
55004
55580
67513
70371
42153
69168
76995
6278
96709
8490
57132
63502
60071
66602
16544
89607
40413
88526
60310
42158
11488
83034
63468
5271
9968
9494
86086
71226
4720
23066
13398
96491
35895
50822
15721
17719
34674
36154
12794
59957
84822
58702
65126
2556
71527
45643
67108
40594
85672
85114
48102
64889
88870
28132
23150
30917
73614
56616
50760
54912
50592
44986
71036
41360
71825
88878
23155
87253
54414
24839
22899
4207
48206
46616
82576
45125
53214
31262
64107
49840
4657
39937
62024
20115
21298
33815
10326
26466
35835
45370
30328
73366
56288
69994
34646
72299
78590
78053
34008
16411
34346
71578
11906
13323
96841
17712
55629
28179
66328
19212
4444
29238
25333
76587
68064
82478
17617
80318
98047
5610
22399
1290
59083
19154
76660
72223
7865
36961
97123
60494
65213
99227
15372
28947
42462
29826
98380
76789
83526
90950
8032
60377
32136
36632
10172
71210
21137
670
7228
33867
80181
82911
63750
39933
53262
14501
63070
71104
70408
1119
44089
52453
50628
14575
71491
69120
91517
6642
9901
25592
15479
15027
12420
44205
91809
15364
66839
7192
58289
63741
67980
35980
79809
1701
83382
79376
23498
19536
36742
44885
77432
57919
49537
80507
33722
47212
27993
98046
80100
10687
30334
66987
32788
16177
75105
18940
3766
45227
7701
95928
75289
6898
70654
38780
76722
32885
26816
26311
92788
86075
44672
82956
96128
96101
25917
58144
9573
89474
40207
50659
37780
95127
75695
42036
78546
67462
47113
37474
30154
47533
21885
61937
61343
90241
92465
66956
56430
99917
18176
51445
98059
60604
10368
48270
29284
87638
31855
33351
60705
23964
89983
18234
28932
44938
41775
82064
72660
22579
57039
37370
7844
17262
16586
93625
12294
49033
27906
56109
921
39073
80938
78526
81707
90133
4051
10701
40627
95578
25920
53754
71317
5871
1470
93510
8248
65205
28707
53080
11603
33767
32485
18593
51198
93680
18373
48022
40173
77353
32106
99758
31187
57667
66337
48732
29890
44360
7922
69208
91766
36924
84893
82970
30501
83598
53980
15108
84742
27548
21496
79188
64407
12339
69278
78828
66319
58356
28875
82708
61902
9030
23745
33402
29854
64566
96869
83274
57124
97984
75852
99871
17771
21212
67491
89406
38192
226
43669
31957
32028
79663
58822
51694
6547
23903
56299
15956
10939
13243
49339
34940
66971
51814
87209
28089
25436
97804
92515
1476
29898
88173
88917
72299
68792
30654
94680
66431
30225
54104
22714
55203
76634
8811
94605
9166
54106
4680
87831
25907
64436
15834
84607
58594
12730
42423
13270
867
48441
97582
22025
63269
37029
75963
60843
88664
77593
91566
47148
28854
79791
61757
20704
22968
72903
3691
18506
4709
916
15083
80642
43545
19321
24943
48744
43835
44671
22327
81647
77183
22214
94747
30768
49029
81162
62228
19859
14641
79768
53240
16236
15373
75281
78317
75063
93055
40063
9022
20158
56253
61528
15949
97921
82824
88590
46425
17283
33254
80568
22453
43400
37680
95674
58450
50655
86538
12987
95753
13598
15953
83224
92223
31268
64432
75134
22493
21161
6603
75258
40595
78060
48
84818
90877
53377
99677
90210
41577
34788
66937
69035
24592
83915
6047
3064
7153
78508
46005
58016
62988
34767
22421
33290
57174
85978
30261
51500
33082
33178
24905
94269
79755
89634
45271
33175
14192
31572
31423
16882
98497
5658
97497
90325
50167
51119
99871
84681
26025
94014
92608
17855
71515
4292
4369
57412
25380
51611
97880
20843
85889
96688
32759
90735
40329
22621
72030
78946
19581
30208
2420
87327
21666
32645
90245
28456
79669
78734
97129
81349
94308
88863
3297
4077
32733
34596
30037
67991
6201
60240
75843
31122
5913
52339
92161
83514
67300
94815
59629
35228
59340
66613
996
8701
91057
26992
2219
87529
16216
11422
52619
2783
83641
24330
68290
88015
90367
18537
87464
93108
14518
88305
39804
70289
14681
20702
18596
45406
91866
83884
4375
67420
96141
71340
42178
34345
94360
52932
76581
23563
29949
10771
47025
23125
89184
12767
69896
91417
46987
83741
16364
80490
99285
72528
77440
71323
32214
45049
63355
42211
7567
48857
47149
60068
79612
68384
61565
23428
43088
18536
41245
14957
26910
62265
65624
8000
36504
13425
63151
50717
85115
78835
82029
2192
36798
71485
69162
577
84947
67135
24149
59590
20871
66386
75768
35970
17389
7817
77193
9210
41572
16060
17330
39306
25459
40877
28613
65563
79223
10674
81906
16041
9042
76849
3133
79189
45776
69787
47466
52672
50200
81813
92067
53544
14569
836
30541
7514
91151
39095
4405
22562
27183
18682
94859
8818
36091
36344
93885
36641
92479
46814
84657
32826
34979
72402
76177
30793
57005
46303
74494
52197
58835
42380
26982
9018
72135
92978
88514
66732
37529
77847
96749
31436
37617
79285
76997
2147
1766
84361
82120
76850
14098
90730
16668
32087
76689
46647
70652
10539
27669
90421
47100
995
15960
55182
1736
99986
71752
7088
40735
39063
23304
19714
75498
46636
62242
8414
12589
48103
96657
92107
49723
46386
50450
78304
11467
11218
98183
44742
44112
57257
84088
40389
88780
71220
84140
56757
64617
2680
84921
49784
88021
90120
93329
99071
42338
13224
75960
71971
74104
8890
99719
39344
19504
56221
5427
43260
56547
11007
43574
44628
15432
95650
1578
37765
18320
29302
12101
37383
74671
20411
29195
58380
54560
46810
44520
84642
86159
46078
50742
98660
79826
28697
5520
47992
7982
81456
80528
28644
18225
19057
67628
41171
54688
50480
11234
67565
69389
93631
31127
85297
78206
85230
74740
70818
4831
58256
79047
82816
40883
18440
92451
13510
38408
66354
87479
39114
61183
16608
87698
20996
72092
7614
37123
75479
59754
61732
32992
43928
69869
96029
82635
69003
76498
15033
66739
91971
88590
93268
85897
31832
2350
27919
92387
56615
94217
88086
9320
9741
78962
32470
14432
62383
47672
25122
28476
81504
70209
82448
7455
66712
4690
41493
80826
41907
12161
11655
26825
36684
29859
89823
51427
25770
89270
18956
96525
51920
20204
81894
65265
46821
13879
63688
47963
72604
39723
70121
50023
50278
14038
62346
32300
28439
9273
50462
28109
12437
40629
11999
81093
97648
31652
50746
76089
39859
83693
69146
19108
87763
86523
15665
89161
39463
7832
31614
66444
54060
92680
84052
39984
83635
64371
68996
12532
36492
83054
7886
7841
55110
16035
6025
3925
49368
45246
62311
43728
87861
37202
47241
3700
47237
8653
38782
73374
93564
1991
81770
81334
3667
57867
77713
71833
27175
33426
92928
23782
68501
65161
47060
1599
37796
21972
30772
34147
25912
35577
53091
32124
61204
61384
57681
31971
30989
89998
9091
80469
57653
61057
59327
2043
20389
33179
68118
74725
61211
28272
46331
32387
19680
95534
37034
41951
36378
75096
8558
59570
42389
39923
68245
60842
15600
40672
5234
94910
14281
96809
64769
63538
39950
94662
88028
119
23191
553
28148
86605
34148
28560
65790
22739
60353
54433
34522
88780
23142
82578
71161
16724
23542
75447
39351
95160
85632
45743
1288
27532
60506
11519
81569
94010
23443
1644
18561
69860
20205
29292
76686
20203
75085
25060
47416
37216
33680
82925
99279
32076
85349
76062
60742
72038
51898
95600
2167
77638
74307
93734
95701
91067
82231
55004
41626
59573
53571
11138
74998
83268
53842
84470
41141
27768
85200
63711
27557
99031
93727
8461
44524
12611
28880
44754
68951
68188
49597
26776
35847
10992
27052
24369
47880
22171
31008
64931
55594
38450
29322
63294
29339
10094
31853
27229
18236
80394
27259
24198
21025
88049
56035
48281
93234
36523
45879
35704
20
7111
86988
13439
75964
22962
59857
74441
5685
79078
86094
57324
92420
23555
87541
85297
20964
71115
14823
31943
82830
54772
8779
68767
32080
86081
17616
87947
67409
36428
63578
25678
66129
4217
18979
1149
54870
13106
26895
82275
4521
20309
85104
48331
79595
43287
64535
28704
17924
8804
36156
73598
38486
33169
66779
41087
84494
27003
66624
59811
73301
34734
85419
87894
79376
51489
24991
28784
60251
56955
50600
15502
70476
56069
11231
35373
996
12773
63528
43837
74816
67445
82108
3016
74471
82934
8437
60
97967
90486
60330
39189
57910
91454
79568
608
40537
63796
17401
10975
81608
85717
18469
29918
45976
16623
92003
90808
67341
71223
96909
39117
44258
1436
73602
79005
50523
53135
26173
34428
49750
11078
74979
1824
43470
68019
83584
47462
9274
62886
48846
82276
76170
82168
18519
27976
45262
13661
95707
5019
98807
45690
64359
66304
90447
64952
20645
7246
84915
21756
71517
75514
37858
30805
68457
10226
45424
32348
53989
27868
16847
11798
5894
75442
43787
77863
6668
9654
87204
55304
41585
42173
45039
41578
11234
323
89158
26013
41592
6576
40136
4541
52214
96310
26429
29874
82371
13874
43346
87581
59685
45149
89208
58199
35085
23695
7458
67332
81130
55596
9843
89094
28192
20208
44476
32285
40946
42764
66405
56467
4357
51391
52832
56701
78735
30603
33916
77902
21245
28808
72051
36602
97231
75069
15917
6694
48671
45433
33363
18030
44138
19421
24080
53073
60861
10639
34098
4271
60326
14512
32342
79384
60898
45879
78072
93970
51991
19626
92826
82091
14231
68207
51099
67680
88119
4341
26753
78477
59831
20244
61812
93701
65180
16918
96440
84043
7480
29582
51217
48442
61227
41916
63897
33859
63337
65896
40223
9181
53230
82708
52111
36752
73375
15779
45226
47145
30793
2823
96535
90848
47342
59777
79241
72733
96724
63108
19611
51544
99984
37307
11556
85728
3416
74213
63486
93583
40642
477
96110
81003
97347
19784
54479
13463
27663
89560
73963
66442
90046
48504
99442
92421
75188
92226
27889
37712
84649
4754
56956
63877
59096
15004
95828
20688
31003
51127
54557
73925
38321
81304
15603
75027
26481
95224
40397
42561
60090
80976
78957
54284
37100
36106
53242
43819
31609
98152
3302
34421
767
31724
39428
90953
40070
46361
48238
93856
12125
33207
79739
17166
51600
11192
22675
20788
68253
53036
2551
27947
41122
45386
52815
16351
62242
29099
85886
64335
53633
77836
80200
59563
47935
87153
35374
20442
34330
16976
57717
57243
56539
2317
17626
93634
90742
73219
45099
75123
54355
42437
63223
58611
32807
35162
17118
67967
89457
14062
56675
28221
50751
75365
6984
33988
75470
53319
20822
19812
41624
77253
39567
57752
24807
56824
48613
89102
29011
9234
61995
98884
29385
7811
8594
60709
754
92047
61195
29941
94466
60541
51260
77357
92147
7863
2873
31874
9036
79857
67297
70809
31463
62741
23880
49779
79514
56984
68835
69979
6599
81892
69743
95341
19333
41525
51014
86067
96655
59762
27253
88564
74282
32352
78420
77479
8760
95458
17635
61894
59257
8482
78171
71473
45840
22175
43749
2436
85489
31405
95361
40911
1107
10890
5298
77321
82110
57849
46766
41089
6055
976
8856
44421
95444
76563
78410
83078
79610
37351
39442
66996
7692
11619
26825
27851
38619
78262
88591
96555
69358
61685
65324
94557
75811
88808
81941
59204
28246
7601
83159
83685
18545
80423
25652
8363
67079
85578
26547
78162
22959
37146
94477
78062
96572
70721
76559
59506
74852
20256
3654
19725
91
98434
72602
59496
61619
1888
72676
23411
51904
76759
82558
6227
63039
94023
17638
10962
68104
20273
78618
67710
9687
64815
61512
21877
79009
51058
33449
66840
79495
35372
4702
27702
21817
22613
1657
29525
87669
57792
1601
32797
22479
6388
96041
89867
81838
56101
45368
98671
85266
42144
39577
91796
735
62429
58286
29770
45158
9934
44730
77706
71453
35239
29669
11183
75930
71747
19456
91553
69502
65251
1560
74240
57242
34920
93986
95020
54621
3667
64485
52741
69163
58766
78997
99636
56533
96549
8120
91281
95506
50935
50443
50762
91197
51588
99445
98982
43130
17176
21598
49895
72247
35296
93416
44479
24364
94884
9782
35608
41435
72843
59630
87146
48281
13359
27647
60697
53011
89497
94373
64113
92731
83908
85796
6417
22296
97188
48946
41495
81208
77908
72029
47503
71084
78239
22836
69959
89355
40895
50144
90485
48404
14777
80628
56467
15192
38255
46010
4309
93882
81122
10894
85625
4004
83149
83221
36644
29647
74299
77352
54325
49620
3588
21751
32620
25188
45072
47495
83234
77821
55455
11841
9324
3731
37958
91735
93030
15595
38427
51810
22081
41411
61733
47581
20913
35575
92817
58891
98117
24758
481
58935
47357
75041
88705
49535
2068
55396
61359
79643
44239
86882
22963
96967
75210
84391
56412
80783
92675
44024
62434
17605
37701
69952
73879
26213
98602
15576
6781
20077
80839
68386
90002
25008
57788
80564
65675
23436
9319
91247
19193
74190
37589
79580
13098
50233
74519
13515
90204
32096
59355
64908
46806
20362
53968
24332
92360
67472
21846
61049
53081
78909
89248
64358
57418
40291
56326
7866
28375
60487
41563
58423
34878
28373
91067
13363
11407
53089
7698
80628
31440
55171
2830
54140
88279
47313
86878
36651
43768
50454
54522
24254
85842
57479
29933
80469
31821
20566
1397
59197
34457
81262
64888
35062
4682
28101
15270
92079
7513
44568
42456
52996
88813
44555
95639
725
75704
71272
46758
62034
81421
45024
95716
9485
27712
48425
4706
90779
91039
18384
76787
84218
13718
52904
97452
71481
12148
53568
13021
43255
89255
25854
18526
91892
24387
79043
51177
59695
99110
35879
52305
83455
26187
69740
50553
40248
37667
85527
21656
65803
31071
31742
87383
94923
79589
27521
87398
16502
16114
14438
71706
86332
82286
38374
51086
57212
27928
40120
10727
39449
25022
31564
57705
92339
12438
14113
1086
36924
38735
47086
67740
73189
39881
16597
17617
62408
5492
34483
25448
58677
78678
48574
22743
25614
60215
52882
18604
23058
42372
15368
1315
26157
39751
76149
12612
85775
36929
62855
64545
50109
97107
49889
14304
73972
51877
30851
55990
24867
97126
66727
16970
62975
30672
56269
2885
53994
94377
64244
34620
79905
49515
747
48433
20242
74924
25188
81740
1586
42093
15182
57811
45049
97659
52874
69076
70460
38401
28885
20010
43678
91028
24510
92873
22202
84253
34069
25774
96879
83585
28720
27461
40760
4629
34818
51462
55597
95913
38361
64840
74105
37479
15740
62716
29313
68824
92759
63552
12115
63763
46892
92983
5354
66936
62410
6488
38413
70716
66813
26741
61855
69740
5630
76363
70478
13192
58243
94811
71145
78437
17183
15906
98785
78890
31412
12189
19446
62842
97412
18846
23642
96865
65598
23622
83866
55271
97361
61710
65959
46452
91897
25239
67101
61499
87698
4224
81606
82188
43774
92362
8884
39891
99951
90898
66868
42152
82448
81877
57949
44060
58095
70535
76861
4983
35676
58317
27981
90964
22283
69565
59766
76057
55584
6370
5996
62683
52451
25832
89580
3021
83372
46251
35108
98809
51392
5130
83170
74797
95134
96699
37290
68281
15954
11019
92560
61583
22637
71539
5921
43052
83534
77357
69407
52513
81178
54894
48581
74787
3326
2714
19377
21966
72533
14954
98976
52878
9140
16917
79757
22405
26626
70944
79217
10019
203
35633
88982
82116
25284
70759
81682
4443
91260
39401
28016
74698
61101
25426
33179
37137
56143
55951
66955
70473
23191
47947
73447
49838
54274
46786
65211
73152
20793
46188
49355
12269
34223
85031
11615
97602
286
78508
66346
32039
68610
35989
24711
86744
21924
18039
23793
34733
99624
42278
91988
2226
4524
77055
46063
57899
25485
72471
53509
87032
40825
62494
99784
57537
97595
31222
14588
68205
79179
5397
73185
28160
91067
87328
26012
34436
54399
6479
23450
98751
58384
35006
80512
58143
66401
51621
90647
44653
74981
86160
93194
97056
76447
54683
96240
62622
59467
71863
63640
2529
52523
22145
83917
4434
1982
68262
38629
2440
99796
13840
59477
47398
6969
11071
42243
42640
35933
40408
91194
95977
26245
88689
45359
52870
33232
3218
35676
24366
35705
22892
90970
52257
21286
99348
36143
91040
59048
33674
79187
67505
42102
73545
54019
53432
66685
22
92022
73277
17559
56367
15827
56511
42933
66934
1202
66941
93691
38477
15861
46524
65051
62950
35386
87797
23314
2664
79971
73504
62000
98059
50523
35610
79761
65351
51047
51800
18179
41011
47084
32619
66146
89791
29919
14657
44224
86817
58492
31769
59033
45524
85090
7816
54011
5029
78026
91320
53031
47800
20231
27661
19971
38086
44125
78658
19492
6771
36328
26418
57991
77944
24940
92967
43721
17410
12579
21095
83944
39145
81547
60100
91471
39985
71307
87418
69643
72248
1556
46040
36103
97977
87139
27959
29917
635
31669
4796
77058
8942
47825
52366
78208
68858
97646
83178
93012
35112
75084
85064
42188
14214
21768
73891
90245
59055
52978
61109
87206
57840
49429
1105
8012
5713
15052
23405
72590
12425
67995
85056
93762
41904
48859
75573
73382
91222
95302
87966
40964
16411
45721
13958
2421
20555
66483
48997
14883
83833
99231
7716
94780
16301
63624
75415
84538
42607
17085
30607
35813
67991
38544
91588
27082
54526
4871
65862
15559
53626
59478
22250
72338
59106
39501
6898
90710
97228
65018
93818
82526
12730
99454
236
66547
780
93676
11502
20166
78424
57034
97064
29088
88451
15659
28409
57526
915
72774
9249
24091
68309
44584
32164
70336
37845
70637
64274
8539
28370
83518
31842
36969
97103
47450
44951
19083
64169
89704
37846
57050
19919
72362
2954
79433
82530
46260
88227
73208
63651
56363
52239
2801
1133
52886
42066
88616
62164
30041
52493
83481
92611
43976
96951
14156
64801
43241
74773
86407
23058
87332
75684
59855
90683
88821
60777
78089
40196
13667
19211
48755
22373
45668
72391
62082
99719
49257
75263
77322
85238
63851
79058
61321
2891
32428
17366
98624
66211
33522
99324
16728
55657
49840
72350
30889
38126
72699
2083
82229
71280
50566
64217
15619
11803
67238
88220
18487
96669
29798
36003
91195
41143
3779
15374
11387
66135
89487
72975
62535
71366
86904
11138
35814
86645
95946
96411
75068
86382
28699
19295
72444
75630
38395
9786
29676
84368
17690
9954
65071
79673
4205
6163
60875
9247
2494
94587
7666
29369
35273
61848
17917
59179
18891
46157
30341
7700
5072
68301
97466
60601
87220
15977
92488
76406
1157
73983
79209
78619
66992
43525
75526
7989
16216
45614
91989
58141
77994
91433
11099
56877
23033
76152
56589
25711
17522
79705
11544
7821
3399
80757
73659
47862
73779
69755
93065
85379
85144
64426
99504
30079
44796
60587
77320
36439
53670
36045
1451
41864
40786
80152
38074
92872
71964
85901
87296
96616
94970
59014
66588
49747
37707
93720
34037
86030
7096
6350
77418
34880
13046
12945
42896
96811
29498
61567
62868
11355
91805
33942
48678
65992
59582
69968
93202
67750
86866
13077
67638
62357
41074
59693
53668
71697
97192
4114
58094
74708
23271
53256
34893
62974
98918
49216
43127
72261
81624
49672
72838
73717
17532
41230
6956
29374
64646
77361
76835
5248
47335
22028
67616
90661
9258
50888
53930
79919
46347
48342
96093
6894
58700
45685
80397
30434
95288
40450
24191
84244
75012
104
96635
17266
13206
70470
19655
1216
48664
38012
72021
75017
7095
19752
31276
76588
76803
77747
9853
67216
74161
5662
30966
98046
53919
14960
62845
88604
70082
76165
47916
17973
43572
91807
83174
3649
77992
20473
52062
33858
71585
10878
859
15790
92603
35573
45576
88564
89827
64210
7773
2215
29889
79659
14904
92137
87908
87541
7368
75815
50218
25643
26758
77689
10053
83289
42942
27409
7400
84118
17369
89444
97854
68814
32030
33944
78153
60141
6756
6162
29533
26271
14127
97
68366
60415
53144
63664
21426
20507
53119
74784
77867
11583
96208
62968
90327
81613
41316
71277
64942
13119
94012
15654
87744
70057
39289
69853
18458
38716
74215
10041
41780
1985
72535
98330
55645
78530
68214
99980
31344
98159
593
14359
39796
83233
50110
70609
70327
16665
19061
59759
41616
54630
23973
38895
78562
96651
1541
23524
27218
30039
28619
35682
92066
34676
19376
19509
62844
30261
13460
8839
71804
39531
4925
56668
58249
66370
56936
236
35657
66713
94138
7668
50340
61924
86309
95844
96082
77349
33650
33245
22831
72845
92121
98406
63637
52089
41031
94936
32393
32734
61772
48181
57205
94560
65609
60909
10893
83355
59077
63560
32256
76302
60160
69896
45244
6331
61813
83877
15893
10542
55897
58641
67199
11390
60259
27945
63341
98524
3650
71637
52150
39208
71474
60375
38177
36976
60976
97100
57318
85848
33956
58659
84794
46599
78858
14203
43290
37803
54089
85935
20188
21331
17204
63588
61814
46258
61705
25942
66178
33519
42504
24157
55988
16937
82603
12437
38998
61791
47928
26015
6305
87593
75475
98971
11518
44348
56602
48571
19610
19388
58944
86123
48171
51652
4837
50579
98846
49320
66987
70538
80405
8096
13828
2577
84504
84702
97089
24721
89369
28648
87431
42183
70462
45133
52250
61769
76295
94706
24936
9495
40115
33726
5415
57650
37566
3896
83922
56604
2574
32091
39684
1878
87991
75627
3570
29156
79921
54996
1735
79250
64768
98761
56542
44625
78276
41536
47636
93971
95630
66702
62272
93828
66096
21462
63166
30292
98502
42868
95684
7785
5920
14485
27187
77509
63612
22623
21879
73247
64893
54947
68541
9843
53167
47422
1153
75945
65034
88419
44537
11042
9101
31846
47035
50445
68207
13488
39783
75668
4089
79331
16919
68463
15419
45948
38651
22218
81896
90241
10906
69205
76585
6334
97156
76053
99640
13628
14569
6017
3195
20344
24837
18619
16036
72615
68440
95363
79539
72485
76873
6353
78684
91014
64073
48185
2756
79332
61579
29697
20399
45488
54311
46683
87025
81267
83973
76176
58538
50975
13828
18438
72541
3481
60455
54984
15126
37644
83637
10498
86263
17401
45532
40997
69051
25634
59159
19012
94264
99834
77727
84445
88379
36726
66358
27295
34890
50735
2060
52197
43597
60036
89244
85011
22445
65517
21777
8287
89611
9390
16807
12376
91683
90291
63201
94746
37187
27323
79839
41170
80488
57725
3664
42855
27375
7621
24998
89406
37757
78019
6180
20600
23639
20912
80579
79250
83020
15913
55382
35706
63970
19917
18902
65580
96638
3831
76864
91825
85107
54242
32706
78975
60748
23568
6070
11136
9661
88650
35608
9685
86334
73234
55546
32291
67765
51631
85945
27606
10766
7908
99533
77861
7880
40127
49178
22621
75440
6985
72442
4016
49139
80122
99667
23414
59249
99283
56738
86525
75200
30510
39264
34984
3124
93554
93853
39773
70999
2551
99492
35932
85314
17450
66618
66869
27893
6823
99763
49643
93185
44145
96251
92514
33255
43175
56310
62010
33703
81106
46164
20494
31491
1206
69088
72173
85525
42973
7699
83058
49030
15125
53982
45016
93838
28299
81321
20123
98949
72244
47419
25874
20155
39204
52517
96590
71933
58177
42770
68500
44617
60323
73044
422
95446
77937
99410
4944
91557
20520
55984
31229
95593
66242
59483
91704
29552
59798
61496
87008
80910
46375
21738
4984
2438
4242
55787
10150
13180
39860
21967
89605
1720
31529
8197
48899
43270
71665
86792
38362
81399
40210
39328
73878
39385
63508
22697
38869
23924
14686
33556
46938
87698
45273
96400
59172
3177
68516
46477
41227
34930
76079
24127
57132
64268
31771
56528
6647
6963
47087
30898
17908
74597
58771
96565
68191
90847
65617
45273
74484
44835
34171
5488
87672
81348
29654
73600
2743
90614
26416
21299
64549
40653
26081
70379
98229
10540
9235
47252
71001
71489
1821
98624
28706
20553
40418
58754
53165
8585
63101
48656
38072
94453
21229
51713
70066
79652
52321
31444
94493
68151
86640
33440
45092
51146
23912
50903
42780
75825
34181
42399
81587
32549
52642
87348
20267
59798
5248
77882
19819
24707
29000
52457
78234
22048
29423
93568
3339
33444
53327
55716
31211
44003
18062
95214
2642
44171
75684
83286
17392
4927
51654
27423
49382
59639
1301
67834
9126
81485
64015
70069
20701
30104
1497
69800
75154
55582
29834
36158
82992
59925
1507
72005
80774
29166
83665
91177
98294
97938
5350
62634
10612
68817
87215
47128
84157
36326
60909
56319
83278
70432
66009
84372
42424
13982
96808
56161
91971
67539
95375
28530
74426
75000
83799
7613
53991
66549
33522
79924
32815
2329
344
22602
84500
63598
39578
58206
31939
91096
46871
44906
93760
58241
63723
93167
43376
1567
2575
95281
24379
25141
34587
96190
55315
72060
37269
63544
24743
43468
3521
43639
74868
51598
33260
54637
6546
9168
4543
89304
96261
85007
41603
6404
80564
17777
94838
34903
8262
58945
99944
80426
68936
24031
80458
27166
98090
96678
9693
71954
23186
67023
65973
373
60802
87098
22287
47320
89872
97396
34957
76208
41688
68730
68043
40046
9494
70634
66072
22868
14771
3517
62111
10917
63229
47179
57774
95030
84579
80244
16061
24739
18055
82433
96151
18233
10579
66098
57755
76114
61739
59411
60172
62882
71636
34095
28331
66978
1375
4112
80791
55211
83607
60504
36839
80591
67771
20153
32971
75017
1200
43086
66521
26474
64124
19686
92570
7453
5303
498
30306
76232
76475
74262
32407
30835
88070
50530
66873
29647
34949
78760
87243
87337
13942
80717
30919
58823
48431
3841
70798
19202
18137
88029
4524
86305
33465
7420
89153
10938
79659
60604
24389
97507
35861
61807
51877
71361
73385
9876
61765
17686
15789
73786
25732
42488
92714
2907
79274
2355
27886
73552
16046
29430
87679
62514
55832
71068
98838
22750
65915
75313
19301
10287
93701
72341
31929
37968
53141
41177
84678
50373
96583
51871
54583
87011
51704
18011
40995
46687
61859
42176
4160
12988
96551
44857
1741
21725
71233
43638
77045
46928
40311
21414
70250
67452
85571
58644
72864
95636
42637
74283
26605
65620
28114
95177
29935
18189
87323
4612
31135
59685
15119
23656
76277
76125
31977
2245
23694
26704
76823
56896
14840
74518
56469
69301
79814
25182
69896
53921
48667
75336
82170
30222
7467
77189
164
81201
96732
86275
50077
32105
37097
73916
5787
34610
82149
4275
48814
79319
79993
33724
38834
72421
11637
91125
44884
88055
88648
94005
59676
41111
41814
26115
85270
5956
58755
52956
99102
28761
72025
11051
17803
47896
76212
90085
95685
94430
60198
21809
45203
72049
88430
9382
84600
41398
16676
72245
20212
74502
44399
17162
45915
7640
49049
72875
82013
64086
34612
55362
32105
46676
64731
83245
39571
50665
16767
99255
62442
10211
45535
19390
12493
32739
72337
77982
81617
1991
91718
56707
91718
38224
28012
40265
29006
54211
39390
81664
28655
95327
98626
60732
25648
61274
9726
17812
71231
96331
91893
37430
85489
27239
71847
93374
13717
76503
79519
81995
78008
13037
21499
22345
661
91977
55471
15658
42301
63956
18837
34989
11398
19333
51814
5769
95811
46526
24669
82068
48130
97773
75039
25399
32288
58944
83145
68224
36601
56147
74665
634
24458
51550
26069
17658
19526
30553
51432
3915
6355
8499
50401
91211
57085
85463
64507
52669
55604
47381
38843
49499
50189
68854
81667
90932
15622
64069
56937
56706
76029
4905
992
12551
70818
7752
14546
81069
4062
23948
85079
52406
46861
81387
22441
75522
66876
38495
13165
49554
4711
23827
17716
58893
57509
43224
36105
18882
58989
39414
32431
5871
46197
10385
265
14608
23389
92734
75176
17888
25939
34190
55447
70984
78368
39489
86448
7860
20289
29511
64503
88678
83157
74825
45311
11079
41893
53656
1870
46208
61493
53963
9483
30719
99038
34113
72938
40888
53268
18469
36700
7954
79897
20682
23159
13004
66300
1605
45427
61724
35787
37468
21402
54409
77005
11110
69981
69361
92843
51152
32612
60790
87651
29877
78752
29738
54029
35831
74975
75679
83250
11116
47085
58681
24409
22532
39551
53091
2034
519
65401
26704
28598
33774
48791
44386
12803
87911
2895
74114
82049
7775
91697
76157
47944
49462
92372
9176
58954
69165
33728
76817
62519
34534
35017
44545
13090
39857
83173
86836
21786
25051
51871
34084
136
56272
64808
77884
1840
58221
45103
14620
73245
63379
31868
66082
5677
95400
51020
2352
62122
52320
47544
31818
69545
8808
77999
99858
83961
35564
15022
59436
16062
74267
56601
57086
66379
2175
15283
16688
13349
59749
16166
85765
92871
50257
2818
77743
21309
98537
12675
95458
95593
96673
66425
96009
19345
44512
81790
55643
84854
88032
38782
86911
3527
8697
65186
62351
23454
79191
49699
94622
17872
89125
12320
72892
63639
14504
36092
22932
53072
66688
22063
57654
78753
80855
64618
35896
25664
45558
79108
81976
98429
85066
68588
32679
34104
74580
17348
7761
88833
22467
71786
47840
75779
20815
94998
17516
35056
92193
23427
31537
14433
27739
51084
93750
62449
26052
67242
49969
765
6022
92208
96495
25880
22994
19170
27370
77503
24562
76584
19472
84449
97011
55062
89512
42796
58204
90005
34746
15625
88934
73390
36281
17594
45164
61344
71317
989
90982
97697
8757
43011
67107
85300
89764
33351
41468
48075
41717
44231
10666
81392
61240
37229
7309
48832
20541
4725
18118
52749
40779
56424
31202
31659
53115
98815
7225
12946
87829
75269
89323
67418
81892
48249
94761
97248
91173
12584
88765
36548
2755
34814
20469
94609
93064
68570
24059
86376
2725
13774
44623
81387
19691
12848
20122
23201
27109
53442
55733
43788
40397
60910
65446
76476
90354
16991
96001
78512
55709
47691
43889
57145
61043
73923
40272
12755
5551
14686
71854
28582
15309
12655
42265
5390
12655
21119
19109
85462
99706
30313
84589
61118
77296
50536
94140
45943
75317
18716
61508
6018
3144
65870
77508
29330
86591
11760
10412
76830
4302
35235
74799
12063
93325
40365
79325
38834
56073
12905
37401
28387
50865
54419
9668
18494
18151
9695
70802
44964
55170
79471
52062
59647
66118
36058
52268
85851
62893
54374
7632
51561
17444
72031
25406
44453
57686
68464
39264
15238
23099
23833
58668
58667
49510
77823
82577
76556
30498
94402
61453
69401
63953
57086
30950
85179
32982
26981
89829
75727
63357
6765
23187
57594
21378
73641
78995
56731
85931
60324
82288
77434
53816
53855
74539
43765
20873
37163
51439
16272
84319
75355
48647
94049
47212
79213
22490
32226
66697
97562
12308
63621
5008
77688
99084
15281
38689
98279
40564
12037
89953
11461
2719
85618
31406
64096
22811
19335
47013
63880
60252
655
99705
52447
4947
27664
87443
89225
22306
34917
93051
65761
22051
51232
69063
25385
58555
45882
46405
69247
44408
10080
39079
72960
57511
41557
59954
93325
39835
2017
84925
74042
12160
54926
19241
90833
55338
30713
27275
64492
97196
82484
91149
78765
34847
54627
60430
71139
34646
1734
50272
66649
20729
23055
74887
40994
59389
6411
85843
50747
38057
58877
86852
15960
89510
96458
29667
66572
91895
55848
62172
62795
73428
85404
14242
46345
86191
8988
48380
55158
92375
42448
57809
7161
79323
480
2082
33623
80337
64556
10230
88025
6680
15199
52577
42738
18222
39197
16233
99558
46632
15259
71481
93679
20187
33433
18306
42765
37299
51897
29439
10091
24926
80778
2183
16080
70798
50994
68297
86905
84712
85180
31620
6477
47577
55726
56796
22392
57236
14002
2295
70314
88954
44064
62406
56657
70918
31839
651
15618
67102
79683
70285
6653
78499
69050
50476
39703
54262
55919
67003
15324
57309
29412
29091
32460
56854
97103
73026
7197
37122
56462
58695
8485
42949
92539
2341
64966
49887
94607
22393
53115
45215
87043
91153
80120
23594
5306
6520
75813
45052
24956
83489
69335
40500
16451
51878
31108
68452
24936
77178
40722
10976
55018
22611
60308
13823
57052
67688
59739
64909
76290
30533
84432
94135
83038
82020
9574
9406
71250
71607
53022
92218
62791
54640
5433
74687
95102
2058
60673
87878
87688
80377
34815
83522
69265
12399
43086
20843
90751
1518
63925
80696
14844
13423
11142
75660
72283
51019
74998
2338
49703
80468
39963
39061
22509
53220
79201
71141
96457
76640
78810
6551
7636
27006
53102
87976
22747
62964
54742
84808
95127
11416
79716
71316
8809
83494
3224
85061
60487
49336
5742
36796
67405
45714
89898
3265
50774
46674
35942
7123
34598
6586
56563
29499
91460
71649
92724
35664
96768
74198
6507
21133
99849
36030
19132
28004
29394
1106
70077
37094
22532
49448
1022
64985
55384
83372
28749
61991
19442
91431
93611
36701
49296
99184
4659
30505
47241
88870
70316
83241
49355
13973
30087
34961
12202
29110
6434
55060
60174
85665
15336
61730
63519
13967
42879
90940
85842
58400
13142
95410
79826
69061
27587
76042
81071
76621
91215
34003
38417
67211
8667
46763
68579
37918
48431
2058
39869
90331
6047
49521
36568
68730
35873
53022
76094
68782
83177
39351
33482
94838
38616
59181
55654
84264
61317
89448
76118
71091
85886
95185
35743
99968
60138
42640
23318
12374
13221
13033
60966
29575
1092
42760
67258
64012
89960
36033
81031
73386
71975
37216
47586
78511
18414
38261
41216
4180
51453
36831
50885
47673
97567
81309
78577
87236
37224
11497
76131
52496
14180
69204
34555
94295
64332
80262
31589
66648
63198
20127
81043
25672
25551
96502
38371
6936
1699
69458
44390
16538
2717
83150
61435
75841
41827
51802
10335
89306
38023
98428
3729
32468
87084
82243
57684
3340
61112
74028
13867
5413
14949
7128
11144
77054
618
88394
34069
56284
47301
26323
1102
35833
12473
66453
43385
58367
66987
84566
88163
25643
24396
28446
59829
75448
40090
62330
45888
71595
24127
47316
91346
32936
15650
89320
28750
68940
10576
59719
90995
20237
58178
8924
22906
86296
48404
80203
57159
86230
92578
74116
4088
64726
98486
85838
64624
93506
47274
16883
86001
57332
95302
28038
13568
49162
34784
70457
69958
52252
28939
26785
34006
79973
31
78766
35809
95172
92570
27288
25610
59312
37179
42923
41350
7543
32100
4655
60428
22931
83589
96323
70012
36126
54898
97901
96016
45174
56393
45663
1176
88017
20663
60343
90217
60421
60615
32052
94098
83571
24708
38351
68359
10397
2008
52435
54011
1410
54685
23165
31664
36926
82723
80838
56917
1827
59765
56210
52216
21466
98908
13693
41505
48357
73434
99443
41120
90428
42596
84604
20630
75749
70766
16782
92588
16875
40131
17692
64082
99464
55067
39703
74005
17824
18173
48406
50663
56896
52433
37068
45377
82834
99788
64939
10044
60387
54284
40322
18295
59588
13206
64679
97606
86910
77615
24972
61954
36003
41342
92189
43348
41339
8416
72512
42500
99693
71650
69931
73129
69786
81568
56409
47959
65877
37416
70292
4328
34903
14931
29028
81585
49359
95487
92573
8143
26533
37250
2930
28848
33028
35956
41016
23048
13284
4728
74433
19830
76374
63804
996
56221
31402
4335
89328
53165
38546
91722
23730
64684
18886
27182
79965
67337
73896
92012
49591
95166
30988
4270
42942
66056
88974
8640
7138
12249
3485
85802
45391
67485
77984
76748
10431
27819
23913
1194
1083
99766
78066
48763
31463
96911
82053
54842
69444
14846
74552
53238
99611
51125
80737
56076
48609
30489
49935
1757
45953
79994
15774
99565
70946
74671
43276
73616
75207
50202
9747
56258
67938
71954
30176
464
20484
79561
55441
25105
14995
88503
81261
576
13645
47865
87088
40313
54039
40704
34371
33774
93547
71478
57470
35121
22887
37137
738
13163
17052
30098
68289
83100
21920
53560
41939
57962
36086
68785
61989
28905
73124
38535
152
23000
34435
56964
41692
17659
49638
59659
47580
71729
97354
62114
66760
3647
67431
8613
72743
26942
54389
33911
41189
38436
76443
48672
21395
49898
27161
93435
55591
53872
76216
67594
53835
48421
61842
49058
8138
70598
12859
17092
45274
86597
51417
77211
37107
50505
48157
47862
9333
85433
10227
90731
94791
11183
10901
66378
66464
14417
53957
25543
41713
89603
88402
6889
98439
6290
87372
47769
97093
27239
45281
35919
4879
50028
11824
78400
8296
30026
87121
73384
49973
79437
75460
73051
86928
92309
84639
33697
59902
73422
13849
75192
42783
30158
6135
17093
34427
43104
62794
92046
99203
60902
91475
48414
36232
50228
65495
67602
5673
67940
89679
77756
80601
33714
25000
60609
72520
56049
43223
49016
27145
31843
17200
53257
56546
83207
97252
69026
32033
10731
98168
56684
88177
69048
25564
71359
46610
37299
73437
14143
11053
7752
63496
36621
67497
17434
