29475
99301
33334
60965
4838
8462
27045
90477
81097
71577
80010
7761
6451
85927
88763
31734
3626
40113
53235
88001
8110
88049
20092
98213
28979
3635
55715
12238
6399
78371
87161
90808
44372
52371
98361
78478
93526
2507
27212
41664
84365
85333
89842
41007
95981
15636
32244
34700
71094
87955
39150
6102
18925
1020
72586
40948
83840
27924
28835
23916
78652
38636
92102
65252
89378
55910
7397
68315
19703
63395
58216
34972
82770
63910
49480
79375
48422
22579
24791
16015
80641
862
94901
86622
39123
26926
10926
46042
44878
57149
94904
91629
28047
24798
86015
13957
52798
26148
3051
90738
66329
93519
98388
43472
63762
22751
24285
82192
30210
85243
57804
46003
1455
68774
14225
23941
68601
25633
39049
25883
20946
79571
30797
58898
20740
7585
62053
18928
30725
63993
85598
19819
21867
23849
37594
13751
25820
1239
9220
67782
52210
72079
8066
53652
67805
11949
28686
16003
37262
89492
92462
22058
75975
98398
45772
87498
56307
54367
46617
11323
40699
81573
98906
43026
94487
44948
61778
12728
2841
69983
40106
95842
77463
94301
97921
98989
51937
55708
19849
92145
73774
43436
24693
85641
92732
41933
52228
99642
5100
29576
87164
54206
45310
89341
59072
66999
12046
10987
92854
10847
13352
29074
98538
69643
73699
23364
23976
26675
33515
71892
70711
66592
82095
63035
26579
99452
32442
42583
80890
6210
43606
81648
9574
24001
45010
41774
83480
66922
49177
45572
61079
65889
65495
41684
38080
78505
2356
27773
94788
45094
41072
81466
2292
2659
42045
38818
70527
55022
82925
99263
82948
58726
13370
65699
17542
72989
13698
44840
15193
44607
59792
83394
99018
58303
72511
25189
63016
74890
31580
61878
53093
71085
75079
14496
39725
17919
15934
78712
91978
51222
86925
38908
25276
31421
33054
30103
39316
17213
30688
60288
66268
19198
86128
46756
50820
38049
19996
39272
4009
24366
70041
30101
4604
43030
98421
1549
57587
49895
59478
64724
51379
29389
7694
16754
68492
53867
49126
23003
38678
66984
42828
66803
12032
52606
45929
48738
76055
19948
87881
29843
57667
80236
31456
6089
42709
53498
9739
21976
85197
97947
52298
90513
45219
41326
1114
45779
60044
24625
17045
20255
61752
61169
47667
85360
76651
52686
22201
32610
88477
28153
5130
197
93296
39178
37185
54063
56243
72208
91415
89604
30129
18316
12827
57589
65279
12485
61640
41314
38947
13618
30657
92970
8139
98175
77156
46857
61323
51769
23449
14691
54630
22541
42542
37490
46078
49042
47850
37994
29032
10689
86582
95558
11628
24470
65333
53497
18480
47133
92626
26395
17433
59
48445
82141
14710
52156
82662
61316
46438
16633
94768
61835
39120
20093
24956
19471
35543
23969
19997
66297
83887
28910
97874
37573
21802
84884
78693
67568
69438
19811
25160
25435
39797
60626
77503
10016
89376
39783
32906
76872
34379
25053
86963
36250
10994
87011
22204
60860
72786
66443
45356
84289
12322
27888
95639
66220
39834
58309
35174
11909
41803
28052
73473
37794
26366
38801
99770
26984
22389
44784
49398
48132
72171
95357
45907
97508
85153
22456
74338
20234
32697
4400
50548
39345
89982
59888
31994
59481
54273
48259
63175
70490
68357
99535
373
42195
9130
37817
87031
52916
37260
20116
95992
48417
31377
70119
86329
1285
47786
44207
76712
16527
99780
30239
51866
27329
20027
20099
50054
7981
88017
76440
34635
77642
68321
5465
69254
29226
87744
12858
52301
98570
77717
57750
73167
80088
12276
94430
98506
92425
33456
67965
1950
29360
8842
92009
52849
20901
28009
38520
78641
4989
95744
79691
32896
60937
70431
76289
55550
36977
18850
91852
41978
37636
66520
18335
33101
49538
24274
18582
55955
26646
48431
52036
71624
47454
79057
39504
70539
45174
71448
56738
63187
57295
55682
94112
3239
87017
13844
2326
86695
15617
12341
12898
49749
73683
30453
76501
97433
95723
89681
90432
47767
99012
40277
89303
61777
822
76038
31431
89198
38822
98134
16291
60669
66505
47104
35560
9824
38556
10275
92590
8601
3655
49566
44763
74364
34828
11557
19754
51336
11207
45732
44186
89064
68931
12270
25881
4316
93170
93958
72748
79323
24715
49071
74639
93374
68164
59426
92983
91604
57037
62855
99327
24901
71595
39055
97499
12122
28411
3801
8157
20480
39622
20994
2901
74282
40454
37016
36963
42846
28383
63721
44743
9583
39731
81983
11765
25401
81816
75657
50493
21176
3794
43303
34342
55666
26561
47047
86275
86102
99845
15090
9825
63570
37927
85786
83266
46968
27731
84108
28178
68998
63260
69305
49214
89088
4183
15319
92412
11552
35784
62321
90440
51014
95088
5981
86568
78493
47926
72863
69762
36151
34047
16805
70900
79296
56241
35159
14145
5924
62617
59727
17399
10497
58287
79507
51201
8789
61113
24000
14711
51825
59333
34152
74359
44395
491
54424
18534
25740
79846
128
54951
22784
42689
6006
3707
52163
53906
18090
4709
73228
68629
69615
11747
96116
94307
50681
88101
98970
46897
18274
35700
52504
49207
22835
70896
95855
74151
40968
81627
51914
5787
89953
82901
29224
73259
71204
42940
7682
26205
31259
96388
84767
50859
27815
53663
65116
56885
43711
23011
37519
8433
18925
86771
67610
27315
99092
16744
37282
74839
54515
6500
32231
80098
63234
49164
37404
68826
99245
26171
25630
8082
67033
98249
1138
33691
18317
59646
72922
21938
61989
11799
86141
65799
38188
89074
17426
25330
64444
48187
73943
30073
64839
65620
44696
50702
15518
47416
3883
85059
28126
11303
68756
924
56592
69466
4319
98748
80952
27249
34593
16077
64208
75213
47752
53366
4333
31272
11467
67429
364
43127
51919
40292
53391
28216
24376
54450
23694
60672
29298
76749
30626
68069
40032
5267
44352
1274
10298
50350
29056
17683
14321
62001
10279
92683
429
71123
8467
91407
69185
59164
19912
49408
38722
5937
13866
12217
93134
73783
77572
47422
99017
72252
8100
27807
1949
78119
18219
5358
37204
7680
80200
28976
45773
83011
69945
27834
73484
94808
17282
54636
99281
12613
84327
64480
35050
40758
73685
92399
44859
88565
30122
94356
84805
12815
16212
21958
60306
20326
49023
22377
36155
23654
71592
44565
17513
66530
91742
26868
80095
44549
77386
51314
23887
63307
51595
87997
1203
79525
60892
88516
9180
72457
25837
59305
92024
52071
28259
8349
42296
56094
73134
88762
75915
29204
79661
57422
47523
39413
2584
36677
63940
92909
79389
55240
16959
48094
6434
74479
77172
82994
64156
32489
10605
5863
47017
53118
5467
99409
50443
2869
90227
10651
24649
23235
55942
21978
12166
53993
72954
67967
11635
97972
27539
81140
61907
75670
15489
10703
86298
22874
91050
36112
13506
99606
30054
49735
77470
70155
10051
86390
44568
30821
20049
63463
13562
35980
41700
21107
26699
53538
87476
53332
61348
36013
32714
87760
91941
20781
6903
53041
28161
49733
91154
85807
10763
19524
7879
56904
67485
23219
50146
79472
75496
61520
18900
53589
25136
84207
74
27366
63200
16886
55371
88854
53318
57687
10630
69286
31256
99564
66363
22795
53381
84154
9730
30152
87117
90543
6377
92649
24130
56743
28870
56138
99626
88864
80043
42323
10570
16307
20874
83606
25064
40235
82101
78509
28068
38833
19929
314
63138
1856
99369
92255
67843
93811
90927
28629
62256
24180
49298
10075
38080
10997
39479
88817
86941
62851
24170
64360
33435
12646
5051
21631
92494
52741
23752
41641
11225
91244
94329
87623
12217
42144
41155
3291
41584
86333
63116
43764
52675
61998
85013
37292
28084
19793
99920
1754
65651
27537
91210
37522
78545
60390
5364
19283
77922
28894
78358
11136
47646
8048
46350
65547
59730
44637
49642
61085
35902
35005
6760
54161
71045
49567
89054
25667
73814
80452
78017
73251
15432
43055
67615
32893
97072
19558
55514
62256
80391
34334
92710
52923
33278
45399
64798
25784
50540
44614
30123
45012
36628
72152
15818
84508
82065
86077
36699
36449
21519
25702
76281
80875
21246
96179
4971
27353
42765
13692
39318
3123
5601
69339
46092
55261
23812
22863
48154
95088
33359
26042
34327
25035
37302
27193
56438
34285
21419
15554
94396
69410
8630
26348
18994
67056
79954
18081
23251
59573
67961
18264
12979
52844
10396
37280
13648
29499
30372
48066
56840
8370
68235
94370
46291
93239
3019
57684
7546
6109
94505
61116
10254
25509
8380
74705
99002
30031
42980
46201
57759
71366
60688
78908
13239
25474
86642
27685
15139
21306
22555
63959
45085
89656
20017
25377
32405
44707
52032
53775
63625
65663
52233
63710
64975
30911
89897
86940
30560
24172
839
98596
78491
1334
95114
45711
26714
29619
62487
50705
11621
32020
21854
73315
10227
21020
3196
99871
77878
86719
63945
66275
41130
72808
86148
81484
14430
2486
83514
28880
34773
26019
75948
10568
78561
49298
12326
56418
84303
11684
87042
2961
93450
38655
82813
23523
47209
86191
43258
22371
4459
41611
80218
66040
33936
52462
72328
81865
88094
11847
26621
19366
94029
84088
46727
83421
7930
67089
4737
66045
82913
79810
77097
48963
34683
83510
16950
24684
38485
953
3906
31903
77247
66824
15655
90286
6408
4668
12936
9041
68515
49486
9307
63344
35793
95220
38396
96842
22650
86736
76892
9691
36670
48396
195
46783
10891
3916
38467
48119
1240
87350
47025
78749
89511
96952
65247
89914
79834
50081
61412
40384
83458
53132
9783
42013
80622
18706
4066
6883
11315
97228
82897
78962
95762
27945
49280
20783
14478
12869
70151
20813
88483
19768
84993
12966
34109
65150
56131
91311
34794
3669
27838
49889
47452
80178
27772
3631
92851
36610
82981
34868
94490
9059
32955
25268
48511
21817
49181
17252
55578
22446
77248
62944
58297
90354
15563
147
54623
64848
78173
9544
64084
73073
35069
65043
25313
10584
72826
2167
27951
47770
18398
33973
16324
71748
43927
51373
88507
75728
4649
46753
32566
89160
55381
36943
46575
48143
77796
74987
80818
78211
93153
8755
4528
37985
51273
67988
66219
3580
75560
16230
74066
48470
18271
59949
82996
70821
9554
40282
71167
11762
64847
60553
61956
64177
92148
78302
23293
21355
78116
79061
70931
93600
9719
80963
98804
58638
31619
90770
25509
9417
74622
99808
533
66092
54455
26006
96157
71909
87559
88876
65419
73522
84249
44095
28533
32593
3232
91
17943
59450
38708
56398
45747
96692
99305
33759
21655
23563
72638
95055
3285
27728
84327
43054
41121
73612
9506
45061
96687
18881
75017
23415
13980
92709
50447
37930
46752
2749
73524
24050
43907
95671
54477
41249
16707
90935
23715
69720
98262
89259
795
94986
19884
16489
35827
93449
45380
33420
27893
63163
66564
25829
24635
90121
96155
16796
57071
98630
28467
19931
22565
84441
68773
36162
12934
95163
78674
7254
97233
89149
27286
64138
81734
56283
55764
50451
8405
4514
35058
82801
18257
83963
20001
56306
90497
25625
20883
15688
49783
17674
45208
2773
30954
6856
26463
34648
36352
54986
29711
30253
31317
43167
66507
44606
49926
54177
12604
57285
93306
26544
54885
76004
62309
65513
21176
29915
96563
3575
61108
16749
40634
15489
44967
27982
75820
68457
18925
32508
62489
38545
69378
7875
38469
80651
95982
37766
57901
92462
53077
91989
62954
7618
41913
5280
71467
61598
89601
9238
59862
19913
95385
85531
50679
88507
26458
27766
76866
32258
78003
81142
64424
81614
40781
84257
44586
25638
98825
5180
25588
55291
59114
17414
52908
13162
50136
35978
8032
65707
80881
9800
40599
95854
97257
93525
70860
99781
50434
86144
30658
16588
49792
24519
81304
67118
12088
97703
21886
97921
91483
85822
2300
84481
10142
3041
72154
77763
73990
26411
21975
51898
86207
4966
89290
21055
1827
78834
6175
56896
57072
257
82831
7478
5281
51065
46667
46116
22284
46437
89017
65369
43904
20245
41748
75622
76205
6228
93138
91209
32707
90409
33836
90490
97814
33643
61311
65231
32890
36147
70829
62497
16677
65980
58265
72072
9813
39868
69068
38289
35485
19206
81381
34963
83841
17846
82496
49916
86303
74434
88010
79600
7123
68807
79705
1975
55353
65835
63302
80636
52739
28391
1510
22703
74546
56613
60939
82270
11788
76662
99733
45901
51169
36741
79516
91239
66725
74837
84349
84067
59624
75292
36148
43334
75215
35186
4753
85930
52443
53825
15769
73203
50396
68748
16430
54706
11393
9854
3101
88788
69763
67174
61409
10845
37099
72467
19253
19120
13236
34395
29690
30377
54768
93405
6436
33684
490
89829
80166
72885
25967
16474
65115
60010
2076
71057
60365
48765
18531
90220
3181
87757
90160
19492
81747
66577
98416
4809
86557
84041
24994
54889
21463
10267
85386
34798
25228
84816
35578
70589
26218
89408
41164
13541
61835
8391
79188
38643
86544
7402
814
51362
64705
7423
67192
39105
82433
92314
304
90963
50942
60040
36322
58968
66964
50783
42981
10852
5303
51049
54166
94878
76565
73084
57266
67285
83052
41981
60826
39945
4292
95469
75696
66022
49321
60200
27633
87128
80715
15565
90646
51395
67964
44716
93108
97343
58193
59085
85156
96693
76808
22269
63758
70589
69627
60138
43105
69128
12592
69719
23161
8308
42434
72140
26212
83466
55712
45552
65018
83117
45314
32958
42968
64466
78371
39681
25514
25155
24615
67264
78136
70795
45925
28964
23080
97767
55327
81723
62787
40924
65118
37677
54970
95590
24647
39224
7332
96764
79414
37172
56360
24158
60028
44755
9358
91189
86571
32670
45630
72283
34702
15167
21345
71821
72685
26538
27821
20212
19874
94904
95731
69492
64859
34479
83837
99781
45716
56349
29564
20671
82498
67340
79771
59310
83674
96091
63476
74069
14832
49523
32094
79274
47905
91513
5585
10404
91672
18241
35601
42412
67975
38240
29508
22946
23666
64638
51322
75127
59453
79758
2874
97830
64824
14993
98742
6301
95969
35110
53697
936
23573
7592
25569
11265
29087
44212
73994
53217
19940
51792
14028
30727
61340
85071
59857
59981
41156
55148
89315
1939
13712
74825
84970
1728
38684
66758
84917
94046
7618
43483
67240
83370
55151
10751
69214
88892
88998
50480
98416
32354
14585
49462
2308
67064
29071
58326
21135
85000
44691
13318
59196
52076
17901
69118
71848
37014
76099
67907
24813
433
75605
28381
9524
28903
80316
19713
87065
1564
25684
94647
62622
71878
2194
31399
7968
31203
99832
21332
4849
39942
42431
74474
21682
73251
1944
69486
42897
24780
65568
59364
23797
16217
35092
69542
54773
55330
31055
50278
78834
24090
20810
28769
36724
63086
53762
46684
64771
9198
22837
32339
60067
41087
40264
76488
46157
15674
91903
22979
57174
50730
99780
22578
66984
29937
56859
74792
35410
33040
97503
23967
77886
84238
41990
54337
1383
13129
11280
499
15433
80292
88899
40476
16180
28149
27138
16245
48614
62722
91945
91272
20343
12085
70679
37668
18830
56833
7711
35268
16436
89275
87798
37405
36977
40331
80536
9205
11189
18517
29580
48290
87074
90378
57214
91536
47152
76059
89497
47449
44675
2224
88587
62577
31067
66059
96737
34514
32732
83221
22320
94156
61985
68156
73854
54579
44724
70655
89582
74025
58626
8263
82895
54749
16419
22000
19058
91487
80412
99657
66328
49963
61105
21047
52764
83932
13329
16626
56691
34538
11941
19971
46698
30876
79261
82082
22322
9437
9371
57922
44599
46465
4766
30977
15662
50295
17803
32079
9745
83770
79205
54430
32286
59641
49777
27205
22020
5739
43222
99417
40591
63220
18228
89227
51878
86762
88186
65571
57159
51288
42251
58057
45951
22034
49763
33786
30528
91281
25479
46612
96538
5835
48707
17281
68770
44195
83253
58722
8559
59927
87326
71168
31044
11687
8668
11388
84840
42712
26339
59199
24604
4939
33777
71677
43065
68051
51386
93150
80324
66636
6236
833
65445
58323
66628
52451
96637
14280
70923
66009
82265
76064
73128
26453
16848
40662
88664
84433
49108
14781
81205
29454
26513
46252
82181
18630
1191
33730
41422
9463
17516
11384
35510
89802
62661
44513
82161
88951
86642
67868
38365
60560
8330
45895
51588
61462
71338
36069
92736
43269
42007
24343
48571
74432
8208
85594
75624
93940
4295
89126
31725
1115
31474
78018
12998
71325
47998
81219
16570
61303
38452
4385
48142
87257
3423
90433
24065
24662
92054
77159
16383
88204
48868
18896
96389
86342
45370
70576
87376
32448
60186
93001
71493
54703
60747
53804
65227
47967
63923
35288
44715
1877
87456
72583
85939
21720
28097
41155
66113
19931
74448
32771
33026
84454
54690
34071
35963
59850
10665
50742
39014
78366
10281
80594
18458
80402
94625
23908
26755
15213
71767
78158
36787
64604
44290
21258
17520
77689
62622
8954
84884
42134
29879
52064
49831
10397
2001
22364
45741
60159
4424
71692
24773
24885
90975
2701
90575
3922
27452
70991
82916
90380
91678
23569
81684
13808
99103
83100
37925
41036
79292
53016
31468
92968
34454
52335
86875
72596
96655
19709
83997
88222
81793
99584
17042
56065
48272
8464
52520
93311
98903
40125
96723
56783
89852
4311
18136
81044
74734
47124
89388
52926
23761
51370
38072
97453
11239
45962
60811
21827
22890
88328
71033
12723
11776
68542
57140
32220
83016
11866
58135
58772
13932
24784
15913
54755
66313
56211
94780
40536
51347
2107
10864
38506
62044
74484
60434
71444
97492
87404
55399
4702
38810
66430
9343
92072
4623
40402
71899
11473
97442
10823
32801
58123
78728
1005
55298
13348
42286
59468
53898
83264
97748
37527
64034
23899
53782
19055
26786
79226
48483
8478
20263
99551
24465
72180
83945
21510
94626
2500
378
97066
41760
45072
80548
85609
22009
30589
95745
77810
18576
73949
69728
42056
57726
16898
26606
5821
89341
3218
52425
54755
41309
17917
42253
85352
1751
32387
9058
45858
5874
48945
71743
21645
87461
14393
95990
35643
26675
31582
84048
63525
64088
43195
12184
98590
58405
86821
3452
20159
77972
75044
23184
87472
91265
59515
24869
74490
22903
82546
92951
92570
76137
81845
99995
78584
17658
53285
40512
87296
55772
51648
98653
84011
56632
29855
12188
61829
47467
55162
37133
57318
81460
98312
83789
71495
33887
10509
86586
47746
26689
97085
82923
26112
38407
11908
90746
69599
90702
61220
78010
47278
13506
48516
25026
17545
2952
84864
50575
30451
60409
5378
43087
56576
75751
31758
71229
36964
80786
97065
577
31210
67600
49838
14533
3381
38470
26151
27485
42842
78264
86237
82177
57719
3653
66760
15807
16530
31816
51761
90471
74811
42677
15406
89778
75880
70066
48064
23761
20322
79304
92038
23927
36566
81976
28114
95618
67438
54124
54830
52707
23898
34669
23506
31002
7448
19893
8917
36889
52859
37805
86585
32780
24830
88425
35009
60940
5783
50703
74552
22532
46025
99372
40671
72436
88755
29785
55394
97780
18391
96613
90657
13133
52191
22145
5773
33844
58582
59098
42996
31094
64697
17645
5354
46000
49055
48878
24476
63095
6684
40640
29110
46143
74478
91535
8318
89357
46213
89148
5331
62183
2641
84851
36683
66083
15188
87744
25706
22129
30516
20573
29074
39270
63542
99274
76858
37112
78963
4860
72118
71080
22777
98040
76392
60608
18498
83611
37904
80142
42429
98751
8330
79355
44101
75075
15706
27706
39355
25148
32426
23788
47460
18891
33153
41651
36692
28012
59473
35693
48970
75909
20829
75891
11473
17615
20265
32068
23542
94781
14350
59090
88211
25119
11631
92743
21265
33280
16949
33282
99995
20450
55207
72144
95307
7214
41247
99691
55181
22285
39334
40025
20063
59272
78746
99236
55951
44074
82019
4204
79434
21299
4991
96208
58754
67573
95576
75836
84415
22039
37335
79112
67676
82129
28208
19122
13165
36399
36084
6160
8516
22514
94787
23235
7469
36832
99835
36566
24477
38379
22896
28071
23112
49588
74527
60963
63794
47089
86062
57326
75350
20844
51911
87883
78252
43986
81475
44843
19513
85855
76214
67952
86605
7703
61040
88926
23208
95352
79643
10652
42145
70323
7916
31670
69283
63659
4625
30993
25510
83076
32396
24675
19354
736
98597
93291
26897
30465
47865
92624
32296
26729
81940
61659
47844
99840
39302
66607
50814
91496
47495
45915
9477
89673
60039
94694
29075
64056
27177
2968
82551
36643
68244
39416
87634
31448
74018
24182
63889
97102
57303
99728
70882
47450
40927
91212
76690
1776
1093
3852
16798
13349
53821
36587
14185
26807
88288
14571
60771
85868
8413
3267
83183
47310
31444
21161
47528
53190
25239
31514
81982
78757
67446
52105
11893
80805
96678
140
66173
35071
58232
30446
67347
26758
1692
25367
68682
90541
48310
84880
29622
52689
91487
80091
4793
69340
58382
49884
54516
68994
10019
67208
99050
20171
9895
56777
7194
32226
59850
94467
40145
39442
42449
30168
94625
38856
98228
26238
7553
57214
5770
51620
92682
13291
64270
15380
28947
35960
94775
99797
57317
82368
11584
28727
22926
815
30943
51994
81416
44582
58279
83108
74822
68232
51905
70466
77038
85871
54717
67657
66789
1008
64008
24393
48316
91187
89135
29091
77133
87574
50254
47563
56321
45736
14926
86249
33590
89076
44228
89170
18991
7745
62052
54040
78007
56335
18512
25399
86140
12346
35476
27947
91569
97920
71560
33331
98125
60295
78425
89856
95837
42046
67073
94320
3172
95254
28821
7264
47587
51587
80141
70596
65706
16734
87205
84734
40883
64148
22214
80767
41833
75216
57959
59952
15817
37086
41051
80390
53951
569
77571
83739
50618
1912
22431
99124
85420
34407
73102
69317
39295
1164
35423
24899
39887
5402
15524
31797
35235
33527
19485
55230
65422
50123
81749
96153
71983
72483
39262
64958
37719
39011
68258
15519
54713
9433
82796
200
91210
6040
65963
33693
74082
62038
6364
32181
65336
66137
43398
17673
4450
44277
63075
40178
97086
86113
14829
57193
40410
14905
40695
63317
74708
27148
56930
35423
18171
70684
10709
46328
10133
18788
61187
86016
39240
84392
73799
65475
90297
79415
62606
97156
58391
80812
17548
65509
29680
96189
44611
15101
97157
86928
48580
54981
94279
23204
2536
81450
6883
94282
51602
39454
76754
52995
43370
49376
56196
54496
53112
83410
78165
74317
49633
81482
14073
95700
14201
70779
77275
55065
46154
45786
75274
7752
65751
2355
10230
66509
15160
4972
8671
23780
77873
62066
91372
65193
66733
13022
88078
86699
79556
71680
9119
92698
42017
11521
5029
24236
35193
68552
10070
7827
67151
69338
37901
76761
55983
89575
42318
94726
21597
40241
82378
62407
9589
49568
70326
88531
81084
61606
46902
94077
94574
16218
12811
11297
89129
11555
72845
5690
15986
29138
93045
60872
52318
44308
98424
91705
30868
82320
76014
65986
66847
30549
905
94986
30320
80103
81609
77364
83641
85490
39608
92511
6877
29817
49653
13392
77000
94587
9286
36541
26289
23936
99515
34450
14383
11236
68742
62367
84736
48196
28665
23959
40592
22596
89576
69896
57290
56422
98540
57469
75795
12078
26401
11241
26543
68127
95031
15694
49182
78779
14631
99384
54999
84908
72359
42150
12870
5816
84542
90320
84722
58299
6524
74741
74140
23464
76045
91452
168
67915
62642
24302
1415
62484
99507
50952
84404
15393
8260
80485
25588
2525
24422
50435
43143
60724
94477
93257
30505
39923
52108
45152
82857
1664
37399
8423
76666
98840
30978
73850
54364
41661
85998
70356
70320
47901
71860
94873
31983
45987
37087
82191
25469
16119
8816
44555
97353
69458
10082
76487
13488
68253
86640
53073
85491
54644
51818
58196
47045
25358
6998
35076
56979
69587
60897
43532
47946
98299
72291
83122
35366
95616
26614
74106
26508
99155
57990
38356
81438
21982
87728
54226
17242
69066
71552
46714
16827
57243
12782
59219
37627
54764
66789
83733
52700
54632
42091
28475
48244
98976
27109
47183
41046
61661
90760
1376
40330
48557
6726
99867
30784
46799
97235
58060
86440
74446
98956
66565
1370
4874
32283
85225
90098
32416
50006
74497
62155
2246
18225
74617
81362
56411
53911
56859
85934
10679
82990
43927
3652
57720
75069
24329
25852
88739
43744
77329
1028
58073
2596
32783
65661
2220
36637
64300
43014
10586
72219
98580
31760
12082
16751
13370
97679
91072
52044
25240
97824
39288
52180
18694
44996
51316
3179
861
21956
37516
9571
20329
68951
95033
51241
14652
6415
52944
48503
43358
2180
37475
65867
24429
76691
28574
18151
71770
62239
88438
26627
51506
34900
33580
7626
84158
15687
35036
16930
40769
94606
25363
5708
6735
43044
57296
73937
56006
88547
55219
6464
88392
59311
74049
33675
62107
70181
55237
96119
16758
3029
97321
99795
34296
55504
39224
93056
50456
75328
6842
82670
33977
68051
93733
29517
43579
55568
77850
10368
3213
47262
7148
27169
65740
43102
55946
3992
57030
18626
33898
74416
85339
27468
29472
81560
82136
81086
41208
46231
14893
66636
84902
58799
54179
18039
36310
5114
14601
33898
23982
51049
60707
80541
88981
29216
16555
5468
75242
46402
43551
38889
773
26085
36143
75031
55955
79152
80936
95541
59107
71822
99263
5635
79747
3999
82166
85687
20004
87019
92822
12817
11952
2544
49346
26694
21834
77387
51583
86088
99950
44947
59750
40140
88947
62974
47691
88280
90989
74236
62383
99543
9342
44679
46201
87627
38342
33158
22586
10598
19798
35675
22261
10369
47682
71130
95437
14491
69181
79190
576
22437
98074
99493
91210
58212
79543
96596
59775
96289
3425
56459
37469
70229
76576
60768
40599
12595
4603
75356
33916
37855
92836
21301
46312
39556
36554
25221
66393
49650
34229
25880
38849
77042
68393
15733
5460
64760
97203
46424
84407
84082
38322
16732
97361
67743
42585
97824
59153
50853
20853
29009
85
48297
96612
22879
64183
23660
82822
73907
88956
54735
52308
78051
71180
47618
88786
87059
38728
54874
98409
24827
19884
36721
24743
78453
34075
28109
4472
58339
36301
38768
4115
41143
27074
65538
58676
89413
10260
93376
62169
91520
46262
84455
231
558
60453
49770
33777
818
95402
88907
74971
87464
57764
34906
63400
66433
38874
10107
63715
5774
40922
43792
42677
59187
15471
33500
83018
61302
5011
45944
70665
5850
27146
73904
25681
89825
77499
15716
28931
43914
77605
40173
65452
60175
6647
41878
11230
5897
3490
75310
23266
52909
88981
50502
10838
65281
46186
45369
46757
11310
59722
56554
70756
81962
30662
64181
17181
88597
54301
30398
2690
57284
775
20343
47732
54335
46097
4587
56729
87661
44036
22964
36550
53195
61656
91121
12278
851
28211
97684
78116
30238
12801
23786
33151
88715
39295
42040
371
13232
45465
35824
83296
52859
94381
40245
87243
12826
56218
37734
37902
17905
77224
71115
36894
71935
26225
5395
99088
19847
28739
84435
63572
84914
68183
8997
59802
13770
48841
71364
90996
79822
25173
59184
72110
79336
3920
76591
35052
41444
40249
71208
35114
43268
80713
76406
58481
73166
79683
1058
95307
60678
73219
92180
14415
92377
8869
55733
65758
76176
44036
61804
15199
20061
17123
85421
88788
29715
31288
58409
78135
14327
16740
52735
54751
51232
64828
80297
13308
71006
98031
4200
59105
2070
66274
46357
68157
80797
79426
44182
88911
46766
86974
72974
68467
58221
13813
63697
26330
41582
45030
80515
82981
73685
75540
68528
38104
95718
22847
60490
2786
76572
49632
97785
31980
15989
57748
82788
51277
99035
83000
46774
95232
70226
75417
26386
91392
97761
37358
30827
69911
62015
56011
31759
1852
35351
34891
36102
49118
47955
99182
94983
46579
72033
50070
50789
47662
25562
75244
53253
63923
15353
77819
51518
38500
69651
98411
45650
91325
98579
15914
70418
59873
46700
78136
41184
12522
5387
96009
88578
35720
93809
77764
39432
17249
61187
47844
89040
77286
35831
39846
77715
58373
89595
6024
69103
4925
86244
69212
42358
6643
85184
19308
60262
12899
7514
79648
46470
29841
27388
525
5159
11043
28647
7623
13242
22911
7998
17954
57508
77551
41535
45051
94639
74445
49200
3500
44041
25682
75171
40243
59625
82090
52312
430
71648
7692
53484
6463
81422
90967
40945
16494
90485
83454
14503
33761
83100
43166
63372
48312
65730
40385
85436
79676
20640
90044
78404
62681
21887
97715
74309
8020
60849
5451
64376
44467
46152
94711
20174
14617
54495
77087
23168
69924
13253
25667
17933
28612
10952
62774
2877
45432
7150
54269
46547
83563
98270
13007
999
58813
1858
63744
90022
37225
94951
89584
3978
6280
66234
6756
32719
94117
44367
60135
57668
75875
89039
22815
14545
13438
71110
53936
51013
50219
36507
87618
88982
72480
40439
88162
94516
91005
20362
36412
89321
57727
37569
82331
97491
62582
94276
13909
61531
18707
26377
2465
5469
57062
67891
31110
78581
45970
96135
43615
77681
35144
73562
91569
54727
44554
17076
8217
19894
48521
59345
78067
14326
16782
52081
70321
17393
8499
50755
22832
975
76289
94951
55734
30287
72487
51972
80510
81073
21831
82226
86290
11533
41460
45711
4069
58280
40032
44826
45031
33161
65980
41110
32697
20250
71566
82930
90172
53311
66220
26368
39337
36944
98287
9427
48185
3749
34364
62416
52473
68163
46133
72322
48504
88140
75790
61717
66366
25070
67453
50709
75250
79737
16174
35325
3228
96059
80892
44403
8233
73813
57422
15877
99724
44398
9253
63218
1712
87449
2416
15963
3562
11456
270
19362
1280
66238
34661
38631
84909
59752
63640
63941
44771
47086
33066
80574
89551
86530
27399
78660
68424
42707
80217
62970
28194
12267
80909
15064
84459
4235
9240
15605
40239
10352
24525
437
15647
73383
87
68708
50494
76130
83922
85155
64134
58873
5711
92047
33057
24895
2642
75750
6177
75400
89298
11297
12733
70510
35788
51111
80934
82033
62369
78461
38579
96175
39383
53091
5487
38238
85412
9030
55870
99425
6302
55505
73216
48416
13110
99207
76585
69374
69437
46961
38896
75623
38362
37959
97462
66435
39905
68449
6972
44303
18064
14040
7035
50237
47515
49812
36257
32226
94227
76569
29695
76286
9738
7587
80886
75575
16438
93104
65926
18102
6413
38187
288
67350
26334
42539
29893
99711
27444
45140
1943
42
63082
34238
99050
4364
92228
89551
98126
38455
48320
56053
96159
92898
63175
62937
7812
76975
38218
23275
52845
71881
19366
87332
33809
89239
14068
47713
19846
33826
23955
14050
20237
8308
77483
37257
97842
76217
37985
87575
63953
28059
99943
77142
10444
1196
14016
2225
71552
10359
68983
44328
47977
72100
30601
66243
93085
62266
54763
33692
48779
2585
31651
7453
25171
8731
97543
51684
36749
20128
91532
53161
2555
44212
63982
12070
34296
54665
78065
57854
56721
97623
23053
12378
53334
25450
1392
72574
75123
1641
72271
37695
6625
59137
85359
91241
87266
50731
23272
68850
4017
15430
57367
50384
19530
43503
52706
13936
98202
53037
56904
32837
38728
95323
3120
99117
15678
99250
27851
37408
19523
3504
98593
48092
62687
11202
14922
26974
20918
25188
66721
57147
18164
35843
62528
43163
91278
69962
89510
4586
57583
51193
68152
80048
86615
48498
66280
13853
83300
82363
96250
46419
47546
56558
60015
50292
43664
25215
53950
38642
9401
88840
16211
60242
54554
59704
93879
3930
60206
85608
91336
26844
60302
84924
71476
91021
98394
16646
20012
41721
22635
55049
58074
13770
2987
86535
90820
87270
90005
45640
93732
72691
98059
67447
60181
58069
45334
95150
21320
58209
48947
28382
89980
68335
52243
67957
88955
10955
32319
9036
73282
90398
94771
34618
17921
58936
73536
91324
24716
66355
38326
4506
34004
40322
3835
28190
43559
58098
31952
64779
86018
68161
73131
39761
17176
52253
8256
29160
29778
56212
96504
55696
71523
73484
337
70645
48922
80574
89356
27605
29728
50784
31510
23201
9874
49853
5499
89190
63323
92952
26796
48290
18264
27077
38944
46124
71561
82699
35590
21442
13809
81771
34472
24353
1288
39607
85009
43652
94277
8525
86530
21927
82089
62709
57524
66225
37742
82473
12255
18094
54570
89559
3109
45836
55986
89584
95509
27657
68883
18586
20875
84440
26079
4089
13759
3702
46251
48319
70873
72092
79060
43463
82012
84120
67685
32032
37808
12755
72222
99201
64231
26471
23326
9747
37666
37082
9025
89338
73538
64343
84640
24379
37018
5870
92579
69238
29584
2733
267
69474
97894
74399
86437
9559
29042
91763
41587
58022
6674
4203
45541
42623
87712
63161
76227
52617
29771
18543
18357
14299
28458
87355
63500
55062
77349
46915
82859
30884
79046
48771
8465
73354
93630
79766
20079
61318
50912
33788
65354
98390
56614
4572
49771
11372
37265
46522
33855
14442
61358
56173
97356
71006
95169
63039
44755
43269
39461
55976
95687
41824
21004
20153
39824
98371
69636
47818
70963
68171
98460
95474
43173
43050
41742
32251
52365
32277
57184
32976
36888
42279
52636
26267
30440
60345
80831
98255
49149
7311
1527
47651
9722
99314
51071
69890
15513
40779
95313
24181
19020
85136
64294
38549
23641
53799
36010
38873
77230
82452
82419
18599
89928
38522
6795
37148
49635
49404
76912
46027
559
80439
60003
50290
32853
65914
15296
34897
51437
70192
49436
51322
93220
10428
21984
98570
33223
7767
7784
3720
15111
33212
88544
74656
24047
96206
82153
4494
406
50212
11798
74431
17298
99748
2732
62122
24533
95189
96624
49208
79237
8913
12596
45677
37968
74740
50243
49912
78702
3437
70590
43715
25246
92805
2347
17435
86483
78142
81942
96653
54015
17919
2158
43052
88815
13403
56218
45408
18656
37703
8549
24062
87731
87405
61848
34977
8282
30544
89562
34725
51677
23995
50199
34739
20730
58346
42238
47915
51031
7698
44237
46952
31681
99064
89776
87692
65876
35016
81306
29046
83226
17565
94662
695
83606
95515
89217
65399
40370
86231
83643
42567
13572
39402
56755
60129
98030
30252
7648
14062
23518
81320
35622
60777
42285
70859
88590
797
66139
78471
19962
80973
16707
38803
73421
75389
50494
96306
23179
89937
23306
74603
74293
67060
37085
33896
15829
21117
54677
1165
62000
55669
89706
4980
99733
6202
46282
44292
14348
94681
9110
98387
34272
67543
95562
47184
6648
66880
65255
27800
15798
41576
68657
24292
94218
6259
66512
36823
65222
33066
41442
18209
68717
67577
50416
97430
53183
65974
12445
95818
66907
78741
8574
24722
18457
32341
94207
81736
61211
32297
68827
94769
17444
39404
78997
28450
57116
17897
91507
93147
39977
73190
50015
63485
11076
89392
87135
38256
72144
26283
17399
83457
7452
91335
84338
17964
98855
95354
57083
65689
53913
34855
87966
17282
84621
59414
19396
71730
49938
97056
89196
78247
56061
32089
31393
4310
74380
90057
41806
2476
30666
98456
43045
60983
58060
45138
27787
78343
40286
25105
40367
33478
30221
7814
3440
14692
9686
66432
9059
80955
13806
21688
69298
37971
74195
14871
97591
67162
87031
98779
86303
60273
45364
98644
60630
63583
19330
25969
35973
46533
71169
32749
51997
25334
87550
81706
70646
57641
35001
93240
23891
72915
75639
93592
94932
38441
25537
14149
81630
2379
66847
33852
99569
92811
49503
73726
35172
40868
33851
9789
84771
94968
64127
16686
17654
20717
96668
38380
69986
57217
11906
82317
3438
60500
14251
91292
10715
58252
92606
39192
87675
59339
7898
50273
91086
38989
56930
1161
71140
44975
98806
21363
6362
41446
77495
55868
9947
6527
25622
6803
16264
17110
61329
52014
97102
62962
10472
34060
2334
3198
51603
70819
31824
59177
67896
20047
77816
7517
16972
49163
80454
90892
86277
19670
65039
66013
99486
6987
44958
91692
22178
42840
89119
53173
40478
29481
9630
24900
82626
58143
90957
70525
52701
5882
77456
47454
93710
46409
63809
42969
12163
88108
83794
55624
93496
90122
4214
26210
28427
95585
30602
21359
47334
39040
22432
34534
45268
6753
4360
71875
25075
99256
63592
648
68827
7071
74677
18826
72416
56041
60167
12967
47364
5582
51407
48020
57781
90255
78597
50272
8703
44680
52954
15103
95748
42513
34543
92462
58450
88327
71907
84239
32324
92275
61072
70866
54923
22368
26634
96763
99824
50761
8946
69700
82900
44731
98168
80273
13250
18833
67200
67559
97410
87843
73489
76804
81823
55957
40079
54397
63223
51464
26176
80562
1922
27583
58546
19028
41261
89291
76993
13312
82598
2319
58257
70203
68208
19018
61388
46152
59457
18966
82538
16981
81842
96902
72339
34756
72279
98927
67812
35693
73730
8840
22720
53827
40005
83206
79920
82573
74896
93974
52334
4588
79224
82838
16943
15532
42425
73039
40511
93907
62351
52961
6775
66415
13566
81521
29459
7031
67104
26533
42481
75043
15963
83814
84083
56358
32255
1498
82434
31533
95783
86662
52915
97442
15762
99166
85484
70668
35259
91476
79033
22781
68920
91939
90766
27317
5462
82023
45514
81105
6400
21745
64230
78985
94323
39722
39074
16869
92756
95633
12526
16900
18863
72228
86838
14193
98665
1014
11619
99398
41842
17975
88627
11485
57723
68624
43519
74687
4376
36266
59992
37497
43823
46413
51696
52057
65135
79100
79045
72943
35862
31584
22730
66446
32312
91237
8553
49061
67977
40355
61761
49932
71674
12013
29689
50514
25558
19182
94680
37981
29233
56683
32609
30464
92531
77923
61683
59225
29300
80496
40149
26820
44959
73420
25119
67830
56433
29781
42069
77658
18513
7794
58164
85930
1289
43898
83245
10070
64797
79309
95106
61277
90415
53073
31200
65243
14125
87242
74697
81599
87653
50780
47125
98794
87620
25094
14050
50774
78108
33990
20177
44085
42423
45803
85197
64141
83258
29294
59313
19919
97586
86621
812
78395
49517
54523
21959
90528
47420
59525
53273
54044
30176
92256
64779
14135
66900
6071
10099
74350
25131
43975
3749
18079
26202
32580
55995
15178
29520
37018
86007
7620
73268
83744
23549
62571
99997
28054
41173
99177
94201
26477
46898
64480
48975
57432
96820
65175
43479
72156
98427
46418
14872
21903
32642
90222
24824
53951
45808
9622
42325
11395
15210
53049
96519
14092
12312
18032
36415
14054
29274
29455
40647
82811
21950
94638
25340
88859
92194
54949
67915
28037
28711
87901
85638
72585
85778
48407
8115
37378
26936
90086
58773
9841
13597
14463
61998
553
96394
59218
96306
5624
73352
296
67448
90090
4014
43710
22880
6305
78595
75283
100000
45490
73773
64954
15590
63356
73648
24138
55023
16836
90636
35598
23901
52777
5995
21438
92267
56161
78231
5135
77439
48955
60748
72666
68944
33065
81667
48582
83555
79319
70137
96066
28302
43475
22618
61249
99736
44416
18128
95105
23788
39296
19409
72454
32022
75451
21751
21805
8251
85745
78012
80982
60747
30833
28805
8103
32088
12574
6137
52307
569
29678
88733
9855
51171
70220
12688
44351
9609
53351
47922
35896
19385
80509
78266
14347
30016
8645
48311
80377
79576
93465
22648
42693
74570
59524
29429
55435
97978
38125
58313
45949
19099
7782
23680
5143
91651
65498
31734
46659
26660
97452
53207
28008
54462
16793
54601
10171
3161
59683
47285
82849
26308
90101
33308
54164
67050
68047
47192
21133
88811
27169
78709
75442
86006
58360
83424
23054
29848
57733
44774
2020
13885
19519
96044
53656
15952
64500
43535
89468
23833
63629
28650
11473
11964
63205
5682
35552
47099
86229
41882
65352
85434
91296
44251
98815
59848
25488
90533
85363
80174
49952
458
69468
6344
52288
78889
6574
15469
75705
58112
41640
55282
46279
45913
1852
68002
46280
10675
18461
89354
28834
23571
92822
56094
54118
18740
29732
37295
22478
86850
51569
45064
68988
81558
50396
22329
48817
68620
30522
27340
69159
47529
6162
79541
14167
46261
71056
84001
39744
66871
61992
7428
92260
68607
91372
27701
42519
53995
20573
68090
50512
6168
90953
52082
36210
14475
28538
32852
67495
77444
3778
48571
63081
85792
5383
51755
13379
58999
94935
51983
95029
59877
40289
55310
47956
86922
15890
54754
46323
71077
18875
14162
91631
70948
15904
61063
40216
58409
95147
88894
46326
38780
12626
84532
25435
68362
21753
59362
40133
22224
31030
95621
26937
91635
95701
52396
90538
50714
59211
70941
50390
45443
77523
51980
19149
88200
80085
23357
45859
29081
39748
84518
22884
42545
71128
77599
86332
79863
46973
52067
46150
81140
72811
20367
53488
29324
96795
31679
69292
3344
12375
35133
404
38547
18575
55950
67954
35400
91119
12334
89273
503
42301
3480
46738
35980
72528
37651
18965
41954
30877
10389
32540
40980
25540
18293
26289
73188
81744
77035
19405
46132
30017
13402
30366
90591
22199
66556
72359
43584
36510
4744
90497
37338
68237
74446
31772
92778
43998
42831
36346
10971
60369
98820
27877
87133
12912
32940
59459
6368
47557
90833
11980
35936
75247
4324
30891
21793
63070
31888
79819
81707
59859
65705
37261
2167
83149
43335
60385
26376
39947
11507
38565
68097
26585
75832
33190
10844
78225
18171
89061
31682
57680
61784
94474
59932
20905
25859
53764
52303
39614
49626
52196
37919
70175
38410
65935
25330
36703
97516
40771
30014
3594
20404
89055
32625
31557
95577
9689
11394
18880
21656
86870
58025
59372
88981
91172
13088
21947
8219
98752
20947
4207
10301
72853
89154
69994
70730
38801
48217
21374
11540
63902
58960
86741
21864
83055
17736
57968
24831
56192
12672
14757
704
68237
8987
5884
56523
86131
80774
17728
4892
69808
78029
43054
16819
87370
61596
18185
10677
2952
73240
51921
61840
96000
78930
56565
87385
96099
30451
1736
5661
78428
72302
47532
12418
14382
11420
95404
6733
9877
32171
20296
17936
32969
21779
15618
92243
66187
92568
91638
74249
40979
74498
28423
5669
14335
37533
98738
43454
17199
48689
14220
32446
68699
51696
29013
16634
64468
49924
63379
99155
98399
33056
93658
75584
26474
41541
22809
8728
39933
98727
80842
78511
66791
49672
99128
60963
66539
30875
76787
17268
24119
61367
52753
48445
6972
27118
9525
4721
44184
93064
40050
47846
85432
30601
11166
35393
54537
90740
16166
18240
7104
20640
10009
84349
37447
3176
97266
81903
45118
52791
11785
11978
25389
47012
34610
68381
34322
1099
58404
691
9277
1572
70972
18022
26047
42828
40442
61383
33102
67559
58547
3063
50333
38087
65724
33193
89543
45345
37683
58049
54195
27211
38919
4926
79235
86546
46569
37738
30861
8773
21763
55595
70411
28295
28815
4492
58286
65803
33619
47714
29299
84898
97104
7071
97147
26258
72048
85098
84254
46302
42939
15075
36472
59785
13623
75642
80985
54811
72762
16667
40419
30077
34145
34090
82521
29856
4421
79036
78819
96844
97003
7523
4885
93826
94029
35316
72616
93660
5003
12879
64875
93128
51790
70039
70447
64436
38918
94206
35397
31702
90731
47392
35760
48580
91616
32310
29253
21044
5937
56335
94209
58080
75295
67672
49987
30093
79554
52266
50738
2825
70344
31318
98885
30763
77802
74253
97267
12062
17414
67405
91567
97317
78753
24961
41630
55417
17243
68463
31460
19263
90624
52018
54520
58127
3859
5209
57925
58466
31061
8391
79566
41422
21597
67354
23647
91194
34772
99757
58565
56
75046
76540
29976
6728
85442
17595
5928
75344
14415
65465
77311
49530
48323
8118
6559
40434
74718
38524
99388
87747
77728
39041
5516
33064
5635
96484
78675
50071
98364
13411
70821
16561
73123
24003
97350
55244
39727
51687
71585
64522
61397
13846
20527
65516
51336
95478
11535
68419
88210
43439
60591
89371
42190
41315
94110
22360
86718
17946
47795
22287
79049
59604
39323
6456
42485
45856
78324
27613
44263
56208
16031
47244
88824
91994
72896
11835
19874
85116
79158
90674
10984
69693
30244
88240
70585
54682
30357
15643
93534
66118
7723
32356
19428
44806
61928
83701
85957
76128
28339
47778
66377
4028
29882
92310
92891
16840
76190
68857
20669
69180
24594
46193
12134
20035
21761
72120
50683
89206
61155
84859
30241
28456
85872
17479
638
20581
31903
30288
11920
38016
31563
19107
48007
97261
90418
39613
10621
47293
20067
25539
98063
99914
96015
39336
82166
45046
63619
77381
31027
26191
63357
92769
29031
40664
42147
39520
3064
47691
55788
40404
27068
38045
32247
32433
80503
72000
29489
16192
25476
79914
16545
59098
58921
56167
86772
56869
7817
50284
86612
54501
77380
50945
80380
46597
69977
41561
7369
70211
82030
86474
45067
15489
44228
55190
68094
82161
25519
45658
73512
98127
76656
89242
5786
74951
50124
45512
30924
11637
12567
42242
88485
82158
29235
1653
28980
66402
97610
15224
27711
66126
37496
99609
86523
59379
60714
63937
1753
83504
40122
17043
70568
80157
35869
59101
19936
37388
72406
89356
72678
46011
85714
72888
849
57743
58434
52826
15020
47285
24702
42058
37724
36837
60692
31846
25115
37232
55702
38970
5003
407
1242
6865
99282
52376
38339
19661
79085
70513
41289
93901
93506
2886
30181
79395
77848
6065
66319
24864
94003
48392
88156
51354
43874
51315
6252
12226
57400
69630
79866
67161
18791
2890
17429
57542
80172
64766
74644
95873
82255
78550
5438
93901
80279
4063
96008
69462
45859
71700
67639
19821
70196
26510
37796
60178
75233
81597
58395
95953
11728
50470
28803
4378
62942
55770
29599
46207
15402
62274
57056
84098
84833
7642
29195
36657
45754
93097
16537
30791
92028
84594
20374
43598
67865
11296
10891
13048
6058
25907
62068
505
81388
32087
80440
30034
11675
60239
86075
66903
44955
89683
50884
23440
724
38402
23239
41884
76465
8307
72329
4640
91846
75167
7236
13170
48511
579
66013
38572
13594
92923
57655
36482
15302
16863
91346
55005
70073
65779
1342
68476
24700
30445
69340
1661
15160
85629
59032
8756
63807
9220
76384
47007
68397
88416
40299
61745
52953
9817
20224
47634
53568
88209
27735
26588
57780
99980
51950
60922
50477
29398
64092
61093
63186
497
60814
378
43535
22658
74273
54892
7209
41281
81690
68067
74561
35706
90129
39870
88309
2690
26656
68103
26492
60124
81653
97235
49245
80738
48015
30015
54867
45266
24668
85384
80710
3108
39511
99363
35557
99008
42084
12331
26046
37167
59196
3935
13692
55849
66837
85426
64166
73397
92039
71807
34661
76301
90405
77850
56916
4055
69313
41331
54429
6256
69891
54531
66478
81502
85115
41811
80957
84670
61918
96557
86390
99878
37110
4662
3277
88432
5505
45345
65379
37293
15636
49869
60404
31538
54578
68640
10701
22724
66453
12282
24482
54716
42162
51282
98252
87125
14323
32930
62053
13518
35282
8240
48957
51377
3409
38273
507
1036
98057
13397
89174
22577
40953
76579
39652
87098
48779
1393
76048
75931
18509
18244
28580
32028
31249
76346
90675
38974
51379
25022
54504
23906
45753
79746
16848
28227
54749
9448
18298
85923
20380
5680
20724
80496
60233
39264
13904
12914
57074
14799
75066
85793
94628
19368
77762
16904
13988
42694
95572
11976
43399
10668
18360
85218
19337
11840
39652
80481
92851
36337
14948
38533
10793
12619
45810
41643
29574
39939
13917
12746
50619
41591
43181
76578
95120
85678
34924
73285
19746
15103
29502
29146
21329
80306
46207
38934
44851
65608
89784
7257
13087
37142
19384
68631
39979
51633
16487
14590
78009
14034
12820
75386
24090
69825
62504
58866
96296
95794
22921
54655
38936
72401
88231
49204
45014
54541
60493
15561
24212
73172
39258
93427
25958
58317
72400
56220
4416
11486
82969
57189
54950
81001
73552
24251
4956
22538
22736
73417
90566
94275
35758
63761
66112
65264
52499
89083
85942
25254
42297
48839
38332
83244
19102
11116
28030
95532
60106
37862
5873
20442
13800
30112
78021
97162
84192
92618
17483
88168
18138
24923
30288
75762
55486
38990
79181
48317
59864
2626
61723
96882
80792
50330
4181
50122
62658
71853
25767
73124
10623
20150
41970
30115
32799
37641
51297
31926
51879
31400
31226
98162
52244
64734
10488
28237
57013
36317
72956
53870
99345
86320
30684
74235
42643
3755
2765
60571
69091
99423
63674
49101
14495
64833
5495
39397
14301
61321
45053
78091
55476
85271
24384
59589
12672
62448
78112
83484
70723
17531
369
26229
73832
64929
71765
73836
81541
12219
14885
99800
70739
21679
89216
34125
48523
20106
45210
61639
22787
36010
10541
10410
13554
26815
96005
6611
32180
83322
4376
44146
48465
21005
91317
46551
40790
81605
22475
62037
56556
13241
93363
12646
84467
94113
56336
8325
41906
87820
31508
56516
90767
8793
19729
24161
21609
74381
39577
18542
67046
55522
78551
58033
60752
81112
63994
43918
88539
78071
79014
84894
79823
9705
22546
37159
12588
72438
84704
68883
48237
90035
9164
8533
90740
49632
64711
69705
73533
9286
31207
74200
87584
47537
72185
73449
82966
15042
41520
55477
88510
28476
64816
10325
90115
61218
66036
32088
97374
47377
43239
50352
50085
28379
28232
56103
14426
74292
26283
31889
86795
22424
1569
39498
31113
59193
82028
56970
17415
22990
60710
94878
51478
39156
80416
35872
76351
33593
34366
38437
60779
15996
93644
34060
20136
88368
93829
25568
99791
37817
59891
50325
51942
33228
98034
99628
96165
53409
92213
64973
7834
61394
48223
22728
10093
14373
97238
94441
25704
81829
65667
98327
56315
50705
69528
48981
66295
19978
82936
63679
1307
9598
28946
44206
85326
52469
21524
29525
16142
95454
69128
74057
92641
83454
33873
17289
94349
17545
24509
60743
45547
53692
21162
78691
50719
4313
89501
99370
46806
40840
2226
47831
54122
89607
80469
64012
76251
70985
66951
80572
34355
4711
3359
53791
38215
24762
77635
10235
54262
83025
9802
11880
11805
86414
22611
14690
80087
25993
21305
69198
86359
58629
37880
44502
21610
5447
64113
64952
1020
22108
18822
36305
68208
48218
98442
21386
68404
93603
53303
53936
81032
79534
41073
71937
45499
88192
84513
21259
66740
19161
35338
64650
3441
10529
58104
72646
27840
67339
93847
20305
93747
94833
46720
70595
51501
48251
84997
59448
82864
31976
65855
9879
82840
56115
39162
66658
33232
57361
57749
60789
46573
14362
11411
55933
87172
68902
81387
2955
22740
14877
80661
65381
59677
36891
97410
75545
19143
56100
80357
30536
22539
75452
2996
12706
33541
79305
95980
29466
32730
35240
33234
92618
72697
28545
60968
91671
62217
87222
44232
33503
92396
240
88089
13099
38542
73278
95966
38652
29037
79667
2814
78891
20511
31956
34300
74606
57490
77932
7539
98333
15614
74412
99742
21033
3731
30846
51759
65086
9628
28264
5173
56470
97669
61481
44523
65158
36294
51964
56789
21205
99840
98838
15142
54010
64989
1746
24672
61945
25291
48320
22906
22548
693
81739
9849
84523
53019
65336
63308
64059
69897
86245
96343
67217
91280
24367
20868
22886
65247
96333
49592
34806
21704
28309
95397
2242
5746
20780
56575
81718
22548
78578
7653
70614
68627
60236
65632
16386
8689
6276
31147
17522
14966
67640
77944
55138
81874
12030
97726
54393
8828
75094
59861
37292
32464
77297
23046
55686
19615
80946
48683
32052
85052
17159
63573
99923
48562
60513
70882
51201
76511
68464
20762
58667
58365
74807
36193
40147
76611
59486
72151
72638
36851
13665
19367
52667
34346
28443
88830
57649
39937
82329
9049
73178
64351
93557
38308
38800
65682
43295
85455
2177
65401
47966
87673
39586
45060
72385
65295
70403
21379
76063
47172
68693
49193
90713
78650
26388
75373
45090
2232
42231
4588
78971
25142
7808
33855
47190
18104
76374
13687
99859
82880
35599
22096
10513
17160
38361
48414
54963
95869
59421
9194
62601
75728
7093
50341
25738
5588
7968
47472
26768
46238
43162
38432
62560
38272
23660
66707
91190
92323
62748
27572
26134
66640
12653
12660
45168
42883
54473
61358
90057
69566
60381
91129
9451
9289
12190
95964
74437
31193
81118
55559
14144
74740
49676
58723
1196
97449
3730
97210
89744
7146
33848
35409
1407
78272
16645
41392
75781
60693
76100
40447
69540
95607
51534
9978
99063
24698
5673
33182
43369
68688
54408
52232
16762
79155
35506
65048
3602
97425
67546
13804
11206
76838
19915
12392
38267
78205
13686
41633
48014
82951
57180
66448
22557
64735
42281
53911
10754
96181
2504
10908
56262
77988
27011
47849
34102
54404
41980
4231
93247
43861
67928
52210
17329
98175
77655
98550
74246
72794
97791
12004
66930
72621
44544
68350
80852
44402
44350
433
39151
61699
37917
33361
66072
76054
74871
32419
22950
5701
38189
44330
33475
93147
23367
95464
13219
93674
91672
90824
13656
68466
18187
37449
54949
17386
84457
73351
47452
76215
81669
45313
54737
74834
40697
59322
33022
38056
54918
35352
66878
27537
18944
30436
31553
44612
11796
63778
35623
72261
2973
15314
98280
97184
29303
34944
91023
15310
89379
18652
28429
44172
84485
96861
96915
6226
76323
6170
35368
26235
27297
75187
74714
68011
58571
52071
74716
28923
41105
87154
90561
19261
69720
87580
58585
29280
72422
12513
21731
25281
49286
26351
82601
32247
66990
41051
19406
34772
21330
38478
46350
25620
89097
37504
82573
32638
58153
53367
83218
63294
84995
92612
77370
58531
34861
43811
3743
38793
95728
87582
88407
76280
39870
31780
42079
40400
42591
47756
78001
69910
22092
56095
47796
55716
27110
90832
27323
26759
63686
80552
46340
26877
88485
94290
28383
9445
94190
90659
14035
43547
30885
13568
32026
27546
23720
69150
4244
16528
24040
40118
27387
63387
31677
62449
95681
97020
23739
4174
54857
55569
87369
50955
51794
10433
40337
58884
95362
67320
26684
5545
56057
93310
21506
96542
23857
18888
11142
36260
94040
31152
58251
16104
50443
49281
44805
23972
88056
36934
11137
96701
11751
7249
54133
25477
78018
35979
69067
87434
80906
68270
6865
76840
14996
95810
71121
92471
73064
75973
25976
70702
32567
50458
4271
9202
3259
73603
20869
99619
30246
72456
34630
84500
31496
44302
19897
84103
33507
17853
83986
68538
86168
51259
8526
48987
87667
39913
74098
74443
15453
32917
77890
46281
73161
44005
65975
77691
68926
94297
31616
54563
90239
69690
19276
38161
94376
61053
39963
37509
57892
43723
30332
66453
23955
98095
21171
24274
38937
11572
82880
1793
82823
65053
25502
69782
98560
43254
70043
8613
45842
91826
444
49471
76732
51973
94953
52779
73570
2952
723
32593
66683
58626
8390
35181
55489
60987
89835
36125
65612
82290
80355
98976
70473
13041
23228
80777
62243
88625
21509
8509
61766
1890
46029
86585
71887
86675
82383
10170
86347
18283
75099
13047
29617
91546
9884
30777
22952
89318
99067
33283
98768
96800
46390
61363
47795
11120
30019
45823
52021
77740
62354
88839
87763
53911
72633
86056
7469
474
12521
56681
19975
44383
63116
82314
36702
89666
28701
14774
88863
98300
46433
65109
79790
57885
77828
73673
49172
6893
14627
64759
19128
14954
50309
67668
89974
78451
21355
26491
57307
5159
5494
25360
3113
86636
24287
95024
46623
3194
59157
58250
66264
82812
58570
2058
44902
91439
55366
53430
98212
88847
53457
7597
25716
30404
85039
60906
75649
7454
43445
42543
79011
13375
70339
34408
3074
2322
67460
92264
41464
38217
23992
92344
19278
30648
19032
53187
16438
4440
69372
74857
89620
80349
83342
2248
79710
54666
89527
57584
47280
1606
25968
85780
46390
71276
62673
45243
10855
12774
74334
77464
11612
61345
87538
35781
60871
85586
4913
89603
1146
71257
86489
12144
54235
75568
25749
15116
55276
20948
70525
95065
6869
43926
26258
98769
39367
26765
69108
70984
59750
65758
30376
68887
95322
40905
35846
95361
85417
7060
67032
41825
31605
94842
77408
21717
78769
26939
47436
32662
78748
44720
57890
48158
30476
22766
61468
39769
66089
68721
8065
10045
84979
83012
59732
36491
68788
90982
69727
55140
561
41255
87786
55639
33291
52338
88731
60530
80487
83602
35352
57617
9045
33857
86858
52916
96360
79831
92518
96459
84523
56463
17515
32294
29041
43511
14663
57309
61352
63868
61270
62637
31304
45381
54835
28961
85976
69468
74802
88845
41188
57875
94339
12942
60685
42879
63194
25156
59243
88404
92445
54713
56268
25676
320
59354
42750
74418
51987
3826
36561
48416
80810
6002
60245
9514
76597
38103
29507
65947
49596
83191
58247
47081
16210
35945
79311
39286
19296
60567
64274
40051
6318
44536
3965
77043
89128
69821
65869
13873
51969
87556
50954
91979
95344
6054
38507
34076
36991
82848
2582
77967
86955
69650
36479
42898
68896
24473
85603
73138
63435
89543
96527
56592
88492
63301
37167
32244
66445
3473
2416
33881
13694
98725
99367
7405
35987
70536
75494
66827
90818
71725
17441
81259
74304
75051
95547
66239
88423
15231
21987
19943
20462
4607
8676
25019
68298
94894
97330
16654
98536
81061
14459
48419
56320
6029
65606
30165
35652
87459
34660
12402
40222
17196
97941
32800
65802
15680
16954
45490
40824
27439
89126
83936
73216
40236
40700
65035
74940
78605
19299
86120
73635
28036
86487
6146
32452
45373
43072
36706
15715
63784
67699
8691
80860
45789
91510
67234
30458
40891
81279
1224
50835
68361
36735
9270
20914
91070
39850
61168
77778
11453
44202
52317
59489
34466
16915
5624
77622
45830
62085
32801
94625
43113
90225
17204
74109
401
84597
40823
30227
6977
47110
74245
44186
71783
42751
75374
74919
81512
51139
85531
47282
87122
66623
59663
40261
25824
9092
89263
16215
55078
52333
82981
68413
22427
90106
77965
87208
55245
13227
58974
8629
78201
61022
90062
88757
20049
97504
8384
6030
76453
69852
71107
59279
53354
90433
84029
11115
88669
67028
41372
47754
87791
71753
23761
57755
97909
76497
36314
25723
42402
34792
28468
97558
8001
64194
44714
24460
82656
68400
11537
70963
98479
67302
66097
20582
30087
12966
46205
13076
53600
72822
36613
36167
88488
93433
97280
61299
26309
79070
83548
57894
82479
54003
83459
23928
66321
76296
87790
97427
86586
5281
81738
99520
30598
72157
22904
54259
42096
17988
75778
70213
52220
25286
48877
54794
81838
31763
52750
75923
29945
6579
74531
80586
81542
45813
49452
42834
90288
85032
73822
67092
5813
35879
49136
74926
26387
88900
69703
45763
75412
40004
26122
25159
92954
65952
59037
67800
52443
46640
52429
91206
45707
58549
16204
42315
60613
85892
19530
61900
84207
71772
90173
58785
15650
75754
86359
73124
71286
8199
77749
86875
45863
26655
65544
44336
49766
58228
72153
72678
82031
30813
20802
88192
65220
61111
82768
61847
95865
17780
3971
94248
92625
65031
54195
2331
62165
60919
43625
15092
65941
45029
69542
72419
28791
89946
47161
35911
5623
62407
18179
32412
57358
86650
87879
37417
23357
32442
32842
45760
58132
1333
39236
34562
41415
74647
86139
80681
82825
83198
94675
83217
64480
5382
70551
88513
96581
45825
2105
32517
35332
71782
94509
40613
56044
60044
38773
61714
26695
99438
94317
31706
84641
78773
51878
96665
56334
85706
43401
25416
86854
22203
23268
95153
17607
69002
15273
82364
83505
96103
46777
8631
28805
33061
94738
16567
60801
58584
31077
54270
4029
42636
98628
99890
63486
53770
77955
33769
21603
33838
80738
30173
15504
50803
43593
79324
77013
85275
26458
13386
52127
48635
25053
7671
26663
40068
90185
70937
7302
49153
78519
73333
59077
84768
72876
5130
24604
60817
56035
57910
86228
59122
3025
90300
89071
10756
68696
58279
25019
58387
69271
12813
26815
84853
27012
97299
31182
80320
4851
94607
61381
50859
177
90565
28498
89540
99975
4425
60689
65569
25700
19870
47935
81179
65451
28215
50924
48987
67485
99486
61922
90509
97132
10451
71832
20163
97937
95195
26948
41325
66766
35880
91887
75917
50139
8535
41216
58857
36685
23465
20108
43055
32950
14602
36
2512
61564
86326
39949
78782
56653
93288
76038
59481
13770
91749
45781
68464
54508
13357
86125
66691
67380
16792
31339
44235
72422
12317
73827
39945
28481
24493
7942
36376
40717
32798
4823
55706
32459
61798
80758
95291
26648
80661
26900
79123
15948
51843
45287
6326
50230
72892
29826
96978
85362
15191
92718
83244
6851
50279
98121
58534
46406
73784
56944
56533
94832
37483
71303
48182
85623
8754
52088
46925
98879
49766
10050
56216
33385
65936
68603
24036
46927
65271
40181
30973
5221
83950
59752
88049
67982
99826
28921
30760
97785
38643
49699
88850
9338
86970
51313
76938
44519
69130
53930
77088
15335
9460
52529
62686
21460
56381
35841
55569
48979
5234
91412
32952
96675
51336
26013
18772
33226
84091
19031
20566
26817
27825
81193
79422
23305
62342
5891
10216
54272
20413
64633
3545
93008
63173
81017
83174
77266
85209
10839
71350
50546
84609
30665
17508
28431
28533
13906
21398
80457
28861
34524
29011
64477
79308
53900
23209
14303
61051
80205
68509
88217
17618
50366
37094
83003
56969
2352
46369
12190
39340
4397
59355
57431
74308
11114
50753
85294
17900
10658
72811
6557
35739
37270
64637
32781
57624
35470
74794
8335
77807
55297
31105
79885
50173
3947
86925
96899
22732
92182
77364
63425
47159
58952
45673
31836
53498
7013
47308
4310
13499
60673
62140
84383
18696
45826
85838
32231
90538
80308
57951
50846
4578
21520
64116
6133
2874
30018
61671
93534
51113
24314
80157
72921
89283
14133
86499
27515
57627
56011
75832
45206
76904
66183
32573
83702
51461
60133
54631
24920
21903
31478
76110
2186
67524
98694
37585
49762
80025
34349
48202
6790
60046
90972
79466
62624
28545
47610
11814
58367
53318
99493
63817
88238
60127
92220
35875
2730
64744
6640
61942
35225
72962
43557
97355
87683
67056
56930
35811
77947
19903
14514
51065
77824
30352
91733
43385
40464
39591
16460
32854
576
52890
17521
63905
60024
78039
61966
18040
57016
66643
51327
72669
1276
78854
89092
72482
16027
17048
11294
49785
11086
65867
57187
38206
77717
76122
5565
35909
48624
92351
89546
48067
34726
6960
25653
37209
5038
97879
56108
68790
61300
95173
86686
69768
12346
28394
89883
56891
9707
16937
10969
80561
99743
8105
8510
15276
5592
52249
40088
77623
75825
52592
52399
42686
13141
89807
99954
98224
73866
64273
22543
71426
32149
78677
80403
93079
94773
82029
66440
4894
80399
6664
3707
73545
63791
77777
55399
60690
9554
80469
1194
5482
7461
61271
76221
98163
58912
26380
69534
75809
96586
11603
47622
30926
13535
74837
23148
82079
75691
92947
6143
42169
66246
47626
64122
68518
30208
89543
74154
2392
28703
82129
9748
66672
4673
29674
33077
18347
81005
67885
67343
22821
18619
53940
27301
44212
24633
99052
31021
73276
16330
79661
82521
83519
37285
7990
35302
90477
46497
89734
40819
49437
12003
50969
7588
90098
6125
32981
83953
22280
51516
20575
56233
75063
62154
51539
96425
12924
8348
90691
15380
14632
44611
29405
85155
38991
91007
5690
56564
61127
43340
94851
79371
72719
18510
64522
58246
80581
83795
62289
38929
49272
5274
98586
55658
26302
80907
54580
83680
82617
94407
14154
33389
53448
98229
60409
30862
31324
51635
25948
25582
55260
8450
49849
7501
20517
18214
12886
22283
19204
96268
50340
27465
66155
42742
16737
99011
56042
3313
6788
88235
52892
60490
88126
71905
66058
97602
25940
69008
99289
95442
85640
88544
94971
65394
25807
26672
97277
56307
3198
32669
17624
88040
70103
39206
90187
63667
49078
64252
95916
71676
73527
34864
81241
55514
67485
79081
23501
78640
55890
18574
84315
73477
98579
40800
97840
40635
79583
78773
17486
92517
55492
2501
69794
51779
41714
9928
57937
39323
50037
81109
73228
53593
96223
93384
64633
28422
22890
23758
47140
32695
27629
51943
58689
32226
4337
29037
90783
24669
4201
77695
37867
31930
22733
90063
9608
22575
98004
5667
22328
23012
38509
26841
16895
1429
23961
21358
68559
15654
6772
94686
74728
95742
55344
75657
84276
52720
81371
64083
90768
48894
6100
46865
5714
29844
57508
40699
89277
67233
66082
54544
63733
89440
47273
2310
40466
8563
61153
52288
85962
9858
35790
18451
25799
23111
46549
70784
87955
38427
57861
18394
7638
79095
25022
99748
58886
62702
1221
66907
86747
54360
68646
43823
66741
44526
71602
89752
80574
43129
20288
61304
47383
89286
37093
57142
62061
3834
92407
52453
83335
68853
65914
67980
21362
92103
30962
37708
38948
83064
23547
59535
52866
79350
3089
16172
31343
29239
17628
76217
94698
26465
