41939
92862
54198
79556
24138
21823
6322
19073
95550
39538
645
8016
64963
79190
89312
22490
12693
83958
72958
74796
67845
55765
65664
5118
91931
82133
44717
20113
17406
28157
40632
50655
19400
5972
21674
10116
24668
40761
51148
22071
5468
79228
92141
62359
58445
30357
50684
38968
14567
60658
57535
58783
46092
2424
77636
73408
72401
18063
40249
85519
58742
30389
14032
53543
23645
44592
4687
16968
68882
69667
11761
74362
97241
28827
53794
28139
52849
69792
13306
67235
88734
30200
6046
40434
3276
72831
27969
79555
69351
21317
41289
93003
66676
46897
98083
70364
29497
88866
51058
65156
96271
40409
61008
25810
58139
81243
35080
14345
75060
95331
11689
53569
49646
81491
10557
87449
25862
64776
88727
32348
82020
47589
84385
71303
800
57841
93867
20699
34609
98996
52454
89786
15064
32243
26821
16983
86838
36793
73971
10016
30138
21474
65643
49158
74348
10125
59103
47622
87162
23538
33603
30202
84165
49730
21677
60312
34245
13365
38308
82936
98510
19256
79756
85048
24728
56976
7461
67367
33585
13459
66483
62594
6938
90699
72102
15053
43576
36580
40385
44367
83301
91081
50407
35329
35203
71613
68434
48655
1264
83800
49123
74226
20638
68142
21487
20421
67747
6668
94652
66145
79378
46280
16729
37537
1991
16341
94330
51453
79205
34768
19989
19540
72971
94757
64276
44346
83056
70377
16641
51578
61112
60210
38871
14010
34867
21543
67994
89811
73527
9158
72978
62817
99414
284
21397
32824
8512
11465
18880
34785
60897
707
24125
69283
39884
8429
59042
87845
64144
25613
19727
58191
55272
53982
88356
45454
29957
33183
78348
22094
22786
18951
41431
80552
84825
92898
89720
92764
76290
58792
46607
57792
1672
7228
96649
53698
67817
8870
78543
43553
4818
34310
98169
18348
21865
86816
69484
86595
84027
410
59070
94237
65532
95323
9181
37393
85928
62029
76557
3821
58672
82249
45681
69925
21377
51078
4219
56520
34372
91418
55314
13364
84741
15496
59118
85578
77377
32304
96828
53830
91717
90363
79364
3034
49588
33090
35469
91032
59600
11601
24073
93009
67129
65338
49395
11792
59930
89923
65574
72293
31226
930
49343
10407
57590
3285
83465
59305
4901
79518
17459
46907
38556
14698
49323
28779
13764
47843
40877
81029
4027
34568
58992
72502
74427
31968
76267
46438
73113
97845
9800
90049
27914
81998
16149
31887
30455
35932
42639
6258
56498
49965
36292
15948
72600
79820
31254
76575
13125
34601
67293
11741
42879
49685
25795
44539
67453
14003
92714
94034
11255
47638
21241
44526
94213
67776
70562
22155
44173
61693
10059
58296
61515
93897
73170
77681
74438
88770
53494
38662
83050
53930
72741
48224
51233
18798
83839
97137
23190
4325
78253
95157
5223
50074
65495
82038
26258
56399
86642
65871
46285
38780
41303
19084
16026
97007
50181
73089
26035
47928
50605
96893
23311
83067
86469
59766
88142
41474
5334
51350
5367
28614
15269
43190
6540
95303
15669
73037
86794
62880
43180
92048
50841
55496
2423
99830
67272
79027
28035
47218
77899
59496
61754
75349
32595
41481
55886
13191
71626
67716
64088
89950
87835
81038
39474
61886
30833
57427
91716
50010
96031
78834
45742
11312
76805
11108
81408
94236
50946
92483
48251
28070
86041
79930
61800
63739
25705
38339
9277
79981
30332
64705
35504
40881
8586
16980
41666
42541
82697
22886
98457
23107
53335
3560
77127
58519
6794
87847
48763
53692
59181
67863
28168
22214
98543
68924
35851
31845
901
95096
32531
22766
54201
25905
56737
65746
89936
5884
77321
485
5788
90017
66008
65574
86467
18156
97633
37810
7320
14919
65731
41337
46922
62097
52698
74532
44798
44115
18645
28507
26830
31767
65633
12419
35276
73745
71310
9456
6638
46819
60699
3576
69402
23833
76548
24643
39400
94262
84897
19513
37103
18692
22469
50767
89753
79899
96529
12611
43210
7536
64591
30565
33244
325
82863
78030
8808
24376
32080
14941
80834
85400
67371
49706
16125
39361
12485
26926
63876
61417
54933
25697
34184
38375
78133
59310
62874
59938
44991
98469
20691
37047
90580
29869
73440
16880
56791
68245
50092
90651
57376
77701
42601
37842
96446
7616
34056
9531
23373
80569
62206
86879
4067
11671
29289
68333
6607
25740
80798
53998
283
19645
68193
99842
85182
47795
90745
80947
87748
80151
54414
59087
49902
25218
50063
71126
29006
9576
43425
19949
87865
73462
39547
21154
96696
34142
47069
74213
61436
8338
66669
54949
91271
74871
84144
71979
84865
53353
31049
20360
26006
67249
60650
63809
90285
17053
26133
68145
27617
3623
26770
85967
27775
63877
96537
96188
1309
19386
35467
72248
3500
38365
10393
48559
18687
82196
63672
46764
30016
33060
29835
30824
97984
54515
34199
9344
2281
16079
99497
78666
40474
41761
43900
84895
12079
58005
26870
2137
15156
11900
86365
48306
4689
56976
14169
41468
34777
63613
34958
84479
52724
75166
65489
33279
69706
892
1965
40941
74723
46235
73940
70694
73280
8569
16726
95472
71629
7906
25103
78850
42730
75174
80180
99167
36908
5957
77922
15868
2389
66923
27395
46738
28571
4746
99709
13951
13032
3546
18464
43872
45370
50077
89714
58588
91294
57968
469
8780
21267
95859
21778
89719
50715
23671
78869
8445
36144
33459
20432
53759
78817
48725
77552
14026
87073
37539
59614
69759
87399
14992
57638
65872
26643
78487
13256
54618
20980
16221
8846
3192
60627
75226
37336
62884
45205
46796
35107
30550
28584
57493
14463
65247
12826
40876
21859
9735
54306
63340
92906
95244
7771
59190
14964
96009
87798
39673
77800
27816
60983
89923
396
41053
17008
85681
17350
80821
16343
393
99621
46551
83942
29311
12944
7978
86065
17219
92594
36640
37226
81052
14780
75764
39008
36822
18279
2278
37039
54852
49288
71345
27520
56883
81699
60060
9952
34494
61198
34378
77013
99312
67239
62172
96664
50240
1165
56353
74664
59168
30865
39416
85441
50625
8645
61594
67207
38636
60473
44698
38309
14213
27255
46938
77413
94329
33459
39277
53888
29463
18573
48844
61706
23288
43723
90289
40198
98301
71189
91177
45107
30437
8960
58022
40346
36263
88403
17042
36402
85472
22713
93162
6858
4186
90534
32936
9235
56643
71604
37573
71617
831
87605
80073
11780
21582
86255
91522
4778
29843
27080
57470
10785
32019
90992
67951
94861
19877
64791
81302
55686
6836
81844
92714
2566
65531
36071
80556
18137
79245
26657
85177
5723
236
64460
61992
56867
34216
89305
61722
5561
90358
4818
1961
55810
4313
1102
56624
16426
99110
34714
31396
2715
10959
71111
97997
41940
83946
51378
39057
396
63282
65166
10453
54969
35035
50011
32191
26623
49921
35118
74244
92185
83906
84453
97835
54309
89625
49837
80490
75446
6596
47251
70576
66912
43720
88530
4789
80340
85730
10626
49442
35988
39149
26899
83201
86112
84031
99803
64752
36459
81627
64737
54274
96945
12118
45478
86195
29057
21968
12984
54204
98282
77848
69253
27856
82656
29414
89608
25977
14692
27183
63816
49546
53796
71497
16026
58106
25334
30067
51901
52266
14537
76958
41474
45367
89957
96483
77377
91092
28021
37779
89674
55660
36765
39113
87156
49858
38512
23194
62316
42339
5532
14269
57786
72425
67848
38604
96734
53001
57009
91068
84548
17279
20620
29081
80626
73579
62040
52507
89459
17944
57670
99923
11081
33654
44450
187
23491
7949
32547
17934
16696
72703
85919
75049
43093
70554
10010
97076
96541
87960
99053
99787
95703
40647
83971
87272
99729
97950
2
29638
33928
13220
92371
95651
48556
18925
54255
70377
45217
4146
38890
53436
23188
14308
58511
74118
42950
79771
39518
26054
29968
24228
26351
20450
55668
93644
83820
21216
63274
84436
7269
21705
45971
78944
42188
73078
99238
29324
4950
73741
58305
39711
2581
8719
28140
49192
99616
35630
41720
88285
73354
49568
55693
26573
94667
13164
69753
53283
36569
54156
17297
15711
32030
17588
8214
89428
20813
69166
83991
623
60256
12871
13631
2507
61842
12972
28269
99315
86440
60260
12231
7365
84498
31954
7072
39049
54641
49211
66230
62674
46098
12329
84564
61507
30446
36093
36719
81276
39735
4613
41174
34281
78638
38249
53210
35623
81211
3689
59515
49225
82361
28096
28138
22614
98491
12758
74595
42461
92360
38193
58898
81095
8417
71262
96825
67032
94655
22559
21246
87539
60776
12169
40472
47098
67732
30990
72265
94166
22494
5604
60463
1698
60115
35389
16417
18684
43727
61545
48083
72099
1449
57339
83640
75025
73852
72242
55460
31262
71011
70985
81256
12325
56811
89553
46534
85342
90444
61691
77248
93093
39405
17207
8703
33900
46700
25401
76196
97915
38772
74886
74679
68917
79243
15674
47366
35723
57916
38278
50363
44075
94242
17035
44895
19337
38448
64292
34572
83859
70865
33579
76485
28871
4554
26508
48071
69460
61246
37508
91952
44808
13712
54846
32089
4527
24574
70541
75676
99826
87602
26756
95912
86583
83733
27664
59938
83476
38841
46864
31227
52581
66591
75820
63156
67930
26494
49886
86088
7897
15460
67651
9039
13012
9742
83185
33209
19596
65018
81603
43116
3286
90019
39791
87963
39540
95195
5784
71151
97573
35406
84397
58736
48182
24186
38765
52976
29715
9004
12748
43875
18708
63678
77377
18673
75561
27464
40095
50855
17170
78479
32247
12894
21772
68101
66711
96918
82291
42476
2368
22771
21188
22758
48748
39916
12975
90158
35437
36785
71762
8530
59685
24533
67712
52943
34198
32437
59246
63470
27631
4599
6340
92986
71734
19591
80356
94644
3594
68277
59664
47165
64834
59148
14721
65133
37801
51163
81530
56482
28421
43176
38821
60801
58928
83971
51866
73380
29902
17107
53494
74872
55515
33818
24619
53079
46567
59466
91143
44626
81402
38036
52535
48502
87871
24103
90402
4850
14864
96176
12596
26058
12728
76944
72640
76769
60218
3650
91992
27801
82158
30924
78616
47088
38528
6032
89440
96921
12976
2070
92657
6513
87724
71707
58475
29499
35260
2827
49507
83229
39179
88829
30883
51678
61160
62670
17223
55890
66895
54583
29855
97062
28226
34331
31876
29412
1788
5252
50446
10258
18200
47769
67839
28857
20329
87935
46974
76067
66567
67192
98768
60668
99877
32795
23024
33529
65249
1092
64981
85474
74655
69203
80988
52633
38236
69573
34586
38785
36713
58546
5713
261
41948
53825
75552
26586
53026
42651
67170
51228
42813
49141
13707
85649
52339
35702
65383
64383
68121
81804
42368
99151
39895
45718
28225
69524
24629
36392
73594
89503
58021
37044
35497
58936
78508
75614
68247
66693
7888
22931
14041
47012
37772
54295
21815
86174
5852
51835
8270
32320
89473
46645
57783
96038
83206
63960
23984
63175
57600
27849
96673
47057
10332
60575
34596
24043
64595
3798
27510
50360
70097
62664
25728
84575
36841
90843
29167
78367
1232
8965
49353
74776
88274
30209
76052
78275
21804
58695
13211
78487
56625
43066
40530
24011
51904
65413
94449
49965
50817
35697
72424
86686
8981
46567
33871
94400
19595
20031
55004
67800
80545
28687
47845
90850
85167
99522
97547
29736
62498
25915
92493
79443
11853
8709
9985
7787
72922
7518
57934
97084
53590
28690
22688
63648
77715
32215
82936
64756
95524
95792
61122
76600
36491
88753
54623
94154
4580
64156
83532
73910
84686
37095
12045
44024
83560
15270
8804
7570
37378
22732
609
9136
80056
77187
58464
95517
70867
53144
51675
47230
2687
11916
18987
24395
77942
68980
16952
49184
46665
86921
86963
87713
62422
8082
64733
95641
99883
90298
56506
48322
7148
68391
99769
93553
41342
97417
83927
39449
19937
53487
49390
60937
97236
48776
9358
23546
97944
67561
20776
57885
27779
21632
9098
91206
8901
39025
35429
66067
67344
92558
65874
61361
31930
90466
20103
96960
60859
60359
24815
28066
74280
84396
56340
67379
9690
46014
60994
19205
20075
88092
5168
32210
17500
2700
58490
64886
8190
18784
34008
62343
56664
1501
74534
43425
55723
1436
48073
45680
20556
86217
7084
39641
48650
91716
60764
67585
95765
84443
65499
43441
20999
70003
71823
12763
19382
89255
9491
16738
39046
14448
97988
18083
92988
19815
44696
57515
6908
39043
70848
88914
75242
70688
37109
28205
29009
44072
1597
99257
99199
78042
54872
78555
93337
35214
73906
82608
44108
31085
76752
66833
23062
49251
71204
18037
85727
33114
10062
82915
50078
54241
18984
20609
33498
89027
42012
78435
29185
34931
45739
22587
43798
75683
72442
95298
86721
78873
55981
11992
13593
29521
43666
85837
81078
40608
49298
17669
33296
3362
1876
13341
56997
81997
36135
21468
54885
81797
57958
34502
29320
33032
71842
39726
5503
31561
27471
8232
54813
10446
7363
61645
66324
74239
91868
14456
89560
16591
26177
32702
49044
42964
45171
93546
84436
62749
20981
87526
53204
11092
29963
7277
71969
43446
11603
42092
41634
35396
41003
64885
8929
43162
68919
42414
26340
37028
91517
21143
27994
96939
11652
41469
34761
41560
82087
26584
92214
51311
97722
38444
55145
76707
64450
28450
6642
10688
2653
97516
96296
89859
79141
40040
7180
40567
78961
44132
90217
51592
32490
57612
30667
25695
85641
71518
95888
42017
55302
62948
75650
41978
75093
24231
70817
10076
96784
36963
35732
1463
94030
26499
15645
86684
64349
96163
94368
57629
83992
94074
6733
81942
27824
84943
91998
35239
32125
5147
96032
11929
18282
85098
65258
83855
437
79358
47370
86417
59288
70616
86550
67455
25770
5364
35944
47643
3199
5448
50878
39138
59744
45904
88965
842
69498
37820
52599
38501
60245
11029
50116
72598
6922
91888
8580
17868
99973
14081
70921
7973
89514
75702
49981
92026
60673
41465
1419
1970
19541
6016
29789
23863
88648
10155
89414
19891
70836
13416
51567
14082
9881
11277
33011
36263
77030
78797
53858
17870
23998
72157
29957
58475
98234
69062
73536
79386
16405
78314
77102
19599
15891
72838
68089
90523
47997
70117
77902
7984
59565
64045
19772
2616
82003
52322
3278
37062
57193
44339
55593
72282
42557
19626
19817
702
31528
52309
63535
61852
91267
18678
33369
32139
59221
58557
95150
62133
21816
91986
72469
48544
82705
71470
79782
49018
6359
33565
76276
20433
55471
85427
93303
82656
72508
70418
1017
1618
70631
54584
11181
99957
94959
70435
46220
33811
63583
49479
26408
27577
41883
83315
2120
9266
30937
7704
87930
96905
49679
78950
32906
21744
17361
12265
84322
81606
46613
61255
95882
6394
46424
33215
32617
7257
69100
77040
31755
28972
62522
84485
49541
71441
6447
34109
53158
55030
27836
59523
35736
29092
82484
43887
52600
79299
28764
83564
12924
9361
3654
46544
10265
50690
37130
73137
30057
31977
42055
25629
24796
49843
40991
69953
58642
13411
46140
12117
92666
81960
39167
24835
22520
19132
47222
98575
97943
19786
32848
66073
48465
38049
46673
68972
12733
56087
44085
50812
15200
6358
76188
86090
4249
35522
18139
73728
73197
69087
24824
93900
63833
21074
80189
95798
98805
74171
62798
95219
29323
24521
89782
48144
12082
81518
37765
68497
29178
13345
56436
22022
37793
77735
7809
8119
88565
84986
67425
51113
18479
41823
82771
62252
55308
77700
67705
49414
7181
59190
47100
10983
75493
60969
44866
27797
84732
25902
74958
68088
14984
99437
13317
91094
68026
92368
34962
73271
13943
11026
71210
7389
24147
46936
65851
13712
80592
83242
31098
98241
22223
49253
90442
80710
36987
80956
10201
1270
39926
41339
74014
78084
26445
14920
62745
28736
55326
10911
46190
2749
30595
16949
10349
5482
76908
34252
47032
3483
35689
34709
92859
28275
74767
30077
53212
48220
85520
43363
93802
71627
99064
99175
95445
12642
27249
34785
36031
6007
62070
4378
25460
44179
2902
25601
55087
38617
52464
15566
75422
66716
81554
71976
13250
4453
32253
38704
91077
79531
23197
72084
70251
65988
96413
71318
92933
39388
81880
60849
51104
31237
72168
98157
37487
31135
93305
406
83774
60719
37706
27522
51196
60116
94413
95967
80805
74177
99279
61604
27106
54364
96744
78554
60871
30371
9349
90374
82216
77431
69939
71921
33611
95944
38548
22477
72507
36857
74023
76774
93542
37785
92851
14443
12570
30314
59733
74503
61204
24990
60351
74324
32558
81811
63170
84008
84214
48665
72021
25219
13486
86668
2129
4128
68417
57615
86496
28176
78204
38816
65938
75074
45830
19388
55134
9356
10151
29411
10024
91377
93905
4886
47098
92503
86122
851
41890
43946
10142
71590
27986
77395
24116
54910
35779
1126
32302
19102
79674
3337
52994
27737
99763
7695
97861
11666
27194
99079
97356
12295
49109
11944
27113
9100
71651
55434
47766
74808
7840
42226
77340
68986
31662
94591
47507
67798
90822
42144
69541
18789
35187
83990
77517
74314
7486
7725
62098
11038
69362
77269
67163
1374
19612
7560
25590
76753
31743
81657
57567
10323
27265
92687
97223
70606
88672
15488
52630
70079
95046
89859
32282
25553
44054
56329
54666
2927
64278
21613
86500
68726
4734
61894
4855
19483
13004
48169
31669
87477
8669
90129
2189
64389
11732
74283
42630
7329
19099
23847
46974
96637
60876
37278
78054
45691
90938
56262
12880
3672
42548
87203
84916
33735
71037
43616
81826
58374
13080
16208
7868
92831
87527
60509
68159
88451
86965
71548
38079
71414
55149
85578
31893
92290
72825
67702
50758
92068
47977
68454
26538
69931
89844
95271
31313
71687
6818
6453
18828
35568
23926
13655
3087
95525
47515
20121
84516
26962
7611
95851
55713
41947
92899
42800
45595
67224
70407
16371
10977
18508
32152
23472
62222
23241
37421
99401
48619
45377
63885
77916
8543
8725
92590
56238
88213
19065
48770
52466
94204
93988
87521
33306
4414
92418
47498
97524
98272
80656
27
32597
29972
57798
27219
99358
1572
6120
82468
18420
31552
15155
55014
16598
98955
44692
43591
73806
42124
32365
25449
50729
62918
81199
54501
16222
946
77267
40024
25178
67252
42686
12955
8327
81333
73806
29759
26884
73890
31705
45175
61632
45832
85937
7646
20162
48611
78877
21766
10587
27355
49804
7346
47672
20094
83056
15462
16063
95984
53136
52080
61811
6005
44648
98037
96850
78454
61566
47511
33487
58566
86741
65759
70490
24882
98259
95088
50911
82190
70198
60085
1063
42129
82633
86992
60890
7801
12168
55624
7086
8625
87604
31509
35949
49222
89681
98971
2901
24040
38443
23298
60523
178
58875
60982
45183
27185
57200
63884
37052
15944
22224
756
56310
34759
65931
95360
18976
50638
32292
67097
26002
59990
7948
65184
45581
36867
11393
83139
85782
22780
49151
47014
73932
96620
18377
5555
5103
23627
12384
37536
17495
87202
31035
95747
2320
51858
39525
81131
68854
95698
67864
77339
99295
91717
25588
38709
34283
72782
32745
4728
85984
95360
55234
5611
82000
65585
40605
48144
75110
34917
15847
64460
95195
32151
63204
84186
21435
75442
21334
39872
55561
63001
92091
37741
98537
72358
30235
88870
73493
45387
36261
69565
73907
24900
71095
93047
20720
34280
51637
84835
53281
76490
15292
54586
40097
31345
32497
51537
30896
52169
9944
89487
46884
90295
61630
181
67181
40992
86496
13272
31451
26510
93518
81305
4102
47667
16800
32569
3320
37367
68725
27017
36763
79194
11567
67874
21360
91834
64246
32221
78053
24761
37851
71491
77576
30935
88294
3484
17846
52917
43319
30116
19763
62693
6340
4128
45745
35317
8696
39493
42389
11479
59507
97264
8505
49112
26686
95471
97690
60009
11866
76453
86858
65838
68842
71598
80689
3522
37169
24143
90113
14317
67558
55610
16615
43755
41610
50241
33702
43759
6287
55711
57648
50484
42571
59571
29926
83385
32310
73710
62369
48653
14632
76698
52044
41614
25201
35704
84624
96972
11164
98177
28993
17203
55384
57287
94707
45853
29928
8993
87880
87292
53698
475
88366
67256
53012
6607
54285
15278
23946
43001
4445
4872
82192
6301
86189
47303
46869
85891
84863
99079
93389
29194
51090
71663
50500
83312
33858
24625
20614
40493
76329
91392
88358
33373
16566
56073
66305
34772
63935
65813
34460
19370
81645
60739
79090
83520
2322
96899
23599
7100
79680
34411
38622
60258
20295
6330
96499
73609
74712
77747
21355
75331
42840
56391
4914
11088
22957
59767
20045
33063
67539
52548
81205
54275
81932
22666
75063
68178
25956
77288
13480
83030
57343
79325
76987
28105
31958
45019
28210
75232
32537
35852
88736
40564
59465
92625
77531
69402
15815
83344
21871
2557
42326
19139
84297
45451
48815
78155
60792
33318
58149
24994
80297
74335
70258
39261
31731
78642
30994
26587
78629
53034
62359
58168
84169
86215
48518
43640
64566
8941
51284
74525
52462
60947
24061
19003
42279
10005
30180
83616
71408
27938
60294
93594
89751
76543
54121
10132
20878
55042
25963
41182
28551
88818
3462
43533
2931
61543
81500
44930
34022
56209
62842
78081
52877
89812
92154
23947
5816
17987
27694
18743
99456
49652
71609
71173
89867
75646
89987
85384
74637
83207
25940
91834
90892
57949
49760
14021
71565
87547
31248
73854
55723
86591
13701
16087
12111
61312
44051
92154
42407
32278
89660
85561
13360
8060
12866
13629
60550
37737
509
59868
80851
46283
70021
69638
2661
61595
56019
58659
17307
52672
45794
26174
74991
81008
39646
66723
79875
18014
14486
64156
72383
2956
19498
52411
10533
36586
71742
61622
43547
93391
44198
87196
73261
79343
41333
37461
74788
17972
98611
41760
87383
48564
89374
38921
38580
86690
57865
34296
53182
54600
36867
13896
66043
35622
67261
92490
75536
56166
13505
24725
46812
54708
50999
25737
98140
98882
10023
91607
51323
28290
56194
18067
28368
4161
65131
82138
76870
55500
28619
22263
22514
92779
55793
83330
35099
94924
32991
14376
55089
31312
34565
16763
33092
56360
97256
11575
17416
45943
34901
61206
77501
35047
8071
30622
21895
40026
62687
22303
27670
57301
8809
5754
62568
52340
85170
91315
28101
5143
9878
25471
31869
34541
30580
79246
63231
31941
53955
75266
65076
51827
41041
30297
23907
24291
70901
69614
13055
25926
63050
52914
54574
90255
36513
55234
14980
76718
58399
91435
23373
92807
37809
1181
14259
16459
9561
16499
56237
22072
29296
44625
63895
86805
63282
68529
31390
82817
56014
6768
99489
88944
9201
75430
24817
34797
2338
66453
62517
12516
98797
66215
72546
6582
28481
33043
30903
983
69577
79107
12655
84823
85304
63024
16938
13664
9138
23408
65839
3565
41287
43944
79987
8032
46690
94820
53953
18040
67116
91944
46856
9827
93638
12074
73334
65549
56329
77564
7744
85537
3920
59390
67621
31029
18629
88389
84340
64809
27470
32461
69573
52488
17930
6929
60750
7201
12616
48745
45469
46649
92544
49976
2243
57647
71823
42049
32926
17481
76035
51053
93174
95715
58228
60300
91556
30086
87477
89366
33018
16287
7795
20645
85324
51222
79240
66948
32981
64784
19475
13930
2760
68877
35997
93508
70022
89255
27105
43262
78894
46663
14511
16634
52117
81034
56902
92050
34598
64489
18895
30723
47956
47577
25412
99410
19408
65025
76226
9913
66051
61028
59865
93605
88806
34871
92063
31571
64827
62273
31010
102
35935
90687
61684
4119
30375
33719
38445
92423
63246
53832
58358
91842
7177
16595
44930
80208
95433
27252
32244
2158
51645
36175
72973
95535
34181
86012
79091
7008
26253
14270
34886
46353
29904
33685
57013
61443
10027
54678
94806
10829
97425
49060
19357
97156
19400
82141
11582
25236
20116
99288
95184
29981
50411
77235
34722
33154
39587
19591
57457
15615
77711
99954
4207
403
84613
81938
77378
47450
62396
62285
31827
57517
55109
32065
95457
33440
16349
55988
49761
28943
93007
46157
33200
42665
80285
68940
75066
89105
3059
838
20314
63290
45666
90718
51949
82201
19227
32015
45240
34525
42077
14247
32806
63805
5262
26472
77550
76330
26889
62024
74719
44240
42953
31456
61084
77738
45421
63139
51890
64151
65781
16385
66447
32020
30814
99102
77151
14829
97512
35300
94195
98300
23601
61021
97619
68853
70822
57257
77449
35326
59785
77567
78955
64902
98397
97675
47716
48880
13140
31703
5104
22204
26518
81697
34941
14100
29489
15387
11370
21006
24083
83823
38146
42565
39158
30851
69545
28211
82355
68562
81062
84379
88143
40579
23999
18043
15118
41305
39516
6862
91098
96580
9002
89352
28350
96357
68367
18988
66718
24595
46631
93296
99142
38922
67894
80946
22540
80824
57162
95845
65839
10294
80893
30069
83640
21018
64703
44049
14928
70816
91515
25717
87936
82559
36143
75214
25422
49964
81758
8011
41486
41314
60850
19646
41128
93869
85826
62237
50838
68540
47323
88917
37519
46282
26426
96479
6403
88111
69602
35232
1134
10086
27016
20144
33116
25326
29410
79733
97240
40749
66360
23727
96317
3463
83271
59292
47668
84627
60811
90669
96942
71317
86625
45835
88693
82065
55476
84221
43384
4301
85190
48726
71623
17136
15915
68451
14799
68406
15101
60448
22189
31297
234
23941
81071
22179
73466
9767
96711
72224
61576
58229
87615
27461
58211
47694
10613
61344
93475
54599
81731
89186
16289
54688
85898
55567
87
24419
40879
71974
74141
109
70861
68377
11788
71486
76180
97484
22397
6596
33116
4762
15295
93326
13461
173
33035
4964
71588
28409
53803
55609
37059
34882
45263
4204
13019
24000
4462
14121
98624
36358
25061
55607
12296
87075
51584
32693
6236
7479
4703
52793
72705
76359
69103
80089
10036
89548
84099
40085
75598
47078
57521
32257
90157
59208
91257
56246
99501
35148
2555
76538
75621
61825
19812
8411
70896
55124
19080
61268
49701
21067
29352
16194
14523
85506
28177
93640
72850
48731
86160
27586
76565
80084
88531
34442
7642
25168
14907
80139
46482
95808
30346
56484
93885
75170
10444
66399
64578
11290
29923
18517
50683
28387
55200
53789
2819
36473
59915
13968
11265
17630
13871
31833
24103
82081
58874
21659
34956
58388
62939
37850
8103
19353
24257
47601
40949
57531
75592
93019
10746
78100
77610
2598
90633
82372
76641
46905
71631
8789
57349
52127
8580
52000
81983
16670
87697
67845
30582
55896
97196
37106
94345
59564
83037
66347
52932
53483
13375
40796
27364
96590
5169
52919
3815
27568
13789
16573
26169
13610
17580
648
31178
90751
20040
47107
35258
89744
5248
8136
57432
17969
33242
30946
35177
8050
54852
95898
45401
34848
71481
24844
7091
81700
88018
10724
94202
3933
61567
21028
90085
5871
13276
62752
48144
65237
46369
79375
78745
19153
51008
97369
11601
85213
62679
94934
39723
77218
93107
61189
96795
4255
39161
3080
67099
53025
28446
93358
48395
68733
25155
8240
6716
72473
73356
28527
86964
71033
94866
46569
67351
74497
38386
21972
79669
66587
1395
42905
31526
77435
90871
39474
26454
83181
90762
72775
48363
21281
1150
74451
47717
54951
24913
62233
34217
15622
31666
72610
68140
30377
2760
90640
50863
98110
22077
15788
72372
29103
20524
24895
82848
93533
57245
27483
41501
74956
89524
46353
64247
96260
99478
33329
34327
1212
66292
36450
82422
70505
79078
82689
54455
65577
33621
53562
77250
48771
35527
1959
48877
68027
88012
2032
66973
19364
90458
29924
7428
45202
21180
98949
37092
40797
25303
32952
63073
77642
31506
88880
10018
43882
77301
16174
95540
35599
30889
43278
15765
27796
28433
62046
1169
11865
4768
9749
79963
15032
37698
8067
96862
60968
67353
2441
96559
70066
20698
5831
94186
11267
20742
17197
29548
57341
28463
25592
66249
66781
64242
70309
55670
81258
85898
62880
64671
34367
28597
95270
23249
86322
55808
4630
89301
381
74352
54111
88449
15796
24206
67047
44245
88203
88306
32097
54216
51192
87803
91316
3620
63774
32848
71248
57113
27561
27818
63914
54737
61513
11282
61306
31029
1702
23915
33257
44652
20407
68617
74599
71701
37096
40709
6229
3452
54046
24206
91281
27071
38709
91708
23653
45524
7036
46214
13251
81135
85101
34095
88451
81686
54935
40748
72646
8283
72131
77573
41684
36539
46227
58680
82293
15185
58471
31151
23889
40134
31898
35350
91988
9792
77693
85189
12463
62346
60414
57373
51751
32053
91766
2215
75596
96686
22967
90220
11347
19285
5975
17419
23813
83027
2646
65360
95016
89596
74297
89532
17470
67203
87721
55235
12503
33899
56333
91357
35209
42627
53607
20876
12028
95561
921
97449
58959
74358
26937
56009
59479
78919
26406
39520
75662
10700
17841
65339
94982
15188
12781
3104
69150
1903
4348
91964
15298
93759
17537
21770
80790
96050
41165
46149
8470
85060
90528
85519
11907
95847
98577
44584
84202
26091
8957
38551
9935
30806
10432
16130
56865
11068
96965
1328
92662
28625
59124
87162
52290
4891
34219
49122
47681
57751
70941
82482
93554
45265
31357
88375
78
6989
91084
43434
26249
7703
87402
51812
15010
88345
1376
11934
45925
88042
2946
29568
8148
15862
48424
23679
59005
18627
20795
27699
6815
75752
92076
60765
65652
90522
78754
26344
52870
71670
9795
54030
84184
33298
49622
66116
76234
97314
44150
91645
7305
88229
26468
5089
46232
95246
20451
68167
88380
57080
37066
89382
66788
22332
99606
96619
29473
80334
71403
57301
17737
81991
62968
19393
56295
48097
29673
87171
1388
38700
76068
65927
50067
63355
40242
28524
50853
636
57723
68374
27243
9716
77072
80616
89751
79376
10457
79075
20743
92976
6400
85267
24727
47364
59308
58534
78296
19172
71416
91558
19623
89982
57625
60302
82883
77513
14351
39239
13541
5383
30724
84144
42630
6334
91081
7724
68701
5458
13981
71798
9928
28528
18623
59700
39399
99781
24330
31298
66077
39268
6110
27155
19472
84489
15137
53211
76378
18689
94656
71251
94782
11857
62643
42877
22855
31366
73923
81356
30354
23188
65946
34715
7342
68348
83094
99740
55897
28387
77109
78823
50527
55386
68240
82938
26771
19438
59506
48438
50611
86810
85922
22194
10264
88420
69583
41509
82544
67838
34435
8017
12620
13801
56331
23976
30236
92429
2145
38686
70057
36349
14839
33848
69670
20724
15355
57942
5464
67505
53524
81274
75406
64486
11972
51904
49795
30794
75697
21130
35985
60398
61577
69012
94611
34010
27623
75731
61685
44800
45276
33697
82629
71086
10964
85034
88270
4870
31352
22978
24728
31373
89705
89865
6651
2770
76525
56049
19094
60622
75502
93862
18334
32015
43418
50536
228
30468
34860
68212
26208
28614
96602
94563
39324
98393
7193
22243
92514
44520
10011
58484
60896
66299
34759
28779
93914
67478
63888
95290
22866
658
12515
28593
76125
22604
56153
15709
58806
8027
12329
22494
49940
11414
39938
92377
52214
66829
34563
80622
49645
74134
1865
17711
86820
41987
69142
69920
46236
89081
63482
47370
89018
73075
37173
68702
23956
55824
61869
27495
47363
1861
80760
38900
34733
77144
37541
29100
16106
34308
76443
61571
39769
20073
8434
1596
11160
16564
53134
6911
74209
19958
54161
39451
9637
97677
34149
12936
50681
47600
83943
74334
85240
66409
65621
57856
37299
17118
43166
44480
14940
80318
94270
45769
77086
45512
23755
6524
34270
90117
29690
1521
69315
17554
80633
11610
9404
69725
67750
90565
83615
7599
18003
69106
50090
50615
6881
95011
41227
31384
99927
39597
27916
78821
30879
21933
60691
33095
44941
96413
85176
27495
22818
78735
14942
90561
95402
91670
72827
65044
1728
8896
51636
37314
2763
84896
54974
99526
33557
56151
29093
71344
21158
58330
46804
78355
22043
3675
73637
32280
19972
57670
44444
98452
15729
31116
82285
28894
30196
34759
59697
60681
92645
66392
65453
94282
10594
45639
10382
73457
23077
82420
74275
64291
35510
93992
93829
35027
97683
35765
49326
5633
8467
14447
65631
74978
89402
95151
74484
5096
1243
68824
70323
22572
59412
15504
32924
44276
55960
24617
41763
89412
76864
71571
7490
99162
85751
14342
53956
36622
90199
25678
76055
51034
28497
8461
7481
4392
46079
60230
99142
46902
48499
53809
88017
19782
36815
46500
73218
59663
25233
92826
12412
70727
15928
2822
5565
83439
72429
82097
15153
67979
73174
49648
84683
62359
99550
66815
42602
12645
14029
58217
31973
18356
98363
52982
60066
5968
40820
30871
2192
86546
91459
39855
36284
94562
35345
29944
7148
40014
9911
5715
22845
38283
59638
60920
42778
44990
77662
17593
84179
66250
32499
25746
48790
66849
28851
42124
52895
40962
92689
57733
1691
64210
54431
81459
17986
44662
27985
58053
80978
66165
65840
52059
54320
30098
38070
51568
68246
14782
83036
76418
21862
27899
43356
29188
11469
80978
48069
16515
7162
75474
51790
62350
95012
18266
28245
82620
41653
41990
61550
40972
73718
90386
19834
23219
23435
86160
18309
41581
83361
51236
66950
72919
50208
79339
6032
13280
90280
36895
29600
38356
46159
81245
79393
42651
75928
85434
6017
16760
98299
69329
97217
39261
23401
98879
24171
55940
10752
7137
20602
71615
16033
60658
20669
81565
35958
27407
73437
28786
32160
95559
25732
27593
8444
36553
52823
65887
716
851
64408
31138
72511
16491
3124
17227
55936
46920
12642
76269
24003
3996
23543
30609
73268
26636
54796
15792
94448
96279
7513
17331
69355
31473
91389
61211
21205
81734
93833
70650
36118
68937
58955
54912
41699
91505
20697
97769
75249
75952
39527
4772
19456
33876
36326
90403
11395
51840
56379
49588
96101
43515
41933
18210
26622
28102
94903
10143
22786
81234
40453
37633
2544
29788
93919
21608
59045
2172
35098
66512
97137
54211
5538
77479
96509
87945
53316
77279
77803
65628
96787
92677
44222
3175
85821
90373
1998
77156
75835
38195
76680
85897
98711
66065
16489
46671
83012
10617
1912
30919
74163
27119
99293
81049
59752
61521
77750
15689
60504
89852
14230
56659
80064
73685
26077
78228
81880
73170
82396
8557
3407
59545
89070
6975
58171
57517
99475
62015
91738
77590
62917
46566
62117
76415
44694
84768
95347
9625
34694
99563
24144
5898
76204
26547
6051
80389
25902
89554
75965
97485
44567
85836
38642
15052
97418
86560
57673
57113
32982
11687
75900
14797
40659
38155
80636
57219
32938
70964
86639
47934
51532
22095
15153
3050
41209
30422
95152
63505
15859
20514
64997
22172
16055
15074
64577
97659
75929
23395
71619
84637
26670
38835
24329
37934
2827
19904
79264
84760
28212
84127
82355
27507
50617
47248
81059
73362
53619
44374
98734
96012
41152
36024
50766
83215
27774
80331
21808
67872
40884
88506
42129
42022
7896
12499
68535
92366
30638
10775
95213
29038
2431
53960
83204
82608
23306
84648
69901
16446
75364
98095
90357
15922
36056
75454
81515
84567
9311
82092
38215
872
47977
29555
37631
43898
13754
12984
22635
75168
7476
56612
24153
46259
89518
2310
45460
96715
29866
29194
35985
86029
88619
61985
32779
87693
13395
75340
97634
41593
82895
22364
61701
10540
90196
8451
33268
96660
3156
17669
73426
55561
19318
39189
45486
28170
95291
7498
37159
76383
16088
19896
79126
34059
84007
93564
82026
15458
63896
7062
47403
28991
75350
58094
26296
39414
33242
3758
5442
59466
68129
24038
37441
49778
85763
90905
63321
90795
48501
17616
34095
60441
99910
58943
87112
80249
53075
3133
14647
99741
66644
86878
95081
13388
52599
27959
29630
81948
53650
78615
85788
20895
11447
81077
23072
22312
91005
10896
37238
2795
72229
52678
53503
87457
24171
41838
84487
48679
5956
87782
83211
12121
93233
66126
11164
75851
17561
9905
70287
40005
48415
25960
10904
1891
25089
90363
57351
20253
95233
46276
62462
78447
33450
92924
93923
12966
37069
1878
46740
22225
96506
92250
34591
18233
60239
21838
18983
13429
97165
27210
26822
55350
95572
95904
96653
14681
65937
21634
16509
9508
23749
99906
82660
58791
80535
31529
21861
10386
87153
1681
11652
44001
98524
57401
39494
76838
11708
10372
55930
15290
33430
88337
5533
26222
40126
77539
81676
22743
64580
2611
5675
80060
52228
44440
73626
14315
34539
89336
60665
36944
14041
77385
12397
40107
63463
30099
50918
95115
54017
89926
43427
98672
46323
73779
93496
59111
65131
52240
82581
59451
49934
44926
9919
70862
38159
9832
8638
51031
47444
48766
52349
15835
19189
30105
42790
30733
43016
86766
51721
58230
94144
45482
82493
10623
69816
38922
6000
66031
1750
65882
3629
37738
89859
8357
5701
56174
8183
95318
88744
68751
54308
13162
54288
38599
38764
69127
95576
20056
90837
19385
29684
61655
65033
27868
14393
61923
90424
48329
5124
48884
53087
30926
4547
23902
83896
84050
12308
61095
75286
51390
14637
7995
28541
49010
79514
44728
58318
30248
33627
35415
17902
54010
40848
29518
67000
88194
79290
7361
93433
88431
39698
95760
1297
1101
3107
1156
18231
29272
48383
64040
4887
22481
275
60989
73671
46888
83652
64494
93810
81627
86941
33544
76918
17970
23374
10472
63271
57496
50710
17043
92502
75511
89072
23530
66255
7748
15467
37714
87335
59096
18721
74935
9017
5621
98318
58061
33952
35294
25500
99085
99452
16877
88317
64577
95066
55380
93291
70529
23275
7472
90331
72020
37954
45416
15417
98178
77626
59989
91991
19416
96219
57785
38371
92863
19799
77951
4803
84275
90749
49669
86202
67434
68510
66096
51854
83578
1019
96130
4774
53181
73938
71838
42926
82038
44582
59104
72776
34494
73565
70494
88518
66785
51263
45648
53167
49273
49301
81020
39878
1979
17284
89136
14144
48602
79602
33664
69015
70818
19836
76482
45529
39403
88574
3482
23892
75583
60216
4738
89167
57027
10958
98451
20384
81604
66177
93559
61693
35792
85498
89052
3903
15401
41765
56925
62844
72036
26843
7576
41072
34877
36860
63320
78551
8817
12231
55081
98186
84792
83815
63994
32040
49314
47194
9009
17217
24960
26473
57319
66790
40838
20475
5778
96146
8784
7929
25040
8826
92536
14047
60309
91031
6411
82445
20775
13389
65816
72620
31301
13051
45327
82218
52026
78472
47670
88006
12567
54637
36757
53084
66265
51518
14952
43783
63514
29827
14732
86889
52727
43193
39695
18340
43532
21060
53070
22667
49577
49257
15758
47671
37480
7978
98782
96754
84443
95937
47358
2029
33150
69551
290
6808
50549
15688
413
45309
16127
44532
20448
61
92533
70084
3165
16100
51934
37953
75766
40104
89955
91729
29105
16694
36542
71853
27405
61811
92004
44732
49476
57004
71345
61866
18367
3340
59182
51611
8288
26239
21083
95726
68367
57199
82846
25068
55018
12388
6099
47872
82869
58628
51422
26821
62448
29187
56615
25090
74251
2815
41737
18874
10609
38055
26015
83405
38439
10396
82645
84888
38651
37813
62853
47475
97112
64589
9186
26497
85350
49455
56170
63208
18807
406
44917
60483
76730
24112
21911
42606
18032
31107
87374
75693
9608
84626
66413
65536
18148
53031
88242
54694
82919
10055
56249
29034
41296
70932
23910
1504
23532
88273
12368
32462
31913
78597
75944
33843
32658
57488
67375
53247
70305
36539
57043
20975
19751
58154
17060
34514
33605
79584
61083
91048
29511
88967
92934
82138
35856
86736
32497
89249
76702
52628
22044
59230
91579
15688
19411
42715
89769
64556
48856
31995
9504
67021
8546
80064
53113
54931
8572
14630
22457
39988
99519
59705
3299
16401
42306
16166
69752
89637
35760
35787
54519
69125
75393
91283
63276
34692
29262
40566
40294
63777
47697
43872
57914
66625
32738
64192
43276
94810
43267
67163
23365
80305
23811
89651
42981
4560
75752
8299
37033
41829
27041
33172
1009
63067
93274
50645
10100
23468
10315
6375
68388
95502
4634
4949
30613
19901
59764
98525
78470
82962
52733
93060
57138
960
76441
94484
77028
8279
46306
91300
71013
13585
29159
88574
77533
58735
43541
26732
75698
32902
85108
49504
27008
96120
790
58780
85919
61292
62300
29199
23127
12396
70682
94776
11805
90593
65207
49633
51422
79835
70446
19987
19716
84392
18110
18500
43610
98758
55681
23778
92859
66242
27358
55729
82620
36940
20457
37735
48342
48782
64285
15238
83474
20865
35595
23981
374
86176
2528
2519
31879
68442
78748
93912
20086
28672
28885
26947
46127
68226
59230
32624
85635
94240
23127
75094
59966
22591
77371
78212
59677
37246
1565
47974
84031
16307
63866
19181
51064
7877
88922
97754
59503
41013
69439
70808
94149
19480
38738
84707
44382
27999
91322
94530
51176
91624
32235
42234
98346
17055
73360
21561
18760
52326
35400
16178
6041
54572
19023
56013
52268
35288
63395
8325
4480
9673
87006
68410
66321
48555
84400
64047
13609
3821
74113
70776
90073
22164
74471
22915
29192
24406
83954
19050
89541
97398
93519
12113
25967
30197
59386
4339
60381
28298
74561
53849
93549
10920
3957
53964
81870
43275
83785
44095
43089
95620
93681
40361
91114
47456
37839
89193
29365
21114
52016
59001
67458
98833
57777
10296
48127
98317
7088
14688
31792
2561
34458
85661
94807
89637
27170
84957
14258
51689
66024
61500
60996
70769
90746
91032
22933
40663
93351
92081
23779
84069
29754
18733
98457
98146
35200
13039
25795
23409
10111
51825
16521
69068
66761
12518
27046
48174
62013
57371
60356
7938
87553
37544
96306
94674
96616
9330
62036
74808
91245
69279
12906
74055
32563
60542
22636
87691
22303
65298
53523
51938
65307
70963
25634
94935
70032
37982
94837
75483
32336
59709
33832
23681
43234
45356
71091
26970
59764
7955
6570
75032
97804
68961
68857
55657
71593
24136
21067
34668
93908
46579
15093
41951
27892
47194
23967
31696
35468
96396
48334
40351
56816
77509
10475
73174
76584
97918
82868
98394
24844
68769
44291
94441
80379
8132
63482
45783
22781
61416
10275
9558
88313
35226
99906
99521
8927
4423
34307
30133
40945
24185
68494
38907
99447
43737
8666
24515
78047
14468
93392
26404
55788
13680
31298
37331
80225
22193
44107
84731
27945
1427
59392
49162
31619
26854
14745
70261
17064
28904
12663
13662
67263
54217
92520
60871
85110
47448
60455
18556
18586
66178
8835
29422
19224
90342
67361
13795
19488
12772
91460
58720
50537
68856
97712
78768
79005
90187
70220
53786
64268
92144
57047
83227
25827
60369
67267
55341
15495
50800
67381
97293
86942
56458
50431
97669
29332
71161
93953
65092
89902
97321
49699
26212
78982
58450
50621
17881
57945
37175
47529
643
58746
12149
69479
94648
34425
48189
47896
99441
75713
74118
12039
64372
76713
99101
46640
3534
71106
66228
3528
65371
6438
64444
75888
9690
30341
37632
74142
52161
84929
16541
61748
93941
7653
90745
78054
30620
43037
33741
74521
80795
49148
304
1954
29975
44240
24434
1276
43825
24883
97809
28024
90627
51291
20044
5212
88147
87261
78564
88592
26939
19831
67279
25113
92566
18804
20977
45856
27637
75367
49328
22054
80102
36378
62182
12124
86057
28274
92780
4567
22297
72611
14488
8740
19353
42211
32895
71014
66471
20508
13721
35337
55281
22665
67410
60170
14773
32741
39664
1858
2500
39610
30620
55384
11266
91337
27597
28653
34380
93702
3070
88634
20199
51748
28149
58142
51424
64689
28349
98675
5703
83615
89706
52134
4933
83540
10629
99452
5421
14563
80819
10891
26298
40454
98223
43882
21365
42321
81282
46571
79072
23153
72713
6246
66629
61763
46631
5964
99910
72869
98485
73343
55367
13220
19703
35678
10484
69655
41277
42103
53513
8708
75145
91252
83230
76264
40347
95554
49556
31821
7144
14347
30071
57278
48231
47633
65652
21868
19114
2228
27447
33296
74833
66140
75648
51933
17496
8223
77860
14206
55242
19955
9829
43126
86634
49353
13759
66069
42521
20883
95831
52017
5679
88825
22147
24142
18302
40977
34944
57603
90570
30111
87857
12755
97077
96976
99167
15987
40628
81603
20610
50609
16560
46304
73166
43073
8441
68718
98687
69212
12231
33041
17915
59310
61515
58375
73554
42872
50764
90431
16910
44026
31154
32011
57272
79319
36969
38837
32980
41270
85602
83315
60466
82548
48230
86366
43654
43054
30456
50840
22565
43977
43883
32422
58020
70028
97024
40000
49615
55421
72205
86567
24985
14218
96716
56401
1514
23513
20361
72247
96299
78497
90785
97257
97715
46745
18249
19797
49068
25779
31689
85485
56418
6863
1094
8583
22341
52620
30912
71892
94111
73549
62848
18846
79089
48156
69685
17633
83527
13909
54039
6103
53793
45710
65831
55797
15260
84384
27686
93339
15750
70363
61663
66932
98586
14095
26474
82639
88544
64217
71003
48793
35373
26248
19710
82769
64390
42732
55754
88796
36943
96832
53863
77153
93103
6977
27790
48282
81950
67750
13638
64334
52522
84823
60910
84139
5984
39440
67284
75873
85818
57121
74752
98407
59615
46533
90355
63967
26229
71721
87814
12604
28069
98767
40285
1809
44777
17891
6666
93799
35723
54060
42227
20435
67051
44972
48357
35520
82455
41820
68232
42105
78527
84878
69489
9956
94087
16577
88704
65948
41498
94522
26846
18321
50483
73127
32002
39871
58106
6055
13923
19313
75092
83989
51159
48846
65361
71565
6789
33651
29098
11314
27210
43605
59705
46940
64707
36668
85559
79026
81918
81430
6094
96423
31568
503
62288
69275
34469
82278
214
92224
8239
90332
28793
83720
84429
43890
79068
9941
82874
39744
59171
4458
51684
24048
89035
2399
2009
69326
42519
57774
79784
64557
39113
20721
55148
36516
8850
91540
97667
84822
62939
22108
35121
24792
79594
15671
42180
89553
75922
53215
53953
16323
34060
22145
76564
96362
31659
62181
43917
61860
31578
73301
13795
93166
90485
35716
52708
50726
69801
11501
74294
84993
78209
33097
25642
87375
68561
84738
33977
6120
63977
42485
7486
53905
58886
3224
29886
51668
38070
30701
73494
96519
11083
48392
77142
3875
55072
83633
26867
93203
58026
68053
38372
47061
43403
87360
89344
93066
67223
44710
46774
23006
20741
27383
33662
37194
14889
24382
70741
73551
89728
64941
91650
14939
69521
63345
27231
89711
31281
94470
5371
59673
43151
68573
70363
24965
81303
29093
31714
84743
38033
19598
76143
57261
60534
20222
50556
65190
57810
3783
25213
39009
67941
12145
93006
60823
92572
92574
69464
42945
11295
32442
61094
81467
62574
7308
47189
71242
93749
72532
98961
28239
39250
17871
79719
56041
54219
80162
84339
10012
36800
11198
10864
63419
69902
10505
83491
63330
84211
78893
90763
89416
90332
69048
94088
89259
83080
82084
21831
75660
20788
89301
32849
99586
35337
36599
27562
23631
87220
44722
35365
64286
43126
61424
13585
67359
86852
59868
22835
51844
96369
99021
88289
76628
71808
92332
62438
34426
70821
85305
13536
9438
97046
45283
20190
43124
38319
27893
94398
97517
45933
43667
35395
40154
77226
60910
88684
62705
63657
95912
69176
62714
89198
91783
81779
64384
354
32953
71640
70798
64019
20188
20826
37880
68633
93869
80171
53231
77427
75142
38737
15130
93280
77897
89902
19932
69040
52490
58873
84659
99228
70698
66133
27366
50170
29761
67676
47521
65804
50763
68972
29955
64804
69091
70448
93122
97342
26077
20858
96627
72656
64288
88847
31541
38636
79055
1274
59839
19999
55308
22702
12956
79932
55198
21727
48775
81646
22080
47383
10695
30396
75051
37937
59602
31420
66374
21211
59966
90611
83573
14523
19141
64101
86799
12855
47982
43517
32853
75308
30843
24873
42552
64740
32321
26730
39966
76580
10807
39676
12758
59595
97006
41400
51690
92208
87404
12246
84397
32929
1427
52371
57328
77649
66309
60742
58291
11922
72514
11296
50364
12496
69382
85455
25133
45153
30510
10584
94507
16964
54566
60305
94035
71473
63171
92100
8469
54006
25994
87184
84813
44280
88313
82974
85466
43190
5534
60107
76584
69314
15974
93431
60186
47169
21816
37570
99216
94278
9197
38274
9845
27153
4372
96354
11572
72763
63722
85494
17083
93596
5019
84723
6266
12865
12250
59065
2136
71155
73107
29224
68682
5317
68587
91064
38176
88890
10899
80652
35490
63030
46290
39634
64144
95959
71611
93596
13927
6149
77247
22192
99831
50807
59620
50831
45924
86789
6214
82413
16239
11310
67376
54362
39291
16892
13118
59082
3263
69205
4225
85965
79313
39002
4292
14554
20897
65654
72717
20117
61817
65132
8126
36929
58311
20729
29337
80230
35887
17413
15984
16624
35285
43020
66083
72743
15718
8523
92715
18993
2740
94741
58770
70048
92465
59802
177
61871
65049
40673
25285
57360
27143
91185
71654
20889
69895
53041
92749
30060
11559
63173
15129
9620
66392
32226
36956
79831
91115
61533
63716
10218
75591
11718
79325
1365
68086
77884
27797
99397
38772
21433
58902
39887
54886
84200
81144
88564
86560
31770
56801
49868
70908
67685
15182
54158
75487
20842
82736
22899
73262
13580
94698
98525
45151
72419
61142
861
350
35772
2222
64781
50026
88778
43712
24798
41394
71349
79650
1890
40984
53102
81151
75175
6178
94553
25302
44256
56839
6668
74974
51743
64661
34483
46023
72585
85462
43445
16991
19447
53416
8569
88772
85163
51677
10354
49178
48955
71724
65896
63069
58613
79341
13886
35593
87842
50712
43751
65920
31536
40575
48633
71826
54728
40937
9581
69484
79691
68783
64836
9386
49431
6597
93780
66493
48850
64762
64985
18493
98682
30766
16656
26553
91468
10970
25428
90790
37118
76145
95635
87829
86941
23291
16639
72701
54254
97252
30964
75554
74488
54544
63947
94261
45740
58919
17172
93925
44643
52175
32465
79878
1733
1191
45810
39100
62228
44277
55912
443
83602
89605
7064
41297
75903
73743
95470
89084
54572
58229
69694
23660
95269
89893
1484
43795
86236
10890
43193
84214
47296
55916
53597
77627
99444
46491
89685
93463
13468
64848
88342
4493
90098
93806
86325
48782
1563
926
11123
40792
3412
23130
79886
27817
70254
24974
81654
65063
21803
17164
28375
13948
78708
80764
26042
72461
41325
71081
75381
26817
48620
18401
12539
84367
43900
78735
39819
4465
91861
15238
11259
40360
96488
86503
42749
72653
56503
43786
68020
17036
22878
45241
28511
96274
63448
96323
57505
32205
70797
82379
69761
28664
46492
38879
13952
55974
13823
96532
64848
92003
17373
91971
87173
59077
86733
94236
59393
79450
59850
26990
7961
14413
58272
28047
23189
4746
29570
32467
36804
27548
18353
86597
4844
50210
19463
90479
53334
29788
70459
29198
92919
63303
50377
99846
55285
27022
37238
99786
20238
52801
54216
94138
36601
95330
38202
20764
6811
59556
80328
86589
45397
22271
75750
46999
85264
48318
28450
97892
98015
71235
28665
7338
93209
74263
49687
36193
84992
50305
64428
5238
36832
15257
10193
5003
49709
10352
14538
18315
49084
88572
37228
65682
51385
66830
13839
62927
16046
23265
76947
96147
54138
51002
31723
97559
124
79070
66105
26913
87751
31449
25547
16289
12940
74112
63225
71581
68936
5359
4143
26429
26526
82762
54750
96028
18843
82033
56674
22222
35939
15254
68557
56046
46952
1652
596
74239
68787
85351
30242
82858
82580
46657
82307
47771
16844
14566
55131
135
41086
80131
47935
69364
23836
81196
79126
89101
52212
20850
68173
47246
48216
68778
61605
43823
44182
61913
42927
97544
39419
85828
11370
41417
74473
34184
12047
56847
90267
87604
26588
96418
48684
13350
73774
70641
55753
88577
5973
35977
91142
52571
24378
80850
65322
93972
33604
37356
42866
12515
1281
40640
96642
75675
63733
71423
56077
16271
45736
93046
5909
39618
85722
19148
53146
12923
89969
9653
36960
6419
9369
15026
98211
45864
79546
55628
80494
96720
34455
95802
32108
26865
72104
70232
72063
53160
34560
65169
45123
47167
89791
73051
31228
20029
21429
44381
25848
55175
10039
90267
21013
6066
18745
39572
88498
22058
65274
57175
16101
47448
25491
17442
35233
76677
92891
71453
98168
78514
98375
2363
47084
35323
80301
56750
43713
97178
65829
9736
36838
42488
41880
29349
20157
62296
826
3518
74666
13531
91944
49363
88907
34746
85356
85314
28903
31362
20955
95548
97511
24427
88259
19317
5503
70134
69244
27240
33252
95038
55351
41724
17416
73065
6645
48527
91097
86318
39024
53852
65446
93784
80757
19851
9730
56708
16312
45819
93173
43215
75105
70506
88616
96735
32350
54619
1139
18265
37012
35116
41740
36743
37003
29245
91266
81950
97109
96309
33491
83667
7001
2537
62794
91591
17684
66838
21720
47704
39901
8318
89870
29276
7566
72407
63472
45864
75129
22945
68865
69383
59724
35735
16051
43540
18431
69884
21283
29430
18284
95022
51699
69249
34793
78908
32247
47939
81835
10957
81777
32184
23598
2440
94581
38576
93253
76390
67988
64457
53933
6567
80624
42814
6424
76515
28160
65011
13127
41278
55715
50719
75869
34864
43721
44968
43629
94610
87110
72428
93432
59015
92483
105
44438
52424
66064
95226
45549
82185
80893
30453
32217
36318
53126
77832
32275
16053
77178
9948
65866
72097
88055
7019
21652
81596
88082
47492
44189
67787
25979
12621
81444
67854
37357
40083
75909
84410
20553
73905
72293
3552
26367
20949
17240
69012
99673
29941
98581
32737
65052
62685
21006
22331
66525
45147
54699
28103
43036
12627
6709
91569
30319
31939
74474
6034
71925
95470
36070
23503
86500
13573
10957
43617
96342
50495
92342
64898
54567
53675
79998
9360
94737
47728
74429
98364
1912
30418
65284
14473
28942
99430
88543
36683
82358
65881
45075
97069
47824
3254
35246
66818
67573
73317
25149
54640
95761
72207
55564
9038
15331
52831
76986
81721
15464
99032
61020
59651
96408
18602
31578
58796
58952
64117
71338
12923
63172
59662
39747
36103
43437
35495
5704
29828
74380
80174
94563
46791
97677
98507
63823
50966
77869
18029
22267
81564
5783
98368
64522
33259
52878
44726
32047
5802
5553
64892
88466
93997
42220
17254
27595
62598
5644
26287
11239
30194
89021
68739
67526
42526
75982
46402
45276
2986
14173
19306
28721
87479
65067
43166
8410
30864
85605
83092
27510
622
19942
39950
89636
93988
9164
31937
44054
41127
75828
57441
46385
38444
64176
25089
42292
73468
43854
54351
98744
25516
22673
30476
37988
4967
64912
86232
32340
45808
16963
28762
39570
38703
56863
98270
27432
47394
27774
79063
10835
52904
7024
81944
55702
59894
24834
6658
70773
42441
66434
66608
15934
74859
99625
74386
4220
75197
62984
99169
74428
59482
96870
34549
41930
43096
63374
42175
14160
59775
99608
56595
1482
17599
22951
20051
80818
16527
63936
97224
37682
31104
37036
16424
19324
45523
22623
15985
67098
62281
2337
8084
18961
99102
42760
87935
21945
16671
66509
74875
2439
78677
38058
76200
77369
86564
11108
42508
64573
24418
7604
9661
2727
531
43090
20886
83424
25939
62192
50206
76476
85163
94160
60217
20809
1267
88838
89160
25607
82627
10944
15459
15458
7342
24683
27354
38511
4805
10031
50647
53628
55927
55550
19792
3420
53057
23849
87129
74058
47551
98587
55425
88619
1289
72288
54631
43164
34801
94846
35079
74252
23153
47242
15419
22888
41424
56150
63778
35707
29234
15119
51890
14138
51076
96387
91626
77551
41588
8864
35643
58623
77536
86630
70528
85482
70406
7086
43200
89618
20303
34515
87794
29011
87558
74274
9767
36482
5702
59472
46992
29005
30683
58946
25450
10878
18823
97090
95863
19582
56401
96402
71924
13770
3190
11048
61270
1889
43843
57024
52047
48565
66480
4061
34029
77856
62676
13183
40679
53616
8354
77968
3855
44771
78667
50344
96970
69823
10968
11476
14363
20908
10382
73671
64578
65697
54172
58915
14330
89418
66954
63400
76412
23144
63234
29727
88591
53695
80364
25213
53790
26227
69224
2320
2772
37950
50100
88172
23818
58132
21654
21334
78355
72569
55806
34051
1747
13306
8827
71777
8665
70804
40815
91724
11229
85148
13139
14572
37095
69926
84435
27236
26417
29513
32532
62981
68890
64036
82182
53786
38741
50584
4424
51394
82791
37584
47232
83359
95177
48754
79176
95614
53580
84859
86542
20442
47711
57818
45596
70202
73058
15852
15610
86510
68817
36279
17277
45081
27707
31038
32867
13423
71205
6111
32295
44781
97882
3122
67899
33429
67659
40494
55414
19584
11435
15983
99124
23849
53482
86437
65411
42225
41255
78001
34034
96845
45836
70576
63288
8432
45286
89764
49289
554
37111
89639
47088
38399
43360
22771
64767
67410
75955
96504
35514
62238
64458
52492
33981
64782
57935
46166
73727
78872
33987
69005
53837
85871
99577
68367
444
97124
98633
30381
97308
5255
59967
36658
33414
53091
1458
22615
38079
46546
80976
79155
52159
24522
89071
87761
83300
15730
7001
72411
3960
63804
91387
85420
4465
51653
70105
2083
76516
30543
31185
41010
66118
29814
76897
89585
56803
69722
87534
28249
99825
78230
6929
79506
8099
23371
44228
37008
89779
45769
12168
6773
43850
33329
63356
86984
51811
76437
50663
24652
97979
64342
89447
2381
28986
719
2537
82465
44222
72910
32016
55813
8068
32223
31273
90946
82917
1887
79037
71393
98676
25143
55569
54823
41367
10060
24123
22041
32984
58608
31198
78882
81270
3992
53788
8072
60076
58804
91690
15220
11089
23422
54633
57752
57180
98920
21035
99836
66028
65735
3396
34030
42091
28072
36307
51051
35590
23272
54051
56123
36246
14314
84281
79398
44209
86404
99885
84523
96240
8020
50059
80549
12389
85593
86652
20576
35569
57232
62063
84011
2646
62506
44205
75892
38508
84261
47357
71834
43461
58869
5237
87112
55697
3565
23697
33591
67211
66719
10341
37789
67640
90036
59761
45578
53816
8400
76882
75018
16115
95025
25306
19522
82655
11495
64713
73287
37922
28812
38702
32503
61280
98276
92156
15161
78465
49687
24504
64229
11897
67237
96893
57954
15835
3367
69496
31910
81373
90789
92564
5485
5316
86202
15958
71196
97816
20122
68863
41311
29199
54588
82340
4420
97300
9299
84887
3717
88987
68897
29425
21733
8895
7663
94228
1930
36873
12351
3560
51840
52804
44448
17489
1000
38096
13021
66421
28724
32144
32830
61339
69191
5159
14865
65635
26349
94543
45440
71602
58353
68983
4792
74474
83136
63363
78475
33644
92373
11329
20253
48996
54824
72343
72266
14098
32462
68346
66400
93929
88652
9632
53212
39601
93843
11083
34385
20107
5235
93796
48042
17282
44063
71939
1940
1919
90772
77415
58089
88240
58188
63564
66248
89469
82869
29190
5910
27284
3530
32070
28573
96304
43696
58093
54397
44215
4406
69406
78189
82382
28660
52848
95626
36329
72035
56746
21404
89064
11164
87265
96504
38634
23504
77693
8436
4910
70584
73682
87653
4865
74112
24445
87480
9320
79616
72625
54317
87451
57798
2421
42296
77539
88291
60757
20040
66827
40832
50907
58219
94222
59876
93880
62963
4881
6500
83263
31412
56054
49919
75655
12489
4607
61215
54286
53176
46854
32928
40843
8492
37037
52759
16473
79456
42023
84295
45151
99521
97101
83130
54393
56885
97317
12319
39959
2829
96917
94834
38325
37483
79310
24473
46464
14913
96496
69513
18198
72698
3636
29092
73587
95524
8588
70117
2375
95349
69346
25253
58754
43684
69485
50997
21869
96676
21362
93027
63626
75549
41758
41703
44717
75273
15682
4791
21531
59097
22895
78804
45899
7814
69165
22701
64853
24300
61765
37850
37320
32923
39333
7403
44297
98372
78667
40723
93817
86601
56487
46255
80393
26825
79650
40479
15064
87283
23585
63586
37783
10884
33970
60756
98922
85368
668
8411
52158
62241
94537
15343
89940
34213
50158
89703
47505
36808
32258
61538
96906
4384
64298
68199
39108
76919
71728
90328
80580
80029
35061
45429
72811
90487
95572
262
90681
92763
26167
63294
73232
15563
6348
20932
83642
3741
5826
29396
60219
39310
44162
53345
44455
54908
4457
58747
66796
49734
71054
3908
53788
95504
23627
18052
3378
77352
77366
38892
7106
41349
53765
50596
10845
7580
92067
61088
34427
90463
35138
67840
57317
81936
6049
48292
44000
85445
85336
81293
84329
90639
21237
28709
66789
6509
96759
23797
76422
40273
70316
64958
84978
70674
53817
16373
10976
56415
41353
79607
52716
95995
55883
5324
56496
1040
73874
91767
56530
77122
66408
71825
63363
41846
77281
28702
98242
31256
94826
78615
21659
21985
14969
80708
40428
19825
59100
85990
11800
51435
20718
14150
71572
53091
70178
66198
39958
10151
13655
91442
93813
36514
58624
7588
27819
84834
68912
99062
77920
75204
57605
68256
75874
3979
56708
90918
57252
32668
98624
45142
22026
85583
20072
83950
62386
48021
45391
19788
59754
16701
41794
75952
18800
85398
19150
92243
72924
23171
87437
31042
91909
98076
40696
92419
95596
7068
34309
80794
3409
28860
76568
98008
84269
3081
62540
47134
45064
22225
71871
97610
9902
55750
86547
13586
73043
77028
11216
76616
53354
32614
96077
29949
79678
17003
20206
53511
87926
49546
39846
99387
10620
53312
87335
90084
68525
17109
46059
10934
68386
69547
95598
67515
95503
42916
49658
99353
75425
26381
10435
32260
90550
84998
90033
96507
32035
79737
14910
39691
60944
79320
55250
53300
32504
48835
4466
93691
95872
61786
30695
50874
71451
84866
26948
30464
35752
65915
41099
4763
83485
8601
33567
4750
69100
26997
44452
3961
16291
88663
38090
77209
53543
18843
40332
93306
58373
75127
23549
47218
65084
74975
2394
2073
18134
2691
36805
92041
27821
78799
98062
57361
96133
70095
33106
85726
24288
8108
46001
78934
71058
89776
99393
33605
21371
39646
10578
64586
12614
24576
6683
14054
95160
74935
63345
64612
28221
88938
71355
79433
35974
93606
32327
65703
19113
93874
98357
30196
68600
33191
29888
22764
32507
59147
43549
32764
12333
44066
66040
60260
94479
11159
76687
13535
43748
25739
5462
27346
36552
1425
61993
43662
7952
11554
14687
30519
70284
95988
56198
26237
85078
3560
43230
9890
65411
10556
34514
96647
44152
95560
55778
53346
95013
36870
94752
55427
38179
7984
62738
25657
9192
51893
14045
41792
65980
98873
6353
17615
57843
69915
91111
87844
91594
78808
62613
93023
48499
88518
95851
28639
31989
41112
88315
14596
41530
56763
94746
32280
43847
79707
75074
87998
89242
41839
88984
15639
98522
30543
31029
51206
1865
19608
9065
48623
34324
25236
32019
14740
62567
65362
97753
81872
66047
93748
6586
44455
24537
52766
26663
60915
22518
3019
65300
96508
76057
74664
23899
76726
84852
99234
37438
86840
56898
61992
26963
11217
10681
41826
94606
48776
24068
14272
44825
85581
30272
19854
91783
4412
2403
65700
67088
66819
33409
37364
24832
87136
54681
76384
2614
88513
3261
51106
21423
93774
2559
78830
60352
93361
21497
91458
21074
8398
34964
45995
94418
37216
63536
61632
46872
94831
25206
21832
64611
71237
97618
25185
59350
23071
22233
76820
85713
26251
99717
52267
44607
36455
97547
39189
87861
93533
60391
59721
27179
37953
27033
29870
38026
37618
47122
60799
16394
10520
66253
75464
81688
47606
48487
88588
13640
55291
32266
22279
45807
6934
12462
10727
12390
86043
13297
13227
38439
39052
86340
87925
51880
23713
13780
5189
78168
74716
93334
94335
20303
84236
39650
88324
1101
93908
54081
63274
52906
17275
72448
92142
43405
31604
51856
64758
84990
4642
38161
54478
44603
98601
92526
37413
91482
76606
28389
65775
38776
7885
92752
67614
82629
39076
4823
88727
62300
75731
23732
25067
61094
85727
83142
7108
90014
97933
75979
28256
48715
31924
36792
25898
4018
51247
69122
76722
13714
36944
95219
81784
93007
70877
13297
68836
56581
50445
89709
63366
67204
80574
98526
63946
50171
1179
51058
14842
80555
43923
35708
47334
24319
40341
8244
38091
4111
25850
91992
78281
21368
58175
20271
39023
83564
34883
88747
78135
45278
60048
9176
85565
72887
22725
28072
26383
43069
48496
51312
3011
57496
71982
69880
81524
65888
1892
95150
30484
13728
27380
29876
18403
21553
5054
53195
94802
46443
37422
66211
45073
6349
13277
74639
68558
17066
50
60113
751
39720
23659
29497
77248
91546
2851
9677
81046
78649
57877
31072
38899
86362
72784
98832
81864
64697
9808
9226
53422
72903
96943
12522
44698
8004
68794
22131
77795
68581
65035
71489
28276
83987
25804
3165
39223
118
70001
66748
27365
32184
72319
89079
92199
73806
42415
75876
39429
81513
97932
39460
48017
36739
25603
22532
50134
17460
53410
76813
80658
3081
2060
