52959
97369
62578
19798
20502
3923
20242
639
99173
21470
66135
44986
66675
28970
68618
32114
37162
91399
27427
58280
43835
72075
18172
68241
78898
83424
88755
11705
17255
76488
66138
98363
38513
52989
6878
9269
87750
37629
66114
26736
81444
12109
61601
65853
95489
9781
21350
90565
31599
37641
37774
93260
81031
73584
15303
53071
87174
9015
5346
61661
89202
73895
61478
5206
61867
71901
36325
14068
50547
75925
14327
4605
85394
18769
49653
57028
61628
88435
19716
66934
92362
61139
42793
27605
15495
61482
23101
43424
52022
86145
56358
46903
19572
30414
36617
11643
68709
12208
59453
31878
71489
31176
25014
72669
9163
3027
92409
14061
10454
25512
93764
20388
58128
68809
15405
42403
60207
43047
24262
6545
23544
31496
49843
62568
73063
23906
56687
12905
10403
23992
21063
90940
77929
58062
97308
76619
15954
37534
8374
98739
77328
31052
14287
72165
35601
96254
64463
63155
67297
74813
13436
62235
89801
73255
8164
75869
48390
147
27555
79817
44510
86147
87570
23082
54727
77445
69126
48524
59077
94166
67158
17294
57372
50943
12971
80841
18134
75972
23980
98610
26503
72177
83449
88506
579
74256
84927
63596
53737
98775
89538
69941
22158
43852
48333
25088
74262
83635
37698
73930
33073
60855
18347
28553
44397
87505
95478
30451
77910
67915
15469
42564
33263
76657
4856
83415
87189
33186
54723
62074
4247
26363
31040
18478
5031
84403
40306
11487
82591
25931
46116
75619
28415
39060
94158
54466
47075
27635
69413
61898
95929
33736
68632
36327
40592
50389
87917
66022
79107
29661
82459
5776
21092
72153
24256
57991
48323
8016
3485
8417
13110
34447
33808
29173
86269
3008
97832
18661
76622
67426
64769
71861
1321
18534
86169
50988
25820
41643
85875
73852
30106
92537
8018
35548
46208
19751
19922
93212
96313
19331
2620
78601
74007
13264
93684
67403
86113
78873
67520
97776
82368
55934
30882
40415
6189
21187
60774
79253
57465
51439
93627
54727
64703
39481
86873
52285
90156
7937
49257
47038
85416
21255
53808
26535
39183
47308
43626
74143
72525
79714
67673
27056
11257
78809
86991
8139
75356
55529
69671
30562
85867
40436
14528
7145
89769
55251
18066
40785
39365
48616
94895
95637
58187
51952
15329
60761
41359
13700
35641
83843
15922
63596
72206
36176
77042
4925
939
35672
35387
36512
41358
26692
54544
85908
86495
67498
10006
72809
15525
25264
84273
48349
74538
97601
94082
897
83181
88017
43303
84627
41192
39522
454
14661
54400
37152
40046
38573
21407
29518
92987
55053
6258
78565
96101
73124
21275
69902
80125
57187
99184
24532
51294
91307
28048
61717
76638
21180
13029
73661
20699
98818
35778
87695
56822
72213
99384
99635
96285
5161
22865
98515
43822
28784
11219
40468
26869
10795
85998
40664
74112
84414
45421
40015
82027
12842
9333
9912
32345
38537
74071
42839
63372
82229
16577
2315
24120
40203
392
41041
17064
14231
72626
49961
43951
40047
465
61172
38550
80568
34051
59858
78668
58773
20460
60027
89823
98264
24197
33000
71775
94378
27621
51599
23035
24182
66647
75378
579
62281
74507
62895
74033
87131
33803
4507
42054
80319
20703
74831
73108
76968
95226
30586
54436
79027
38367
93758
17028
51056
62300
33063
13788
80273
16099
17767
75304
36970
81507
85121
5555
98525
51020
17098
83514
58547
58055
17261
95167
98817
38675
82128
54393
75210
29373
88033
28283
55545
20207
91997
20513
7601
96974
50968
58905
9737
90012
46611
33815
77107
71434
89098
96085
62081
64457
74681
40276
40926
11197
61795
95056
16485
8416
97146
74059
76506
94997
31362
76287
73132
23355
82438
26602
25156
49947
16868
68596
71210
76506
97359
32490
84917
22766
82378
76302
84970
68705
14123
61753
20716
38348
60671
18311
37525
73326
73041
99865
62675
45351
29265
81313
76513
53417
82904
50503
24634
89958
96785
99460
20769
20270
5046
72991
26220
39172
15800
25282
55164
91375
53607
47591
9421
16464
46238
75686
8988
45782
75840
60502
31829
79150
98956
12417
93192
64916
6455
89968
59724
52170
61573
53382
87264
10697
41076
28794
26063
24045
12034
39477
43949
34031
78860
14660
8865
89794
79964
90536
65440
98429
93300
17567
53971
65173
17155
44983
46776
10426
30579
76204
20225
90916
41527
32048
76862
61208
8857
81586
58562
46240
33651
53041
4578
29790
34780
29246
98679
97944
73895
37643
92039
28733
95106
11268
33667
29128
44383
84521
22154
43813
39727
57434
95606
20811
90960
50390
59923
63013
83531
61355
82182
12802
45675
85815
69023
14031
87471
15437
25481
22641
74653
15951
41160
75651
43747
21092
7143
32672
12835
45722
19963
15307
78518
8180
82442
73237
35484
87072
10768
31224
39156
17171
84223
17230
84488
79957
49206
77856
35024
98467
73767
49153
55425
40729
37140
17147
43829
88611
74870
75893
30817
50615
86717
69596
22029
24043
3307
3740
20244
7029
77220
43682
54560
21952
22142
98922
79611
67946
28041
45968
15398
65672
41161
50915
37143
18490
39574
54632
29440
89203
82
4299
52586
67473
15046
26134
48885
94013
61450
75913
37789
79345
65351
95494
51145
68684
96135
21908
34943
9544
93196
21834
12704
2119
43002
7387
9168
637
75423
38807
57945
96817
53856
66910
51614
88573
99239
67561
8424
51509
24764
80230
59179
9733
63298
66677
3942
19518
95084
50985
23844
53571
22614
9539
12850
97417
37341
93720
66132
64723
21539
87597
88657
79362
23226
2362
38007
21481
2426
68802
38777
80636
49909
56324
53312
76106
83907
95552
37792
33588
66116
7091
20440
65323
49843
49210
84451
28607
11115
13581
86089
57159
75702
6157
65811
56474
79340
92387
25835
81075
24210
76348
58178
67484
55553
76057
68552
81626
94730
92285
81362
46224
14006
58603
77072
77304
80254
37808
38888
76969
22017
29884
54496
65261
19664
59484
91449
34450
40016
71725
68222
80405
87943
79209
86819
85584
57878
22990
19510
53684
85769
55725
17243
29471
65824
36633
39535
8314
53384
9926
57288
37477
39794
54492
90086
54943
60502
86281
20693
35893
69839
669
5538
78532
92539
43214
84855
34093
46835
54230
56541
1680
69590
62611
39492
4986
61132
90880
94013
63965
94688
97001
72628
88958
83653
87602
38283
95042
51056
52755
13139
55508
46354
52061
32452
21291
26828
58807
32759
45720
3114
11582
10952
71699
42882
44886
48941
37226
58650
28658
633
45039
76910
37250
8819
61096
54600
68401
60529
68315
14171
35973
96285
43379
7011
33778
86095
87477
34858
96832
90497
56350
57646
92192
5344
11779
2520
74707
59266
63714
85472
50874
79795
97731
33336
76832
13931
76355
33203
84264
95797
34365
23114
92258
56824
74505
96607
37792
93599
5403
15030
93503
3233
46174
48908
33186
34884
95170
10061
80378
86952
27728
72253
10856
75324
18604
45136
473
98365
48343
62387
77581
22958
87774
85667
53525
4658
11397
42753
20478
45637
6062
87145
22941
39081
54992
75821
28791
19905
50951
64616
88198
5200
7085
35558
21100
34536
81961
13299
63170
65910
37261
77285
43591
55471
29480
48530
68523
24853
29091
64422
34544
87933
73211
67769
30893
10622
1766
91176
54409
25262
58057
29246
87698
52177
54579
56363
10027
86822
24495
35971
94238
52785
53699
91475
72661
30145
53668
20155
48653
35189
8270
72516
80498
62911
81554
78159
66706
7607
80125
78274
42736
15239
48535
5088
3496
74691
37160
84180
55
28039
88021
27722
55571
40522
21089
4188
39666
63257
65849
23564
60363
79
64414
48437
50271
12527
52197
13573
26605
73864
62652
12567
36519
99243
88879
14163
56139
66795
8077
20381
84493
41727
40809
12259
66241
90483
58592
91937
2329
74488
76966
81046
45781
78946
81445
48559
60182
71658
49076
11230
46354
73979
57966
83324
16933
15483
96262
26526
73457
61388
63982
17937
58742
55769
57425
6301
35026
63510
17417
46227
41562
29659
56435
84080
11973
19992
73241
94179
90361
38939
52285
47400
92424
82206
82800
71084
81751
10980
75272
65905
12571
91633
38064
1846
75235
61405
22728
3938
43358
91414
36440
30570
55635
56730
7375
82730
98103
747
67931
29616
37238
93768
34833
66929
18222
33940
92684
14873
69487
90698
77928
35694
67965
52999
63171
55262
59162
99614
32195
14275
4385
83944
30383
12537
89632
71461
73607
63979
32060
370
56194
20566
56437
11188
60039
79646
26343
54157
40910
83903
32485
62854
65290
22820
90602
84228
20716
53201
37674
87535
41628
5030
75340
25899
47782
73724
59838
45355
66715
97323
89926
5049
11336
71664
16066
47633
27523
31208
73944
35018
13068
24720
20340
96465
76934
69466
99460
35034
5181
22535
89236
73473
26777
18310
3900
35464
49646
94396
3047
8212
16995
36256
8403
37194
2925
62585
23635
52212
95798
6960
29748
83119
34997
31926
36108
66243
84043
76437
82771
86700
9523
1940
3108
70499
13870
21080
92685
70094
42678
79918
87214
77980
7814
22054
76465
80304
38915
41812
28293
32673
21102
86630
50000
69889
16893
93825
73612
48723
51160
77472
96938
73729
51852
79427
7368
31285
53227
77175
78998
89314
55654
25363
37962
81170
91736
11383
14874
24810
89083
12362
15070
30616
51898
35905
42070
83339
46154
57626
50537
90328
2501
32642
65973
97058
42434
5118
19553
66407
83493
76838
55001
22968
14250
20703
37359
63018
21155
17926
52770
45784
30718
27804
40548
97874
50538
2804
20632
42389
69917
67349
65683
75908
47479
32253
87580
56225
86230
45470
69864
27302
71939
474
36054
70835
71452
69172
1120
59825
99982
46696
467
3547
26711
5365
68911
14758
60447
57167
69431
20002
1035
72160
63823
56529
88811
8721
54159
93144
96119
53221
80774
31464
96717
15876
6217
33142
26645
69516
3163
16325
1863
45476
62513
51514
31070
95841
95178
69698
96910
68348
3261
48804
62544
71858
152
89357
17657
3771
26182
51036
17841
51543
32123
38947
59261
65166
47590
80738
83036
45849
181
84962
10014
87053
71500
38700
52526
30627
29771
74015
78964
10760
99762
34665
38845
20944
91661
5028
91742
67066
71669
9642
32174
9906
13827
32613
34597
2324
97098
44731
87514
59559
90536
44247
37679
80531
85361
8703
39906
87073
17712
86663
22432
4899
38791
66727
53122
28446
86631
76591
27752
93892
15714
13069
21990
31641
53629
78949
34071
92004
99170
35433
46738
32791
73802
20550
958
97707
9628
50199
52255
52375
29043
60428
74969
72247
93513
81299
8866
23355
43519
54372
80960
62230
70200
3768
80374
83472
55777
62574
33076
44784
4107
30785
88838
31044
48741
41216
31553
77054
54346
65269
12901
91579
35840
74400
23684
22995
83862
45418
86523
41136
10133
53392
32561
3515
63913
62327
33693
15885
42207
13824
40538
49672
63949
31802
67736
56628
3454
12323
4526
81032
48607
66330
92023
803
75291
43054
52140
37344
47958
55371
88680
89988
62547
66454
43672
37830
25368
9337
40176
42487
68348
26493
72553
80116
45372
8867
6821
91877
7181
24171
86129
50872
38481
39772
50314
91683
45124
75852
44526
16783
80894
82007
98957
87241
14416
66381
75360
99391
22549
97716
11817
64890
37243
52612
89759
15155
66870
23540
13914
69822
11290
73169
14800
32231
92497
25651
11873
61070
49583
2827
14351
44202
99903
89516
1354
60113
97711
36807
26750
58366
17885
39101
54651
1014
44780
62107
39710
32730
79401
11455
35108
89926
18807
40995
32662
44565
52898
76747
95020
4052
58163
36746
14571
11422
98447
75807
81291
88675
55531
3441
25959
25840
46943
87123
66462
58073
40169
91584
75861
2073
31983
14751
73903
45006
1843
17698
35458
41089
15187
28209
72573
42008
21371
51268
66775
26879
96241
76618
58313
43781
14904
19822
89539
76341
45491
87225
19935
52094
98208
95126
63120
27586
95983
28580
28176
61333
13739
65835
84837
33019
92089
7113
34854
64991
40106
5126
27960
52559
50017
39553
25474
55410
95924
74873
25525
2459
77958
44011
5616
18045
32605
86409
51378
28264
27418
57561
1391
26621
97245
64045
27533
50126
36430
16013
29250
46146
46508
20109
36388
68534
91163
78654
82123
35683
15938
37471
95444
51276
62163
47275
98016
64536
3804
32001
58441
72735
56012
4442
84677
46046
45957
15077
74147
98198
80987
23032
26150
43230
32026
46254
44311
96728
21089
3555
78327
57640
77327
44605
16862
40486
91793
13063
59470
22557
35925
34977
8066
58824
86135
16955
7588
68915
86675
99631
91610
60411
15146
73745
22146
22532
40979
37516
72849
39935
49724
58745
27182
35260
68397
6979
98120
81635
91500
30069
92485
33681
7653
92535
59688
99507
39950
48898
67951
47896
40682
40903
43901
72971
42145
22936
79419
29742
29180
78730
62218
91894
72774
41356
91283
4502
30954
69290
25651
69230
15060
6755
40210
8275
16618
16037
84629
80800
40347
40588
16439
78529
5355
73963
91908
87030
95325
56250
64319
34124
79327
83864
29643
6997
8818
12877
99321
36361
65337
4208
94749
21830
61687
78437
96955
5403
26906
55092
33705
68178
77388
51548
8084
21778
85682
45216
74327
29507
82470
2464
94574
93854
54930
93005
20182
79341
79234
33619
38365
59319
61422
95350
16736
70811
62848
95124
59564
13379
56258
35358
45329
75171
64577
73524
76704
82102
44767
12402
22499
71774
89560
30307
92095
70872
57947
92824
46692
53059
60678
54283
72905
85147
91955
57245
84663
39789
78481
88235
30195
27121
36953
28749
95957
4481
73018
16654
84380
49756
63717
49916
72937
26137
90173
96204
42415
2818
62983
7721
43610
35179
95797
81693
59184
51334
6354
36438
14939
59836
4324
26500
88113
8892
6054
21201
7267
3967
49240
67805
40625
17118
92632
94222
77488
48150
92328
92887
79594
49345
59911
36308
70938
17925
4341
25798
16105
34431
30564
98959
10236
78157
63256
18291
54807
58327
31901
88008
19551
79533
92528
16392
7028
89948
98509
22634
57973
78451
18213
20048
75841
43723
49216
43718
2737
1849
21918
85590
93535
54906
28795
49148
14574
43758
27385
78855
87700
49729
67930
94555
40975
32502
78661
80642
63284
85048
90192
55147
26543
58133
97656
80735
28061
49314
29413
42600
89720
63758
26153
22624
17401
43941
48771
97904
42669
90370
85032
25208
22652
30334
28550
88378
32547
46151
20555
91315
13323
92731
46910
30357
63407
90162
78996
15566
3614
9969
63812
54198
21164
77461
66105
86328
38828
14499
29070
27467
84419
82878
69269
45309
98044
52396
83046
23061
1759
86650
4302
13754
90016
74311
59017
86780
75533
36036
84860
5655
43673
40442
94271
18662
29620
69127
51168
55378
11274
557
6950
24988
71375
78727
13409
78799
88488
94762
48012
28608
41817
74925
99874
54528
86458
68351
10455
83001
15540
43083
24048
86981
7160
18341
30323
76172
39329
45823
1072
74553
36397
27458
71837
40101
28161
75545
57817
91479
66123
60794
57189
66242
6031
40186
76912
29945
36548
53865
35689
24863
36581
31504
78810
55724
7632
23982
85178
10965
23556
71939
63617
96698
96444
29850
21815
98598
95347
95597
90112
49291
12753
2850
45809
43598
3583
80861
47399
79181
4471
46727
32116
14017
38826
74313
31555
73252
2525
18681
90220
93149
63207
13871
11548
3648
33005
73547
5762
96254
67865
30171
31389
34881
29728
89510
97278
42898
22574
86084
25668
57681
50292
27580
78528
64122
63781
14290
65736
29521
56534
16615
90475
65560
79345
69321
59358
75458
995
33256
22836
45129
21992
87591
73044
3118
18235
67258
55304
10335
95092
92682
94083
37431
59659
57944
66352
71747
80228
10909
24275
62349
55779
5389
91495
47944
5694
34028
96401
84375
34677
34466
14614
59312
83421
52421
9690
20212
94734
64006
98125
22517
75506
54130
87685
18177
42848
34091
24581
15046
86658
78277
98653
44103
61302
13192
57786
83038
81039
43823
26884
33888
80872
63327
90569
24993
41267
81588
24959
38056
53889
49800
90476
13919
39116
36615
49524
60367
75909
72498
19151
58296
60878
81577
48808
54603
41550
31466
97089
17730
91922
14419
37814
21941
46967
75380
98070
53388
80826
72293
49071
4066
51947
72194
55305
53796
31739
84202
57762
56845
25632
48862
31396
11882
29869
489
28401
45848
64917
41086
75068
92805
95001
45244
95142
97582
3500
9332
96422
27835
47655
72003
25069
38672
37409
76150
13167
51928
64815
2275
30469
117
65497
90326
94331
71794
16687
13472
2733
56722
91522
48396
40457
57395
20942
5296
61797
5156
21933
2753
33900
18242
22309
12410
22309
11484
94021
66911
54259
14708
42820
25872
25303
68891
78537
52626
21055
70619
94968
56582
31555
67594
38081
86306
83932
70420
50700
86609
20530
3196
72580
85294
93945
85374
37552
56778
24638
90752
36241
78036
63666
82501
69216
31731
99933
58918
67806
7517
64642
15624
59338
65219
15500
73258
71269
24526
54749
72448
51229
52477
73015
17147
61177
39469
20165
1098
62424
8591
55524
42091
4516
85972
65649
96412
65490
70066
57103
31385
23619
71915
42490
39618
54704
21242
2862
76134
38360
11388
76723
3403
35007
65022
46954
33300
46119
20842
43397
73833
27272
76390
20987
90676
43088
33671
64817
34532
42590
10522
62015
26465
86243
3264
82922
22338
42213
68079
88524
94045
18837
15721
52878
44782
87903
53137
51775
75734
2709
67063
10200
40754
50849
84452
18173
78012
37446
51835
79758
22465
79988
39587
54704
67732
60298
7903
13012
39591
62966
77972
57844
63272
56421
72672
78214
20427
20411
8427
54280
22457
65049
97939
49883
8834
25132
58158
82421
35416
8608
30055
16530
96475
37804
82805
73906
40065
82754
54096
80221
63163
68355
98846
47819
74510
35968
86060
47560
73529
6377
15441
3546
89452
34068
46528
1201
29284
50665
81496
68483
98850
73502
93029
46277
56076
51930
4391
63963
52489
28645
93827
7499
45947
66252
36765
10846
7164
14735
32710
71381
93067
90527
88360
26641
43605
91437
7871
75138
51500
28813
20216
19791
4160
93220
37321
15286
9031
42966
63965
13783
59244
17447
81350
67530
48567
30552
316
4977
67215
35350
89676
36767
85188
98095
85094
12188
19883
37566
15659
43591
42215
21054
66210
25439
45304
68008
54400
11454
13874
97465
34570
27234
25920
966
9231
74698
68511
96076
98071
60118
30463
84233
99250
40600
64935
74684
93321
89867
2794
97589
55318
68417
45003
49253
21531
70480
41591
37531
11394
62267
98479
70207
18616
9429
34335
49156
43011
70144
2299
55758
73975
196
42776
99105
81558
12265
10409
31540
82401
36579
33722
28485
40576
79903
41121
524
56799
69753
90768
3308
58450
65383
38828
74323
18617
49158
20638
34990
32303
98286
43963
16545
54152
91014
22986
19149
33845
60525
88802
1236
56142
62307
12356
47729
42963
3190
37781
88407
3218
72391
70565
79203
65806
72068
5133
72810
52482
17947
32963
17955
41557
10616
95054
94744
8619
32524
20585
70673
97712
47495
96283
83193
3860
51656
57007
43985
46360
75210
15790
96394
94621
43987
90283
55738
7626
57834
39008
9537
72337
8822
33655
18355
63813
95691
14437
53705
7372
85487
92744
51415
45467
51320
58477
86097
61828
77264
25344
1047
15830
76676
22023
79280
40228
33622
47986
95844
705
64651
58436
82156
94702
61138
95586
3719
51448
24345
42492
44599
34610
32027
80563
62216
14352
99551
5938
80753
35334
99128
36933
95629
36045
40375
81287
7581
90590
76000
59465
53564
91647
36505
30194
75298
99043
30557
13719
1165
7864
3015
63271
98979
95710
83988
38314
26599
29035
11393
62131
91243
44037
99993
93512
15338
30665
26955
14333
57287
67027
32203
48555
18638
35928
80985
75610
86694
1729
11662
48169
79777
28983
69226
79423
88431
56989
86050
17616
32817
6333
484
82180
53778
19568
54312
17006
94321
40735
36807
41589
45160
55245
61871
68248
16071
8907
94398
46862
89502
8923
90771
55882
47798
56061
66887
40276
76652
50918
99104
69202
68251
51444
24556
8182
2052
51011
49583
16316
4927
32272
86689
46381
71009
69391
31750
10357
42522
82484
23350
8653
1324
68716
23813
6468
46580
21383
82339
3689
18255
67457
41857
3415
54256
40875
53630
18204
81484
15614
78895
56074
12229
43303
10000
19613
33550
94194
58296
81739
40757
32238
83820
35211
9993
83425
2796
26251
83310
67002
15657
9642
10085
49828
90822
22908
67117
29536
83753
94836
48754
79453
65568
28440
99170
44850
24407
73651
96644
82926
86043
32114
97516
38575
92936
6667
79411
44174
93998
79591
3992
25142
54458
21688
13306
55479
88802
46769
26639
65696
47960
15892
37219
6514
30567
60796
74144
44670
9810
88214
36829
75100
73933
88779
24537
26052
63261
14654
38713
99131
27306
81388
40151
86517
92982
64062
50050
75713
58396
83455
53405
70507
54201
40957
86840
46482
82988
56045
21338
43963
34881
31604
28620
67896
67015
16661
10535
17334
86656
40813
24762
5764
5235
51457
22749
95376
99785
2088
23587
26496
64378
34876
52189
13715
8216
9677
96124
62277
18626
93157
31495
30391
14765
75462
94656
74845
17756
94175
2667
51725
19671
45203
20309
24623
10437
39386
47236
39563
60434
66499
60587
7620
83874
86535
45427
7811
12404
53229
84414
14672
406
47836
35389
31984
66574
63765
17327
11616
11261
46950
3036
783
66398
4779
51683
12385
28520
30252
47552
81521
18801
21496
59026
23475
44480
82273
23939
95369
48285
70310
77091
62674
9650
45115
40823
60982
3484
38271
32959
24437
94274
2602
55013
75899
70642
76963
13154
55906
66585
14990
26172
1711
75097
85179
63571
58736
36204
42224
47357
46580
28557
63678
13390
81900
31652
62488
33286
26648
21462
37082
3793
33780
9289
46660
52026
23079
10345
17297
69146
76823
20178
9726
95271
25076
63567
64922
82728
43478
97276
65088
92381
94306
54059
73437
42838
24637
6163
87858
7551
79258
74838
30934
68494
9479
29424
90067
3514
20640
7250
2996
10119
52836
5875
77305
4577
18991
75957
78460
87763
66573
33307
40646
82573
37753
90322
48758
98577
91662
73083
68393
84301
80475
11995
59574
89437
904
89691
17670
28458
8326
58279
49436
11511
29421
24642
48250
79882
65459
54339
24024
43537
38982
80289
65171
8103
62351
31607
10598
49499
18731
17543
70285
35152
18285
37772
66224
82037
82711
55445
79010
82727
21359
79451
6749
48267
3451
56270
362
20923
15341
80587
254
59367
64265
60947
68859
61279
48179
9896
39488
32047
34735
78921
16973
60265
35563
14929
18042
8611
51916
8260
56057
23737
10359
32053
85734
84363
12718
42670
60527
24651
73550
73742
487
66926
22236
9133
49150
13643
44229
72134
22508
20223
79405
83643
11701
77942
2260
30045
46527
8900
41078
76309
4011
16005
10627
45889
91519
34776
17836
81689
95206
35870
59065
87833
56907
33195
79846
90866
23246
87100
39038
31424
98357
15234
64512
60432
89556
53946
45891
25000
33411
8974
7259
18107
78583
20820
72586
30144
40822
34308
122
39506
28621
34359
63394
75605
50686
33235
77284
82794
93369
86841
52901
60724
33608
16782
33325
25202
64961
10860
90369
931
93538
63806
62786
565
96459
69597
7347
68997
83471
98556
60568
9814
28732
73740
11197
70722
26061
61130
40499
39382
72880
67515
88066
46294
84624
79458
91167
98239
39789
46513
19360
39646
79761
82038
91489
24889
19566
58397
78161
93522
2893
34118
82959
18692
91205
47404
17923
77164
67623
11554
91059
65137
88367
77370
45695
24904
67532
84904
1979
25363
9173
2482
1185
38703
22498
20256
43054
49279
85271
67259
61860
33088
25501
39040
14875
28970
16600
20244
42457
46888
11681
3058
58834
5771
105
22698
72875
42873
62048
88648
11509
84908
62217
18657
72765
37770
1200
58393
31367
73829
99306
77066
36948
18038
87162
10802
77011
60647
87105
42630
98489
75974
74855
12123
92341
22740
85409
86437
88391
90934
85955
36428
68589
42437
45499
45427
30758
71801
14773
89342
37095
48324
75973
3128
21966
50981
67127
26105
79220
93855
81100
19753
10198
77032
15631
56201
45138
72884
44335
38019
76845
78580
79101
82444
82975
80732
91396
38638
61142
29482
50902
74316
17440
68201
89329
24938
75278
67467
67727
25377
51100
51819
74301
7445
22638
23557
49598
71383
37759
48808
62910
74017
34690
63563
34689
75915
81472
81821
42959
7255
86422
87864
38549
31597
19833
39846
10353
50448
20335
37329
3119
51167
10225
90660
64254
90156
50091
45462
20473
10351
22213
91426
34236
97271
74284
75740
6606
57546
79004
49751
98261
44516
46964
28831
27186
80958
85244
84429
90663
36641
12641
15774
34306
64495
39966
16018
65433
55967
39420
56694
47980
40203
43881
96467
1827
38022
8753
76105
64835
17284
43044
37094
2635
94010
23746
40507
15117
8075
8735
58701
4183
59881
45829
61298
94762
74059
18984
24119
33375
49815
8641
70198
12260
28217
7925
40864
81332
66719
78219
36305
73674
42578
86562
20196
60688
31567
53134
46486
66947
30851
45154
63869
87787
85234
62829
73936
86686
30932
85885
48320
74130
6400
5177
56790
36235
15481
8291
50189
60759
28823
15056
3578
77205
6065
97702
37376
29972
41890
29927
2300
20896
45428
33895
56234
74672
97789
79162
81746
95538
91591
77605
95140
43000
23047
67057
81425
51544
2744
94973
65356
30105
83769
99754
91219
88147
52927
75466
71232
97180
96504
56784
51711
69567
84836
57258
72756
72157
24327
76031
40810
22180
93681
65032
5791
60547
69436
35161
33355
55582
98476
67722
71292
81172
43305
93611
84621
81592
75390
95317
58890
19003
23688
89556
23364
71864
44955
40475
92230
36284
52039
6447
74803
24947
70202
19168
69491
75559
51774
17497
81020
98038
31093
30907
60265
98543
16405
90000
74860
75768
43890
15408
90669
80374
80189
92108
94198
99173
41695
90919
33013
17167
66679
6623
56698
69575
46639
44935
47310
31300
20258
55799
44302
65946
74333
6596
63347
49573
50582
75525
73501
35365
26241
57700
86800
28424
83051
3033
48834
9210
66089
10851
44392
28325
75034
34283
79452
20333
79085
64034
82000
64801
97371
88175
66678
47809
93160
75173
92761
58734
46051
8582
49789
33182
16903
66820
24720
88717
92009
89358
18795
97614
98865
7072
14776
7957
28153
92523
97651
35112
43864
99913
37974
80835
48750
52673
17538
63652
75194
72744
79956
5431
19743
90677
86089
58398
17760
40933
25413
92664
83307
44987
14447
92772
87454
68927
29567
95147
76050
51081
40047
82750
60125
70599
92969
23456
96765
40467
99401
23246
41470
19150
18947
66632
36083
80392
95349
39698
55883
31587
44972
95406
72559
29993
99978
17358
54252
32287
83078
14990
7199
55008
34398
47869
96831
29009
17905
10704
68124
4120
86759
98247
4980
95442
91142
31718
34975
25961
40453
66402
95454
78431
38840
44304
36029
93769
50390
52750
41822
17858
52241
97000
6603
68438
61664
62573
36969
7655
29521
46211
60337
5534
16727
71577
80170
32827
80761
23571
33362
42252
97803
79761
90729
39753
78231
78092
45266
3916
27378
14011
8675
94855
14160
83773
97571
45762
93824
58555
11007
94386
20025
42328
75053
34660
13803
96476
45674
47217
8774
72832
74777
38672
88972
23920
65767
98040
53354
16066
39042
2491
12022
73191
95424
19405
15103
37120
15989
43772
22689
98726
69979
7888
57902
3777
15317
7574
3080
78661
30405
90633
42487
45022
19288
49890
73390
35315
75146
43936
78662
27015
16538
88648
60221
4596
43407
99914
50216
59275
93671
78572
69168
8230
21673
16071
52419
26349
82177
90260
27690
79693
84716
8491
12845
5182
97370
92122
94012
34364
1371
96864
35085
73853
83438
1052
32317
85744
41782
34280
50904
76059
56104
88619
44763
35728
8597
16949
950
75630
14422
87418
30259
28936
7790
36179
63768
21110
88310
10030
45048
2754
42017
72914
31429
68044
3255
76512
50867
55738
25790
77813
73240
89004
9738
92877
59893
80889
6090
44719
76284
21195
60985
98545
41277
47563
6705
68536
13897
14003
7032
43207
23516
23727
38819
70848
6575
99618
79816
32978
26013
14390
71241
88169
12839
2453
36605
82932
60475
20590
24187
45518
47792
36710
4564
9456
74361
84422
69953
87750
74646
80720
62170
43578
91967
51361
4230
26479
26029
56671
52065
42330
79038
76589
14961
8673
71446
60452
92434
32945
30791
48032
43047
61767
81038
8110
60644
11635
41611
14163
10132
90394
9533
28745
1250
70806
70016
49757
94887
93014
11723
65360
66754
59197
97920
70593
42661
10224
73147
23665
16185
9704
86362
91960
56861
96345
28451
13513
40416
84033
69291
64235
12060
68297
22816
45773
9868
14756
66918
94099
7121
70722
28559
76379
57926
76816
85987
41078
30477
36634
54948
25367
14646
66308
4781
42196
46707
74887
40406
23515
79249
7228
88830
79460
19985
48993
45010
84081
12158
9892
72466
6388
96819
14035
57865
43037
87881
75482
36713
29086
40316
53751
27026
58548
13145
26512
6222
38443
81749
83430
11940
42740
65020
66641
41676
79559
27955
1547
13373
72704
49648
69019
4389
37781
41089
96986
26099
72001
54201
46037
38115
360
53329
9323
49388
13491
60481
83247
88379
88837
2664
4221
19039
91450
4536
12743
54277
33047
70053
52827
19049
51064
36334
29627
24799
21151
23354
50151
63884
62376
80641
52298
20850
67977
65418
16237
44722
83152
933
1956
14849
59559
82364
43574
74609
49051
34929
43856
27594
48497
28637
34421
88921
73184
59802
69757
52420
9993
25617
49423
34470
49985
45792
18644
60948
40544
90882
56710
1407
27027
82301
68126
58635
61713
30473
19003
72606
27348
82715
68758
69251
49387
85196
32692
9797
36626
79578
8890
66017
14137
96692
6755
94677
39984
24815
16187
37743
79131
79104
35111
97324
40135
75602
44897
51956
86594
88069
48624
926
37245
5786
91529
19450
15315
13445
76933
28537
24460
25176
8791
8177
20469
47866
73370
71781
80592
22603
44499
64737
80067
99828
30992
98607
27831
57723
85721
91218
39781
70298
328
66430
86793
48810
60381
95033
93565
17264
28619
91713
88936
34918
55906
1094
5301
80643
18701
22701
60714
34245
83714
74826
88237
33683
50927
72384
97361
68423
66202
63349
92890
13587
2154
3330
29193
51874
83133
34042
70514
28048
55493
47881
42482
74059
99080
488
33135
60047
51752
39588
28842
94244
14652
51578
5355
66801
75208
73910
38035
2883
20024
23812
31030
21034
10424
22230
1342
22287
50715
564
63721
37990
66551
16868
69488
54729
37
97142
94790
85095
81367
75975
54487
86752
49760
36389
11707
64590
72830
93780
40197
79116
84911
20439
29155
44105
96420
64303
57019
80864
9831
39467
16359
64402
38732
11449
22357
71459
85222
15478
70655
22749
12575
24259
4470
69686
96223
51949
94703
21742
45768
45889
84505
15360
90479
76940
98099
93196
26
23593
89966
53424
92445
12722
76268
7413
78886
16046
85273
38115
52838
48938
85397
95447
88852
62164
65677
67214
10083
14898
73725
16769
39940
97683
73440
38495
91136
29864
32097
6988
19241
31070
92783
25857
83753
57950
43526
27190
17813
19231
84440
12324
5703
63739
11398
32197
81474
65054
4387
71542
96854
20160
34071
88951
44855
86944
33530
57398
196
11784
41449
90197
99770
44764
76715
99093
6913
59515
31780
62729
63372
18119
21098
16078
4593
79214
18347
49780
50271
24876
28696
49189
89663
4142
67312
84796
53553
15471
84580
23698
20141
87150
45066
70893
48210
1187
95078
36632
51204
6029
64172
72876
69038
20051
74429
19008
5633
22779
27413
73664
74309
70443
62763
41702
43843
43042
36524
43805
3164
32170
59529
85151
74091
37235
30891
416
86469
42395
48134
91062
39888
68644
49142
86029
61224
46146
49603
12552
12298
68373
44904
79671
65914
82333
22814
66666
81636
53313
86197
66544
76231
2525
40696
67014
60327
77962
86317
38595
80407
78142
8240
30177
49223
80517
87013
55638
94727
80579
3281
62585
25359
3275
33687
7586
28556
57302
15390
4742
86025
4892
45318
38572
7756
57464
29970
75183
51542
92485
47197
94789
85055
92816
74536
46753
19178
11116
77680
8465
35103
28899
15235
36186
91438
68417
14006
58325
12554
46550
39582
22361
80093
67093
10770
1375
19277
91507
15714
44756
45508
97935
6543
1609
39484
97362
43854
83914
66379
28013
30232
93078
48585
65876
5110
56797
47176
78936
13140
45569
71227
37125
44038
70609
53266
63702
40918
14673
77772
24453
35274
87839
6077
10143
1301
65833
63501
13364
60611
42636
47251
56024
34368
78827
51241
10410
69144
34640
5590
35079
72188
46290
12045
79440
70216
83484
34993
509
81071
60082
28132
75780
16603
92234
68519
62613
16586
15341
30187
89115
36576
18684
8501
50220
65271
73330
93778
64171
85176
38462
69584
46269
64786
29183
79097
81005
45380
27360
46407
60741
76571
5479
86278
73224
2743
18308
99551
98732
60732
22634
13166
32783
2896
37107
95018
60040
17885
72342
20183
75677
64178
21835
92778
48309
10813
84527
64196
50224
88440
57880
9802
79635
16120
59939
76570
42898
51268
89467
57721
75738
93551
3766
91972
7539
24967
36397
50712
94073
32947
33171
43486
48938
82568
68963
29751
9764
84252
19552
34563
73411
51212
5173
68043
77443
94973
26066
68120
28902
51398
92995
61737
25800
60860
22160
53419
98757
84781
85606
83763
73524
632
38371
77589
58537
24519
79535
39226
98887
56841
32387
46145
33950
10361
597
52070
30784
36668
77577
58023
80947
29356
51265
99460
42092
26486
41211
65633
97035
28673
24550
16454
4970
21990
10386
95959
29036
98142
81848
53847
7177
61873
15392
89309
53100
22882
11275
66657
36395
61941
38988
23191
37612
67774
74522
59114
61585
23744
93406
64563
92313
93815
24939
6980
98336
85295
71267
38446
48685
33894
15251
61169
68159
96525
92765
2081
66734
5863
45321
67052
67952
74350
45792
88221
23714
99860
26621
30845
47522
98004
25001
64770
14180
82173
34862
43773
90543
92102
27017
83787
85539
66277
333
17826
79259
17020
9749
16376
16988
61649
93789
76388
99734
6213
36548
23967
19038
43292
5639
15991
30039
96580
82911
36782
96382
68022
70344
36459
20500
62897
25357
35754
69661
42660
69550
30015
15747
79409
35120
69762
76860
80434
3301
35174
29144
61464
42391
98667
62837
39528
50370
73608
41340
68110
37019
52475
81051
92843
17869
59757
98184
89689
13268
72930
88618
85729
70333
5143
10500
48456
38175
14744
64523
58434
41578
61929
27590
20391
45589
35860
63091
68800
8473
57891
36589
35259
58311
89399
76671
49499
75572
97341
49318
54370
16684
67134
94871
64553
60214
3350
86128
96728
5095
55731
82145
56330
85232
78622
84548
72875
6505
69577
41326
82686
40014
53018
46834
52263
51910
13815
86404
38746
27023
29269
88367
50472
81124
67657
48357
73273
61025
35561
36402
56498
32267
57994
34251
3374
95052
60099
218
7031
36540
328
94747
99734
78864
95501
11538
36868
42049
41721
50619
11288
92161
16907
17702
26114
71712
30721
36218
56143
80108
39318
67481
7402
64294
92367
91972
25587
68345
32822
84529
51815
43258
63650
55576
16875
24998
84525
39485
3959
38724
62632
60357
68693
87327
45361
87500
29581
1888
68689
50195
54637
47688
73321
33668
68693
50580
72950
92854
84678
91760
78516
23453
35815
98079
38964
44825
34864
52699
839
67656
13027
5208
20979
57779
26029
4770
33658
57400
62022
82198
23532
69413
25434
49295
87954
92235
61273
43960
34919
88685
68652
22414
75568
91090
93949
47951
5147
29894
74461
51782
35795
74727
25205
68546
69322
79095
9980
66558
77722
31516
91649
26514
21565
44967
33364
82465
96191
64627
10846
84130
37940
73521
58210
82942
89990
6515
22093
86589
30867
92208
76410
48131
15211
24342
51095
46197
20962
36226
70706
92153
59756
9404
93895
2620
61683
238
6666
68705
54921
10074
2930
95191
45285
43959
34676
94141
76301
65215
82748
21241
51550
54443
77632
21204
54090
24023
44415
17084
51263
62446
68011
51080
22055
13377
30394
24465
59185
3988
63998
90498
5526
54877
7171
40619
45276
27062
54185
69541
10802
25023
86438
41712
79383
38227
34571
45357
95926
18677
99227
95228
35969
70147
95481
87184
58389
73408
87288
58228
44019
78146
4810
68815
22505
73230
3993
54939
91418
66901
6636
71290
41670
23968
12847
1574
24358
82782
20680
27473
81251
78923
28290
64340
56840
18405
20931
80875
73342
9036
21300
24968
58487
51936
97830
45160
95978
93057
96998
99429
73169
26367
34747
96179
19397
53151
4808
81742
99718
24907
93572
71000
87970
21962
90350
41521
57631
77125
14004
55614
15138
66532
18088
64132
55006
40977
16846
63145
23161
76398
60225
18675
1562
3594
10490
23755
59398
87997
49922
81747
85941
55976
75183
71572
92937
28515
52024
28922
90856
37309
1276
24023
31459
47600
71459
78241
48123
25189
7547
42595
72194
55908
72937
23648
94582
76047
164
2167
64538
91817
4205
81639
68244
78073
84921
45889
51062
36869
59898
65856
70207
97364
94576
24610
52214
45660
71278
98806
63918
82924
48743
67383
51656
69328
65948
64726
28525
87857
20173
45800
46360
34796
91931
46420
41826
67944
35539
83769
25133
88522
8788
98364
21214
57673
23505
75824
17987
81034
78318
77514
18871
93753
70427
97212
15466
45769
65026
37093
6173
5483
8016
93147
38775
54504
61714
85144
56450
30630
74266
9456
1879
32217
99884
45840
53958
54822
20105
74145
93803
68575
59911
14039
4125
26368
24560
96063
50587
55460
1740
99478
18908
5783
14752
86041
70078
59364
45288
19076
80003
67197
16024
93817
18829
1520
16526
29571
63555
93701
9669
12198
10756
47017
19209
26921
26179
67483
5207
60748
64458
34565
83657
24586
31781
14319
79760
99140
58601
17397
64978
68463
82825
91643
5392
38798
26206
18998
53664
25477
21815
40578
33749
51657
53709
1562
13386
57277
12144
60349
31477
55031
3629
11962
35286
88271
71354
24254
48388
64862
70443
65482
69131
60894
97252
83905
20868
18722
80943
41840
53072
59203
32067
37796
52795
28664
73229
65590
34672
8949
70155
32037
45995
91525
82544
42259
84428
1546
54475
44166
24750
53746
1978
4253
88996
76562
9818
86825
51748
58554
72761
86451
54858
6695
78831
71720
90815
19816
46684
33617
71419
41830
33408
98275
788
32263
75047
843
62936
9468
63586
10520
41671
32717
22906
4643
25498
27521
45053
3704
20042
21045
81793
93848
77590
16095
64049
1113
55271
11730
849
92599
86986
42280
83304
48123
35368
80807
15393
16401
5949
17401
53179
72478
34798
95303
84462
77635
49542
19160
73773
30146
83287
95905
99273
76400
17205
71094
97140
92412
71753
74244
23515
49849
45789
66405
37100
62717
30483
89037
42123
98925
23540
85780
23269
43496
25267
40355
42329
32395
82404
53312
28195
21006
27810
91573
8277
92932
64582
70553
19260
55911
27164
71762
80732
77494
51323
42348
79743
18033
62466
52257
4208
14579
20737
24947
37921
71090
93817
33322
11208
83900
70063
35182
73787
44630
51218
31291
83864
62763
78601
36958
15358
5861
73442
91645
79487
50497
10939
97770
38287
3501
9952
62761
62350
92020
82706
5990
55950
38637
36547
15445
91050
48602
80333
62757
3019
95253
19467
4174
16897
87854
48353
25902
14606
57160
94810
90740
94904
87963
44601
43081
19461
70115
62970
3931
26051
64834
51506
66627
49041
90371
19134
2438
40161
19599
70506
54666
37817
34024
13944
702
5037
70130
42239
11342
12938
95602
58241
95890
79333
39262
75910
94311
49581
56685
13971
21257
70865
39321
28341
97247
36266
31866
6839
91938
68037
63101
54703
44972
39140
84797
5560
28770
93530
84958
95452
83201
9898
93610
62052
16318
38747
53932
9020
51856
26316
76899
295
21652
4358
63303
47349
4460
33749
415
50151
43872
4961
14002
66254
87562
32705
97050
81065
69887
55667
79741
31717
38675
53752
3420
51060
45769
30738
19874
55123
79058
43676
3637
22436
27186
60628
92689
43723
57147
97505
83512
90188
29662
30171
66663
36212
59325
98160
28752
12410
5603
32821
94742
24141
10468
78118
57639
61081
25361
18486
2755
74491
71530
36334
15376
37397
47000
21112
91586
79099
7057
51064
17263
35567
72411
53279
91428
31090
99554
96997
20807
22106
26126
20032
49279
70838
96722
48433
98118
63420
73758
90323
31049
94787
56620
58320
54715
20057
1591
15434
99090
32948
69
7692
53350
70761
35148
67484
72454
22447
83136
73852
9486
67422
50053
94127
14623
20397
80471
79467
10513
71856
76728
25307
82072
51324
78497
69708
30191
78169
70850
93715
12575
63007
54732
41359
87060
39861
89485
17765
98525
78068
95497
17027
81683
98385
19131
52891
48839
35314
57718
36084
79519
2475
24828
15555
95162
83581
90385
66396
11384
22356
49633
35005
17393
62133
84809
14658
78532
60498
35823
5923
19875
16863
69052
15083
79737
21505
35279
36907
21975
58899
44648
83919
70754
71388
63665
40814
16118
34684
22106
49617
79848
93806
98942
17110
41695
97558
5322
26014
43106
60264
59856
24954
15052
33236
34463
62302
53174
91386
20957
35670
46544
67259
72444
23749
66262
65351
20408
59025
80254
7078
46619
85619
87544
77507
73080
91997
36198
3914
67402
74408
73867
70147
4249
63162
11907
10285
39218
45675
60843
37514
43741
65713
94316
57936
91508
22860
88726
54246
71585
21701
94926
55112
46872
80188
39200
48528
1473
69675
91493
57136
82526
26918
59465
88740
76229
57994
92367
20778
68093
77082
73243
23154
17306
8813
55180
48628
53530
98060
75301
11479
80297
99241
40758
55672
77373
55889
14917
64002
27306
42546
67557
27705
70877
8343
46223
60805
59846
47799
11825
74595
59869
64943
26398
56526
85398
84218
77822
9501
40243
69639
72743
37961
62538
90685
6658
67272
93321
21048
29007
30442
18831
91048
10107
38010
68734
65322
25170
29528
23846
79953
16432
88468
62022
86368
53755
80636
71748
22551
10969
85432
28192
68656
94306
48982
98402
83151
93727
5706
85260
92339
5429
22461
174
41280
1748
95664
73856
53666
59345
36095
13693
98155
4200
78728
40674
86633
54008
23195
41329
20811
71645
71396
51238
53675
49862
65705
1277
75550
71410
96638
48908
75411
53443
86533
72637
12984
9388
16427
42895
69140
27321
76775
19707
78084
10845
31807
91783
32765
52120
16646
87174
93696
65842
59655
52361
26994
71325
55252
39596
83016
84343
85867
52941
93535
56527
59327
77171
11432
60463
88920
22517
51955
9728
32645
21860
55999
44166
43363
3702
8344
90342
76782
84562
77121
72785
19943
27644
65113
58982
782
90959
58202
80079
76233
10922
60474
70901
62702
64787
38863
3623
86278
52507
80269
65399
4778
57214
52369
29377
23234
68236
50702
57606
21613
98010
18492
71459
19562
27639
84657
56286
86872
89836
89423
48808
32597
53301
44904
7098
59379
42508
35091
92098
39030
6918
34835
17782
82790
34064
84554
13902
86919
41265
1919
70470
62638
87164
85562
47970
44944
9550
13435
96321
3339
36329
98792
32820
76325
57889
60077
46131
32599
60950
16999
36676
34839
22412
11568
15649
77876
79020
95989
79556
26921
29500
13075
74569
52457
44071
99731
96735
63529
18220
39316
70121
24597
11638
5319
25074
21881
93034
49503
1343
52519
26078
67476
9331
80980
47591
66621
2283
91682
96964
75858
52937
47614
32288
8852
33831
17109
99391
18118
36078
29163
84367
28082
30193
98203
55057
87826
72012
77210
18515
34868
32202
67737
7531
19163
76295
43038
36747
64796
54793
33639
55292
71772
74643
55859
83073
91999
39880
11142
94857
80961
36871
98620
3654
97765
63880
4966
17734
14005
42670
96236
71229
65231
72334
40604
80162
76850
53986
43540
66996
45990
39866
50800
21335
38260
22816
43606
37777
20048
89033
62275
33367
11300
90338
3159
27760
12869
8501
50491
63541
45933
55069
32409
6037
36132
13373
14821
2518
84028
61600
48513
7153
28696
58728
11265
59802
11971
71427
38344
53621
68144
55174
81553
50069
17375
4814
20262
34607
28621
80264
97504
84817
65935
10505
52538
55375
80612
63607
62056
83571
46236
67370
44785
80036
94361
84385
9344
15742
83822
76233
9317
99295
60081
8009
24170
50739
7189
62229
75139
86318
95239
88357
64354
72143
5062
2762
43350
13915
77479
14173
69358
71774
3443
95003
87353
90985
94280
29892
49811
10000
9551
31829
37970
32861
22304
60468
18234
79258
49503
93570
85672
9704
12739
77245
77520
63565
53306
2135
84267
17813
10775
18310
22421
8680
87774
45906
10477
95641
65427
54444
81519
32245
46164
38113
21280
18532
27776
34730
48440
32051
99588
15651
16022
81206
57759
44112
75466
76250
48555
28587
31863
60
40446
21031
84010
60121
77935
72181
60156
5890
22050
94665
50865
78744
6815
15542
58886
22988
13796
19788
10332
43121
13171
27254
8069
42964
1725
71050
6986
88142
20549
43246
18669
46114
82207
70245
25326
68776
10741
463
63945
10054
13283
64474
50978
1874
67855
57714
15255
67153
84902
41442
47548
14995
44334
63952
46587
26778
83735
65741
57767
59294
42271
17657
23889
92963
55865
89517
79480
21032
55675
71385
30301
99689
98654
11772
95813
59906
69518
3626
61203
29303
31607
88469
83882
71240
1726
99689
87507
41139
88980
40926
9826
38149
93902
75222
41458
84480
97419
97967
49313
66720
53634
83698
45721
17585
47661
44210
71658
63852
33673
28720
80162
84581
69769
38868
16579
11337
3190
26777
35232
86637
66006
27463
21911
49565
43184
6310
39658
58338
14497
19009
95950
6220
916
44758
93345
5061
70738
65820
88266
8167
83733
39529
9718
18307
29681
53614
83789
65188
69782
70071
41324
6891
43800
64557
73575
29933
36256
76593
13823
76363
19198
24454
53622
94407
81158
13160
97981
54777
58345
89207
53253
21012
66565
22380
43035
84933
6204
5950
94417
17627
81507
97444
15559
29121
26280
64454
70074
25842
15057
47812
37817
20410
60085
66021
45321
61534
80302
43991
69721
85830
18678
72368
80732
19679
79981
38386
63040
43117
29484
4339
98260
63905
32726
57469
1899
26250
47783
62978
36378
475
34770
83276
58434
61278
36746
87787
49733
84704
24747
21282
56282
51015
93126
19936
54658
98799
4121
56456
64032
63808
83981
13954
59853
17183
888
56971
1317
4223
93783
70540
16863
77410
40274
16584
83540
49993
76172
77819
59070
78960
74415
58721
84152
74373
66212
42972
85210
31704
36238
19524
29244
17399
47376
26061
12843
21014
73516
56818
96233
53430
9918
9020
38683
68762
20250
39235
60658
37939
21683
60730
6452
71340
12122
37775
30048
75470
49377
94140
91363
27256
86386
70567
92048
47032
59400
82032
19610
49549
24705
99610
64112
13100
37608
47779
68660
9213
19182
10362
31988
12332
59356
41268
84523
85652
341
8482
75672
33618
16089
21643
21437
59501
77786
2964
69103
35120
200
27595
79522
3377
9414
92502
24633
84263
49347
93680
60629
43090
71998
29426
97853
73093
91197
51963
7617
64469
67980
93604
74578
85979
48969
87048
50199
24883
58896
32113
59303
80801
88693
18645
50274
15602
7953
46979
49154
99296
52811
96477
35248
21338
93644
18210
60008
56546
14783
72990
76148
42155
42424
51364
68929
5738
69674
6417
11836
18127
75390
69730
22837
36682
81920
89106
46949
6949
49252
63342
83761
53294
82823
17158
10853
87185
53452
3109
63541
18260
23153
79905
11460
18061
46445
69508
40949
25881
82464
75411
11798
69520
83416
36863
43120
92643
29016
66851
94463
86199
8239
1012
25095
78331
632
89873
48468
53165
89464
35704
93947
48067
62467
63081
27811
66769
80406
1591
16529
27869
50228
52955
15252
30800
38177
72761
16846
58638
78236
9406
47397
40282
76197
34965
13261
29396
49587
32362
65095
46022
50186
93357
7812
47710
11434
56544
88298
24804
88185
16206
20167
42748
15677
731
32036
10748
40559
13620
92794
36677
24470
58957
1522
67478
2656
23699
88285
86695
60084
8603
101
47220
66159
88207
91326
73162
13068
2311
1267
97096
6495
25811
39791
11896
83656
96103
52998
7961
81454
90452
63655
13883
32521
53551
70797
23541
97581
57584
56917
6467
86010
56930
79386
48708
82577
14135
67938
56923
53108
77377
94378
19218
99578
49039
97620
62450
69717
19988
86567
42662
41459
85450
53815
19871
34587
43393
14592
17912
43292
25149
7176
43181
55331
68464
78061
32345
91068
24431
33640
7567
7731
36063
82940
74575
25798
22299
74356
51264
55457
85679
61545
89275
20092
75318
19522
6940
66888
32733
93993
52514
54364
38086
97896
40041
25662
27303
78843
71674
2209
66513
81736
38271
5206
76956
73943
66482
97514
62999
20231
72219
22343
83180
4103
74868
92567
67267
4057
40278
91742
2916
63887
37301
21086
44288
29154
4165
40201
66999
58657
74990
68239
72811
18123
60347
99328
31281
90589
60960
92362
71187
63786
90571
52728
5689
68377
31376
1413
95206
97233
68754
28656
38202
91255
81607
89937
20758
55659
36072
3313
36576
96516
60848
27181
73346
19810
60318
11037
43685
20491
86696
90253
75843
57907
63338
32258
95995
48633
38653
17997
55695
83180
34509
88231
82867
18597
4220
57584
63341
61304
59411
86404
51028
39863
24476
80223
99838
55031
96728
89017
16369
32676
61213
19759
7531
46342
27396
35329
5470
227
68484
47009
95103
96720
57989
55154
74804
49511
53084
53293
76772
56173
89383
51257
63598
56356
73271
36770
48777
17883
40147
94271
9437
33110
70973
20561
73637
61299
93137
45714
88579
28694
33698
44125
68921
5815
80787
70304
95229
97514
56794
62140
41330
40729
58347
31234
68191
23765
6158
90565
18155
2465
88143
6923
36952
83121
45594
41495
56030
55968
34919
69594
93679
84298
11998
82940
83091
72562
44743
55600
31196
30236
92021
59254
96755
51041
87505
6226
38474
68043
99261
87321
19115
15241
41799
25753
7128
68770
69098
7294
11739
68985
81962
26333
97318
86728
58819
70791
22717
42721
53842
71546
85372
37233
25141
79931
12953
75733
70750
13879
73016
1519
74582
13164
43742
74305
71
71065
75018
10422
94416
72018
36410
70569
52550
21265
5870
36802
1729
81259
48193
43953
99952
96956
62116
43822
61766
87815
28385
43823
88637
89759
94663
66488
41576
8061
29242
82078
49309
18144
7429
18687
80407
2557
82153
19185
61301
72390
78650
38881
8867
6638
99511
61432
1384
28896
25766
37512
95880
76919
12817
58163
35742
48370
16853
33504
13205
6519
17449
70463
45845
44128
43579
12068
75356
14160
40109
76816
92994
58431
55304
17685
87510
3054
18809
39710
47707
98043
90684
49549
94900
1425
55223
5485
23676
35780
22939
48590
14597
13870
8590
11680
16966
7893
44947
60122
36582
7474
65894
68613
94375
39171
75396
37897
87661
5824
3575
81660
82435
54357
58736
89850
30355
46565
10657
89913
22934
54615
82526
67648
77979
98543
1401
2275
93712
53745
11171
31714
96662
69091
33381
52991
40928
98013
6125
93726
25657
23655
40199
83957
87828
81337
16518
13494
82720
53952
36804
96226
34439
67022
69147
52278
89229
11033
92556
94222
49735
93089
33119
96104
82856
10421
86906
22503
14608
32170
1302
30001
17162
36272
45218
27638
20187
67262
42346
53469
50037
1222
424
87249
11463
81459
72716
10211
4642
41134
99224
59833
48393
40008
37021
91837
28897
85168
53091
82718
41925
21741
18296
17373
2167
37863
75892
45410
81383
59781
29697
2076
76009
26163
66990
93327
68522
3855
26086
59730
64993
53696
65754
47830
37959
49620
38648
68609
34510
67090
46805
8910
48956
11971
34712
67239
22448
74696
22953
63945
18740
55566
75818
37427
22905
20121
21522
74753
71752
39148
42976
81089
13627
47838
39582
18988
56762
11457
81520
78519
10398
10599
66316
80707
45613
84109
63238
23506
84361
4905
72586
12710
66310
92837
3032
5132
45676
22092
61983
16099
50062
14150
18073
81104
26790
1784
91530
10611
30072
84785
52445
84851
46740
13579
29418
39467
66985
34412
85584
86804
44985
74013
53237
75570
38593
34807
72112
20030
19085
56738
22321
127
22889
38283
81695
40535
10291
82825
28962
22123
12228
39094
75607
36630
85745
14409
49508
4632
73487
90000
65043
7789
15353
67557
26025
88913
89362
7786
28432
77568
72466
33250
72913
60060
82891
88804
12825
96448
24199
41516
70831
60351
92559
243
4605
57562
66811
30526
62103
11092
72748
46355
28014
15680
74833
89467
3591
31826
83146
62927
50687
81918
80254
12055
33354
70168
45337
41553
92025
51351
33997
91197
44291
38482
34279
99834
28803
91211
19923
80778
4457
37629
31442
67974
41567
55274
75267
8953
94411
80300
20995
83640
75144
87747
83778
11582
24088
51054
28870
80167
10186
26307
86248
972
97034
57067
14256
37964
48017
74646
51410
98667
67295
48953
23909
77568
63665
24216
61703
82274
71425
52624
92641
62062
87
1888
83754
60907
31682
72288
29234
3566
55243
61374
35687
24361
70356
10108
25526
95669
92906
86917
17381
23123
43569
12132
47034
68377
4341
96273
54531
45708
17052
52332
20527
56410
93013
87148
69381
96155
5952
83244
22493
33663
63202
22633
67765
66998
25839
22434
14376
69229
60246
93088
15092
69793
25968
83419
70025
48197
69754
83635
15181
37478
82677
59664
56597
73359
39079
64897
32959
21840
79051
6280
82033
13852
42447
94576
7541
60958
20148
75834
57001
32943
48612
38364
34341
47319
4932
2490
39533
38579
26538
58994
84919
39910
75651
80205
77989
22444
21651
22331
80653
16859
74854
68900
30137
79082
47771
7832
45419
28403
5357
57190
27917
68232
35310
77162
57974
62207
39119
49042
25631
17286
31386
64325
61393
64665
84986
78349
34271
17179
90978
61047
3686
14407
64629
24801
7863
16855
16040
12838
62288
81831
91583
26888
62336
7627
59005
81707
55763
93431
21512
12263
88412
94417
83242
77861
64709
18762
42302
33660
86828
29450
19571
30130
61060
39731
8850
35698
29162
58023
49037
2754
68353
47759
2637
17906
59760
14714
66862
33155
47936
57986
31945
92624
28832
65387
79546
61797
77957
8677
67029
12679
8256
39337
9751
57501
91319
66980
40884
15186
98296
10000
93170
59024
31980
20778
41823
37798
71622
98580
82254
9699
22812
3629
97283
24535
74976
51518
29512
39383
11804
46060
57728
66518
12512
31870
70153
22250
25742
15466
63524
78629
17998
82038
2841
30549
38195
30570
84397
90099
73377
85434
296
30725
44048
79248
40254
82527
22567
1171
86167
59088
80947
22623
31247
79672
98764
80956
97211
41675
73934
79155
66350
93618
80846
67514
43475
78475
69683
26814
38566
10251
49008
41818
15918
40581
86101
36624
52436
88698
64163
79724
70867
87650
88318
95507
78735
11700
70092
63857
98131
70550
71885
31890
7686
26506
80934
36440
43797
90296
65198
48182
33205
48187
54951
64079
25354
54684
44819
28159
53858
3978
54260
27284
9659
81530
1723
95196
41746
13371
45432
9967
1193
81519
49946
68244
60534
58902
45077
97495
73188
41887
16760
36623
6375
86972
11962
88874
16686
24005
57613
16595
4232
57329
99978
89242
2627
11961
43892
74884
83338
35587
98860
52148
74594
96875
53510
21406
5213
89742
16052
18924
62843
49206
33861
49253
83504
18139
46147
52694
18638
23916
9490
17894
6644
69400
26738
86050
88018
20305
78720
11976
32247
72381
94768
67920
43990
76694
47050
23214
87579
89296
69768
99689
33490
26517
20915
36419
42444
97908
41723
29863
525
6717
83043
5492
57359
15504
47134
92088
2003
13590
72935
44145
35906
19865
84814
76167
9288
44380
96528
89215
84338
65380
99564
63871
2429
17451
54155
57244
46441
65899
55252
7187
97014
97323
40424
72327
29717
25969
77507
93999
3407
50179
26351
85890
19324
71802
24196
60271
15084
71043
59872
20489
56478
49861
33736
82258
94538
55033
1430
26117
76691
69011
78025
65029
55319
47223
28809
5620
738
72877
4903
14946
17889
98155
31407
60232
76271
52402
44224
17332
72695
77943
85435
6720
9212
44558
16104
7753
13445
16090
86202
64689
99268
76672
62350
6236
95264
33959
86910
13822
75027
83664
18444
48055
47197
23910
28835
89846
27668
71307
99408
23058
88059
81570
66456
79959
11603
7128
78828
58349
91590
98662
81798
65650
44418
7554
44123
61892
79094
34943
29819
8238
88246
49852
12680
75208
53377
20344
11678
31748
77632
23776
89628
20897
15187
34709
98670
31727
58512
14611
46694
34771
40432
29303
78470
651
47830
30565
63547
69042
5560
40360
70237
88075
1770
63826
54914
53354
1427
20004
71567
9866
16617
84833
70835
43068
26971
29891
86123
6467
56112
57691
93472
84453
95616
39673
94360
35267
21367
16366
89131
88509
21793
92492
84335
38820
61501
40361
9799
65804
93732
86134
77818
74357
48887
7150
93786
84431
75590
52778
20814
99952
54202
54784
78944
75015
9325
47759
53009
10517
69364
4269
2670
92236
37808
53671
49694
45147
87101
96418
58413
31308
9426
25914
54529
63216
97126
57433
19466
4936
35915
66276
51582
73159
4508
55669
8789
97514
92840
7010
59304
73632
70025
74733
67735
44644
31998
21114
25530
32143
20537
88809
33390
53447
10421
12458
57691
11599
97320
54962
50755
40050
40736
6942
79896
941
24427
54489
2227
53063
22939
59851
34720
8433
62641
81709
16843
82790
15320
74713
84683
54487
99785
14891
80222
48736
43542
45487
99376
83502
23079
27887
83253
70223
11918
829
97279
7242
81280
56711
43688
66174
22359
93824
27905
87081
4133
57658
94721
35917
26873
53614
95551
32842
20782
69059
25568
84770
7429
63509
14015
85553
1682
51663
15397
79737
86880
85222
82100
76150
80854
66287
4989
95807
81395
17883
44690
75721
14222
60149
39875
53906
83052
91511
28923
3210
70887
59700
15981
56197
65927
43951
526
31871
64775
23334
94036
10819
57773
19688
25866
48431
86879
37605
34236
21457
70436
89242
66084
38178
66475
1505
67281
58416
74167
50391
35662
48443
51008
91270
88475
70185
38747
43920
29413
58124
59322
34457
96523
55554
57084
73557
85945
42096
56526
89224
86880
40166
91696
77818
15694
89613
41796
77898
33194
78340
54148
22635
83511
47850
48302
31797
37209
27811
63355
52992
57604
10715
52564
49155
46279
85767
23747
61897
94578
56337
12896
19891
7681
81470
31774
76388
67336
31311
27603
52025
75748
8248
45014
66133
51664
38908
90038
32755
3861
94198
65240
66470
71932
97725
22296
98660
84953
98419
64376
26710
10541
28651
57070
67979
15127
577
78045
89713
77103
92231
38713
62746
73471
54186
46891
47511
34619
27753
11486
93675
69806
710
7066
70442
74919
54790
44900
24324
77174
42890
48472
29792
69946
76227
33154
17547
69759
71521
81310
31585
98214
96885
30251
36522
45928
4187
59034
71255
33686
41020
46662
93526
79059
62222
20566
9294
20260
75014
58637
40261
91981
96435
53289
40578
91371
14062
71297
1841
25222
97987
57235
4086
81182
26748
38856
14304
56476
15451
48017
21716
91103
30189
40532
81548
86408
34561
12720
53005
47240
12985
56364
75768
28276
49417
13984
19301
7476
41218
97765
26594
48990
62049
73493
10046
17219
20722
42802
34789
28520
52560
22861
331
54267
97644
36267
55173
57809
39925
91861
96421
7970
76175
24039
11514
11849
56420
77716
17629
25873
12602
46216
57872
82808
21885
77156
45287
82403
21155
67847
6591
85877
33559
15562
54371
19755
16012
45861
60093
92913
78296
59242
67491
20277
44893
30494
68285
2564
89826
7596
88944
54534
20694
36475
6369
26841
51139
2868
41880
9414
32535
58996
39232
70599
28157
27822
34019
41696
80990
66323
31312
32105
85136
1445
74577
20681
87442
3154
35835
50463
22422
43987
68096
29837
62726
7707
67003
80014
85406
4244
5850
38575
43669
81658
50383
28233
84234
57803
97934
98780
20021
49283
60048
29564
95625
89053
73421
99524
640
75725
29803
38816
9251
18270
67195
29160
26955
99973
13289
24396
39918
14011
30022
95055
94632
8123
86995
69887
56592
48513
15072
41542
33962
99438
54594
61039
4618
60596
14757
69279
44939
37211
77154
43908
51230
28013
44831
10457
94291
24884
76707
39372
15183
27443
44557
92992
78076
78266
90054
91238
22563
89292
73158
31815
25283
77998
92081
43440
68640
77192
57063
94754
3372
42578
12374
11978
76575
83593
33026
38915
70483
68824
32779
45775
3149
39658
42491
69464
97911
15088
60026
65935
49634
59160
20757
9453
50553
38039
8038
62463
66475
23688
37444
15835
400
70429
62731
28150
23091
58508
34436
71279
24431
71559
58736
36638
38590
71460
91129
79998
57236
37815
76642
85241
11939
6310
32944
59880
38974
82698
35879
40857
45850
30385
76269
73946
46629
60723
37461
18600
90589
17989
20729
75
65520
93330
42649
987
64276
44277
15740
24508
98967
56748
39002
75289
98846
53531
45033
12958
42336
32863
60784
56842
26228
13334
813
90546
39861
97806
95846
97092
38336
64631
33801
75419
9026
40346
3782
50579
72128
47651
2245
69718
61388
86474
87327
29378
96445
89894
41802
30898
17473
70915
58228
17195
55758
37195
29089
98758
13087
4302
36226
88361
79128
62294
19365
93296
29266
40566
64462
76779
89032
31198
68742
9690
51718
21136
48843
42694
87462
59316
77442
35069
25739
23695
6514
32648
41027
14857
23139
5061
13690
60545
69951
42919
60890
55138
67999
25539
52004
45452
65627
70349
92585
21201
12116
11302
38045
84798
72606
51976
89190
99142
68500
94806
38897
27459
79738
63585
87444
1936
43783
63016
56217
22343
17894
92366
87170
30647
30455
53671
50602
74031
43304
99559
55768
10928
75677
55726
31564
74587
14865
26986
6712
67195
59732
91862
75305
79541
89917
36116
84703
13719
43507
46892
38255
24767
86997
33995
196
23551
79052
9567
9396
67268
96065
60482
35424
61443
36233
14210
72009
44014
78129
87393
85425
97085
7076
30729
74231
1471
86929
5862
82847
65934
79565
70175
52331
2104
89166
36963
64182
52006
38015
42047
6649
28136
14047
1999
62300
29437
31959
57980
37010
3390
52073
97016
75436
72956
34275
33205
55163
94464
88313
73402
47081
51615
50709
60208
88184
46564
87136
77632
41087
43817
64630
67970
96236
15662
95635
66882
16902
19319
81648
16580
24413
9965
48323
40926
40937
68358
54034
28282
48200
32394
20511
8818
57074
97709
99580
43763
78141
44545
95788
40932
35957
73387
42185
63419
27310
41592
42177
21146
73500
72726
39737
2064
56541
61125
78584
57955
9770
1787
32595
62725
97449
66371
59590
68260
63080
66290
56844
41054
35531
24343
32257
46345
61050
29048
95911
31101
48656
58625
97358
40431
90803
86673
47687
59640
39051
26643
21125
6908
8246
87562
84567
55154
60994
40626
55960
81014
98959
7166
64229
84776
3597
63417
43901
41726
45084
14589
95965
50381
66106
54397
15354
28338
80861
35564
83268
52174
49590
24138
17120
3522
49101
2483
15243
45259
48998
28276
78919
12143
14189
41472
36824
9647
83666
4234
74315
76420
71234
7729
79260
18896
60044
10602
42439
22143
35158
91547
50197
39150
13428
10191
8859
4112
30352
24134
63683
73290
68404
27820
34596
65922
7184
28437
76520
26985
74519
98582
97279
31321
47869
84306
7236
96929
66711
58285
93271
4639
46781
71846
59906
6816
78290
96575
48283
53795
68738
33104
20785
97646
79427
24328
75064
748
9483
88989
71688
35402
22611
64690
70119
43919
81580
52146
33880
45338
30172
26689
69327
87421
78983
37299
23940
7148
79776
28323
18021
3833
47245
60546
19382
2006
84312
9422
5706
33419
99624
72711
5634
11941
80388
60735
44109
77686
28468
41550
79529
35304
51396
49978
47780
93212
60482
69076
37973
92999
23569
3059
3573
63419
854
83093
1333
29190
28905
61316
99393
79775
93675
5575
20950
60873
1415
22081
56661
74521
75289
68617
16413
43469
70225
24965
30321
79525
24628
45627
23011
85029
44859
7172
92569
31609
73758
53976
62848
22063
6459
37319
96947
57785
63831
15352
36763
29919
84699
25543
89890
42603
77715
52533
65605
38561
95670
59339
27211
99010
33857
30650
32436
53574
85851
39113
78554
84652
14849
39927
26205
6376
94385
89085
62646
54422
67338
87059
5315
70508
34905
63176
27389
8675
4169
22598
27105
79436
95891
77775
79085
3889
925
56212
80367
5682
50903
41159
84381
85982
83940
83957
34237
56296
18233
29198
93713
42237
1191
44945
11218
66011
2873
87928
56485
75386
81253
62639
55747
51999
11965
17306
68982
93069
75786
52432
53854
27797
16256
34900
85034
