77899
94094
48113
59534
74305
88090
59910
77390
5812
93166
38366
47724
37094
7089
86686
81417
82671
66751
5445
85353
44113
74569
49574
58236
37272
88810
30130
24182
83512
51302
61347
7731
37899
49094
7450
35076
15412
22431
82903
3068
67483
37587
21197
15422
98219
41973
50117
7608
4947
7594
97049
49423
65528
44602
89781
18168
61873
43483
87287
1268
55858
16680
7275
17483
42864
83914
15731
32102
84458
11520
32196
47050
55037
51748
95787
30320
5745
69101
20473
60943
40206
44
1981
37375
68535
3633
97989
51751
32650
95654
43993
75390
1999
8388
45289
58721
37219
28430
80807
37474
67094
8892
73443
25348
23930
97652
97159
62755
45616
16237
67856
4446
24636
74194
38512
16800
10742
78881
30191
72838
98327
4971
98893
26983
37850
69367
97669
27127
34771
72946
51349
68544
53765
66785
59636
71448
14875
80328
28022
5069
67750
80289
57929
61616
61315
16064
6298
30480
39129
63999
78490
60445
27394
11372
24867
28095
82138
906
57649
27901
9140
87530
28681
85396
65321
86847
54213
45575
60848
51151
72093
13180
6579
91341
78411
80173
44555
89018
26198
80448
67428
64761
28839
51788
3615
51963
92734
87914
69508
6899
4592
68744
98558
84570
77790
68131
63476
79906
46707
99653
94587
90229
54090
81488
95211
50194
3727
3487
1367
19031
33283
95924
28091
563
88129
24238
45521
97583
30862
47686
31961
33954
31284
44410
75417
67328
41451
78612
21433
60600
21854
8548
14837
99035
42465
11962
57602
32542
82571
38849
23054
54753
80360
27394
45626
3998
56449
47038
30259
49355
67206
72106
48299
68623
69044
67133
75144
36102
29540
76381
32247
28301
58339
71519
84529
42649
15958
15213
51433
73740
67560
14587
20253
25202
33901
5376
79545
21571
25810
79510
3544
87150
20177
31468
7740
79832
78238
34086
83973
20092
21018
67860
5996
7355
47440
93029
73651
83990
10422
76399
70051
68617
32685
1358
7266
41337
11145
80539
53540
10876
7722
72453
71783
84432
11499
89476
22097
33945
93627
29823
70038
61009
40586
94333
48999
21348
85179
37353
99379
35847
42304
85310
47297
6737
40730
93151
72528
81141
57487
63327
62418
75835
26461
25232
5392
87987
99340
43911
66381
80124
99841
94069
1133
25025
46695
6876
29510
84428
24326
46165
21031
23403
75062
85657
88638
84911
37476
2237
98192
21054
64295
90431
97492
82496
1037
13664
81617
17708
33079
81977
53834
82392
92141
80119
14765
33937
42575
47326
35199
55348
30714
86938
83895
55014
66928
98739
64359
1653
69658
71932
41917
39150
83462
2462
90320
81437
50380
88757
22748
53362
78959
30651
7754
62956
71449
90042
1699
77758
90127
65407
57733
54936
48628
87675
17390
32770
20766
77385
67837
25555
56383
37822
10385
94734
17618
33656
73021
46778
49764
63631
55689
77010
41078
71120
67522
62854
37265
51147
48107
49475
48831
91913
30489
10391
97549
84156
2510
51092
36459
72752
29454
26065
35013
94749
38140
27372
84171
8260
73635
17818
60097
80482
88826
17835
58715
61171
91743
55593
4732
90325
63150
22212
99780
403
64073
19746
21085
73947
79550
40753
50230
21498
68076
88171
95571
52620
92559
43716
83846
27106
52374
59481
33038
83059
68417
33086
13456
16610
35177
22054
18042
52180
25864
4190
79474
23334
7095
46172
16713
63281
72888
41636
26658
79215
94343
28476
5102
84673
58481
23601
21431
30522
979
21554
5285
65964
27283
97132
68615
79311
86868
82913
14843
85538
58509
96704
18034
87387
18969
17385
19301
14152
40420
98701
95490
38035
87168
88908
63787
37460
41035
94840
42597
51501
58802
68982
31223
72101
75073
12085
36954
85920
25061
71859
93777
40385
59232
17760
77815
27131
98240
76186
51140
58769
14795
50624
29271
13914
91891
101
48068
92943
33288
76573
22057
82367
64704
44508
68109
47783
92513
50156
49453
1833
94370
62908
98994
37305
33805
26221
58984
79092
64738
24595
35021
29624
79432
92254
80007
13217
53327
44330
8097
45513
92539
67080
14755
51959
43956
15720
30464
74041
25870
86907
75121
13827
2056
33929
14375
67136
38622
63640
5690
86544
91024
14404
6034
48522
30792
57955
17801
76158
41439
72718
57635
46340
10567
19212
22039
97949
48615
81976
58773
25732
35155
54142
21977
47599
14391
66630
54643
9719
57171
90171
9590
65349
93076
66243
93076
23139
19902
21359
97171
43096
53804
91214
83321
48497
9071
57707
26115
54871
77108
91519
70498
3006
53925
39428
64151
89449
9631
94612
40554
55870
96940
75284
95056
62070
77893
19086
20867
31234
89110
58626
1028
588
96862
42790
26128
82280
6115
6088
5604
83715
40447
13618
51390
55206
93313
62855
41965
27567
56312
58304
50162
90046
36475
67409
58761
49473
36033
24149
87572
90788
28663
64998
61879
48498
17337
38147
15573
45202
78819
24200
90212
13536
67340
83595
50592
29473
50184
74412
75590
17960
23981
68734
78215
12836
87157
50424
11797
11993
56569
71869
79723
98300
65547
91996
58081
7439
17743
52031
82070
98141
57331
71054
5652
75592
74557
10783
19617
90823
36113
16813
88903
1669
99179
61368
2021
26175
55429
27116
72965
1828
72768
80848
76924
38306
7399
68379
41530
81972
50891
68958
10942
11227
39142
94194
82231
15337
2378
73018
92506
76188
88872
77520
72773
10498
82029
51040
71197
70419
48418
4737
94130
80153
16641
50912
11645
3766
96594
79291
8244
73625
7547
80384
30146
84511
23879
3600
44344
30833
16827
61536
3565
88671
82782
60472
98050
39968
29844
66706
6854
78681
67704
55435
74235
18605
82606
47791
64777
24000
42596
96176
26810
41819
68524
29824
17557
22643
71260
75830
21641
17207
37319
98101
71873
55695
45194
11967
98653
82897
14808
78364
31537
49466
2673
86828
51930
61677
92110
29418
40508
68710
54535
59062
38488
57151
46399
16636
46177
95265
69176
25650
40076
93624
14636
57397
23360
45055
35438
6663
36149
53838
80753
41023
49507
85613
41371
55556
63833
1716
87899
24758
13754
84347
44573
95863
92294
60891
95813
51697
94835
54156
96879
35370
65394
89598
68073
87255
15668
96149
95230
27186
79971
13354
22536
5395
91240
57351
23105
81421
30413
37371
29981
4146
67052
46978
89883
35591
58870
22815
47391
61769
5441
35043
59861
29829
78931
35471
27053
3582
14172
68130
96501
24087
96480
68667
86248
74622
86037
23915
65625
39220
55341
76104
17426
20258
68715
34053
80506
13392
54198
57376
19227
86866
51702
58169
64223
90118
48330
48230
4010
14511
19748
59802
59059
33783
6324
8963
2351
2046
85865
95344
17053
75849
18595
22938
6956
66109
82629
3880
31069
24107
72856
58810
88033
11917
77802
52542
27137
14522
29730
30340
5099
59207
57620
67573
66483
83236
38290
53073
66350
94008
48263
90457
32137
81100
89845
88792
77574
53944
78332
7871
43490
84599
49369
8558
45243
36410
85077
98384
50413
44997
42284
29291
3951
50171
16041
41751
59664
77358
17707
36389
19766
67765
76323
12775
18102
13954
88588
5272
88576
57235
70153
51048
21751
11444
96754
22861
63044
41609
4601
42039
4823
52546
93509
66002
64331
20666
34284
237
86933
1330
63420
28824
55642
13511
86160
148
30053
99197
47277
62717
65880
42306
5782
30642
57900
76764
34960
87979
62126
933
5025
10427
61009
28780
35494
38401
54087
99100
98423
88646
54898
99069
75879
1105
36351
63739
79580
68144
70212
79904
32253
72068
97848
83332
91224
85992
51844
32813
42799
26574
20257
44580
37156
21280
37322
51064
40968
74663
17898
13797
99720
49795
86911
45342
88998
13325
44063
78117
22721
10914
83332
8192
65726
3563
14276
97858
19457
74267
91637
64143
89012
90561
71281
45446
14558
69818
46813
57967
89352
34870
67449
94226
17915
91217
58263
44915
36779
27150
86562
98064
91390
50036
54999
64153
45244
1590
74147
56066
65431
10239
4984
83607
77247
58244
16015
11076
85670
19777
75513
51950
54132
16653
38325
92006
14978
8888
95487
47206
55728
77638
59750
28919
60776
22517
61797
36539
17938
32640
84711
56515
63541
85713
41378
18357
47936
30342
17228
72927
55444
63920
42441
13740
22076
75035
15685
33842
43378
40703
3668
75442
97166
36561
84593
79491
87328
38373
93503
3122
95168
77997
59940
62333
50082
31039
76299
94835
93673
36403
98959
70238
55280
77062
61861
6588
45573
99629
91491
66066
87725
25574
25721
47454
83589
81062
18922
29294
89423
77597
17187
58144
8301
97917
68677
70007
86394
91409
53551
69296
41857
39664
27387
64731
87728
27487
99526
27679
15453
29641
5982
69775
72526
58303
81122
82486
44770
7711
56795
78606
83768
1715
60417
42666
8355
71277
52618
68944
55222
74522
66265
52117
49693
81956
63754
68753
83768
59674
26019
17385
84966
57140
88349
51165
90438
47530
33463
52417
61057
19171
82034
39500
98342
58565
51879
90951
90741
59406
29844
44165
37191
78698
12901
98774
91238
58382
12845
69149
37791
87910
44022
91202
62277
19727
99230
55899
52396
64646
62545
8327
76225
27511
81968
21036
5973
27058
67982
2485
36912
2411
43628
46570
66075
39833
29691
5100
28446
15865
99320
81691
76534
66619
53243
61918
13724
18693
6271
35163
35983
44423
32282
49048
43571
12657
51285
53115
28916
24918
72640
48728
84093
423
46452
85003
93585
68630
47147
14252
38483
76940
40718
90974
69397
84812
97328
7234
5707
41667
12791
53068
26571
3873
92556
9426
61921
50784
2944
8639
12366
37462
65131
47015
75128
13566
32168
57018
57309
88856
44356
40727
25608
20259
3651
3504
13048
32735
39470
68498
60472
3664
29159
97507
7276
34909
8465
67175
69643
9739
13440
75
43336
36977
23805
15584
41942
83188
91930
2449
91496
10872
58895
91313
85214
73171
60285
89099
182
65643
51964
15794
79668
19058
571
61538
48516
53002
93069
86393
88783
6654
2756
44811
45536
70605
43922
69883
73673
65075
24155
75825
49537
79533
94342
70425
78205
82247
43621
89657
59491
85641
6970
86200
83036
69840
69738
5422
74080
65122
72990
45533
57367
20321
24589
56181
95088
58070
79285
38752
1151
78311
33811
62885
39287
12142
52350
34410
91101
82625
79677
43580
93400
40986
4073
40809
11668
4369
42309
67947
19603
49686
25798
75355
78972
61659
34064
79157
11020
26567
87977
36869
27407
76384
29938
74548
33223
16782
99773
85681
25247
73282
76294
30925
57497
19951
51807
91026
81112
40155
99817
89227
74761
2511
39312
42448
26568
67388
73745
55880
43917
59540
47957
84692
8653
82500
16481
12816
55136
28565
32787
98057
53610
36328
44030
19685
93910
26163
51654
82069
78036
71534
1057
28051
12311
27060
89677
54917
4200
26865
74761
46170
56753
93642
74280
26594
5996
54097
45194
35431
76018
53499
96743
96628
58859
34519
23238
22503
12050
38178
47719
7370
40604
55823
55463
83977
45216
41940
99456
60003
21033
80957
3461
7597
42785
2511
66557
81462
64751
26133
96700
14669
47648
75013
50929
23552
77642
78655
60518
86371
46431
60987
77521
31862
2877
89519
65773
6552
68106
45068
56650
43326
74679
98675
53068
95487
93126
44688
27942
42403
61752
57909
30040
54704
80100
82532
58764
89014
52729
55834
35471
28481
43395
51131
39373
78128
94561
72640
18427
45827
42822
44045
84889
13022
86931
95709
32422
83940
27344
94729
78849
91571
14797
58478
69336
86679
69587
93446
50155
49772
98479
6852
46048
10352
7772
81372
16159
98824
17946
9812
50989
6238
19486
55568
89252
59140
20837
89843
10170
22909
42640
21159
92530
68872
46702
4556
53186
46059
5849
36507
55926
33268
18146
35762
83138
96410
61849
91265
64683
11051
49603
42575
17510
11880
81412
51578
37254
1870
10760
2176
52311
24864
63621
45510
46119
49988
41939
9993
82668
29695
38723
62400
40737
7084
22698
47758
21568
27667
4129
46739
17395
28913
41130
13538
28738
31020
1034
68391
9652
49448
60245
5233
83836
32642
75908
89630
32946
11886
605
33372
55934
60411
42140
57287
31341
63436
46736
5976
31740
29404
77573
58887
15459
15787
12923
9733
67486
5692
82037
40376
88775
67349
72360
84584
83045
37027
3702
75875
85821
37251
52054
74303
38544
20742
66117
16057
73290
96911
53862
83116
30090
82316
74550
38164
68983
64861
37495
48368
53446
75230
29797
20300
29337
79415
11247
33496
71546
76603
18508
39642
91974
71580
24387
8567
91
54047
84156
59039
92947
23916
47269
2465
92453
8391
16847
28062
4623
2020
83453
54841
91175
24046
43347
64773
51543
14404
86094
10832
81784
28400
67520
77408
59842
63736
10276
79264
56432
85003
71357
16154
1425
13653
48245
17788
27493
7116
27507
11554
98255
5786
36720
51009
3499
64513
42907
49158
13117
31594
37897
21764
48260
49209
52613
99044
61928
72807
29498
24859
49519
42522
96634
21440
23838
70558
69129
33415
93258
64699
32351
85846
2759
73803
29949
51386
42171
22604
1065
6796
56758
9118
19391
20825
89622
13219
17354
36964
37101
93915
48938
97686
50224
74955
22661
72178
5700
80285
49669
72120
10812
92714
31816
35669
54252
59910
79792
14115
93853
58759
24319
57056
41468
70427
15363
80653
9099
55698
73374
59430
63156
74225
6811
27724
73274
11666
16856
70370
27359
69776
26202
39062
28200
49120
41221
35810
88744
8616
69008
95932
85547
33599
28595
21143
8650
92205
60622
35758
63342
7068
37066
31792
18870
52001
60044
80700
44563
76047
21150
65567
91384
21217
83985
63538
61712
18686
32215
79973
5752
41293
95010
19431
85040
75063
15877
67055
16762
64345
92771
20348
29352
32960
71220
2880
93793
73825
3609
14558
68283
47235
71843
72264
75914
38134
15765
94176
32725
53175
74708
13692
46867
97445
60477
70245
92148
97628
94831
79572
19894
57327
42505
69134
94035
12365
54666
55130
16999
17165
30486
2939
1031
44426
24085
16094
57140
67042
44192
21589
74163
35834
19700
81138
94664
66349
8621
80226
72792
13752
32118
24439
89306
90647
11225
2253
37339
50596
68313
92994
86453
25869
78877
70749
22285
65071
54721
83694
34426
46326
88150
65467
13590
85505
75917
20884
89345
54297
41227
28536
92333
50025
53063
95274
72954
26488
37901
65511
64822
19980
26612
20909
90653
29266
59610
62179
92968
16527
15912
26532
81440
35294
35726
87910
92005
36447
80536
18290
36625
43782
85427
93551
32302
54136
89214
13753
59069
65313
48569
38253
28392
21841
24529
56609
25907
44248
15381
81843
34348
68311
57654
79518
99917
42546
69578
5965
2988
88011
34473
64958
68682
88587
67676
94333
82163
52983
25654
4827
2902
78362
1384
16890
51384
45769
38252
24293
31588
38852
8977
89858
46873
9776
56078
67028
75869
95447
58570
53397
79641
13895
46378
40461
73055
79830
20831
4874
41772
24637
80478
95964
8251
64310
31298
76249
71485
42986
7740
44063
3697
85610
21674
86641
66917
11545
22499
56401
47815
51135
56796
15700
96852
76050
38448
85650
52482
84382
36617
84097
99983
71584
23651
16007
92958
10232
45865
15981
82258
21729
45670
81779
54523
68852
24926
12959
66714
33954
91970
8156
37066
76396
15359
80137
64072
63696
14933
19975
85472
3269
10421
80811
25996
56789
42125
32721
98082
78853
62517
94437
87608
52664
92916
51873
48744
56044
83558
31433
65041
62636
20506
41552
69541
80720
68626
97001
39747
88668
16806
8727
69333
5054
28182
27991
79558
50298
92649
28035
50300
20676
95455
41072
64128
15629
71524
34554
63613
34118
58658
8506
59739
30248
7498
27067
62034
15836
14580
6927
4422
39595
40677
69501
3953
3069
48140
37538
99207
71454
25623
82773
51742
27197
5762
82620
31566
77677
76124
36285
73505
61640
909
46292
15032
97724
69512
40983
1178
44952
74035
23263
95834
59209
79824
48001
2374
69848
3499
43833
26315
38585
79661
67180
13029
15903
11782
98591
42906
394
66898
354
11546
24251
62653
90001
5606
31372
74360
20127
58780
39914
41836
69208
39720
63666
63040
83700
37713
46171
50630
1653
32668
22276
64924
97820
71826
30395
62817
29566
56829
31684
12148
43135
79586
95917
252
41755
73759
99037
5378
80068
85955
97159
40872
12
35862
3612
78636
54377
76975
53903
36589
68166
16955
41176
80341
42588
83427
36414
62401
29014
42253
49996
62458
67253
88287
68197
10326
94104
90353
55186
23173
87751
27598
45197
89457
31708
40624
93058
4155
82587
28405
51814
44893
50916
60608
37260
45401
41038
98626
5519
34849
15355
44304
79118
73229
74482
77370
64229
17975
71826
84143
92888
25176
83542
33501
45018
62376
31037
78693
18798
23441
681
36309
66905
55665
87610
79596
44928
43908
49341
11944
18038
33138
12756
62349
85851
57035
17712
25833
96567
38696
47033
39610
77911
94925
36278
82870
93270
69561
62335
48994
41331
56725
29844
1069
43618
21038
6010
33579
62160
99649
62885
78240
34963
56822
80581
50897
60014
85053
70387
45543
98070
19818
29688
32740
90481
5607
4665
73447
59109
34592
76667
14680
39343
39365
14621
85158
48998
16425
39156
77430
9883
8026
85641
34884
81879
74209
93863
55714
17485
10064
58323
17856
30557
38624
41865
5942
80459
82815
49435
34273
72855
90155
89632
8091
3364
99808
61108
35034
62746
47379
87474
94403
45201
9463
56190
40729
32116
67168
72248
59043
61728
26062
56288
41319
35027
99320
952
41915
47422
42180
86057
1056
41605
76815
22449
28794
4884
18263
55446
3035
95090
97348
10880
42135
94618
91535
5808
37501
60231
52907
98083
96945
92269
21565
50295
50473
29711
50119
90250
22240
39705
94677
722
32911
55065
23760
72176
28575
87058
62248
55530
65008
6646
30191
39074
75721
40131
33053
41130
13373
73285
52317
11748
13902
87134
37212
34572
10793
21128
33047
30498
639
73734
25041
40228
10866
90050
88012
64599
33861
72909
30138
90383
65952
94952
80783
70015
93237
59350
18920
72413
2415
88779
77709
56488
69588
42534
91692
68596
44061
12828
88543
57947
56036
68117
68020
82380
58396
62809
10489
93145
69172
21264
51181
40385
87007
28354
38526
30397
84791
34026
8704
64715
42851
60082
5292
41907
3638
58227
43282
57596
56112
22294
56492
4681
52437
96704
52788
24333
60834
87970
87886
13349
67109
10463
6579
87318
10870
6745
68986
3093
17799
92044
21776
31225
56201
17624
37325
33932
62614
53229
92044
64666
11038
88078
43789
75559
85291
38322
79535
69552
37730
29456
31592
19676
32961
20730
64448
53566
17098
77816
16472
11266
48330
55728
35776
37877
37170
8421
50349
85103
43559
59384
84211
55480
95678
20600
82618
26733
66501
62193
46573
99701
16532
45417
44387
94813
7469
29614
86041
99771
39712
99048
69069
56619
80063
2023
20768
5414
2455
3646
65967
63155
58140
61457
39999
91179
26302
86585
83464
3519
3078
65376
37972
41496
20952
97860
75261
1182
67763
52527
62601
59166
25781
24712
36706
6705
4344
47336
22088
78301
79801
35518
72498
32950
9399
47093
12135
36796
98330
39244
50798
91726
3188
86752
52998
24983
91484
85801
10546
50310
23041
74157
59955
32735
98384
42134
7690
44513
67226
67099
70426
65616
74114
89750
59509
95754
56362
2715
77995
10080
95265
43085
88662
23254
41723
40289
97881
14563
64445
51347
21681
16751
32738
55708
24721
44470
57972
67498
53457
56511
66546
91381
37273
59256
57719
1871
64399
5862
12201
77024
90117
73914
83849
43315
94409
15769
9122
89252
9345
41884
62136
73394
1541
36253
2598
63281
81831
35114
13561
76374
38932
46257
76243
31194
78449
61817
86231
46476
64329
43675
33844
21151
74462
94455
3289
59071
17407
11708
15572
47567
96376
89005
73912
91519
82744
36701
10557
9353
33241
89326
64764
95870
57046
68391
85092
42321
7718
26358
6235
60340
65340
64954
68700
26654
56227
98936
3384
31520
75812
52393
57198
30415
54808
25717
44185
27503
32379
27343
65561
23061
17814
35136
32145
48765
10294
67921
89180
10536
61924
54059
13783
69040
93148
81934
97408
47428
3529
95958
85631
42029
26013
61573
77210
21990
79707
57455
32869
14827
44004
68661
15978
79096
27985
39797
58882
80408
16388
38135
55532
80804
20688
29320
96789
52625
72723
91113
33490
30258
21535
30280
55205
75871
5044
35837
65618
3148
1294
2118
78716
38784
72952
78784
11281
88481
4769
69585
9481
31331
22964
7565
38933
81650
3848
92025
22320
23470
33381
27506
38431
26435
14613
80763
10855
29667
99809
37197
29268
26685
98682
88825
89484
87208
27311
35408
55235
44975
66714
44688
51532
44716
88214
18149
88972
61707
51486
47706
26131
66806
73227
4365
3705
70119
69711
62072
76502
69841
96893
46402
61808
1313
3455
65752
55674
27221
8354
21847
39485
20824
90316
5787
16294
47048
19758
2916
73786
63411
27800
3392
59342
90202
65072
43108
28177
68257
82712
91389
16665
50287
40100
43590
43773
82543
46871
88330
1240
75823
52402
26962
23614
55961
78932
34281
95834
60529
98720
93440
3143
40883
48214
21725
54126
99523
93559
18923
27998
3163
39793
64126
14476
36421
55710
1090
38776
62548
20775
87562
45826
35349
66067
58366
63843
74624
40539
7985
49770
45674
73930
84718
28687
83352
17853
63984
44855
17798
66020
76534
16418
36606
58552
46487
64321
14273
55010
9864
37608
98482
11527
76521
7323
55490
51421
41088
6257
72826
24904
66399
85729
20895
39452
55627
32221
38482
37555
40702
75934
88042
19787
9447
30397
42159
86069
26467
42725
33910
50551
26129
48073
27822
21244
1958
49848
49898
57866
71263
17912
3200
2955
13687
38913
77448
21660
67495
71868
76262
44380
86400
55685
69617
14308
9051
15631
63178
14998
32315
93592
45135
38763
37969
83084
72648
72827
86988
95867
49938
31189
97776
29445
4356
99867
8020
98551
95451
96205
36173
61084
99748
47271
74979
2805
37693
9859
20645
93193
77973
77699
77580
17472
67941
44207
94216
54826
48588
20744
24204
16341
23342
32965
92886
86480
53312
78074
48603
20650
8897
80864
39282
4461
31994
46719
72963
15381
81463
33183
12203
90993
13606
85008
95217
37903
53617
91247
56930
84619
873
66804
6669
37396
87026
6233
42617
96349
41037
1308
87271
77480
13887
28079
54962
84608
63238
98735
84832
41100
81663
72995
73565
26219
78227
83392
69419
86250
87563
8772
86238
21756
79042
82708
61245
51154
8494
2867
25540
43246
51229
61741
48723
60864
35748
39538
77223
60922
64573
9612
82477
62345
24257
36508
33587
63707
18529
25118
2711
27546
4525
20908
76389
14368
66123
48359
26742
85583
67856
48137
80070
18413
97173
28431
46236
21677
81346
60402
92243
1718
14738
4000
55344
92850
80725
6009
17714
64650
7019
5177
99651
18739
82160
60344
89031
44785
94973
82729
59499
68851
59221
35435
29739
78955
86415
7791
87230
17613
50498
47185
63539
48218
75279
98010
53012
29632
2283
69225
25614
6867
99201
18217
67704
21513
37471
29086
33880
80516
99161
26177
145
78932
22111
73319
28504
59171
96052
6216
39012
47533
88718
84834
82652
22211
23348
35676
31892
31010
56462
36875
17138
61776
16889
58676
35439
75600
62005
77771
71023
74841
28428
59854
29927
17482
89799
22329
94053
12334
89064
55439
29074
86636
44094
23505
6317
79809
77163
35152
46963
51686
3332
44668
6108
42882
45502
42357
87597
90026
57256
38762
17663
33554
77584
40152
82997
71086
92134
85557
91654
38769
25080
63412
33401
15541
1168
90828
48201
54666
29355
66116
67312
11067
56755
58263
87434
90795
70583
49652
36797
77216
30824
21797
16375
57866
50369
10277
36598
51045
28326
46682
69466
61596
35433
31374
16165
85609
23552
32217
51642
28661
31065
83763
39409
72361
97458
96960
11356
64045
72931
63404
10248
55999
39793
35205
448
53719
22012
6508
1514
98988
22301
83963
50198
90372
50069
31585
79594
97621
25727
27656
24738
55802
23350
27784
34348
91380
48076
81118
53575
99927
92879
75477
11172
13796
34319
58191
92342
77838
53092
45135
23699
25247
96147
43691
51783
18383
22059
41645
42966
55794
20604
21136
12883
14960
91083
74655
74730
26534
86512
54082
26687
21871
52727
56220
34264
16906
92467
16788
96835
47949
58037
98852
1781
45328
52931
69621
79171
34616
97105
20841
81272
52513
27468
86429
69914
53871
33084
81536
20112
73706
23681
62168
44726
65221
85759
20786
15065
95044
52003
63795
25774
22210
41898
15772
10527
69882
69100
7209
71286
92000
85679
89576
59344
47272
35289
25826
47538
47745
60034
1837
61308
31811
59276
60775
68291
97757
63525
24826
76799
81701
20101
92427
85689
62060
93898
25713
86967
67678
89552
93423
40617
43008
51360
6401
24054
61650
42760
93383
57693
56844
44965
15136
70093
21123
30872
48949
53341
58811
61826
45244
83369
61044
36879
58897
30300
2380
21092
47747
72568
24816
44197
10826
73556
42833
86901
21344
37431
67571
6578
31524
70332
69319
50555
30698
75799
24320
21448
60220
23285
66773
60544
44079
78640
19239
85239
26421
87323
98748
54954
7404
17647
3685
47103
87555
93406
26979
33955
32081
21533
6466
81429
97595
62580
70310
88484
24732
46534
79814
55810
92847
56412
31832
9111
78539
23109
83349
75510
40822
13984
44085
47862
46747
14512
85137
32520
58171
56532
19551
34400
33438
28354
52682
47270
92784
54506
49591
4130
35495
8819
8436
56139
40140
4104
51872
3742
81738
52923
75597
8814
5215
19210
39293
79321
89374
53831
64678
28751
6990
3709
47341
56565
53180
84562
44243
48033
29317
20525
74930
18671
42720
64589
48562
20973
19004
50684
86635
98175
90343
22488
40997
68342
3113
92642
43297
95933
11636
88776
92560
72815
55509
22392
91449
98371
20011
77897
78655
77466
29920
4716
79487
77881
45504
60595
74309
48505
88030
50271
59367
50948
66673
30711
57668
68260
5188
12438
69604
58129
24758
84651
67873
49009
33980
36158
46915
10220
83314
12654
8054
18395
24466
47455
7215
11564
35850
22230
90291
21849
4299
79473
79643
19878
18920
28463
82683
91797
42410
84608
77082
81030
88101
87598
27209
5271
99238
80717
91494
92968
98873
19766
56260
93710
49832
34322
64893
98399
15631
85913
55200
13515
54482
25642
59233
79986
13057
18556
24692
55410
40154
95589
83977
33367
30983
61785
8261
23873
99723
88965
58698
77711
95798
49743
16141
36346
85811
96497
84286
45614
90945
44642
15607
51849
27805
9850
44322
39712
65763
79951
84175
52165
23606
26737
57594
50933
862
50659
34745
60195
30616
45654
9505
21982
40487
24810
15457
57918
68903
72530
64061
48594
37801
13125
94791
40921
85657
83360
22812
68389
78247
33472
43230
35108
41004
13783
58896
6019
89039
18805
66100
76264
33605
43658
39596
829
18847
76260
23317
79523
64157
96571
13266
85028
79369
84925
64070
10948
38870
37624
3366
23906
13513
21830
29156
53357
12758
67001
43082
60946
31447
74145
14681
68287
70789
36779
32759
40558
52419
25075
25715
64785
70229
14212
5787
93503
19395
17519
36697
84734
38932
23357
35210
66283
86667
16391
76
96857
52925
68235
37377
73910
49803
28818
59228
97375
99139
30032
52624
55244
74846
54484
46203
40278
31011
60579
30984
24680
6268
61922
1052
30231
12669
51347
7307
21117
27358
70403
17148
21395
17798
82374
88535
18394
4178
55121
36685
20464
27122
36484
75553
86267
56728
55839
17681
38919
66947
38118
93413
20450
39306
36390
77900
78856
36311
77823
4115
75523
20439
24010
3663
98985
94655
50350
17850
86667
4298
37853
34381
45229
36187
93052
40982
17338
84406
26528
44002
63485
33609
14223
88340
76420
33024
3367
27155
86351
22822
228
90293
26228
46182
94332
81081
3941
58974
35691
21077
34751
86327
88293
23169
33437
76727
81787
45240
81336
63255
42869
65271
58527
68621
21925
80436
25644
46474
13618
73552
48790
78789
88191
84411
13095
8002
32057
43481
20976
47906
96838
25549
95130
1014
89536
70899
68822
80199
73070
95118
80752
50829
45151
85791
80495
94753
53845
48311
68687
17882
87456
15712
25120
34050
75971
50051
59636
3089
12901
52026
3322
55231
65218
54649
54428
83693
60250
7183
41724
91755
18923
95330
69521
36631
12907
98895
90139
15918
61114
67474
80819
84519
3745
59941
59798
91185
3437
41963
28481
11349
76227
92206
74056
68108
92953
50348
97271
78087
95590
79216
44053
56038
7322
71212
57007
21558
17276
19849
99201
52520
31456
48019
79472
31071
98313
25214
17295
67286
45924
5186
48874
23416
83020
25939
72349
64718
2251
30068
44447
79690
83162
30734
10381
46882
47605
71850
30407
8101
73047
94449
47575
5944
69964
57726
78987
65949
74620
40669
5002
68786
70669
3283
60691
28472
89199
69596
38365
3864
84945
19115
6252
60659
56045
21095
84141
90471
77162
43308
4611
87670
39295
50617
28683
39639
79609
36154
36969
37461
84982
82500
43692
7795
11013
22379
97502
3112
59927
13587
42023
13703
80488
26968
79962
65276
69721
51156
90251
2477
93466
38909
28506
41023
87595
43980
12886
83070
2441
63887
61987
69878
13675
25159
99018
80807
28734
75938
84677
71889
33186
59364
56061
46505
100
64745
87708
63963
92518
61845
64835
62880
40828
36994
33344
11120
31241
38790
67015
25782
96491
74903
46140
44923
26594
97820
23250
71073
44577
72227
75352
72548
76127
71767
43068
2456
88568
15704
8554
75552
41876
28464
6889
27488
32885
79856
26581
63791
62807
54058
93616
80673
45206
51343
58655
72313
60825
62570
41
43624
28684
16520
24840
45459
7890
72333
88250
41515
6423
95835
90558
43123
17574
34740
65801
84988
44503
54278
57287
46386
32666
37558
85690
2213
46968
64176
82161
79236
3783
16645
32582
22634
2722
71058
84738
19772
93069
78071
17610
33349
96035
27836
48344
61645
50598
53196
31380
35791
40753
54651
14399
91991
87008
75906
79139
50178
43928
86680
88656
49519
62414
98653
97536
73618
38823
97834
97127
42009
608
96962
79668
61410
70085
43780
81200
60799
1013
30354
45432
49215
47825
22857
2860
59704
64283
78419
26897
85141
24298
88294
84984
41953
82966
20281
11871
86615
99009
5695
67756
67224
73114
12891
15415
50993
94793
43322
22546
32388
77170
45757
41056
59829
16687
77591
87202
30885
26355
40664
87198
5112
21577
54712
88046
12250
75436
77519
90556
79766
49158
68786
13189
39899
44296
57128
32960
75103
2026
31320
32780
9096
83964
4519
45629
87299
66645
88503
51922
40468
11289
85613
50358
93625
22477
71499
23777
80801
24336
49118
25315
22823
74723
56049
61440
19343
17080
26667
20965
20561
34468
71437
12918
37724
47469
50481
1297
67051
2933
36382
29058
16831
3608
11462
81078
53479
73667
87560
9254
2890
72641
50887
21977
87106
89028
92539
85890
59195
20922
37259
52086
12893
27917
42701
33540
27449
93303
20377
35450
77200
68350
86731
41339
39235
25360
10067
34378
70183
69055
23606
75679
55383
40439
54784
84178
72797
79545
52389
49679
45984
17574
79171
29124
58373
47229
74403
38981
53737
85295
853
43107
52027
97359
53849
23729
61327
86751
63113
72184
15886
26438
40458
459
88576
18546
11224
60685
82134
27883
98943
37049
90555
1795
38956
88684
40049
58156
8089
76361
22030
69028
81180
16350
14230
93935
63107
17414
48494
63005
94184
42053
78406
72915
16541
75265
32914
31477
28053
72702
88656
39997
53662
75115
47904
72105
97754
27767
25104
18852
95964
5224
58354
72127
94502
75184
50901
3714
52307
13121
17506
4862
43254
74481
402
92189
10600
18464
50513
25104
83074
30600
56751
10169
75211
80303
35634
83355
48183
32874
92491
39051
56503
73814
48952
85949
8407
77075
8182
47034
86060
11
17058
70565
78278
34572
7663
88163
20460
13346
80917
13598
5495
49078
93001
75728
39846
16624
67877
39046
40535
50177
24967
51490
31273
43135
17788
17791
73097
90908
53620
18169
25308
84128
76555
41935
14486
43952
77851
57007
689
97309
9773
23158
40240
12590
9416
42445
88479
75504
7249
77536
40181
73657
51969
64968
68076
88093
35239
61164
80575
28305
37487
4791
79624
83257
61041
65035
59436
6773
28040
25315
65579
47099
76379
20526
71782
77590
73302
63307
15404
33145
68362
81054
86079
58299
5672
28798
17483
97335
4268
4366
6545
60491
3815
35653
52060
84901
49821
35774
83711
40575
26179
12182
94564
749
19903
1179
5045
70456
88613
42838
37740
21553
92718
45622
96722
63707
61206
78653
80200
99705
31492
53167
99441
34211
53579
20088
19475
88732
91650
95384
23177
82898
60824
6244
43059
10948
61243
95732
58120
41262
46964
58344
51219
69257
73145
47752
12253
382
43449
43440
6644
51788
80183
83520
89596
65412
67830
51655
1191
20320
42574
85914
29521
69729
90632
99249
7718
10229
92716
22730
35776
44885
29789
52436
11014
80572
80204
50420
37106
84331
66483
69015
72331
48532
37304
4261
32175
2123
54247
63621
30456
11247
59366
88867
57303
45630
59682
37107
33616
36
72234
66657
63964
77907
42548
33980
37123
73053
91150
13824
80055
91921
2045
13293
98677
44665
18767
59763
99991
94640
24894
11909
11124
79686
1028
6988
99147
33685
74602
35811
95794
13282
73723
41872
72483
15126
21664
70799
48641
13055
62282
15704
3618
94091
59356
48151
64966
23076
50000
9345
68598
62870
12294
308
98913
17683
25121
91466
84237
11675
7118
86869
67659
20390
48880
86106
51487
12314
56677
1272
41605
36629
12227
39163
48617
89215
96626
35401
40029
72486
13889
376
34005
71758
61614
48736
67447
77894
1339
74260
99986
24186
24206
68131
71132
34537
87869
5028
14998
58595
18468
43139
29755
66345
78322
12868
14948
80946
74000
3729
89110
25499
31156
13259
27992
26799
61246
4503
29348
696
92986
23251
7807
37048
53652
4883
96971
38942
67534
14908
98849
13555
61848
51455
21486
66647
99641
91920
932
43022
70813
90369
99191
81638
50388
98712
59221
11169
79726
55391
83252
15666
13847
45895
79206
54071
5086
11314
42544
34555
40468
40901
93518
75273
45798
76870
50805
34091
748
21525
17957
20785
66099
23142
33696
54376
10484
78150
25882
13905
22284
61424
26698
97903
53271
69700
42382
4195
4257
75045
59070
83182
7805
16041
73343
68033
92227
79939
69624
47119
25166
46494
79340
46048
18078
36385
83725
74297
70278
73330
87236
15223
5628
59635
32263
84261
87260
35652
72367
33999
25643
70925
44212
56896
25682
7631
41236
53009
75994
19968
92463
47096
67224
9187
23614
79663
77151
36649
92385
83125
28161
68118
26493
20578
13026
21166
84086
69373
68190
45444
49776
44961
52212
73092
6255
32025
61221
81192
7685
19712
53640
53795
87407
67229
66569
66758
6613
74587
98814
14686
36007
54093
18459
26074
54513
64737
33508
23900
4586
80651
62137
41577
62307
81732
55883
40786
86812
74928
60747
74597
2046
44021
9596
9487
51708
76893
98149
76105
45769
57577
50732
1341
69486
19688
6244
92657
98315
56398
71190
73634
5447
80405
32955
45612
94846
23558
29320
94420
97840
69950
65752
67378
38987
32264
27281
93708
77621
35853
39737
85802
97074
63063
48227
43479
79208
99165
36254
36519
64314
67858
55435
76684
92446
31349
43137
28455
67086
47052
87975
96786
10051
63980
17649
45158
27164
29352
7984
40963
21336
6402
10186
67597
32923
23919
51563
30212
54064
51196
27215
4807
16103
59757
89850
79867
56318
34406
36085
94015
71606
32270
79506
77333
24522
83326
48164
47569
94504
13330
88172
46877
61465
61595
28985
81675
348
75724
18948
7413
12847
47994
54903
13575
887
43238
88501
62350
4746
75572
56899
93056
63265
30074
22965
70703
6307
41189
70454
70922
29120
83601
47620
82392
19252
20014
89833
93087
16406
86365
18410
3670
87133
93936
40103
25272
48360
50321
78872
83821
92435
37899
56145
86753
37494
78208
20474
11276
63285
3304
18689
3710
50242
38636
43064
80317
95715
17841
4457
16381
4024
33694
94377
94297
93871
170
19389
77353
84139
12966
94026
98361
82788
45738
22482
87678
89187
51395
93239
49542
55956
59284
15577
53154
66618
26430
85516
37610
32411
51643
14081
25046
37234
86843
70659
81102
61023
42325
61672
58011
22260
79911
29769
13321
73597
40068
40630
35295
11672
37497
91422
84743
50468
67455
902
42687
64334
4563
88143
2127
15859
51537
71546
81641
82376
95146
42
28874
4848
67377
74043
46487
41899
7160
71692
34327
59559
55245
55283
99634
64035
84238
77586
31515
17089
47495
68508
84406
68264
36059
37240
16270
25711
33530
14193
6696
12171
25809
13728
5866
25818
70113
45280
3260
13721
5598
31775
82577
6070
9313
77297
89624
83181
30313
72643
81187
7632
34189
88016
9944
21802
47247
72641
10649
71734
77134
72739
62513
21606
14306
64748
19393
62689
13644
98407
44354
58019
41321
13754
60104
22532
34963
87294
19744
76537
46028
23384
42035
82699
39042
16536
43360
38339
78729
17489
12132
72197
40568
7530
93866
62729
45961
73945
51649
59826
80753
20383
2295
1963
67762
5674
6143
80091
68404
284
98763
3433
9174
24044
90143
55307
8149
1906
82810
7823
13724
71696
96526
67773
29572
42094
3289
64700
77702
18103
89693
53193
87365
61492
70119
40738
7644
30498
77637
50902
47820
25174
80149
30145
9567
8598
84925
35404
56625
53313
28522
44270
93866
13167
79202
26647
33286
45375
90209
23732
28765
58150
17460
26047
83383
93521
43263
3625
91338
84017
54413
67581
64914
79819
72997
33040
19065
58540
70249
4977
30452
98272
61433
77171
35011
36593
96039
44714
99591
26104
75963
56400
47788
32111
3899
72842
60294
41997
59421
35326
25324
26990
17255
18427
17922
37113
44117
26962
99680
1449
28988
14210
28917
36155
49442
53104
57032
2975
64068
38522
30353
72757
87200
80137
30742
22422
57718
48614
63093
83480
63627
70973
19975
35924
47912
46922
1236
66262
60369
83688
18988
39542
97696
28072
72911
57760
87962
70742
45902
2213
60032
98751
24522
20645
66558
51895
62473
52899
58837
20628
29366
85902
14391
97150
47540
25936
84178
22184
89097
62937
52681
8904
90528
4988
70846
32115
78152
26074
56553
91743
94080
65335
52326
47321
64661
62373
63915
10528
34597
95754
79997
59683
6841
58422
92241
69269
90516
86461
45386
56349
5244
14948
62548
45300
17964
64755
16462
54133
91149
42177
50051
27620
70454
40141
83228
96969
80800
27730
74591
29975
95402
37587
95497
73737
47797
79147
6484
57278
2623
67849
87619
51806
46755
90179
16746
34216
30065
39768
22004
31937
25825
99304
66881
16533
88320
49501
55656
93317
27646
69452
14642
75794
55013
72873
59895
58685
27194
25970
59826
18784
86733
61642
8799
41152
95607
93912
53958
89565
8461
79153
11517
20769
69858
45653
97062
1699
38098
45243
51804
59960
98510
67529
31867
4418
45142
35158
53964
18994
57960
72162
6595
86292
44903
27312
45445
51081
6788
89427
26880
97755
46791
14579
47523
74040
32110
56106
17783
96182
40555
84247
717
38423
28801
38228
76908
66577
18228
52530
23193
55358
83179
44457
95002
11500
47125
86288
52053
25868
3305
80963
2206
46161
95719
25294
45479
93977
98960
41523
82702
79753
58616
41672
29975
88028
4327
26129
85165
11802
35207
30213
42633
858
64136
14745
45483
41286
18828
20537
88643
49790
43350
20945
74656
38677
63528
11283
13182
23046
57721
92213
82589
62753
21883
19941
8705
69132
29984
7233
62791
3353
21747
67095
37447
85933
34180
84693
46904
47940
14254
26938
30233
44848
79965
4621
40584
99075
33471
46318
8198
8820
83020
34890
15438
59832
28017
92449
54067
95052
10567
1715
80322
46456
81783
29998
73900
9221
29705
41617
24101
81909
7737
27345
12606
65460
94034
55492
52504
94255
58704
71036
76461
14648
81522
39450
7506
65348
73173
69073
294
89957
24842
11042
37921
6831
74103
59500
8586
91467
90525
41230
96117
33175
4229
88507
13087
85900
60722
30755
3156
95537
35896
3395
32007
92225
42820
83178
3090
3907
17967
94147
75715
37405
25607
87920
89399
47652
60831
75323
71956
48537
5610
81624
42781
75334
8046
33755
69391
72112
71638
3763
99230
70998
99104
92931
41389
26616
12969
86845
20563
16818
89858
88695
87671
78504
77890
25858
49962
60634
34549
78137
88706
23441
64019
30233
242
81610
75034
5340
57239
74681
45472
48085
64182
34908
33941
29322
12102
93378
86123
29034
42371
50906
69046
75196
83401
68841
72997
62063
8841
47582
59916
16054
10046
82301
36822
4178
42547
26459
45816
35619
44838
36018
67301
27109
85430
71735
52528
72884
57525
77054
50124
53217
86166
72101
38286
70153
79797
12422
41538
58122
76003
32340
70275
56966
55056
26455
7850
4542
91946
1236
94504
13469
95982
40572
7131
99117
33952
10917
72505
23114
35495
67550
86912
50746
18241
50681
48126
71836
21531
22505
80956
56971
95725
17163
56813
21600
98738
18663
99815
1350
95602
84178
19875
42711
95355
82813
72019
70112
66440
3016
54728
45751
94628
72117
82719
31162
39489
72203
27659
43292
33484
60459
69327
65788
94712
29542
67178
60102
3395
29498
81587
35833
38806
64662
13430
12367
88493
73444
39146
4252
5901
45773
23441
71955
70294
36242
97444
66373
33543
19970
74361
50248
24653
44814
29989
17531
35751
78700
82600
33720
97152
95729
29523
35987
45133
85641
33817
82372
20708
81345
37931
2116
64554
71409
69562
77685
63947
78397
27678
1802
87562
25773
62878
64900
44195
27435
70242
7203
55701
70392
8759
95321
62198
29931
70781
85368
96872
40947
99833
39309
78753
69072
49199
18875
54072
28663
50824
67988
88243
87637
75556
91531
63209
96522
73958
15918
15067
73902
38304
53150
71171
30931
64310
18828
41858
9807
70051
89899
16818
29710
54840
66973
74806
32251
40358
91046
80802
23373
6161
72096
69237
48244
82515
73105
20987
86094
9214
95565
87947
36878
55903
15184
41818
2694
61600
8355
57797
21711
48045
3425
71313
37646
31037
43086
65952
22256
4518
67401
60368
79813
40357
93815
82793
21113
46470
87562
72264
83758
66915
40162
26965
32712
93370
52115
94130
78663
66247
90360
22300
52337
69788
13732
23129
35308
90470
58930
50317
42370
7401
67117
15881
86423
45245
4565
34541
51783
10082
82207
40102
29202
56514
33678
72497
90265
67053
25281
99720
81505
90264
91349
73310
92625
65868
58764
73774
77189
16579
79783
14647
44610
47512
51853
89106
62102
49286
48161
28052
63081
13812
85722
47062
63656
61304
49209
7592
91881
63811
37712
85977
73407
84223
20953
50518
80220
98805
28317
31429
5482
34660
64656
53940
41631
49536
98265
43219
49862
98441
34712
60253
82689
74705
28841
31697
51440
25791
1611
83830
58658
20015
44412
65291
47455
97259
638
16918
49151
45286
93718
89497
24465
70936
28811
25812
21795
47314
56905
18550
46192
27100
56705
36027
69409
7557
34124
51402
51862
20252
91945
67874
40517
93973
37762
80441
93888
49084
2688
20600
25879
12381
57773
72256
3384
97233
47124
87966
1463
8757
10537
43797
81226
87947
34528
57921
17802
10687
34416
40248
87414
85115
33568
28903
45657
86321
1095
88490
83721
22806
2251
41456
19061
59758
55471
38116
69681
38648
64092
30070
75783
25296
70933
53149
26758
36696
16166
7526
5409
56496
66459
47456
60578
48637
24784
59842
98858
96433
92471
49156
26856
50058
61365
17739
96706
19695
21269
82751
61590
20332
29418
54679
56441
33360
73312
47537
70279
42062
44644
33890
84296
42418
53109
68468
66881
23686
89782
4822
23126
99957
91298
42724
87377
41390
94766
97809
70857
90865
8819
81296
40816
29376
62468
4559
49081
23987
65656
8437
69618
27612
40532
25597
22320
67407
71550
99192
99773
27771
26268
47622
70893
26406
64176
21960
53795
25577
90258
78863
55005
53820
86141
9499
65959
65938
57750
82162
26242
53122
27141
98845
95918
13491
47809
54359
48521
85147
52348
6015
35269
12262
897
6621
46034
30420
10470
33637
65777
59468
25145
83955
76943
70069
2635
50520
66392
55116
56418
48546
21482
7507
19823
26916
5336
35869
34005
87233
15196
63235
42158
11359
57445
92512
95509
3405
17358
47493
59252
33353
17439
72889
46855
29704
86456
74950
74591
34500
3929
65471
37497
22690
51665
46540
94094
55901
10665
53678
43943
68291
7190
60308
6465
32472
39641
23704
32318
84362
84349
15104
49718
96488
14657
14245
88363
24576
39308
71310
15925
74407
30453
88501
98777
55815
80529
69179
56187
8763
9457
16412
54682
33836
83271
46707
17037
76802
98506
81455
96472
40609
16038
11895
83288
17652
64394
39638
64056
87595
73516
63607
93398
66156
73343
13264
45151
88517
38628
7414
48989
5727
46851
74318
78732
56674
3499
58162
91671
30222
68761
93953
24747
41630
61429
9224
92874
53202
22005
93392
72595
20170
77329
68076
43708
4168
1789
50780
47585
23752
827
62645
36220
56571
13687
71937
58909
12120
8405
27626
96510
60290
30734
60876
11934
47011
80891
95641
97027
3008
29169
10815
40690
63603
81553
21721
58990
64378
24463
52369
91209
42139
52613
67070
5807
66023
26697
92914
25713
32168
89158
79078
3511
96481
72923
53593
99551
87625
3442
51209
99295
87214
66319
14410
30917
97163
29266
99551
59788
18290
32776
18764
10019
22442
10995
37328
35684
6037
16646
32311
65708
31534
40477
73690
4472
7930
27480
11566
8487
44851
35245
97546
79075
52621
19212
451
55519
14899
84525
79819
18335
51867
46532
40969
65390
86185
54315
4878
86868
80351
66271
99444
14422
18205
15291
65512
93349
9274
35498
92066
38305
42416
39255
96005
90385
40401
43091
54460
89524
83853
95858
88482
47314
73982
32531
45728
86131
47817
99226
71029
3772
28896
37754
68703
82686
87355
83989
17764
15498
63815
30637
82945
58455
61281
7845
30474
46898
10259
56477
42699
17147
8271
14624
4276
83395
30404
68058
21482
68827
28939
51840
1040
97766
38079
52431
21875
71479
71455
23133
26585
83117
42296
63194
39252
58053
21430
56413
5049
42856
76893
7800
73659
79957
29366
39953
79241
46290
82919
9424
44098
91079
66018
95521
67428
5465
17717
5256
66269
12189
82009
71136
19524
97127
62202
3280
81646
10758
47608
62225
92018
64332
43008
31685
18801
95034
83349
75512
45424
86225
72762
14264
69565
53397
53350
56894
9812
61615
57925
6968
32305
47016
35366
35154
10066
53781
86911
86216
30602
36152
47408
97238
84524
98868
32107
38506
18936
92376
80008
28957
29461
88857
38632
75607
53140
33056
33514
58904
79026
39098
57379
13324
13499
23812
16088
19520
82126
49727
53230
21169
45469
86115
65948
67209
29778
91503
91735
36835
94553
71723
118
90992
82717
56937
64395
97562
86817
85461
94951
23043
18498
22979
56376
23054
73774
79391
429
73058
6781
49837
99350
6341
79652
5332
56014
48723
647
97577
90319
41950
48022
59460
76532
44180
43068
60332
15944
70550
27578
91175
70549
75419
91549
15593
13437
7796
44537
80521
82371
63600
26132
47445
35237
41201
5802
15433
87026
22817
98233
21839
71377
93152
47683
34016
19794
39601
79424
25502
70921
92469
88259
6488
5887
68738
31112
76112
29600
63962
26519
39365
17757
54302
91047
26301
18353
12985
62671
6199
56167
81936
30621
74205
80838
95974
89797
82285
72204
51937
67022
65459
13749
7207
87124
6191
13879
5259
55154
97758
69652
37837
80764
3219
97026
6063
68234
96541
10890
47683
15699
16190
13332
15307
2643
8963
12987
35157
51253
14342
31022
4773
45047
1414
76436
95084
89348
81896
87058
45983
53411
1720
77659
89888
39162
94530
676
89656
51340
70949
45415
35064
21192
62524
20881
49954
85119
22482
513
81739
90223
48325
30418
5486
14472
6136
16600
93181
49978
76723
93232
3206
81214
7315
33403
96734
72822
54934
13590
38330
80825
13619
19095
86487
20576
13257
89917
37707
95809
96724
76759
73965
59134
62998
64754
14257
42916
93162
6467
56312
13488
61761
21316
22016
48606
85583
28100
91091
13276
94750
51724
51123
80666
78077
61616
66179
73299
21256
59553
71027
9788
51107
72292
14869
91294
47743
8685
78570
85055
37197
91868
41609
16444
91334
24854
39559
61838
71091
93319
76028
15239
52223
57044
12537
12251
93849
94586
35398
54104
79181
36418
39406
32323
29451
57253
9819
95285
22371
18480
82282
29543
3211
97903
72580
73843
49277
65203
51154
32622
29785
41380
50789
65513
13406
17239
87835
97171
20200
18399
16592
5584
91171
99578
89131
34035
16924
67971
40207
38421
76738
686
81691
13747
70320
43592
18030
22507
54656
73702
86393
77218
11391
42093
5950
15620
80279
65433
52613
36354
56761
74760
84168
77360
44335
35211
92416
34451
33293
39483
76242
90579
77520
18214
57512
29133
77234
16364
62442
39840
1496
23494
19551
15448
7348
99467
21774
43141
78434
69276
73639
99989
34424
52855
83537
46489
6656
37905
20230
12911
94758
24967
75532
1944
10379
37666
69330
53493
49220
25675
97902
5979
65680
75450
27298
29832
71575
90045
46988
69543
51013
95855
9429
21093
97823
8523
85641
8479
30560
76490
50710
50594
94199
23399
73899
42630
53015
91158
71315
16904
80608
85211
43103
39705
95738
21438
79940
5798
71641
17551
59077
47365
90739
70515
28187
10790
86271
81788
11640
16836
76434
61354
23272
60651
47486
16782
10297
57602
64430
71478
35376
30330
67965
70897
63646
3810
50867
66312
77943
46474
7588
27623
92766
33736
77159
51944
31853
57732
71642
65585
96916
98687
46217
85845
75503
67750
67435
49753
54694
5866
23601
15897
90764
63629
4506
49482
15207
84011
76409
16136
20674
91785
10263
49817
73959
43192
62818
60605
80690
27121
42716
50228
87494
20746
77003
93052
21517
20953
12671
35596
99838
68365
59639
60159
40447
56574
58140
89667
53532
63944
49968
43094
61202
20179
3393
33504
73144
63891
28505
58529
21213
93907
34137
17186
82608
61170
3238
59621
68929
71189
83268
22655
25278
75474
23435
61627
41486
14979
94244
89301
87967
16974
75820
70227
53782
39887
29577
45335
8574
46880
2325
2039
44375
39374
20058
62947
82633
74113
21470
68807
60576
7414
64887
49669
14962
47933
20574
17752
30896
54687
12100
50155
54372
34359
39411
64210
65195
68506
4115
19670
57391
25026
8064
2325
94652
10767
88346
88465
9164
69409
96891
37173
62007
83041
7746
3099
12619
71511
26382
4839
76437
73497
96912
28325
27639
85424
25551
81478
17971
59074
93264
84149
5759
88076
34391
60932
30502
61580
81257
23597
18055
34568
98106
18439
64876
32105
44566
35012
27413
46182
40646
30455
76071
77661
16358
97591
81396
62457
35052
71284
8160
47121
26451
25362
96742
66852
99591
55820
9636
64010
92759
48598
45917
21292
71154
68229
10200
55782
85299
12700
72488
78461
90375
47376
98048
15932
56748
27659
24625
29411
82717
8887
35504
96142
66230
32146
85207
39119
593
97867
8785
71964
23008
46536
72477
91174
7199
38373
87212
747
98951
67900
94568
43720
51699
80097
59642
92873
25763
64952
82164
69477
11813
41131
35255
38839
5170
96955
72161
31401
12460
35928
79630
85835
37064
75391
97827
8388
24312
99611
8910
23271
91825
91600
44726
87626
92137
20281
77326
50627
7253
73846
12250
84278
38788
53639
41642
24481
48949
6035
15372
80972
69764
72512
75697
18769
30781
74279
27787
30780
74050
62684
42351
23084
73752
37206
21468
89690
82674
84594
85780
74006
71805
22490
32763
26068
53715
45332
34353
6172
70016
94795
28851
5904
38838
72756
23192
80641
83602
17569
30128
68709
87296
37236
53112
82969
52659
91147
27224
83498
53311
94420
91610
48814
29178
18843
99995
20173
45742
52934
51340
4418
65319
88510
52902
47543
97070
93270
51816
57336
17023
53250
81311
59048
43726
48166
35963
42647
51199
64438
40960
58559
95391
74919
35760
74675
63493
82083
65477
14649
88958
81348
69987
88737
15748
40379
80914
31377
54521
53032
71580
79875
29478
12735
5443
83428
74654
34885
92460
6215
42574
43045
95651
42476
11951
61387
46437
70477
92608
2056
34488
98004
25660
92759
50011
18059
4493
56519
23508
91845
21288
64994
65113
79479
38536
70514
96541
71885
16973
1615
23626
94155
45190
89650
66280
38380
20071
75762
84201
22783
87061
24177
72
11342
74464
52911
8634
35295
26858
29840
6888
51951
9109
5296
97772
97238
9970
55688
26210
68756
81498
99688
65198
35578
32242
84162
60003
85824
796
21326
38620
9858
11451
81801
90846
22815
12846
82111
62384
80709
30713
26908
19870
66434
79628
50532
50290
71211
13318
27089
65767
97904
22539
63036
56357
99699
84873
23698
8166
52640
51828
32563
51751
59561
11691
96507
71046
31326
95745
78290
46719
15893
20930
56305
4254
76185
75748
6144
39608
91569
70090
95163
32799
59028
74123
85887
99524
44849
38534
56382
18938
55647
88703
50751
42543
57984
55038
20097
67837
55234
53261
86671
60822
52038
77035
31025
25980
60199
81439
60355
41842
43646
16854
94609
32995
42132
40278
82136
46137
61920
59156
19808
86090
96436
21766
67768
33583
70065
66299
97166
56397
28571
84805
44503
2208
49264
41091
62884
30289
66518
81738
76205
13882
31593
65343
21165
95143
33807
89739
30040
90466
92047
49545
6081
15520
6039
85453
14344
32503
65993
217
29775
5070
34326
24317
4594
20484
12504
52000
9979
66344
77539
58919
80978
40065
50930
86376
53181
93822
58856
73780
26593
62220
1419
78309
99397
53644
91977
87607
69817
17777
69418
68094
38533
58832
16260
74596
42800
85684
79082
65826
52564
4376
31487
46240
86910
39812
81078
5373
798
56358
20088
96686
72854
14852
38294
43597
41706
34331
97013
92437
98033
80261
13651
19587
87801
52479
37392
2621
35196
6426
91397
1952
64086
57184
44917
30628
51437
31994
91870
137
76600
8584
64921
85067
81649
74595
58559
22129
52765
15444
78175
65270
55707
44873
91491
35697
57731
13572
50546
16830
23561
14134
93251
35339
70104
55997
64050
17720
14625
16732
33925
15843
86197
57352
28268
78223
87989
8497
80070
1425
92596
27802
16532
87306
21624
88530
69190
12108
95402
91314
13250
23362
66989
74509
69962
42741
5960
5921
82080
89005
76315
9923
89368
70203
56113
77022
35100
48817
18782
19555
12591
26167
63552
31104
31435
17139
50028
2737
10137
17030
16505
209
98595
32467
95632
85753
74227
43751
56347
69931
64364
12986
5034
85911
27929
33496
50743
13323
97272
83415
20855
78862
92763
52728
95362
38316
41378
53609
80459
78480
52802
1035
66600
60031
939
87654
9400
78289
84024
70536
31397
15952
76034
57018
36489
83989
45025
57186
19770
8161
68941
42800
7112
56752
62664
12713
98734
99131
71682
73486
74587
32763
30588
43351
27896
65166
29355
66436
59337
9624
8122
21491
59200
60749
6059
87195
47173
87486
51018
51066
78113
43622
84683
68718
39922
95943
62985
75962
66518
92079
2979
29839
17698
45489
67167
95787
90035
21483
73432
90532
82936
18259
6010
28575
46720
31948
98008
18151
28739
75727
62217
51498
40076
73894
9127
23538
2874
64842
19998
44265
77600
92917
73311
79470
26440
93128
45897
46789
29642
77576
45807
28312
87845
51194
33396
30090
25466
66660
73595
88541
23111
33822
68659
11783
72220
64485
40254
87973
22774
33985
91076
87789
73148
42048
78626
63667
52204
2400
63537
38056
63356
95450
53083
85390
9367
76425
81049
63769
24543
8681
82126
68852
5713
76331
85780
1234
74987
86445
16297
217
24637
36493
8222
73109
90967
20349
76592
17326
59932
48603
56669
95662
43251
52141
48828
90795
37657
36624
96223
29744
64549
5420
39996
65650
76250
19100
96671
82340
71026
83535
4608
54250
74621
23629
28726
52697
10562
89819
11830
33972
85296
29354
9077
41576
72893
98548
58921
25682
92461
64646
17956
15285
86911
8374
84376
58179
69453
90005
80067
37043
87801
84242
86764
16949
84503
20760
60020
42447
56513
69844
18688
89102
53199
73896
53445
81972
81962
8953
79684
15168
18327
28487
29005
96648
85392
16276
41553
87688
60247
51398
6252
6265
70213
1718
23614
1950
37939
90582
59506
13236
59209
6110
16455
92361
77880
73684
54743
54734
76573
46236
89959
84470
99246
90179
17722
30240
34778
18725
83119
70513
20825
58791
54904
51213
16083
54058
93712
72135
11565
19
74449
49791
42905
2389
33103
44736
96479
14236
5157
58531
18026
88139
43623
16572
72918
40188
53370
49336
41776
16023
68228
37155
73110
69526
93240
34960
69702
51170
65830
91747
49973
22202
72333
35645
62136
51718
93689
76482
34887
89423
66965
8231
91886
75666
2445
58112
82325
60949
15004
87326
51093
84419
8032
38762
64488
98607
57026
60073
14880
12134
21442
53968
46124
86547
49535
92603
49795
96538
8741
83383
93048
36013
72316
60933
44903
4159
86937
68970
52067
21971
59555
37561
66903
77129
43788
40648
90365
13614
57282
45316
82417
55321
36950
21568
47348
55632
56931
19109
88944
98491
61754
97269
27105
33842
17786
36974
51636
90376
94934
28006
26973
52663
75900
30022
67001
74414
72072
37443
96821
23812
30663
74770
45319
39369
30583
25418
32830
69526
75700
3509
78100
5750
84981
47424
86284
52719
28916
92348
14178
33729
43533
81285
51155
13445
41118
54194
39060
95070
57900
30066
407
33825
260
22657
24796
53161
37737
26762
43209
92688
7370
35472
84465
49474
1319
44409
95385
67596
78133
58209
4097
68464
35188
73340
51747
23269
92032
13281
78979
37778
98918
17504
56745
25440
38651
21781
22455
73391
9669
42029
51517
73454
2308
10887
27321
48300
75381
55487
15008
48906
96546
44081
82277
96484
40314
94333
91524
75161
89482
8821
9182
46571
75615
61353
81347
23821
8716
68170
60121
15351
61500
94827
28881
31979
32617
41366
67113
16060
61497
43992
56707
21120
17230
21201
40760
49355
90496
2364
61248
12986
57131
5655
75957
1734
56954
10186
74600
34825
80555
1194
54796
48687
61342
87645
86770
26794
5375
45459
54144
18655
71794
91136
3126
52487
51653
35453
4722
26671
88249
41870
76507
17926
96697
47674
15851
55556
78317
85845
76708
91628
80601
90991
22352
57950
17420
25138
63224
16723
47528
66622
48864
63724
87797
13028
24694
85071
84922
12463
58489
87505
3103
14649
29409
62585
79607
43559
75526
51998
6779
11699
96284
8764
52095
82741
67828
27770
99552
38073
9054
44004
74224
73876
4723
86099
88869
1523
72413
76875
59631
75422
57675
52892
99926
44577
20532
90729
59996
55858
39817
76482
37243
2337
26420
19091
72289
84804
67044
28303
56925
64614
8314
64809
17611
76219
68041
77324
54074
17593
80099
96963
20878
91003
16216
59932
76038
86627
21508
24041
15751
21446
17088
74072
350
23578
31535
60458
48648
96037
45402
44943
43190
56479
1001
32191
51156
47822
73801
79653
97129
60272
80524
63733
69669
80339
72410
19414
27080
77117
75814
81648
86548
29591
24684
42617
70786
31964
17455
11443
64584
30943
26530
53499
32359
60871
38717
4908
34884
99155
72327
54179
31616
45017
46544
8485
2586
44336
90253
3981
75398
11154
87494
96257
33349
81348
79270
72645
73211
14976
66749
47086
65142
62083
69845
64282
21069
40139
79871
7332
5231
54455
18149
53940
8976
50545
71415
23562
22282
93793
9910
22596
68114
52345
58397
11639
24832
11103
87424
25017
70166
26460
16138
24961
63188
12367
61364
30207
88052
39828
28887
80242
96423
74033
28861
65830
96936
79662
44260
78043
18412
26939
8737
98403
12713
44353
3025
36645
83519
24584
98608
12202
72688
30094
18169
40209
63073
47864
10481
82092
18909
37738
18418
86134
43035
32789
59635
23614
5559
27246
93147
64348
38295
57901
68135
61246
73918
68567
67486
56201
36172
13064
91067
76067
52032
76067
85238
14698
15494
86448
33931
36463
97301
23132
98502
27089
29077
24014
96374
22916
12277
2824
57808
95524
429
90661
7175
65083
70537
68716
3014
35547
17616
38962
13938
38937
80869
58790
17325
10292
74513
9037
62680
84350
17853
4176
84212
87401
59123
48595
31982
62644
40937
62310
87047
99425
17968
89989
54670
25105
78192
36064
66427
31939
2922
97130
25493
88320
53754
58460
31084
27632
37562
2468
89543
96217
63721
65996
55781
84609
93923
76645
59498
75415
18137
45303
97323
16593
96928
23265
9720
27147
47251
90312
64166
56420
51541
9665
90664
34535
16365
61370
24643
37794
4080
30037
1698
64654
10182
10538
78957
14709
96791
9701
29429
53056
44400
75049
40306
35854
64835
27190
30540
60350
27705
89991
21301
96695
88370
80331
31648
12072
96782
1244
72878
41289
85955
52041
90261
68714
3339
4665
90956
37261
28727
5450
11294
34530
35566
72836
43568
37694
28829
62686
74276
10714
14906
26462
9553
62561
64155
46465
38769
96516
83792
62548
67387
60583
75470
83920
62749
90582
20275
54185
38627
45100
19181
87420
94791
82149
54675
27542
64054
69393
45411
68541
67467
68787
71232
8678
98900
72718
43802
86548
38090
55216
11870
17058
19150
85536
40101
84980
66182
56788
35155
19714
2602
1440
70948
2066
30592
96606
47517
42970
60519
56267
67887
32044
28569
34806
49243
99270
62152
13302
77811
15629
76113
71232
6607
83425
60929
99098
23133
78987
51669
30602
95245
59904
66000
19098
90393
41298
64613
22291
22604
58373
75753
98641
2612
3043
97242
20788
96649
90469
50537
79651
52394
13605
58320
39204
59707
6053
85545
78364
89384
93087
95147
17692
56089
3274
10642
12751
4996
68227
98373
90462
43226
66790
30199
59482
55449
21353
20350
46507
78838
46946
71146
77469
31977
36652
3552
42597
469
43066
68230
33539
65086
8196
30986
87193
77234
68904
84238
55042
31829
13711
45593
33645
79436
63735
27181
72324
42477
41502
72817
74261
57952
80752
40188
92552
86602
79706
8931
96674
1028
18711
8119
58523
13
85237
57439
58786
70206
70292
21583
51116
28977
51188
89319
35022
34578
25805
96360
83219
20333
79620
65612
59180
68188
81505
85200
12236
3136
47027
46869
38435
87623
36995
13363
38424
38605
44713
37689
80508
87082
32481
43248
50552
46410
41699
24974
30660
14693
91539
17249
17790
52953
74780
95995
70978
37473
56737
49687
16658
2128
31500
33155
56322
2761
40567
64323
96137
99015
24487
76880
41805
36202
48815
76974
99929
76794
6841
21194
89254
22886
34883
29423
30622
14651
41862
85628
42475
12503
20498
93581
31186
31681
86686
60048
60262
47617
14836
87373
6267
80264
18858
91141
88637
99977
38506
2053
23350
83660
31837
53054
32402
78061
17545
20998
12652
26182
9014
33226
74395
50735
99342
16991
64839
96526
55803
70681
91410
87783
23620
81780
60893
40244
59917
55915
15885
74989
76446
92595
52731
18901
37870
87115
25733
47341
5253
13784
40965
19519
57806
49545
45245
69418
97321
34138
72824
13165
35354
74382
61681
28867
21906
67688
32410
99943
11012
43223
40935
12153
57726
59613
37801
28901
92950
97269
18228
7300
6475
98619
81338
5102
94584
75412
92004
91727
74314
58708
81642
58855
1119
48909
51288
93910
86843
75925
66934
59302
89616
15285
40359
26065
84687
77477
17445
69848
742
59887
36051
20435
13921
65350
93659
28298
95084
25640
36021
68617
4444
19450
92343
88722
84506
19971
88395
23215
23976
2522
20847
73827
29923
40659
73820
92361
53457
1589
75108
39857
86399
93290
77930
87745
42097
83972
33115
84187
38509
63052
10379
89648
99605
54968
33921
51238
43289
14912
7307
53901
29972
4815
87883
23264
48355
75551
295
94559
18791
34304
95989
62405
99380
45633
92567
52596
18205
21324
20783
28580
32062
12358
25771
93446
52820
26330
20219
22748
300
43732
10257
88316
65414
24225
26908
71550
59171
40130
61323
72737
87062
18997
57284
34566
78352
6195
36309
60310
23612
33370
56582
88358
46034
60417
32373
47733
41374
30765
49038
32705
23850
32362
68366
98416
7197
43919
47357
20089
53074
55160
19528
79666
88517
38133
39326
18540
99662
80764
29129
19723
15917
83923
52097
51027
14126
96189
67448
47547
97732
16932
90819
48276
91848
48083
22408
7444
2605
3099
80682
63308
51930
42876
52571
81849
72334
67503
9218
16038
38498
98628
90515
86904
50181
59955
26027
39021
5113
88732
862
1645
11473
61536
19891
62991
61669
18112
26754
62030
17961
63932
73727
6735
43173
66596
7420
23056
44240
12346
15141
983
26208
81241
21539
88373
72889
94937
10133
72757
792
86885
17378
83121
12677
63718
74434
58317
21557
45230
